Nets 20
Net8 5 
V2 3348980 1836120 3340340 1844760
V2 3340340 1844760 2900000 1844760
V2 2900000 1844760 1875000 1856600
V2 1875000 1856600 1379040 1856600
V2 1379040 1856600 1350240 1885400
Net9 5 
V2 3392280 1836120 3375000 1853400
V2 3375000 1853400 2900000 1853400
V2 2900000 1853400 1875000 1871000
V2 1875000 1871000 1537847 1871000
V2 1537847 1871000 1523447 1885400
Net24 5 
V2 3284030 1758360 3271070 1771320
V2 3271070 1771320 2900000 1771320
V2 2900000 1771320 1875000 1777400
V2 1875000 1777400 1198637 1777400
V2 1198637 1777400 1177037 1799000
Net27 5 
V2 3175780 1732440 3162820 1745400
V2 3162820 1745400 2900000 1745400
V2 2900000 1745400 1875000 1741400
V2 1875000 1741400 974930 1741400
V2 974930 1741400 960530 1755800
Net43 5 
V2 3435582 1680600 3422622 1693560
V2 3422622 1693560 2900000 1693560
V2 2900000 1693560 1875000 1727000
V2 1875000 1727000 642920 1727000
V2 642920 1727000 614120 1755800
Net44 5 
V2 3154130 1654680 3141170 1667640
V2 3141170 1667640 2900000 1667640
V2 2900000 1667640 1875000 1663227
V2 1875000 1663227 966702 1663227
V2 966702 1663227 960530 1669400
Net48 5 
V2 3175780 1628760 3169300 1635240
V2 3169300 1635240 2900000 1635240
V2 2900000 1635240 1875000 1644713
V2 1875000 1644713 725406 1644713
V2 725406 1644713 700720 1669400
Net49 5 
V2 3219080 1628760 3206120 1641720
V2 3206120 1641720 2900000 1641720
V2 2900000 1641720 1875000 1650885
V2 1875000 1650885 805837 1650885
V2 805837 1650885 787322 1669400
Net50 5 
V2 3262380 1628760 3242940 1648200
V2 3242940 1648200 2900000 1648200
V2 2900000 1648200 1875000 1657056
V2 1875000 1657056 886273 1657056
V2 886273 1657056 873930 1669400
Net56 5 
V2 3197430 1602840 3184470 1615800
V2 3184470 1615800 2900000 1615800
V2 2900000 1615800 1875000 1638542
V2 1875000 1638542 756362 1638542
V2 756362 1638542 744020 1626200
Net57 5 
V2 3284030 1602840 3279710 1598520
V2 3279710 1598520 2900000 1598520
V2 2900000 1598520 1875000 1632371
V2 1875000 1632371 923401 1632371
V2 923401 1632371 917230 1626200
Net58 5 
V2 3327330 1602840 3318690 1594200
V2 3318690 1594200 2900000 1594200
V2 2900000 1594200 1875000 1617560
V2 1875000 1617560 1358880 1617560
V2 1358880 1617560 1350240 1626200
Net59 5 
V2 3370630 1602840 3357670 1589880
V2 3357670 1589880 2900000 1589880
V2 2900000 1589880 1875000 1608920
V2 1875000 1608920 1280920 1608920
V2 1280920 1608920 1263640 1626200
Net63 5 
V2 3305680 1576920 3301360 1581240
V2 3301360 1581240 2900000 1581240
V2 2900000 1581240 1875000 1591640
V2 1875000 1591640 1038390 1591640
V2 1038390 1591640 1003830 1626200
Net64 5 
V2 3392280 1576920 3383640 1585560
V2 3383640 1585560 2900000 1585560
V2 2900000 1585560 1875000 1600280
V2 1875000 1600280 1116350 1600280
V2 1116350 1600280 1090430 1626200
Net65 5 
V2 3435582 1576920 3422622 1563960
V2 3422622 1563960 2900000 1563960
V2 2900000 1563960 1875000 1561400
V2 1875000 1561400 635720 1561400
V2 635720 1561400 614120 1583000
Net71 5 
V2 3175780 1525080 3162820 1538040
V2 3162820 1538040 2900000 1538040
V2 2900000 1538040 1875000 1518200
V2 1875000 1518200 765620 1518200
V2 765620 1518200 744020 1539800
Net84 5 
V2 3219080 1473240 3212600 1479720
V2 3212600 1479720 2900000 1479720
V2 2900000 1479720 1875000 1464200
V2 1875000 1464200 1339340 1464200
V2 1339340 1464200 1306940 1496600
Net85 5 
V2 3305680 1473240 3292720 1486200
V2 3292720 1486200 2900000 1486200
V2 2900000 1486200 1875000 1475000
V2 1875000 1475000 1415140 1475000
V2 1415140 1475000 1393540 1496600
Net86 5 
V2 3392280 1473240 3372840 1492680
V2 3372840 1492680 2900000 1492680
V2 2900000 1492680 1875000 1485800
V2 1875000 1485800 1577550 1485800
V2 1577550 1485800 1566750 1496600
