Nets 26
Net13 5 
V2 3372362 1810200 3365882 1816680
V2 3365882 1816680 2900000 1816680
V2 2900000 1816680 1875000 1858247
V2 1875000 1858247 1272283 1858247
V2 1272283 1858247 1238960 1891570
Net14 5 
V2 3436450 1810200 3423490 1823160
V2 3423490 1823160 2900000 1823160
V2 2900000 1823160 1875000 1869355
V2 1875000 1869355 1444764 1869355
V2 1444764 1869355 1422550 1891570
Net15 5 
V2 3564620 1810200 3545180 1829640
V2 3545180 1829640 2900000 1829640
V2 2900000 1829640 1875000 1880464
V2 1875000 1880464 1525456 1880464
V2 1525456 1880464 1514350 1891570
Net19 5 
V2 3468490 1784280 3462010 1790760
V2 3462010 1790760 2900000 1790760
V2 2900000 1790760 1875000 1799001
V2 1875000 1799001 1138288 1799001
V2 1138288 1799001 1101260 1836030
Net20 5 
V2 3532580 1784280 3519620 1797240
V2 3519620 1797240 2900000 1797240
V2 2900000 1797240 1875000 1817515
V2 1875000 1817515 1395167 1817515
V2 1395167 1817515 1376652 1836030
Net21 5 
V2 3596667 1784280 3577227 1803720
V2 3577227 1803720 2900000 1803720
V2 2900000 1803720 1875000 1847138
V2 1875000 1847138 365401 1847138
V2 365401 1847138 320970 1891570
Net22 5 
V2 3180110 1758360 3171470 1767000
V2 3171470 1767000 2900000 1767000
V2 2900000 1767000 1875000 1758265
V2 1875000 1758265 1077582 1758265
V2 1077582 1758265 1055360 1780487
Net23 5 
V2 3308280 1758360 3291000 1775640
V2 3291000 1775640 2900000 1775640
V2 2900000 1775640 1875000 1769374
V2 1875000 1769374 1250073 1769374
V2 1250073 1769374 1238960 1780487
Net27 5 
V2 3212150 1732440 3199190 1745400
V2 3199190 1745400 2900000 1745400
V2 2900000 1745400 1875000 1747157
V2 1875000 1747157 996890 1747157
V2 996890 1747157 963560 1780487
Net34 5 
V2 3244190 1706520 3231230 1719480
V2 3231230 1719480 2900000 1719480
V2 2900000 1719480 1875000 1736048
V2 1875000 1736048 824399 1736048
V2 824399 1736048 779960 1780487
Net35 5 
V2 3308280 1706520 3299640 1697880
V2 3299640 1697880 2900000 1697880
V2 2900000 1697880 1875000 1706428
V2 1875000 1706428 660774 1706428
V2 660774 1706428 642262 1724940
Net39 5 
V2 3212150 1680600 3203510 1689240
V2 3203510 1689240 2900000 1689240
V2 2900000 1689240 1875000 1687914
V2 1875000 1687914 587493 1687914
V2 587493 1687914 550467 1724940
Net51 5 
V2 3404410 1628760 3395770 1637400
V2 3395770 1637400 2900000 1637400
V2 2900000 1637400 1875000 1641631
V2 1875000 1641631 1266729 1641631
V2 1266729 1641631 1238960 1669400
Net53 5 
V2 3532580 1628760 3515300 1646040
V2 3515300 1646040 2900000 1646040
V2 2900000 1646040 1875000 1655516
V2 1875000 1655516 1528233 1655516
V2 1528233 1655516 1514350 1669400
Net61 5 
V2 3276240 1576920 3271920 1581240
V2 3271920 1581240 2900000 1581240
V2 2900000 1581240 1875000 1539798
V2 1875000 1539798 706677 1539798
V2 706677 1539798 688162 1558312
Net62 5 
V2 3340320 1576920 3331680 1585560
V2 3331680 1585560 2900000 1585560
V2 2900000 1585560 1875000 1549055
V2 1875000 1549055 789217 1549055
V2 789217 1549055 779960 1558312
Net63 5 
V2 3404410 1576920 3391450 1589880
V2 3391450 1589880 2900000 1589880
V2 2900000 1589880 1875000 1576826
V2 1875000 1576826 679296 1576826
V2 679296 1576826 642262 1613860
Net64 5 
V2 3532580 1576920 3515300 1594200
V2 3515300 1594200 2900000 1594200
V2 2900000 1594200 1875000 1595340
V2 1875000 1595340 844379 1595340
V2 844379 1595340 825860 1613860
Net65 5 
V2 3596667 1576920 3575067 1598520
V2 3575067 1598520 2900000 1598520
V2 2900000 1598520 1875000 1627745
V2 1875000 1627745 362624 1627745
V2 362624 1627745 320970 1669400
Net66 5 
V2 3180110 1551000 3167150 1563960
V2 3167150 1563960 2900000 1563960
V2 2900000 1563960 1875000 1530541
V2 1875000 1530541 624139 1530541
V2 624139 1530541 596367 1558312
Net77 5 
V2 3180110 1499160 3167150 1512120
V2 3167150 1512120 2900000 1512120
V2 2900000 1512120 1875000 1521284
V2 1875000 1521284 752574 1521284
V2 752574 1521284 734060 1502770
Net78 5 
V2 3244190 1499160 3239870 1494840
V2 3239870 1494840 2900000 1494840
V2 2900000 1494840 1875000 1512027
V2 1875000 1512027 835117 1512027
V2 835117 1512027 825860 1502770
Net83 5 
V2 3212150 1473240 3207830 1477560
V2 3207830 1477560 2900000 1477560
V2 2900000 1477560 1875000 1458336
V2 1875000 1458336 1145694 1458336
V2 1145694 1458336 1101260 1502770
Net84 5 
V2 3276240 1473240 3267600 1481880
V2 3267600 1481880 2900000 1481880
V2 2900000 1481880 1875000 1469444
V2 1875000 1469444 1318183 1469444
V2 1318183 1469444 1284857 1502770
Net85 5 
V2 3404410 1473240 3391450 1486200
V2 3391450 1486200 2900000 1486200
V2 2900000 1486200 1875000 1480553
V2 1875000 1480553 1398869 1480553
V2 1398869 1480553 1376652 1502770
Net86 5 
V2 3532580 1473240 3515300 1490520
V2 3515300 1490520 2900000 1490520
V2 2900000 1490520 1875000 1491661
V2 1875000 1491661 1571358 1491661
V2 1571358 1491661 1560250 1502770
