Nets 11
Net8 5 
M3 5457492 1597230 5429721 1625001
M3 5429721 1625001 3900000 1625001
M3 3900000 1625001 1875000 1811960
M3 1875000 1811960 1575810 1811960
M3 1575810 1811960 1562850 1824920
Net29 5 
M3 4981180 1486140 4962660 1504659
M3 4962660 1504659 3900000 1504659
M3 3900000 1504659 1875000 1760120
M3 1875000 1760120 1255380 1760120
M3 1255380 1760120 1242420 1773080
Net30 5 
M3 5171710 1486140 5134676 1523173
M3 5134676 1523173 3900000 1523173
M3 3900000 1523173 1875000 1766600
M3 1875000 1766600 1377070 1766600
M3 1377070 1766600 1370590 1773080
Net43 5 
M3 5505130 1430600 5477361 1458368
M3 5477361 1458368 3900000 1458368
M3 3900000 1458368 1875000 1753640
M3 1875000 1753640 1197772 1753640
M3 1197772 1753640 1178332 1773080
Net52 5 
M3 5457492 1375060 5429723 1402828
M3 5429723 1402828 3900000 1402828
M3 3900000 1402828 1875000 1630520
M3 1875000 1630520 1607850 1630520
M3 1607850 1630520 1594890 1643480
Net59 5 
M3 4933550 1319512 4905773 1347288
M3 4905773 1347288 3900000 1347288
M3 3900000 1347288 1875000 1604600
M3 1875000 1604600 1511720 1604600
M3 1511720 1604600 1498760 1617560
Net73 5 
M3 5171710 1263970 5160601 1275078
M3 5160601 1275078 3900000 1275078
M3 3900000 1275078 1875000 1496600
M3 1875000 1496600 1516040 1496600
M3 1516040 1496600 1498760 1513880
Net74 5 
M3 5266970 1263970 5244753 1286187
M3 5244753 1286187 3900000 1286187
M3 3900000 1286187 1875000 1505240
M3 1875000 1505240 1571490 1505240
M3 1571490 1505240 1562850 1513880
Net75 5 
M3 5362230 1263970 5328904 1297295
M3 5328904 1297295 3900000 1297295
M3 3900000 1297295 1875000 1522520
M3 1875000 1522520 1548090 1522520
M3 1548090 1522520 1530810 1539800
Net76 5 
M3 5457492 1263970 5413058 1308404
M3 5413058 1308404 3900000 1308404
M3 3900000 1308404 1875000 1531160
M3 1875000 1531160 1603530 1531160
M3 1603530 1531160 1594890 1539800
Net83 5 
M3 4933550 1208430 4905781 1236198
M3 4905781 1236198 3900000 1236198
M3 3900000 1236198 1875000 1475000
M3 1875000 1475000 1287420 1475000
M3 1287420 1475000 1274460 1487960
