Nets 27
Net4 5 
M2 4981180 1597230 4962665 1615744
M2 4962665 1615744 3900000 1615744
M2 3900000 1615744 1875000 1833560
M2 1875000 1833560 1548090 1833560
M2 1548090 1833560 1530810 1850840
Net5 5 
M2 5076440 1597230 5039411 1634258
M2 5039411 1634258 3900000 1634258
M2 3900000 1634258 1875000 1842200
M2 1875000 1842200 1603530 1842200
M2 1603530 1842200 1594890 1850840
Net7 5 
M2 5362230 1597230 5348344 1583344
M2 5348344 1583344 3900000 1583344
M2 3900000 1583344 1875000 1818440
M2 1875000 1818440 1505240 1818440
M2 1505240 1818440 1498760 1824920
Net10 5 
M2 4266710 1541687 4252824 1555573
M2 4252824 1555573 3900000 1555573
M2 3900000 1555573 1875000 1805480
M2 1875000 1805480 1261860 1805480
M2 1261860 1805480 1242420 1824920
Net11 5 
M2 4361970 1541687 4334198 1569459
M2 4334198 1569459 3900000 1569459
M2 3900000 1569459 1875000 1811960
M2 1875000 1811960 1319470 1811960
M2 1319470 1811960 1306510 1824920
Net16 5 
M2 4933550 1541687 4925615 1533753
M2 4925615 1533753 3900000 1533753
M2 3900000 1533753 1875000 1786040
M2 1875000 1786040 1479680 1786040
M2 1479680 1786040 1466720 1799000
Net18 5 
M2 5124077 1541687 5108208 1525818
M2 5108208 1525818 3900000 1525818
M2 3900000 1525818 1875000 1760120
M2 1875000 1760120 1511720 1760120
M2 1511720 1760120 1498760 1773080
Net21 5 
M2 5409860 1541687 5386056 1517884
M2 5386056 1517884 3900000 1517884
M2 3900000 1517884 1875000 1741976
M2 1875000 1741976 1600074 1741976
M2 1600074 1741976 1594890 1747160
Net27 5 
M2 4695390 1486140 4687449 1494080
M2 4687449 1494080 3900000 1494080
M2 3900000 1494080 1875000 1726424
M2 1875000 1726424 1359286 1726424
M2 1359286 1726424 1338550 1747160
Net31 5 
M2 5266970 1486140 5251095 1502015
M2 5251095 1502015 3900000 1502015
M2 3900000 1502015 1875000 1731608
M2 1875000 1731608 1418189 1731608
M2 1418189 1731608 1402637 1747160
Net32 5 
M2 5457492 1486140 5433683 1509949
M2 5433683 1509949 3900000 1509949
M2 3900000 1509949 1875000 1736792
M2 1875000 1736792 1541178 1736792
M2 1541178 1736792 1530810 1747160
Net34 5 
M2 4266710 1430600 4255604 1441706
M2 4255604 1441706 3900000 1441706
M2 3900000 1441706 1875000 1703960
M2 1875000 1703960 1259700 1703960
M2 1259700 1703960 1242420 1721240
Net38 5 
M2 4838290 1430600 4829033 1421343
M2 4829033 1421343 3900000 1421343
M2 3900000 1421343 1875000 1699640
M2 1875000 1699640 1471040 1699640
M2 1471040 1699640 1466720 1695320
Net39 5 
M2 5028810 1430600 5010296 1412086
M2 5010296 1412086 3900000 1412086
M2 3900000 1412086 1875000 1682360
M2 1875000 1682360 1607850 1682360
M2 1607850 1682360 1594890 1695320
Net40 5 
M2 5124077 1430600 5101863 1452814
M2 5101863 1452814 3900000 1452814
M2 3900000 1452814 1875000 1708280
M2 1875000 1708280 1447640 1708280
M2 1447640 1708280 1434680 1721240
Net41 5 
M2 5314600 1430600 5281277 1463923
M2 5281277 1463923 3900000 1463923
M2 3900000 1463923 1875000 1712600
M2 1875000 1712600 1507400 1712600
M2 1507400 1712600 1498760 1721240
Net42 5 
M2 5409860 1430600 5365428 1475031
M2 5365428 1475031 3900000 1475031
M2 3900000 1475031 1875000 1716920
M2 1875000 1716920 1567170 1716920
M2 1567170 1716920 1562850 1721240
Net44 5 
M2 4314340 1375060 4305085 1384315
M2 4305085 1384315 3900000 1384315
M2 3900000 1384315 1875000 1626200
M2 1875000 1626200 1291740 1626200
M2 1291740 1626200 1274460 1643480
Net50 5 
M2 5171710 1375060 5153198 1393572
M2 5153198 1393572 3900000 1393572
M2 3900000 1393572 1875000 1634840
M2 1875000 1634840 1475360 1634840
M2 1475360 1634840 1466720 1643480
Net51 5 
M2 5266970 1375060 5239201 1402829
M2 5239201 1402829 3900000 1402829
M2 3900000 1402829 1875000 1656440
M2 1875000 1656440 1575810 1656440
M2 1575810 1656440 1562850 1669400
Net53 5 
M2 5552760 1375060 5534246 1356546
M2 5534246 1356546 3900000 1356546
M2 3900000 1356546 1875000 1604600
M2 1875000 1604600 1191292 1604600
M2 1191292 1604600 1178332 1617560
Net61 5 
M2 5124077 1319512 5105558 1338032
M2 5105558 1338032 3900000 1338032
M2 3900000 1338032 1875000 1559240
M2 1875000 1559240 1441160 1559240
M2 1441160 1559240 1434680 1565720
Net67 5 
M2 4409602 1263970 4391088 1282484
M2 4391088 1282484 3900000 1282484
M2 3900000 1282484 1875000 1546280
M2 1875000 1546280 1261860 1546280
M2 1261860 1546280 1242420 1565720
Net70 5 
M2 4695390 1263970 4658361 1300998
M2 4658361 1300998 3900000 1300998
M2 3900000 1300998 1875000 1552760
M2 1875000 1552760 1319470 1552760
M2 1319470 1552760 1306510 1565720
Net72 5 
M2 5076440 1263970 5062554 1250084
M2 5062554 1250084 3900000 1250084
M2 3900000 1250084 1875000 1507400
M2 1875000 1507400 1441160 1507400
M2 1441160 1507400 1434680 1513880
Net81 5 
M2 4647760 1208430 4633876 1222313
M2 4633876 1222313 3900000 1222313
M2 3900000 1222313 1875000 1494440
M2 1875000 1494440 1261860 1494440
M2 1261860 1494440 1242420 1513880
Net82 5 
M2 4838290 1208430 4810521 1236199
M2 4810521 1236199 3900000 1236199
M2 3900000 1236199 1875000 1500920
M2 1875000 1500920 1319470 1500920
M2 1319470 1500920 1306510 1513880
