Nets 21
Net6 5 
M2 4054790 1853400 4033190 1875000
M2 4033190 1875000 2900000 1875000
M2 2900000 1875000 1875000 1808258
M2 1875000 1808258 302841 1808258
M2 302841 1808258 275070 1836030
Net17 5 
M2 3197430 1767000 3175830 1788600
M2 3175830 1788600 2900000 1788600
M2 2900000 1788600 1875000 1752711
M2 1875000 1752711 440546 1752711
M2 440546 1752711 412770 1780487
Net25 5 
M2 4054790 1767000 4033190 1745400
M2 4033190 1745400 2900000 1745400
M2 2900000 1745400 1875000 1697171
M2 1875000 1697171 302838 1697171
M2 302838 1697171 275070 1724940
Net48 5 
M2 3704050 1637400 3695410 1646040
M2 3695410 1646040 2900000 1646040
M2 2900000 1646040 1875000 1624968
M2 1875000 1624968 1007991 1624968
M2 1007991 1624968 963560 1669400
Net49 5 
M2 3781997 1637400 3764717 1654680
M2 3764717 1654680 2900000 1654680
M2 2900000 1654680 1875000 1636077
M2 1875000 1636077 1088683 1636077
M2 1088683 1636077 1055360 1669400
Net50 5 
M2 3859940 1637400 3834020 1663320
M2 3834020 1663320 2900000 1663320
M2 2900000 1663320 1875000 1647185
M2 1875000 1647185 1261174 1647185
M2 1261174 1647185 1238960 1669400
Net51 5 
M2 4015820 1637400 3981260 1671960
M2 3981260 1671960 2900000 1671960
M2 2900000 1671960 1875000 1658294
M2 1875000 1658294 1341858 1658294
M2 1341858 1658294 1330752 1669400
Net52 5 
M2 3197430 1594200 3192630 1599000
M2 3192630 1599000 2900000 1599000
M2 2900000 1599000 1875000 1539798
M2 1875000 1539798 431284 1539798
M2 431284 1539798 412770 1558312
Net53 5 
M2 3275370 1594200 3265770 1603800
M2 3265770 1603800 2900000 1603800
M2 2900000 1603800 1875000 1565255
M2 1875000 1565255 415474 1565255
M2 415474 1565255 366870 1613860
Net54 5 
M2 3431252 1594200 3416852 1608600
M2 3416852 1608600 2900000 1608600
M2 2900000 1608600 1875000 1572198
M2 1875000 1572198 592129 1572198
M2 592129 1572198 550467 1613860
Net55 5 
M2 3587140 1594200 3567940 1613400
M2 3567940 1613400 2900000 1613400
M2 2900000 1613400 1875000 1579140
M2 1875000 1579140 676981 1579140
M2 676981 1579140 642262 1613860
Net56 5 
M2 3665080 1594200 3641080 1618200
M2 3641080 1618200 2900000 1618200
M2 2900000 1618200 1875000 1586083
M2 1875000 1586083 853636 1586083
M2 853636 1586083 825860 1613860
Net57 5 
M2 3743020 1594200 3714220 1623000
M2 3714220 1623000 2900000 1623000
M2 2900000 1623000 1875000 1593026
M2 1875000 1593026 938493 1593026
M2 938493 1593026 917660 1613860
Net58 5 
M2 3820970 1594200 3787370 1627800
M2 3787370 1627800 2900000 1627800
M2 2900000 1627800 1875000 1599969
M2 1875000 1599969 1115151 1599969
M2 1115151 1599969 1101260 1613860
Net59 5 
M2 3898910 1594200 3860510 1632600
M2 3860510 1632600 2900000 1632600
M2 2900000 1632600 1875000 1606911
M2 1875000 1606911 1200008 1606911
M2 1200008 1606911 1193060 1613860
Net82 5 
M2 3392280 1464600 3386107 1470772
M2 3386107 1470772 2900000 1470772
M2 2900000 1470772 1875000 1456484
M2 1875000 1456484 872145 1456484
M2 872145 1456484 825860 1502770
Net83 5 
M2 3470227 1464600 3457883 1476943
M2 3457883 1476943 2900000 1476943
M2 2900000 1476943 1875000 1465741
M2 1875000 1465741 1138288 1465741
M2 1138288 1465741 1101260 1502770
Net84 5 
M2 3626110 1464600 3607595 1483115
M2 3607595 1483115 2900000 1483115
M2 2900000 1483115 1875000 1474998
M2 1875000 1474998 1312629 1474998
M2 1312629 1474998 1284857 1502770
Net85 5 
M2 3704050 1464600 3679363 1489286
M2 3679363 1489286 2900000 1489286
M2 2900000 1489286 1875000 1484255
M2 1875000 1484255 1395167 1484255
M2 1395167 1484255 1376652 1502770
Net86 5 
M2 3859940 1464600 3829082 1495457
M2 3829082 1495457 2900000 1495457
M2 2900000 1495457 1875000 1493512
M2 1875000 1493512 1569507 1493512
M2 1569507 1493512 1560250 1502770
Net87 5 
M2 4093762 1464600 4056733 1501628
M2 4056733 1501628 2900000 1501628
M2 2900000 1501628 1875000 1521284
M2 1875000 1521284 357998 1521284
M2 357998 1521284 320970 1558312
