Nets 37
Net0 5 
V1 3219080 1847230 3213525 1852784
V1 3213525 1852784 2900000 1852784
V1 2900000 1852784 1875000 1849915
V1 1875000 1849915 406794 1849915
V1 406794 1849915 365140 1891570
Net1 5 
V1 3409602 1847230 3398494 1858338
V1 3398494 1858338 2900000 1858338
V1 2900000 1858338 1875000 1854544
V1 1875000 1854544 592686 1854544
V1 592686 1854544 555660 1891570
Net2 5 
V1 3504870 1847230 3488207 1863892
V1 3488207 1863892 2900000 1863892
V1 2900000 1863892 1875000 1859172
V1 1875000 1859172 683320 1859172
V1 683320 1859172 650922 1891570
Net3 5 
V1 3695390 1847230 3673173 1869447
V1 3673173 1869447 2900000 1869447
V1 2900000 1869447 1875000 1863801
V1 1875000 1863801 869219 1863801
V1 869219 1863801 841450 1891570
Net4 5 
V1 3981180 1847230 3953408 1875001
V1 3953408 1875001 2900000 1875001
V1 2900000 1875001 1875000 1868429
V1 1875000 1868429 959850 1868429
V1 959850 1868429 936710 1891570
Net5 5 
V1 4076440 1847230 4043114 1880555
V1 4043114 1880555 2900000 1880555
V1 2900000 1880555 1875000 1873058
V1 1875000 1873058 1145752 1873058
V1 1145752 1873058 1127240 1891570
Net6 5 
V1 4266970 1847230 4228090 1886109
V1 4228090 1886109 2900000 1886109
V1 2900000 1886109 1875000 1877686
V1 1875000 1877686 1236383 1877686
V1 1236383 1877686 1222500 1891570
Net7 5 
V1 4362230 1847230 4317796 1891664
V1 4317796 1891664 2900000 1891664
V1 2900000 1891664 1875000 1882315
V1 1875000 1882315 1422285 1882315
V1 1422285 1882315 1413030 1891570
Net8 5 
V1 4457492 1847230 4407504 1897218
V1 4407504 1897218 2900000 1897218
V1 2900000 1897218 1875000 1886943
V1 1875000 1886943 1512916 1886943
V1 1512916 1886943 1508290 1891570
Net10 5 
V1 3266710 1791687 3248195 1810202
V1 3248195 1810202 2900000 1810202
V1 2900000 1810202 1875000 1840658
V1 1875000 1840658 322136 1840658
V1 322136 1840658 317507 1836030
Net11 5 
V1 3361970 1791687 3343456 1773173
V1 3343456 1773173 2900000 1773173
V1 2900000 1773173 1875000 1817515
V1 1875000 1817515 431284 1817515
V1 431284 1817515 412770 1836030
Net22 5 
V1 4505130 1791687 4468101 1828716
V1 4468101 1828716 2900000 1828716
V1 2900000 1828716 1875000 1845287
V1 1875000 1845287 231497 1845287
V1 231497 1845287 222240 1836030
Net23 5 
V1 3314340 1736140 3303231 1725031
V1 3303231 1725031 2900000 1725031
V1 2900000 1725031 1875000 1769374
V1 1875000 1769374 376253 1769374
V1 376253 1769374 365140 1780487
Net24 5 
V1 3409602 1736140 3391083 1754659
V1 3391083 1754659 2900000 1754659
V1 2900000 1754659 1875000 1799001
V1 1875000 1799001 478914 1799001
V1 478914 1799001 460400 1780487
Net33 5 
V1 4552760 1736140 4530543 1713923
V1 4530543 1713923 2900000 1713923
V1 2900000 1713923 1875000 1758265
V1 1875000 1758265 292092 1758265
V1 292092 1758265 269870 1780487
Net34 5 
V1 3266710 1680600 3255604 1691706
V1 3255604 1691706 2900000 1691706
V1 2900000 1691706 1875000 1736048
V1 1875000 1736048 328616 1736048
V1 328616 1736048 317507 1724940
Net35 5 
V1 3457237 1680600 3438723 1662086
V1 3438723 1662086 2900000 1662086
V1 2900000 1662086 1875000 1706428
V1 1875000 1706428 526542 1706428
V1 526542 1706428 508030 1724940
Net43 5 
V1 4505130 1680600 4482915 1702814
V1 4482915 1702814 2900000 1702814
V1 2900000 1702814 1875000 1747157
V1 1875000 1747157 244457 1747157
V1 244457 1747157 222240 1724940
Net44 5 
V1 3314340 1625060 3303231 1613951
V1 3303231 1613951 2900000 1613951
V1 2900000 1613951 1875000 1658294
V1 1875000 1658294 376246 1658294
V1 376246 1658294 365140 1669400
Net45 5 
V1 3409602 1625060 3391090 1643572
V1 3391090 1643572 2900000 1643572
V1 2900000 1643572 1875000 1687914
V1 1875000 1687914 478914 1687914
V1 478914 1687914 460400 1669400
Net53 5 
V1 4552760 1625060 4530543 1602843
V1 4530543 1602843 2900000 1602843
V1 2900000 1602843 1875000 1647185
V1 1875000 1647185 292084 1647185
V1 292084 1647185 269870 1669400
Net54 5 
V1 3266710 1569512 3255596 1580626
V1 3255596 1580626 2900000 1580626
V1 2900000 1580626 1875000 1624968
V1 1875000 1624968 328616 1624968
V1 328616 1624968 317507 1613860
Net55 5 
V1 3457237 1569512 3452965 1565240
V1 3452965 1565240 2900000 1565240
V1 2900000 1565240 1875000 1595340
V1 1875000 1595340 526549 1595340
V1 526549 1595340 508030 1613860
Net64 5 
V1 4505130 1569512 4482908 1591734
V1 4482908 1591734 2900000 1591734
V1 2900000 1591734 1875000 1636077
V1 1875000 1636077 244457 1636077
V1 244457 1636077 222240 1613860
Net66 5 
V1 3314340 1513970 3295826 1495456
V1 3295826 1495456 2900000 1495456
V1 2900000 1495456 1875000 1511315
V1 1875000 1511315 507397 1511315
V1 507397 1511315 460400 1558312
Net67 5 
V1 3409602 1513970 3405330 1518242
V1 3405330 1518242 2900000 1518242
V1 2900000 1518242 1875000 1515587
V1 1875000 1515587 598385 1515587
V1 598385 1515587 555660 1558312
Net68 5 
V1 3504870 1513970 3496325 1522515
V1 3496325 1522515 2900000 1522515
V1 2900000 1522515 1875000 1519860
V1 1875000 1519860 689375 1519860
V1 689375 1519860 650922 1558312
Net69 5 
V1 3600130 1513970 3587312 1526787
V1 3587312 1526787 2900000 1526787
V1 2900000 1526787 1875000 1524132
V1 1875000 1524132 780370 1524132
V1 780370 1524132 746190 1558312
Net70 5 
V1 3695390 1513970 3678300 1531060
V1 3678300 1531060 2900000 1531060
V1 2900000 1531060 1875000 1528405
V1 1875000 1528405 871357 1528405
V1 871357 1528405 841450 1558312
Net71 5 
V1 3981180 1513970 3959817 1535332
V1 3959817 1535332 2900000 1535332
V1 2900000 1535332 1875000 1532677
V1 1875000 1532677 962345 1532677
V1 962345 1532677 936710 1558312
Net72 5 
V1 4076440 1513970 4050805 1539605
V1 4050805 1539605 2900000 1539605
V1 2900000 1539605 1875000 1536950
V1 1875000 1536950 1053342 1536950
V1 1053342 1536950 1031980 1558312
Net73 5 
V1 4171710 1513970 4141802 1543877
V1 4141802 1543877 2900000 1543877
V1 2900000 1543877 1875000 1541222
V1 1875000 1541222 1144330 1541222
V1 1144330 1541222 1127240 1558312
Net74 5 
V1 4266970 1513970 4232790 1548150
V1 4232790 1548150 2900000 1548150
V1 2900000 1548150 1875000 1545495
V1 1875000 1545495 1235317 1545495
V1 1235317 1545495 1222500 1558312
Net75 5 
V1 4362230 1513970 4323777 1552422
V1 4323777 1552422 2900000 1552422
V1 2900000 1552422 1875000 1549767
V1 1875000 1549767 1421575 1549767
V1 1421575 1549767 1413030 1558312
Net76 5 
V1 4457492 1513970 4414767 1556695
V1 4414767 1556695 2900000 1556695
V1 2900000 1556695 1875000 1554040
V1 1875000 1554040 1512562 1554040
V1 1512562 1554040 1508290 1558312
Net77 5 
V1 4552760 1513970 4505762 1560967
V1 4505762 1560967 2900000 1560967
V1 2900000 1560967 1875000 1576826
V1 1875000 1576826 288384 1576826
V1 288384 1576826 269870 1558312
Net79 5 
V1 3361970 1458430 3343458 1476942
V1 3343458 1476942 2900000 1476942
V1 2900000 1476942 1875000 1507042
V1 1875000 1507042 417042 1507042
V1 417042 1507042 412770 1502770
