Nets 40
Net0 5 
V1 3197430 1853400 3191257 1859572
V1 3191257 1859572 2900000 1859572
V1 2900000 1859572 1875000 1856600
V1 1875000 1856600 1062077 1856600
V1 1062077 1856600 1033277 1885400
Net1 5 
V1 3353310 1853400 3340966 1865743
V1 3340966 1865743 2900000 1865743
V1 2900000 1865743 1875000 1861400
V1 1875000 1861400 1188910 1861400
V1 1188910 1861400 1164910 1885400
Net2 5 
V1 3431252 1853400 3412737 1871915
V1 3412737 1871915 2900000 1871915
V1 2900000 1871915 1875000 1866200
V1 1875000 1866200 1249930 1866200
V1 1249930 1866200 1230730 1885400
Net3 5 
V1 3587140 1853400 3562453 1878086
V1 3562453 1878086 2900000 1878086
V1 2900000 1878086 1875000 1871000
V1 1875000 1871000 1376762 1871000
V1 1376762 1871000 1362362 1885400
Net4 5 
V1 3665080 1853400 3634222 1884257
V1 3634222 1884257 2900000 1884257
V1 2900000 1884257 1875000 1875800
V1 1875000 1875800 1437780 1875800
V1 1437780 1875800 1428180 1885400
Net5 5 
V1 3820970 1853400 3783941 1890428
V1 3783941 1890428 2900000 1890428
V1 2900000 1890428 1875000 1880600
V1 1875000 1880600 1564620 1880600
V1 1564620 1880600 1559820 1885400
Net7 5 
V1 3236400 1810200 3222000 1824600
V1 3222000 1824600 2900000 1824600
V1 2900000 1824600 1875000 1847000
V1 1875000 1847000 939350 1847000
V1 939350 1847000 934550 1842200
Net8 5 
V1 3314340 1810200 3299940 1795800
V1 3299940 1795800 2900000 1795800
V1 2900000 1795800 1875000 1827800
V1 1875000 1827800 1014770 1827800
V1 1014770 1827800 1000370 1842200
Net16 5 
V1 4093762 1810200 4064962 1839000
V1 4064962 1839000 2900000 1839000
V1 2900000 1839000 1875000 1851800
V1 1875000 1851800 878330 1851800
V1 878330 1851800 868730 1842200
Net17 5 
V1 3197430 1767000 3188790 1758360
V1 3188790 1758360 2900000 1758360
V1 2900000 1758360 1875000 1790360
V1 1875000 1790360 976100 1790360
V1 976100 1790360 967460 1799000
Net18 5 
V1 3275370 1767000 3260970 1781400
V1 3260970 1781400 2900000 1781400
V1 2900000 1781400 1875000 1813400
V1 1875000 1813400 1047677 1813400
V1 1047677 1813400 1033277 1799000
Net25 5 
V1 4054790 1767000 4037510 1749720
V1 4037510 1749720 2900000 1749720
V1 2900000 1749720 1875000 1781720
V1 1875000 1781720 853100 1781720
V1 853100 1781720 835820 1799000
Net26 5 
V1 3236400 1723800 3227760 1732440
V1 3227760 1732440 2900000 1732440
V1 2900000 1732440 1875000 1764440
V1 1875000 1764440 943190 1764440
V1 943190 1764440 934550 1755800
Net27 5 
V1 3314340 1723800 3299940 1709400
V1 3299940 1709400 2900000 1709400
V1 2900000 1709400 1875000 1741400
V1 1875000 1741400 1014770 1741400
V1 1014770 1741400 1000370 1755800
Net35 5 
V1 4093762 1723800 4076482 1741080
V1 4076482 1741080 2900000 1741080
V1 2900000 1741080 1875000 1773080
V1 1875000 1773080 886010 1773080
V1 886010 1773080 868730 1755800
Net36 5 
V1 3197430 1680600 3192630 1675800
V1 3192630 1675800 2900000 1675800
V1 2900000 1675800 1875000 1691000
V1 1875000 1691000 923240 1691000
V1 923240 1691000 901640 1712600
Net37 5 
V1 3275370 1680600 3260970 1695000
V1 3260970 1695000 2900000 1695000
V1 2900000 1695000 1875000 1727000
V1 1875000 1727000 1047677 1727000
V1 1047677 1727000 1033277 1712600
Net44 5 
V1 3314340 1637400 3309540 1632600
V1 3309540 1632600 2900000 1632600
V1 2900000 1632600 1875000 1631000
V1 1875000 1631000 972950 1631000
V1 972950 1631000 934550 1669400
Net45 5 
V1 3392280 1637400 3387480 1642200
V1 3387480 1642200 2900000 1642200
V1 2900000 1642200 1875000 1635800
V1 1875000 1635800 1033970 1635800
V1 1033970 1635800 1000370 1669400
Net46 5 
V1 3470227 1637400 3460627 1647000
V1 3460627 1647000 2900000 1647000
V1 2900000 1647000 1875000 1640600
V1 1875000 1640600 1094982 1640600
V1 1094982 1640600 1066182 1669400
Net47 5 
V1 3548170 1637400 3533770 1651800
V1 3533770 1651800 2900000 1651800
V1 2900000 1651800 1875000 1645400
V1 1875000 1645400 1156000 1645400
V1 1156000 1645400 1132000 1669400
Net48 5 
V1 3704050 1637400 3684850 1656600
V1 3684850 1656600 2900000 1656600
V1 2900000 1656600 1875000 1650200
V1 1875000 1650200 1282840 1650200
V1 1282840 1650200 1263640 1669400
Net49 5 
V1 3781997 1637400 3757997 1661400
V1 3757997 1661400 2900000 1661400
V1 2900000 1661400 1875000 1655000
V1 1875000 1655000 1409670 1655000
V1 1409670 1655000 1395270 1669400
Net50 5 
V1 3859940 1637400 3831140 1666200
V1 3831140 1666200 2900000 1666200
V1 2900000 1666200 1875000 1659800
V1 1875000 1659800 1536510 1659800
V1 1536510 1659800 1526910 1669400
Net51 5 
V1 4015820 1637400 3982220 1671000
V1 3982220 1671000 2900000 1671000
V1 2900000 1671000 1875000 1664600
V1 1875000 1664600 1597530 1664600
V1 1597530 1664600 1592730 1669400
Net52 5 
V1 3197430 1594200 3192630 1599000
V1 3192630 1599000 2900000 1599000
V1 2900000 1599000 1875000 1595960
V1 1875000 1595960 931880 1595960
V1 931880 1595960 901640 1626200
Net53 5 
V1 3275370 1594200 3265770 1603800
V1 3265770 1603800 2900000 1603800
V1 2900000 1603800 1875000 1600280
V1 1875000 1600280 993380 1600280
V1 993380 1600280 967460 1626200
Net54 5 
V1 3431252 1594200 3416852 1608600
V1 3416852 1608600 2900000 1608600
V1 2900000 1608600 1875000 1604600
V1 1875000 1604600 1120690 1604600
V1 1120690 1604600 1099090 1626200
Net57 5 
V1 3743020 1594200 3723820 1613400
V1 3723820 1613400 2900000 1613400
V1 2900000 1613400 1875000 1608920
V1 1875000 1608920 1379642 1608920
V1 1379642 1608920 1362362 1626200
Net58 5 
V1 3820970 1594200 3796970 1618200
V1 3796970 1618200 2900000 1618200
V1 2900000 1618200 1875000 1613240
V1 1875000 1613240 1441140 1613240
V1 1441140 1613240 1428180 1626200
Net59 5 
V1 3898910 1594200 3870110 1623000
V1 3870110 1623000 2900000 1623000
V1 2900000 1623000 1875000 1617560
V1 1875000 1617560 1502640 1617560
V1 1502640 1617560 1494000 1626200
Net60 5 
V1 3976850 1594200 3943250 1627800
V1 3943250 1627800 2900000 1627800
V1 2900000 1627800 1875000 1621880
V1 1875000 1621880 1564140 1621880
V1 1564140 1621880 1559820 1626200
Net62 5 
V1 3236400 1551000 3222000 1565400
V1 3222000 1565400 2900000 1565400
V1 2900000 1565400 1875000 1587320
V1 1875000 1587320 938870 1587320
V1 938870 1587320 934550 1583000
Net63 5 
V1 3392280 1551000 3377880 1536600
V1 3377880 1536600 2900000 1536600
V1 2900000 1536600 1875000 1568600
V1 1875000 1568600 1014770 1568600
V1 1014770 1568600 1000370 1583000
Net70 5 
V1 4093762 1551000 4064962 1579800
V1 4064962 1579800 2900000 1579800
V1 2900000 1579800 1875000 1591640
V1 1875000 1591640 877370 1591640
V1 877370 1591640 868730 1583000
Net71 5 
V1 3197430 1507800 3188790 1499160
V1 3188790 1499160 2900000 1499160
V1 2900000 1499160 1875000 1531160
V1 1875000 1531160 976100 1531160
V1 976100 1531160 967460 1539800
Net72 5 
V1 3275370 1507800 3260970 1522200
V1 3260970 1522200 2900000 1522200
V1 2900000 1522200 1875000 1554200
V1 1875000 1554200 1047677 1554200
V1 1047677 1554200 1033277 1539800
Net80 5 
V1 4054790 1507800 4037510 1490520
V1 4037510 1490520 2900000 1490520
V1 2900000 1490520 1875000 1522520
V1 1875000 1522520 853100 1522520
V1 853100 1522520 835820 1539800
Net81 5 
V1 3236400 1464600 3227760 1473240
V1 3227760 1473240 2900000 1473240
V1 2900000 1473240 1875000 1505240
V1 1875000 1505240 1074822 1505240
V1 1074822 1505240 1066182 1496600
Net87 5 
V1 4093762 1464600 4076482 1481880
V1 4076482 1481880 2900000 1481880
V1 2900000 1481880 1875000 1513880
V1 1875000 1513880 886010 1513880
V1 886010 1513880 868730 1496600
