Nets 42
Net0 5 
V1 3208250 1853400 3199610 1862040
V1 3199610 1862040 2900000 1862040
V1 2900000 1862040 1875000 1859480
V1 1875000 1859480 1329850 1859480
V1 1329850 1859480 1312570 1876760
Net1 5 
V1 3381460 1853400 3364180 1870680
V1 3364180 1870680 2900000 1870680
V1 2900000 1870680 1875000 1863800
V1 1875000 1863800 1432917 1863800
V1 1432917 1863800 1419957 1876760
Net2 5 
V1 3468060 1853400 3442140 1879320
V1 3442140 1879320 2900000 1879320
V1 2900000 1879320 1875000 1868120
V1 1875000 1868120 1535980 1868120
V1 1535980 1868120 1527340 1876760
Net3 5 
V1 3641267 1853400 3606707 1887960
V1 3606707 1887960 2900000 1887960
V1 2900000 1887960 1875000 1872440
V1 1875000 1872440 1585360 1872440
V1 1585360 1872440 1581040 1876760
Net6 5 
V1 4160880 1853400 4154708 1847228
V1 4154708 1847228 2900000 1847228
V1 2900000 1847228 1875000 1855160
V1 1875000 1855160 1280472 1855160
V1 1280472 1855160 1258872 1876760
Net7 5 
V1 3251552 1810200 3245380 1816372
V1 3245380 1816372 2900000 1816372
V1 2900000 1816372 1875000 1829240
V1 1875000 1829240 1316890 1829240
V1 1316890 1829240 1312570 1824920
Net8 5 
V1 3338160 1810200 3329520 1801560
V1 3329520 1801560 2900000 1801560
V1 2900000 1801560 1875000 1811960
V1 1875000 1811960 1379220 1811960
V1 1379220 1811960 1366260 1824920
Net9 5 
V1 3424760 1810200 3412416 1822543
V1 3412416 1822543 2900000 1822543
V1 2900000 1822543 1875000 1833560
V1 1875000 1833560 1356697 1833560
V1 1356697 1833560 1339417 1850840
Net10 5 
V1 3511360 1810200 3492845 1828715
V1 3492845 1828715 2900000 1828715
V1 2900000 1828715 1875000 1837880
V1 1875000 1837880 1406070 1837880
V1 1406070 1837880 1393110 1850840
Net11 5 
V1 3597962 1810200 3573276 1834886
V1 3573276 1834886 2900000 1834886
V1 2900000 1834886 1875000 1842200
V1 1875000 1842200 1455440 1842200
V1 1455440 1842200 1446800 1850840
Net12 5 
V1 3771170 1810200 3740312 1841057
V1 3740312 1841057 2900000 1841057
V1 2900000 1841057 1875000 1846520
V1 1875000 1846520 1504817 1846520
V1 1504817 1846520 1500497 1850840
Net17 5 
V1 3208250 1767000 3201050 1759800
V1 3201050 1759800 2900000 1759800
V1 2900000 1759800 1875000 1778264
V1 1875000 1778264 1360153 1778264
V1 1360153 1778264 1339417 1799000
Net18 5 
V1 3294857 1767000 3286217 1775640
V1 3286217 1775640 2900000 1775640
V1 2900000 1775640 1875000 1783448
V1 1875000 1783448 1408662 1783448
V1 1408662 1783448 1393110 1799000
Net19 5 
V1 3468060 1767000 3450780 1784280
V1 3450780 1784280 2900000 1784280
V1 2900000 1784280 1875000 1788632
V1 1875000 1788632 1457168 1788632
V1 1457168 1788632 1446800 1799000
Net20 5 
V1 3641267 1767000 3615347 1792920
V1 3615347 1792920 2900000 1792920
V1 2900000 1792920 1875000 1793816
V1 1875000 1793816 1505681 1793816
V1 1505681 1793816 1500497 1799000
Net22 5 
V1 3814470 1767000 3800070 1752600
V1 3800070 1752600 2900000 1752600
V1 2900000 1752600 1875000 1764440
V1 1875000 1764440 1535980 1764440
V1 1535980 1764440 1527340 1773080
Net26 5 
V1 3251552 1723800 3240752 1713000
V1 3240752 1713000 2900000 1713000
V1 2900000 1713000 1875000 1703960
V1 1875000 1703960 1329850 1703960
V1 1329850 1703960 1312570 1721240
Net27 5 
V1 3338160 1723800 3330960 1731000
V1 3330960 1731000 2900000 1731000
V1 2900000 1731000 1875000 1712600
V1 1875000 1712600 1374900 1712600
V1 1374900 1712600 1366260 1721240
Net28 5 
V1 3424760 1723800 3410360 1738200
V1 3410360 1738200 2900000 1738200
V1 2900000 1738200 1875000 1734200
V1 1875000 1734200 1406070 1734200
V1 1406070 1734200 1393110 1747160
Net30 5 
V1 3684570 1723800 3662970 1745400
V1 3662970 1745400 2900000 1745400
V1 2900000 1745400 1875000 1755800
V1 1875000 1755800 1329850 1755800
V1 1329850 1755800 1312570 1773080
Net36 5 
V1 3208250 1680600 3201050 1673400
V1 3201050 1673400 2900000 1673400
V1 2900000 1673400 1875000 1675880
V1 1875000 1675880 1358857 1675880
V1 1358857 1675880 1339417 1695320
Net39 5 
V1 3641267 1680600 3630467 1691400
V1 3630467 1691400 2900000 1691400
V1 2900000 1691400 1875000 1682360
V1 1875000 1682360 1513457 1682360
V1 1513457 1682360 1500497 1695320
Net40 5 
V1 3814470 1680600 3792870 1702200
V1 3792870 1702200 2900000 1702200
V1 2900000 1702200 1875000 1688840
V1 1875000 1688840 1614360 1688840
V1 1614360 1688840 1607880 1695320
Net45 5 
V1 3424760 1637400 3417560 1644600
V1 3417560 1644600 2900000 1644600
V1 2900000 1644600 1875000 1626200
V1 1875000 1626200 1410390 1626200
V1 1410390 1626200 1393110 1643480
Net46 5 
V1 3511360 1637400 3496960 1651800
V1 3496960 1651800 2900000 1651800
V1 2900000 1651800 1875000 1634840
V1 1875000 1634840 1455440 1634840
V1 1455440 1634840 1446800 1643480
Net47 5 
V1 3597962 1637400 3576362 1659000
V1 3576362 1659000 2900000 1659000
V1 2900000 1659000 1875000 1652120
V1 1875000 1652120 1329850 1652120
V1 1329850 1652120 1312570 1669400
Net51 5 
V1 4117580 1637400 4088780 1666200
V1 4088780 1666200 2900000 1666200
V1 2900000 1666200 1875000 1660760
V1 1875000 1660760 1589680 1660760
V1 1589680 1660760 1581040 1669400
Net52 5 
V1 3208250 1594200 3199610 1602840
V1 3199610 1602840 2900000 1602840
V1 2900000 1602840 1875000 1596824
V1 1875000 1596824 1333306 1596824
V1 1333306 1596824 1312570 1617560
Net53 5 
V1 3294857 1594200 3277577 1611480
V1 3277577 1611480 2900000 1611480
V1 2900000 1611480 1875000 1602008
V1 1875000 1602008 1381812 1602008
V1 1381812 1602008 1366260 1617560
Net54 5 
V1 3468060 1594200 3442140 1620120
V1 3442140 1620120 2900000 1620120
V1 2900000 1620120 1875000 1607192
V1 1875000 1607192 1484018 1607192
V1 1484018 1607192 1473650 1617560
Net56 5 
V1 3727870 1594200 3717070 1583400
V1 3717070 1583400 2900000 1583400
V1 2900000 1583400 1875000 1578680
V1 1875000 1578680 1620840 1578680
V1 1620840 1578680 1607880 1591640
Net58 5 
V1 3901070 1594200 3866510 1628760
V1 3866510 1628760 2900000 1628760
V1 2900000 1628760 1875000 1612376
V1 1875000 1612376 1532524 1612376
V1 1532524 1612376 1527340 1617560
Net63 5 
V1 3424760 1551000 3413960 1561800
V1 3413960 1561800 2900000 1561800
V1 2900000 1561800 1875000 1552760
V1 1875000 1552760 1325530 1552760
V1 1325530 1552760 1312570 1565720
Net66 5 
V1 3684570 1551000 3662970 1572600
V1 3662970 1572600 2900000 1572600
V1 2900000 1572600 1875000 1559240
V1 1875000 1559240 1372740 1559240
V1 1372740 1559240 1366260 1565720
Net75 5 
V1 3641267 1507800 3635095 1513972
V1 3635095 1513972 2900000 1513972
V1 2900000 1513972 1875000 1500920
V1 1875000 1500920 1486610 1500920
V1 1486610 1500920 1473650 1513880
Net76 5 
V1 3814470 1507800 3802126 1520143
V1 3802126 1520143 2900000 1520143
V1 2900000 1520143 1875000 1505240
V1 1875000 1505240 1535980 1505240
V1 1535980 1505240 1527340 1513880
Net77 5 
V1 3901070 1507800 3882555 1526315
V1 3882555 1526315 2900000 1526315
V1 2900000 1526315 1875000 1509560
V1 1875000 1509560 1585360 1509560
V1 1585360 1509560 1581040 1513880
Net78 5 
V1 3987677 1507800 3962991 1532486
V1 3962991 1532486 2900000 1532486
V1 2900000 1532486 1875000 1522520
V1 1875000 1522520 1571470 1522520
V1 1571470 1522520 1554190 1539800
Net79 5 
V1 4074280 1507800 4043422 1538657
V1 4043422 1538657 2900000 1538657
V1 2900000 1538657 1875000 1531160
V1 1875000 1531160 1616520 1531160
V1 1616520 1531160 1607880 1539800
Net80 5 
V1 4160880 1507800 4123851 1544828
V1 4123851 1544828 2900000 1544828
V1 2900000 1544828 1875000 1546280
V1 1875000 1546280 1278312 1546280
V1 1278312 1546280 1258872 1565720
Net81 5 
V1 3251552 1464600 3237152 1479000
V1 3237152 1479000 2900000 1479000
V1 2900000 1479000 1875000 1492280
V1 1875000 1492280 1334170 1492280
V1 1334170 1492280 1312570 1513880
Net82 5 
V1 3424760 1464600 3395960 1493400
V1 3395960 1493400 2900000 1493400
V1 2900000 1493400 1875000 1496600
V1 1875000 1496600 1383540 1496600
V1 1383540 1496600 1366260 1513880
