Nets 35
Net0 5 
V1 3197430 1853400 3191257 1859572
V1 3191257 1859572 2900000 1859572
V1 2900000 1859572 1875000 1863801
V1 1875000 1863801 440539 1863801
V1 440539 1863801 412770 1891570
Net1 5 
V1 3353310 1853400 3340966 1865743
V1 3340966 1865743 2900000 1865743
V1 2900000 1865743 1875000 1868429
V1 1875000 1868429 619508 1868429
V1 619508 1868429 596367 1891570
Net2 5 
V1 3431252 1853400 3412737 1871915
V1 3412737 1871915 2900000 1871915
V1 2900000 1871915 1875000 1873058
V1 1875000 1873058 706674 1873058
V1 706674 1873058 688162 1891570
Net3 5 
V1 3587140 1853400 3562453 1878086
V1 3562453 1878086 2900000 1878086
V1 2900000 1878086 1875000 1877686
V1 1875000 1877686 885643 1877686
V1 885643 1877686 871760 1891570
Net4 5 
V1 3665080 1853400 3634222 1884257
V1 3634222 1884257 2900000 1884257
V1 2900000 1884257 1875000 1882315
V1 1875000 1882315 972815 1882315
V1 972815 1882315 963560 1891570
Net5 5 
V1 3820970 1853400 3783941 1890428
V1 3783941 1890428 2900000 1890428
V1 2900000 1890428 1875000 1886943
V1 1875000 1886943 1151786 1886943
V1 1151786 1886943 1147160 1891570
Net7 5 
V1 3236400 1810200 3231600 1805400
V1 3231600 1805400 2900000 1805400
V1 2900000 1805400 1875000 1859172
V1 1875000 1859172 390012 1859172
V1 390012 1859172 366870 1836030
Net8 5 
V1 3314340 1810200 3304740 1800600
V1 3304740 1800600 2900000 1800600
V1 2900000 1800600 1875000 1854544
V1 1875000 1854544 477184 1854544
V1 477184 1854544 458670 1836030
Net9 5 
V1 3392280 1810200 3377880 1795800
V1 3377880 1795800 2900000 1795800
V1 2900000 1795800 1875000 1849915
V1 1875000 1849915 564353 1849915
V1 564353 1849915 550467 1836030
Net10 5 
V1 3470227 1810200 3451027 1791000
V1 3451027 1791000 2900000 1791000
V1 2900000 1791000 1875000 1845287
V1 1875000 1845287 651519 1845287
V1 651519 1845287 642262 1836030
Net11 5 
V1 3548170 1810200 3524170 1786200
V1 3524170 1786200 2900000 1786200
V1 2900000 1786200 1875000 1840658
V1 1875000 1840658 738688 1840658
V1 738688 1840658 734060 1836030
Net12 5 
V1 3704050 1810200 3675250 1781400
V1 3675250 1781400 2900000 1781400
V1 2900000 1781400 1875000 1817515
V1 1875000 1817515 844374 1817515
V1 844374 1817515 825860 1836030
Net18 5 
V1 3275370 1767000 3270570 1771800
V1 3270570 1771800 2900000 1771800
V1 2900000 1771800 1875000 1761968
V1 1875000 1761968 523089 1761968
V1 523089 1761968 504570 1780487
Net19 5 
V1 3431252 1767000 3421652 1776600
V1 3421652 1776600 2900000 1776600
V1 2900000 1776600 1875000 1799001
V1 1875000 1799001 706676 1799001
V1 706676 1799001 688162 1780487
Net26 5 
V1 3236400 1723800 3231600 1719000
V1 3231600 1719000 2900000 1719000
V1 2900000 1719000 1875000 1743454
V1 1875000 1743454 385384 1743454
V1 385384 1743454 366870 1724940
Net37 5 
V1 3275370 1680600 3270570 1685400
V1 3270570 1685400 2900000 1685400
V1 2900000 1685400 1875000 1681742
V1 1875000 1681742 685460 1681742
V1 685460 1681742 642262 1724940
Net38 5 
V1 3431252 1680600 3421652 1690200
V1 3421652 1690200 2900000 1690200
V1 2900000 1690200 1875000 1687913
V1 1875000 1687913 862886 1687913
V1 862886 1687913 825860 1724940
Net39 5 
V1 3587140 1680600 3572740 1695000
V1 3572740 1695000 2900000 1695000
V1 2900000 1695000 1875000 1694085
V1 1875000 1694085 948515 1694085
V1 948515 1694085 917660 1724940
Net40 5 
V1 3743020 1680600 3723820 1699800
V1 3723820 1699800 2900000 1699800
V1 2900000 1699800 1875000 1700256
V1 1875000 1700256 1125943 1700256
V1 1125943 1700256 1101260 1724940
Net41 5 
V1 3820970 1680600 3796970 1704600
V1 3796970 1704600 2900000 1704600
V1 2900000 1704600 1875000 1706427
V1 1875000 1706427 1211572 1706427
V1 1211572 1706427 1193060 1724940
Net42 5 
V1 3898910 1680600 3870110 1709400
V1 3870110 1709400 2900000 1709400
V1 2900000 1709400 1875000 1712598
V1 1875000 1712598 1388993 1712598
V1 1388993 1712598 1376652 1724940
Net43 5 
V1 3976850 1680600 3943250 1714200
V1 3943250 1714200 2900000 1714200
V1 2900000 1714200 1875000 1718770
V1 1875000 1718770 1474620 1718770
V1 1474620 1718770 1468450 1724940
Net44 5 
V1 3314340 1637400 3305700 1646040
V1 3305700 1646040 2900000 1646040
V1 2900000 1646040 1875000 1636077
V1 1875000 1636077 446093 1636077
V1 446093 1636077 412770 1669400
Net45 5 
V1 3392280 1637400 3375000 1654680
V1 3375000 1654680 2900000 1654680
V1 2900000 1654680 1875000 1647185
V1 1875000 1647185 526784 1647185
V1 526784 1647185 504570 1669400
Net46 5 
V1 3470227 1637400 3444307 1663320
V1 3444307 1663320 2900000 1663320
V1 2900000 1663320 1875000 1658294
V1 1875000 1658294 699268 1658294
V1 699268 1658294 688162 1669400
Net47 5 
V1 3548170 1637400 3513610 1671960
V1 3513610 1671960 2900000 1671960
V1 2900000 1671960 1875000 1675571
V1 1875000 1675571 786131 1675571
V1 786131 1675571 779960 1669400
Net62 5 
V1 3236400 1551000 3222000 1536600
V1 3222000 1536600 2900000 1536600
V1 2900000 1536600 1875000 1569421
V1 1875000 1569421 515678 1569421
V1 515678 1569421 504570 1558312
Net63 5 
V1 3392280 1551000 3363480 1522200
V1 3363480 1522200 2900000 1522200
V1 2900000 1522200 1875000 1547204
V1 1875000 1547204 607476 1547204
V1 607476 1547204 596367 1558312
Net67 5 
V1 3704050 1551000 3695410 1559640
V1 3695410 1559640 2900000 1559640
V1 2900000 1559640 1875000 1580529
V1 1875000 1580529 1318188 1580529
V1 1318188 1580529 1284857 1613860
Net68 5 
V1 3859940 1551000 3842660 1568280
V1 3842660 1568280 2900000 1568280
V1 2900000 1568280 1875000 1591638
V1 1875000 1591638 1398874 1591638
V1 1398874 1591638 1376652 1613860
Net69 5 
V1 3937880 1551000 3911960 1576920
V1 3911960 1576920 2900000 1576920
V1 2900000 1576920 1875000 1602746
V1 1875000 1602746 1479563 1602746
V1 1479563 1602746 1468450 1613860
Net70 5 
V1 4093762 1551000 4059202 1585560
V1 4059202 1585560 2900000 1585560
V1 2900000 1585560 1875000 1624968
V1 1875000 1624968 365401 1624968
V1 365401 1624968 320970 1669400
Net72 5 
V1 3275370 1507800 3264570 1497000
V1 3264570 1497000 2900000 1497000
V1 2900000 1497000 1875000 1536095
V1 1875000 1536095 491995 1536095
V1 491995 1536095 458670 1502770
Net73 5 
V1 3353310 1507800 3331710 1486200
V1 3331710 1486200 2900000 1486200
V1 2900000 1486200 1875000 1524987
V1 1875000 1524987 572684 1524987
V1 572684 1524987 550467 1502770
Net81 5 
V1 3236400 1464600 3225600 1475400
V1 3225600 1475400 2900000 1475400
V1 2900000 1475400 1875000 1513878
V1 1875000 1513878 745168 1513878
V1 745168 1513878 734060 1502770
