Nets 28
Net10 5 
M2 3435582 1836120 3422622 1849080
M2 3422622 1849080 2900000 1849080
M2 2900000 1849080 1875000 1863800
M2 1875000 1863800 592420 1863800
M2 592420 1863800 570820 1885400
Net13 5 
M2 3284030 1810200 3277550 1816680
M2 3277550 1816680 2900000 1816680
M2 2900000 1816680 1875000 1816280
M2 1875000 1816280 1419460 1816280
M2 1419460 1816280 1393540 1842200
Net14 5 
M2 3327330 1810200 3314370 1823160
M2 3314370 1823160 2900000 1823160
M2 2900000 1823160 1875000 1824920
M2 1875000 1824920 1497422 1824920
M2 1497422 1824920 1480142 1842200
Net15 5 
M2 3413932 1810200 3394492 1829640
M2 3394492 1829640 2900000 1829640
M2 2900000 1829640 1875000 1833560
M2 1875000 1833560 1575390 1833560
M2 1575390 1833560 1566750 1842200
Net16 5 
M2 3175780 1784280 3170596 1789464
M2 3170596 1789464 2900000 1789464
M2 2900000 1789464 1875000 1773080
M2 1875000 1773080 769940 1773080
M2 769940 1773080 744020 1799000
Net18 5 
M2 3262380 1784280 3252012 1794648
M2 3252012 1794648 2900000 1794648
M2 2900000 1794648 1875000 1781720
M2 1875000 1781720 1021110 1781720
M2 1021110 1781720 1003830 1799000
Net19 5 
M2 3348980 1784280 3333428 1799832
M2 3333428 1799832 2900000 1799832
M2 2900000 1799832 1875000 1790360
M2 1875000 1790360 1099070 1790360
M2 1099070 1790360 1090430 1799000
Net21 5 
M2 3435582 1784280 3414846 1805016
M2 3414846 1805016 2900000 1805016
M2 2900000 1805016 1875000 1807640
M2 1875000 1807640 648680 1807640
M2 648680 1807640 614120 1842200
Net29 5 
M2 3262380 1732440 3257196 1737624
M2 3257196 1737624 2900000 1737624
M2 2900000 1737624 1875000 1729880
M2 1875000 1729880 1332860 1729880
M2 1332860 1729880 1306940 1755800
Net30 5 
M2 3348980 1732440 3338612 1742808
M2 3338612 1742808 2900000 1742808
M2 2900000 1742808 1875000 1738520
M2 1875000 1738520 1497422 1738520
M2 1497422 1738520 1480142 1755800
Net31 5 
M2 3392280 1732440 3376728 1747992
M2 3376728 1747992 2900000 1747992
M2 2900000 1747992 1875000 1747160
M2 1875000 1747160 1575390 1747160
M2 1575390 1747160 1566750 1755800
Net32 5 
M2 3435582 1732440 3414846 1753176
M2 3414846 1753176 2900000 1753176
M2 2900000 1753176 1875000 1764440
M2 1875000 1764440 605380 1764440
M2 605380 1764440 570820 1799000
Net33 5 
M2 3154130 1706520 3141170 1719480
M2 3141170 1719480 2900000 1719480
M2 2900000 1719480 1875000 1721240
M2 1875000 1721240 735280 1721240
M2 735280 1721240 700720 1755800
Net35 5 
M2 3240730 1706520 3227770 1693560
M2 3227770 1693560 2900000 1693560
M2 2900000 1693560 1875000 1701800
M2 1875000 1701800 841427 1701800
M2 841427 1701800 830627 1712600
Net39 5 
M2 3175780 1680600 3162820 1667640
M2 3162820 1667640 2900000 1667640
M2 2900000 1667640 1875000 1691000
M2 1875000 1691000 679020 1691000
M2 679020 1691000 657420 1712600
Net51 5 
M2 3305680 1628760 3292720 1641720
M2 3292720 1641720 2900000 1641720
M2 2900000 1641720 1875000 1680200
M2 1875000 1680200 1490942 1680200
M2 1490942 1680200 1480142 1669400
Net52 5 
M2 3348980 1628760 3336020 1615800
M2 3336020 1615800 2900000 1615800
M2 2900000 1615800 1875000 1620027
M2 1875000 1620027 1443012 1620027
M2 1443012 1620027 1436840 1626200
Net55 5 
M2 3154130 1602840 3141170 1589880
M2 3141170 1589880 2900000 1589880
M2 2900000 1589880 1875000 1613856
M2 1875000 1613856 669763 1613856
M2 669763 1613856 657420 1626200
Net66 5 
M2 3154130 1551000 3141170 1563960
M2 3141170 1563960 2900000 1563960
M2 2900000 1563960 1875000 1607685
M2 1875000 1607685 812007 1607685
M2 812007 1607685 787322 1583000
Net67 5 
M2 3240730 1551000 3235546 1545816
M2 3235546 1545816 2900000 1545816
M2 2900000 1545816 1875000 1601513
M2 1875000 1601513 1152246 1601513
M2 1152246 1601513 1133732 1583000
Net68 5 
M2 3284030 1551000 3273662 1540632
M2 3273662 1540632 2900000 1540632
M2 2900000 1540632 1875000 1595342
M2 1875000 1595342 1319282 1595342
M2 1319282 1595342 1306940 1583000
Net69 5 
M2 3327330 1551000 3311778 1535448
M2 3311778 1535448 2900000 1535448
M2 2900000 1535448 1875000 1589171
M2 1875000 1589171 1486313 1589171
M2 1486313 1589171 1480142 1583000
Net70 5 
M2 3370630 1551000 3349894 1530264
M2 3349894 1530264 2900000 1530264
M2 2900000 1530264 1875000 1561400
M2 1875000 1561400 1588350 1561400
M2 1588350 1561400 1566750 1583000
Net79 5 
M2 3240730 1499160 3235546 1504344
M2 3235546 1504344 2900000 1504344
M2 2900000 1504344 1875000 1505240
M2 1875000 1505240 1038390 1505240
M2 1038390 1505240 1003830 1539800
Net80 5 
M2 3284030 1499160 3273662 1509528
M2 3273662 1509528 2900000 1509528
M2 2900000 1509528 1875000 1513880
M2 1875000 1513880 1202957 1513880
M2 1202957 1513880 1177037 1539800
Net81 5 
M2 3327330 1499160 3311778 1514712
M2 3311778 1514712 2900000 1514712
M2 2900000 1514712 1875000 1522520
M2 1875000 1522520 1280920 1522520
M2 1280920 1522520 1263640 1539800
Net82 5 
M2 3370630 1499160 3349894 1519896
M2 3349894 1519896 2900000 1519896
M2 2900000 1519896 1875000 1531160
M2 1875000 1531160 1358880 1531160
M2 1358880 1531160 1350240 1539800
Net83 5 
M2 3175780 1473240 3162820 1486200
M2 3162820 1486200 2900000 1486200
M2 2900000 1486200 1875000 1475000
M2 1875000 1475000 1155332 1475000
M2 1155332 1475000 1133732 1496600
