Nets 66
Net0 5 
V1 3167120 1862040 3161936 1867224
V1 3161936 1867224 2900000 1867224
V1 2900000 1867224 1875000 1859480
V1 1875000 1859480 1329850 1859480
V1 1329850 1859480 1312570 1876760
Net1 5 
V1 3274502 1862040 3264134 1872408
V1 3264134 1872408 2900000 1872408
V1 2900000 1872408 1875000 1863800
V1 1875000 1863800 1432917 1863800
V1 1432917 1863800 1419957 1876760
Net2 5 
V1 3381890 1862040 3366338 1877592
V1 3366338 1877592 2900000 1877592
V1 2900000 1877592 1875000 1868120
V1 1875000 1868120 1535980 1868120
V1 1535980 1868120 1527340 1876760
Net3 5 
V1 3435582 1862040 3414846 1882776
V1 3414846 1882776 2900000 1882776
V1 2900000 1882776 1875000 1872440
V1 1875000 1872440 1585360 1872440
V1 1585360 1872440 1581040 1876760
Net6 5 
V1 3301350 1836120 3297030 1840440
V1 3297030 1840440 2900000 1840440
V1 2900000 1840440 1875000 1833560
V1 1875000 1833560 1464080 1833560
V1 1464080 1833560 1446800 1850840
Net7 5 
V1 3355042 1836120 3346402 1844760
V1 3346402 1844760 2900000 1844760
V1 2900000 1844760 1875000 1837880
V1 1875000 1837880 1513457 1837880
V1 1513457 1837880 1500497 1850840
Net8 5 
V1 3408740 1836120 3395780 1849080
V1 3395780 1849080 2900000 1849080
V1 2900000 1849080 1875000 1842200
V1 1875000 1842200 1562830 1842200
V1 1562830 1842200 1554190 1850840
Net9 5 
V1 3462430 1836120 3445150 1853400
V1 3445150 1853400 2900000 1853400
V1 2900000 1853400 1875000 1846520
V1 1875000 1846520 1612200 1846520
V1 1612200 1846520 1607880 1850840
Net10 5 
V1 3516127 1836120 3494527 1857720
V1 3494527 1857720 2900000 1857720
V1 2900000 1857720 1875000 1855160
V1 1875000 1855160 1280472 1855160
V1 1280472 1855160 1258872 1876760
Net11 5 
V1 3167120 1810200 3162800 1814520
V1 3162800 1814520 2900000 1814520
V1 2900000 1814520 1875000 1807640
V1 1875000 1807640 1329850 1807640
V1 1329850 1807640 1312570 1824920
Net12 5 
V1 3220810 1810200 3212170 1818840
V1 3212170 1818840 2900000 1818840
V1 2900000 1818840 1875000 1811960
V1 1875000 1811960 1379220 1811960
V1 1379220 1811960 1366260 1824920
Net13 5 
V1 3328200 1810200 3315240 1823160
V1 3315240 1823160 2900000 1823160
V1 2900000 1823160 1875000 1816280
V1 1875000 1816280 1482290 1816280
V1 1482290 1816280 1473650 1824920
Net14 5 
V1 3381890 1810200 3364610 1827480
V1 3364610 1827480 2900000 1827480
V1 2900000 1827480 1875000 1820600
V1 1875000 1820600 1531660 1820600
V1 1531660 1820600 1527340 1824920
Net15 5 
V1 3489280 1810200 3467680 1831800
V1 3467680 1831800 2900000 1831800
V1 2900000 1831800 1875000 1829240
V1 1875000 1829240 1585360 1829240
V1 1585360 1829240 1581040 1824920
Net18 5 
V1 3301350 1784280 3292710 1775640
V1 3292710 1775640 2900000 1775640
V1 2900000 1775640 1875000 1779560
V1 1875000 1779560 1466240 1779560
V1 1466240 1779560 1446800 1799000
Net19 5 
V1 3408740 1784280 3402260 1790760
V1 3402260 1790760 2900000 1790760
V1 2900000 1790760 1875000 1786040
V1 1875000 1786040 1513457 1786040
V1 1513457 1786040 1500497 1799000
Net20 5 
V1 3462430 1784280 3449470 1797240
V1 3449470 1797240 2900000 1797240
V1 2900000 1797240 1875000 1792520
V1 1875000 1792520 1614360 1792520
V1 1614360 1792520 1607880 1799000
Net21 5 
V1 3516127 1784280 3496687 1803720
V1 3496687 1803720 2900000 1803720
V1 2900000 1803720 1875000 1803320
V1 1875000 1803320 1280472 1803320
V1 1280472 1803320 1258872 1824920
Net22 5 
V1 3167120 1758360 3158480 1767000
V1 3158480 1767000 2900000 1767000
V1 2900000 1767000 1875000 1764440
V1 1875000 1764440 1321210 1764440
V1 1321210 1764440 1312570 1773080
Net27 5 
V1 3193960 1732440 3189640 1736760
V1 3189640 1736760 2900000 1736760
V1 2900000 1736760 1875000 1726424
V1 1875000 1726424 1360153 1726424
V1 1360153 1726424 1339417 1747160
Net28 5 
V1 3247660 1732440 3239020 1741080
V1 3239020 1741080 2900000 1741080
V1 2900000 1741080 1875000 1731608
V1 1875000 1731608 1408662 1731608
V1 1408662 1731608 1393110 1747160
Net29 5 
V1 3301350 1732440 3288390 1745400
V1 3288390 1745400 2900000 1745400
V1 2900000 1745400 1875000 1736792
V1 1875000 1736792 1457168 1736792
V1 1457168 1736792 1446800 1747160
Net31 5 
V1 3462430 1732440 3445150 1749720
V1 3445150 1749720 2900000 1749720
V1 2900000 1749720 1875000 1741976
V1 1875000 1741976 1613064 1741976
V1 1613064 1741976 1607880 1747160
Net32 5 
V1 3516127 1732440 3494527 1754040
V1 3494527 1754040 2900000 1754040
V1 2900000 1754040 1875000 1755800
V1 1875000 1755800 1276152 1755800
V1 1276152 1755800 1258872 1773080
Net33 5 
V1 3167120 1706520 3161936 1711704
V1 3161936 1711704 2900000 1711704
V1 2900000 1711704 1875000 1703960
V1 1875000 1703960 1329850 1703960
V1 1329850 1703960 1312570 1721240
Net35 5 
V1 3274502 1706520 3264134 1716888
V1 3264134 1716888 2900000 1716888
V1 2900000 1716888 1875000 1708280
V1 1875000 1708280 1432917 1708280
V1 1432917 1708280 1419957 1721240
Net36 5 
V1 3328200 1706520 3312648 1722072
V1 3312648 1722072 2900000 1722072
V1 2900000 1722072 1875000 1712600
V1 1875000 1712600 1482290 1712600
V1 1482290 1712600 1473650 1721240
Net38 5 
V1 3435582 1706520 3414846 1727256
V1 3414846 1727256 2900000 1727256
V1 2900000 1727256 1875000 1716920
V1 1875000 1716920 1585360 1716920
V1 1585360 1716920 1581040 1721240
Net39 5 
V1 3193960 1680600 3189640 1684920
V1 3189640 1684920 2900000 1684920
V1 2900000 1684920 1875000 1674584
V1 1875000 1674584 1360153 1674584
V1 1360153 1674584 1339417 1695320
Net40 5 
V1 3301350 1680600 3292710 1689240
V1 3292710 1689240 2900000 1689240
V1 2900000 1689240 1875000 1679768
V1 1875000 1679768 1462352 1679768
V1 1462352 1679768 1446800 1695320
Net41 5 
V1 3355042 1680600 3342082 1693560
V1 3342082 1693560 2900000 1693560
V1 2900000 1693560 1875000 1684952
V1 1875000 1684952 1510865 1684952
V1 1510865 1684952 1500497 1695320
Net42 5 
V1 3462430 1680600 3445150 1697880
V1 3445150 1697880 2900000 1697880
V1 2900000 1697880 1875000 1690136
V1 1875000 1690136 1613064 1690136
V1 1613064 1690136 1607880 1695320
Net43 5 
V1 3516127 1680600 3494527 1702200
V1 3494527 1702200 2900000 1702200
V1 2900000 1702200 1875000 1699640
V1 1875000 1699640 1280472 1699640
V1 1280472 1699640 1258872 1721240
Net45 5 
V1 3274502 1654680 3268022 1661160
V1 3268022 1661160 2900000 1661160
V1 2900000 1661160 1875000 1653848
V1 1875000 1653848 1435509 1653848
V1 1435509 1653848 1419957 1669400
Net46 5 
V1 3328200 1654680 3315240 1667640
V1 3315240 1667640 2900000 1667640
V1 2900000 1667640 1875000 1659032
V1 1875000 1659032 1484018 1659032
V1 1484018 1659032 1473650 1669400
Net47 5 
V1 3435582 1654680 3416142 1674120
V1 3416142 1674120 2900000 1674120
V1 2900000 1674120 1875000 1664216
V1 1875000 1664216 1586224 1664216
V1 1586224 1664216 1581040 1669400
Net49 5 
V1 3247660 1628760 3243340 1633080
V1 3243340 1633080 2900000 1633080
V1 2900000 1633080 1875000 1622744
V1 1875000 1622744 1413846 1622744
V1 1413846 1622744 1393110 1643480
Net50 5 
V1 3301350 1628760 3292710 1637400
V1 3292710 1637400 2900000 1637400
V1 2900000 1637400 1875000 1627928
V1 1875000 1627928 1462352 1627928
V1 1462352 1627928 1446800 1643480
Net52 5 
V1 3408740 1628760 3395780 1641720
V1 3395780 1641720 2900000 1641720
V1 2900000 1641720 1875000 1633112
V1 1875000 1633112 1564558 1633112
V1 1564558 1633112 1554190 1643480
Net53 5 
V1 3462430 1628760 3445150 1646040
V1 3445150 1646040 2900000 1646040
V1 2900000 1646040 1875000 1638296
V1 1875000 1638296 1613064 1638296
V1 1613064 1638296 1607880 1643480
Net54 5 
V1 3516127 1628760 3494527 1650360
V1 3494527 1650360 2900000 1650360
V1 2900000 1650360 1875000 1648664
V1 1875000 1648664 1279608 1648664
V1 1279608 1648664 1258872 1669400
Net55 5 
V1 3167120 1602840 3160640 1609320
V1 3160640 1609320 2900000 1609320
V1 2900000 1609320 1875000 1602008
V1 1875000 1602008 1328122 1602008
V1 1328122 1602008 1312570 1617560
Net56 5 
V1 3220810 1602840 3207850 1615800
V1 3207850 1615800 2900000 1615800
V1 2900000 1615800 1875000 1607192
V1 1875000 1607192 1376628 1607192
V1 1376628 1607192 1366260 1617560
Net57 5 
V1 3328200 1602840 3308760 1622280
V1 3308760 1622280 2900000 1622280
V1 2900000 1622280 1875000 1612376
V1 1875000 1612376 1478834 1612376
V1 1478834 1612376 1473650 1617560
Net60 5 
V1 3193960 1576920 3189640 1581240
V1 3189640 1581240 2900000 1581240
V1 2900000 1581240 1875000 1570904
V1 1875000 1570904 1360153 1570904
V1 1360153 1570904 1339417 1591640
Net62 5 
V1 3301350 1576920 3292710 1585560
V1 3292710 1585560 2900000 1585560
V1 2900000 1585560 1875000 1576088
V1 1875000 1576088 1462352 1576088
V1 1462352 1576088 1446800 1591640
Net63 5 
V1 3355042 1576920 3342082 1589880
V1 3342082 1589880 2900000 1589880
V1 2900000 1589880 1875000 1581272
V1 1875000 1581272 1510865 1581272
V1 1510865 1581272 1500497 1591640
Net64 5 
V1 3462430 1576920 3445150 1594200
V1 3445150 1594200 2900000 1594200
V1 2900000 1594200 1875000 1586456
V1 1875000 1586456 1613064 1586456
V1 1613064 1586456 1607880 1591640
Net65 5 
V1 3516127 1576920 3494527 1598520
V1 3494527 1598520 2900000 1598520
V1 2900000 1598520 1875000 1596824
V1 1875000 1596824 1279608 1596824
V1 1279608 1596824 1258872 1617560
Net66 5 
V1 3167120 1551000 3161936 1556184
V1 3161936 1556184 2900000 1556184
V1 2900000 1556184 1875000 1548440
V1 1875000 1548440 1329850 1548440
V1 1329850 1548440 1312570 1565720
Net67 5 
V1 3274502 1551000 3264134 1561368
V1 3264134 1561368 2900000 1561368
V1 2900000 1561368 1875000 1552760
V1 1875000 1552760 1379220 1552760
V1 1379220 1552760 1366260 1565720
Net69 5 
V1 3381890 1551000 3366338 1566552
V1 3366338 1566552 2900000 1566552
V1 2900000 1566552 1875000 1557080
V1 1875000 1557080 1535980 1557080
V1 1535980 1557080 1527340 1565720
Net70 5 
V1 3435582 1551000 3414846 1571736
V1 3414846 1571736 2900000 1571736
V1 2900000 1571736 1875000 1561400
V1 1875000 1561400 1585360 1561400
V1 1585360 1561400 1581040 1565720
Net73 5 
V1 3301350 1525080 3296166 1530264
V1 3296166 1530264 2900000 1530264
V1 2900000 1530264 1875000 1520360
V1 1875000 1520360 1466240 1520360
V1 1466240 1520360 1446800 1539800
Net74 5 
V1 3408740 1525080 3398372 1535448
V1 3398372 1535448 2900000 1535448
V1 2900000 1535448 1875000 1526840
V1 1875000 1526840 1567150 1526840
V1 1567150 1526840 1554190 1539800
Net75 5 
V1 3462430 1525080 3446878 1540632
V1 3446878 1540632 2900000 1540632
V1 2900000 1540632 1875000 1533320
V1 1875000 1533320 1614360 1533320
V1 1614360 1533320 1607880 1539800
Net76 5 
V1 3516127 1525080 3495391 1545816
V1 3495391 1545816 2900000 1545816
V1 2900000 1545816 1875000 1544120
V1 1875000 1544120 1280472 1544120
V1 1280472 1544120 1258872 1565720
Net77 5 
V1 3167120 1499160 3161936 1504344
V1 3161936 1504344 2900000 1504344
V1 2900000 1504344 1875000 1496600
V1 1875000 1496600 1329850 1496600
V1 1329850 1496600 1312570 1513880
Net79 5 
V1 3274502 1499160 3264134 1509528
V1 3264134 1509528 2900000 1509528
V1 2900000 1509528 1875000 1500920
V1 1875000 1500920 1432917 1500920
V1 1432917 1500920 1419957 1513880
Net80 5 
V1 3328200 1499160 3312648 1514712
V1 3312648 1514712 2900000 1514712
V1 2900000 1514712 1875000 1505240
V1 1875000 1505240 1482290 1505240
V1 1482290 1505240 1473650 1513880
Net82 5 
V1 3435582 1499160 3414846 1519896
V1 3414846 1519896 2900000 1519896
V1 2900000 1519896 1875000 1509560
V1 1875000 1509560 1585360 1509560
V1 1585360 1509560 1581040 1513880
Net83 5 
V1 3193960 1473240 3189640 1477560
V1 3189640 1477560 2900000 1477560
V1 2900000 1477560 1875000 1467224
V1 1875000 1467224 1360153 1467224
V1 1360153 1467224 1339417 1487960
Net84 5 
V1 3247660 1473240 3239020 1481880
V1 3239020 1481880 2900000 1481880
V1 2900000 1481880 1875000 1472408
V1 1875000 1472408 1408662 1472408
V1 1408662 1472408 1393110 1487960
Net85 5 
V1 3355042 1473240 3342082 1486200
V1 3342082 1486200 2900000 1486200
V1 2900000 1486200 1875000 1477592
V1 1875000 1477592 1510865 1477592
V1 1510865 1477592 1500497 1487960
Net86 5 
V1 3462430 1473240 3445150 1490520
V1 3445150 1490520 2900000 1490520
V1 2900000 1490520 1875000 1482776
V1 1875000 1482776 1613064 1482776
V1 1613064 1482776 1607880 1487960
Net87 5 
V1 3516127 1473240 3494527 1494840
V1 3494527 1494840 2900000 1494840
V1 2900000 1494840 1875000 1492280
V1 1875000 1492280 1280472 1492280
V1 1280472 1492280 1258872 1513880
