Nets 26
Net11 5 
V2 2861970 1916687 2854034 1924623
V2 2854034 1924623 2400000 1924623
V2 2400000 1924623 1875000 1806200
V2 1875000 1806200 823322 1806200
V2 823322 1806200 787322 1842200
Net12 5 
V2 3052500 1916687 3036630 1932557
V2 3036630 1932557 2400000 1932557
V2 2400000 1932557 1875000 1813400
V2 1875000 1813400 902730 1813400
V2 902730 1813400 873930 1842200
Net13 5 
V2 3147760 1916687 3123955 1940492
V2 3123955 1940492 2400000 1940492
V2 2400000 1940492 1875000 1820600
V2 1875000 1820600 982130 1820600
V2 982130 1820600 960530 1842200
Net14 5 
V2 3243020 1916687 3211281 1948426
V2 3211281 1948426 2400000 1948426
V2 2400000 1948426 1875000 1827800
V2 1875000 1827800 1148132 1827800
V2 1148132 1827800 1133732 1842200
Net15 5 
V2 3338290 1916687 3298616 1956361
V2 3298616 1956361 2400000 1956361
V2 2400000 1956361 1875000 1835000
V2 1875000 1835000 1314140 1835000
V2 1314140 1835000 1306940 1842200
Net22 5 
V2 4005130 1916687 3957522 1964295
V2 3957522 1964295 2400000 1964295
V2 2400000 1964295 1875000 1863800
V2 1875000 1863800 592420 1863800
V2 592420 1863800 570820 1885400
Net23 5 
V2 2814340 1861140 2786563 1888916
V2 2786563 1888916 2400000 1888916
V2 2400000 1888916 1875000 1784600
V2 1875000 1784600 758420 1784600
V2 758420 1784600 744020 1799000
Net34 5 
V2 2766710 1805600 2748198 1824112
V2 2748198 1824112 2400000 1824112
V2 2400000 1824112 1875000 1734200
V2 1875000 1734200 722320 1734200
V2 722320 1734200 700720 1755800
Net43 5 
V2 4005130 1805600 3968104 1842626
V2 3968104 1842626 2400000 1842626
V2 2400000 1842626 1875000 1770200
V2 1875000 1770200 599620 1770200
V2 599620 1770200 570820 1799000
Net54 5 
V2 2766710 1694512 2748190 1713032
V2 2748190 1713032 2400000 1713032
V2 2400000 1713032 1875000 1615400
V2 1875000 1615400 754820 1615400
V2 754820 1615400 744020 1626200
Net61 5 
V2 3624077 1694512 3617906 1688341
V2 3617906 1688341 2400000 1688341
V2 2400000 1688341 1875000 1604600
V2 1875000 1604600 1328540 1604600
V2 1328540 1604600 1306940 1583000
Net62 5 
V2 3814600 1694512 3802257 1682170
V2 3802257 1682170 2400000 1682170
V2 2400000 1682170 1875000 1593800
V2 1875000 1593800 1490942 1593800
V2 1490942 1593800 1480142 1583000
Net63 5 
V2 3909860 1694512 3891346 1675998
V2 3891346 1675998 2400000 1675998
V2 2400000 1675998 1875000 1578680
V2 1875000 1578680 1571070 1578680
V2 1571070 1578680 1566750 1583000
Net64 5 
V2 4005130 1694512 3968096 1731546
V2 3968096 1731546 2400000 1731546
V2 2400000 1731546 1875000 1647800
V2 1875000 1647800 592420 1647800
V2 592420 1647800 570820 1626200
Net66 5 
V2 2814340 1638970 2808167 1645142
V2 2808167 1645142 2400000 1645142
V2 2400000 1645142 1875000 1557080
V2 1875000 1557080 726640 1557080
V2 726640 1557080 700720 1583000
Net67 5 
V2 2909602 1638970 2897258 1651313
V2 2897258 1651313 2400000 1651313
V2 2400000 1651313 1875000 1561400
V2 1875000 1561400 808922 1561400
V2 808922 1561400 787322 1583000
Net68 5 
V2 3004870 1638970 2986355 1657485
V2 2986355 1657485 2400000 1657485
V2 2400000 1657485 1875000 1565720
V2 1875000 1565720 977810 1565720
V2 977810 1565720 960530 1583000
Net69 5 
V2 3100130 1638970 3075443 1663656
V2 3075443 1663656 2400000 1663656
V2 2400000 1663656 1875000 1570040
V2 1875000 1570040 1060090 1570040
V2 1060090 1570040 1047130 1583000
Net70 5 
V2 3195390 1638970 3164532 1669827
V2 3164532 1669827 2400000 1669827
V2 2400000 1669827 1875000 1574360
V2 1875000 1574360 1142372 1574360
V2 1142372 1574360 1133732 1583000
Net73 5 
V2 3671710 1638970 3664767 1632027
V2 3664767 1632027 2400000 1632027
V2 2400000 1632027 1875000 1552760
V2 1875000 1552760 1276600 1552760
V2 1276600 1552760 1263640 1539800
Net74 5 
V2 3766970 1638970 3753084 1625084
V2 3753084 1625084 2400000 1625084
V2 2400000 1625084 1875000 1548440
V2 1875000 1548440 1358880 1548440
V2 1358880 1548440 1350240 1539800
Net75 5 
V2 3862230 1638970 3841401 1618141
V2 3841401 1618141 2400000 1618141
V2 2400000 1618141 1875000 1544120
V2 1875000 1544120 1441160 1544120
V2 1441160 1544120 1436840 1539800
Net76 5 
V2 3957492 1638970 3929721 1611199
V2 3929721 1611199 2400000 1611199
V2 2400000 1611199 1875000 1531160
V2 1875000 1531160 1532087 1531160
V2 1532087 1531160 1523447 1539800
Net78 5 
V2 2766710 1583430 2759769 1590370
V2 2759769 1590370 2400000 1590370
V2 2400000 1590370 1875000 1505240
V2 1875000 1505240 778580 1505240
V2 778580 1505240 744020 1539800
Net79 5 
V2 2861970 1583430 2848086 1597313
V2 2848086 1597313 2400000 1597313
V2 2400000 1597313 1875000 1513880
V2 1875000 1513880 856547 1513880
V2 856547 1513880 830627 1539800
Net80 5 
V2 3052500 1583430 3031673 1604256
V2 3031673 1604256 2400000 1604256
V2 2400000 1604256 1875000 1522520
V2 1875000 1522520 934510 1522520
V2 934510 1522520 917230 1539800
