Nets 26
Net13 5 
V2 2872362 1935200 2865882 1941680
V2 2865882 1941680 2400000 1941680
V2 2400000 1941680 1875000 1858247
V2 1875000 1858247 1272283 1858247
V2 1272283 1858247 1238960 1891570
Net14 5 
V2 2936450 1935200 2923490 1948160
V2 2923490 1948160 2400000 1948160
V2 2400000 1948160 1875000 1869355
V2 1875000 1869355 1444764 1869355
V2 1444764 1869355 1422550 1891570
Net15 5 
V2 3064620 1935200 3045180 1954640
V2 3045180 1954640 2400000 1954640
V2 2400000 1954640 1875000 1880464
V2 1875000 1880464 1525456 1880464
V2 1525456 1880464 1514350 1891570
Net19 5 
V2 2968490 1909280 2962010 1915760
V2 2962010 1915760 2400000 1915760
V2 2400000 1915760 1875000 1799001
V2 1875000 1799001 1138288 1799001
V2 1138288 1799001 1101260 1836030
Net20 5 
V2 3032580 1909280 3019620 1922240
V2 3019620 1922240 2400000 1922240
V2 2400000 1922240 1875000 1817515
V2 1875000 1817515 1395167 1817515
V2 1395167 1817515 1376652 1836030
Net21 5 
V2 3096667 1909280 3077227 1928720
V2 3077227 1928720 2400000 1928720
V2 2400000 1928720 1875000 1847138
V2 1875000 1847138 365401 1847138
V2 365401 1847138 320970 1891570
Net22 5 
V2 2680110 1883360 2671470 1892000
V2 2671470 1892000 2400000 1892000
V2 2400000 1892000 1875000 1758265
V2 1875000 1758265 1077582 1758265
V2 1077582 1758265 1055360 1780487
Net23 5 
V2 2808280 1883360 2791000 1900640
V2 2791000 1900640 2400000 1900640
V2 2400000 1900640 1875000 1769374
V2 1875000 1769374 1250073 1769374
V2 1250073 1769374 1238960 1780487
Net27 5 
V2 2712150 1857440 2699190 1870400
V2 2699190 1870400 2400000 1870400
V2 2400000 1870400 1875000 1747157
V2 1875000 1747157 996890 1747157
V2 996890 1747157 963560 1780487
Net34 5 
V2 2744190 1831520 2731230 1844480
V2 2731230 1844480 2400000 1844480
V2 2400000 1844480 1875000 1736048
V2 1875000 1736048 824399 1736048
V2 824399 1736048 779960 1780487
Net35 5 
V2 2808280 1831520 2799640 1822880
V2 2799640 1822880 2400000 1822880
V2 2400000 1822880 1875000 1706428
V2 1875000 1706428 660774 1706428
V2 660774 1706428 642262 1724940
Net39 5 
V2 2712150 1805600 2703510 1814240
V2 2703510 1814240 2400000 1814240
V2 2400000 1814240 1875000 1687914
V2 1875000 1687914 587493 1687914
V2 587493 1687914 550467 1724940
Net51 5 
V2 2904410 1753760 2895770 1762400
V2 2895770 1762400 2400000 1762400
V2 2400000 1762400 1875000 1641631
V2 1875000 1641631 1266729 1641631
V2 1266729 1641631 1238960 1669400
Net53 5 
V2 3032580 1753760 3015300 1771040
V2 3015300 1771040 2400000 1771040
V2 2400000 1771040 1875000 1655516
V2 1875000 1655516 1528233 1655516
V2 1528233 1655516 1514350 1669400
Net61 5 
V2 2776240 1701920 2771920 1706240
V2 2771920 1706240 2400000 1706240
V2 2400000 1706240 1875000 1539798
V2 1875000 1539798 706677 1539798
V2 706677 1539798 688162 1558312
Net62 5 
V2 2840320 1701920 2831680 1710560
V2 2831680 1710560 2400000 1710560
V2 2400000 1710560 1875000 1549055
V2 1875000 1549055 789217 1549055
V2 789217 1549055 779960 1558312
Net63 5 
V2 2904410 1701920 2891450 1714880
V2 2891450 1714880 2400000 1714880
V2 2400000 1714880 1875000 1576826
V2 1875000 1576826 679296 1576826
V2 679296 1576826 642262 1613860
Net64 5 
V2 3032580 1701920 3015300 1719200
V2 3015300 1719200 2400000 1719200
V2 2400000 1719200 1875000 1595340
V2 1875000 1595340 844379 1595340
V2 844379 1595340 825860 1613860
Net65 5 
V2 3096667 1701920 3075067 1723520
V2 3075067 1723520 2400000 1723520
V2 2400000 1723520 1875000 1627745
V2 1875000 1627745 362624 1627745
V2 362624 1627745 320970 1669400
Net66 5 
V2 2680110 1676000 2667150 1688960
V2 2667150 1688960 2400000 1688960
V2 2400000 1688960 1875000 1530541
V2 1875000 1530541 624139 1530541
V2 624139 1530541 596367 1558312
Net77 5 
V2 2680110 1624160 2667150 1637120
V2 2667150 1637120 2400000 1637120
V2 2400000 1637120 1875000 1521284
V2 1875000 1521284 752574 1521284
V2 752574 1521284 734060 1502770
Net78 5 
V2 2744190 1624160 2739870 1619840
V2 2739870 1619840 2400000 1619840
V2 2400000 1619840 1875000 1512027
V2 1875000 1512027 835117 1512027
V2 835117 1512027 825860 1502770
Net83 5 
V2 2712150 1598240 2707830 1602560
V2 2707830 1602560 2400000 1602560
V2 2400000 1602560 1875000 1458336
V2 1875000 1458336 1145694 1458336
V2 1145694 1458336 1101260 1502770
Net84 5 
V2 2776240 1598240 2767600 1606880
V2 2767600 1606880 2400000 1606880
V2 2400000 1606880 1875000 1469444
V2 1875000 1469444 1318183 1469444
V2 1318183 1469444 1284857 1502770
Net85 5 
V2 2904410 1598240 2891450 1611200
V2 2891450 1611200 2400000 1611200
V2 2400000 1611200 1875000 1480553
V2 1875000 1480553 1398869 1480553
V2 1398869 1480553 1376652 1502770
Net86 5 
V2 3032580 1598240 3015300 1615520
V2 3015300 1615520 2400000 1615520
V2 2400000 1615520 1875000 1491661
V2 1875000 1491661 1571358 1491661
V2 1571358 1491661 1560250 1502770
