Nets 20
Net8 5 
V2 2848980 1961120 2840340 1969760
V2 2840340 1969760 2400000 1969760
V2 2400000 1969760 1875000 1856600
V2 1875000 1856600 1456980 1856600
V2 1456980 1856600 1428180 1885400
Net9 5 
V2 2892280 1961120 2875000 1978400
V2 2875000 1978400 2400000 1978400
V2 2400000 1978400 1875000 1871000
V2 1875000 1871000 1574220 1871000
V2 1574220 1871000 1559820 1885400
Net24 5 
V2 2784030 1883360 2771070 1896320
V2 2771070 1896320 2400000 1896320
V2 2400000 1896320 1875000 1777400
V2 1875000 1777400 1318150 1777400
V2 1318150 1777400 1296550 1799000
Net27 5 
V2 2675780 1857440 2662820 1870400
V2 2662820 1870400 2400000 1870400
V2 2400000 1870400 1875000 1741400
V2 1875000 1741400 1146400 1741400
V2 1146400 1741400 1132000 1755800
Net43 5 
V2 2935582 1805600 2922622 1818560
V2 2922622 1818560 2400000 1818560
V2 2400000 1818560 1875000 1727000
V2 1875000 1727000 897530 1727000
V2 897530 1727000 868730 1755800
Net44 5 
V2 2654130 1779680 2641170 1792640
V2 2641170 1792640 2400000 1792640
V2 2400000 1792640 1875000 1663227
V2 1875000 1663227 1138172 1663227
V2 1138172 1663227 1132000 1669400
Net48 5 
V2 2675780 1753760 2669300 1760240
V2 2669300 1760240 2400000 1760240
V2 2400000 1760240 1875000 1644713
V2 1875000 1644713 959236 1644713
V2 959236 1644713 934550 1669400
Net49 5 
V2 2719080 1753760 2706120 1766720
V2 2706120 1766720 2400000 1766720
V2 2400000 1766720 1875000 1650885
V2 1875000 1650885 1018885 1650885
V2 1018885 1650885 1000370 1669400
Net50 5 
V2 2762380 1753760 2742940 1773200
V2 2742940 1773200 2400000 1773200
V2 2400000 1773200 1875000 1657056
V2 1875000 1657056 1078526 1657056
V2 1078526 1657056 1066182 1669400
Net56 5 
V2 2697430 1727840 2684470 1740800
V2 2684470 1740800 2400000 1740800
V2 2400000 1740800 1875000 1638542
V2 1875000 1638542 979802 1638542
V2 979802 1638542 967460 1626200
Net57 5 
V2 2784030 1727840 2779710 1723520
V2 2779710 1723520 2400000 1723520
V2 2400000 1723520 1875000 1632371
V2 1875000 1632371 1105261 1632371
V2 1105261 1632371 1099090 1626200
Net58 5 
V2 2827330 1727840 2818690 1719200
V2 2818690 1719200 2400000 1719200
V2 2400000 1719200 1875000 1617560
V2 1875000 1617560 1436820 1617560
V2 1436820 1617560 1428180 1626200
Net59 5 
V2 2870630 1727840 2857670 1714880
V2 2857670 1714880 2400000 1714880
V2 2400000 1714880 1875000 1608920
V2 1875000 1608920 1379642 1608920
V2 1379642 1608920 1362362 1626200
Net63 5 
V2 2805680 1701920 2801360 1706240
V2 2801360 1706240 2400000 1706240
V2 2400000 1706240 1875000 1591640
V2 1875000 1591640 1199470 1591640
V2 1199470 1591640 1164910 1626200
Net64 5 
V2 2892280 1701920 2883640 1710560
V2 2883640 1710560 2400000 1710560
V2 2400000 1710560 1875000 1600280
V2 1875000 1600280 1256650 1600280
V2 1256650 1600280 1230730 1626200
Net65 5 
V2 2935582 1701920 2922622 1688960
V2 2922622 1688960 2400000 1688960
V2 2400000 1688960 1875000 1561400
V2 1875000 1561400 890330 1561400
V2 890330 1561400 868730 1583000
Net71 5 
V2 2675780 1650080 2662820 1663040
V2 2662820 1663040 2400000 1663040
V2 2400000 1663040 1875000 1518200
V2 1875000 1518200 989060 1518200
V2 989060 1518200 967460 1539800
Net84 5 
V2 2719080 1598240 2712600 1604720
V2 2712600 1604720 2400000 1604720
V2 2400000 1604720 1875000 1464200
V2 1875000 1464200 1427670 1464200
V2 1427670 1464200 1395270 1496600
Net85 5 
V2 2805680 1598240 2792720 1611200
V2 2792720 1611200 2400000 1611200
V2 2400000 1611200 1875000 1475000
V2 1875000 1475000 1482690 1475000
V2 1482690 1475000 1461090 1496600
Net86 5 
V2 2892280 1598240 2872840 1617680
V2 2872840 1617680 2400000 1617680
V2 2400000 1617680 1875000 1485800
V2 1875000 1485800 1603530 1485800
V2 1603530 1485800 1592730 1496600
