Nets 27
Net4 5 
M2 3481180 1972230 3462665 1990744
M2 3462665 1990744 2400000 1990744
M2 2400000 1990744 1875000 1833560
M2 1875000 1833560 1571470 1833560
M2 1571470 1833560 1554190 1850840
Net5 5 
M2 3576440 1972230 3539411 2009258
M2 3539411 2009258 2400000 2009258
M2 2400000 2009258 1875000 1842200
M2 1875000 1842200 1616520 1842200
M2 1616520 1842200 1607880 1850840
Net7 5 
M2 3862230 1972230 3848344 1958344
M2 3848344 1958344 2400000 1958344
M2 2400000 1958344 1875000 1818440
M2 1875000 1818440 1533820 1818440
M2 1533820 1818440 1527340 1824920
Net10 5 
M2 2766710 1916687 2752824 1930573
M2 2752824 1930573 2400000 1930573
M2 2400000 1930573 1875000 1805480
M2 1875000 1805480 1332010 1805480
M2 1332010 1805480 1312570 1824920
Net11 5 
M2 2861970 1916687 2834198 1944459
M2 2834198 1944459 2400000 1944459
M2 2400000 1944459 1875000 1811960
M2 1875000 1811960 1379220 1811960
M2 1379220 1811960 1366260 1824920
Net16 5 
M2 3433550 1916687 3425615 1908753
M2 3425615 1908753 2400000 1908753
M2 2400000 1908753 1875000 1786040
M2 1875000 1786040 1513457 1786040
M2 1513457 1786040 1500497 1799000
Net18 5 
M2 3624077 1916687 3608208 1900818
M2 3608208 1900818 2400000 1900818
M2 2400000 1900818 1875000 1760120
M2 1875000 1760120 1540300 1760120
M2 1540300 1760120 1527340 1773080
Net21 5 
M2 3909860 1916687 3886056 1892884
M2 3886056 1892884 2400000 1892884
M2 2400000 1892884 1875000 1741976
M2 1875000 1741976 1613064 1741976
M2 1613064 1741976 1607880 1747160
Net27 5 
M2 3195390 1861140 3187449 1869080
M2 3187449 1869080 2400000 1869080
M2 2400000 1869080 1875000 1726424
M2 1875000 1726424 1413846 1726424
M2 1413846 1726424 1393110 1747160
Net31 5 
M2 3766970 1861140 3751095 1877015
M2 3751095 1877015 2400000 1877015
M2 2400000 1877015 1875000 1731608
M2 1875000 1731608 1462352 1731608
M2 1462352 1731608 1446800 1747160
Net32 5 
M2 3957492 1861140 3933683 1884949
M2 3933683 1884949 2400000 1884949
M2 2400000 1884949 1875000 1736792
M2 1875000 1736792 1564558 1736792
M2 1564558 1736792 1554190 1747160
Net34 5 
M2 2766710 1805600 2755604 1816706
M2 2755604 1816706 2400000 1816706
M2 2400000 1816706 1875000 1703960
M2 1875000 1703960 1329850 1703960
M2 1329850 1703960 1312570 1721240
Net38 5 
M2 3338290 1805600 3329033 1796343
M2 3329033 1796343 2400000 1796343
M2 2400000 1796343 1875000 1699640
M2 1875000 1699640 1504817 1699640
M2 1504817 1699640 1500497 1695320
Net39 5 
M2 3528810 1805600 3510296 1787086
M2 3510296 1787086 2400000 1787086
M2 2400000 1787086 1875000 1682360
M2 1875000 1682360 1620840 1682360
M2 1620840 1682360 1607880 1695320
Net40 5 
M2 3624077 1805600 3601863 1827814
M2 3601863 1827814 2400000 1827814
M2 2400000 1827814 1875000 1708280
M2 1875000 1708280 1486610 1708280
M2 1486610 1708280 1473650 1721240
Net41 5 
M2 3814600 1805600 3781277 1838923
M2 3781277 1838923 2400000 1838923
M2 2400000 1838923 1875000 1712600
M2 1875000 1712600 1535980 1712600
M2 1535980 1712600 1527340 1721240
Net42 5 
M2 3909860 1805600 3865428 1850031
M2 3865428 1850031 2400000 1850031
M2 2400000 1850031 1875000 1716920
M2 1875000 1716920 1585360 1716920
M2 1585360 1716920 1581040 1721240
Net44 5 
M2 2814340 1750060 2805085 1759315
M2 2805085 1759315 2400000 1759315
M2 2400000 1759315 1875000 1626200
M2 1875000 1626200 1356697 1626200
M2 1356697 1626200 1339417 1643480
Net50 5 
M2 3671710 1750060 3653198 1768572
M2 3653198 1768572 2400000 1768572
M2 2400000 1768572 1875000 1634840
M2 1875000 1634840 1509137 1634840
M2 1509137 1634840 1500497 1643480
Net51 5 
M2 3766970 1750060 3739201 1777829
M2 3739201 1777829 2400000 1777829
M2 2400000 1777829 1875000 1656440
M2 1875000 1656440 1594000 1656440
M2 1594000 1656440 1581040 1669400
Net53 5 
M2 4052760 1750060 4034246 1731546
M2 4034246 1731546 2400000 1731546
M2 2400000 1731546 1875000 1604600
M2 1875000 1604600 1271832 1604600
M2 1271832 1604600 1258872 1617560
Net61 5 
M2 3624077 1694512 3605558 1713032
M2 3605558 1713032 2400000 1713032
M2 2400000 1713032 1875000 1559240
M2 1875000 1559240 1480130 1559240
M2 1480130 1559240 1473650 1565720
Net67 5 
M2 2909602 1638970 2891088 1657484
M2 2891088 1657484 2400000 1657484
M2 2400000 1657484 1875000 1546280
M2 1875000 1546280 1332010 1546280
M2 1332010 1546280 1312570 1565720
Net70 5 
M2 3195390 1638970 3158361 1675998
M2 3158361 1675998 2400000 1675998
M2 2400000 1675998 1875000 1552760
M2 1875000 1552760 1379220 1552760
M2 1379220 1552760 1366260 1565720
Net72 5 
M2 3576440 1638970 3562554 1625084
M2 3562554 1625084 2400000 1625084
M2 2400000 1625084 1875000 1507400
M2 1875000 1507400 1480130 1507400
M2 1480130 1507400 1473650 1513880
Net81 5 
M2 3147760 1583430 3133876 1597313
M2 3133876 1597313 2400000 1597313
M2 2400000 1597313 1875000 1494440
M2 1875000 1494440 1332010 1494440
M2 1332010 1494440 1312570 1513880
Net82 5 
M2 3338290 1583430 3310521 1611199
M2 3310521 1611199 2400000 1611199
M2 2400000 1611199 1875000 1500920
M2 1875000 1500920 1379220 1500920
M2 1379220 1500920 1366260 1513880
