Nets 51
Net9 5 
M2 3999930 1972230 3972158 2000001
M2 3972158 2000001 2400000 2000001
M2 2400000 2000001 1875000 1863801
M2 1875000 1863801 348738 1863801
M2 348738 1863801 320970 1891570
Net12 5 
M2 3036040 1916687 3030990 1921737
M2 3030990 1921737 2400000 1921737
M2 2400000 1921737 1875000 1785536
M2 1875000 1785536 600960 1785536
M2 600960 1785536 550467 1836030
Net13 5 
M2 3127840 1916687 3117740 1926786
M2 3117740 1926786 2400000 1926786
M2 2400000 1926786 1875000 1790586
M2 1875000 1790586 687706 1790586
M2 687706 1790586 642262 1836030
Net14 5 
M2 3219640 1916687 3204491 1931836
M2 3204491 1931836 2400000 1931836
M2 2400000 1931836 1875000 1795635
M2 1875000 1795635 774454 1795635
M2 774454 1795635 734060 1836030
Net15 5 
M2 3311440 1916687 3291242 1936885
M2 3291242 1936885 2400000 1936885
M2 2400000 1936885 1875000 1800684
M2 1875000 1800684 861205 1800684
M2 861205 1800684 825860 1836030
Net16 5 
M2 3403240 1916687 3377993 1941934
M2 3377993 1941934 2400000 1941934
M2 2400000 1941934 1875000 1805733
M2 1875000 1805733 1131556 1805733
M2 1131556 1805733 1101260 1836030
Net17 5 
M2 3495040 1916687 3464743 1946983
M2 3464743 1946983 2400000 1946983
M2 2400000 1946983 1875000 1810783
M2 1875000 1810783 1218307 1810783
M2 1218307 1810783 1193060 1836030
Net18 5 
M2 3586837 1916687 3551492 1952033
M2 3551492 1952033 2400000 1952033
M2 2400000 1952033 1875000 1815832
M2 1875000 1815832 1305055 1815832
M2 1305055 1815832 1284857 1836030
Net19 5 
M2 3678632 1916687 3638237 1957082
M2 3638237 1957082 2400000 1957082
M2 2400000 1957082 1875000 1820881
M2 1875000 1820881 1391801 1820881
M2 1391801 1820881 1376652 1836030
Net20 5 
M2 3770430 1916687 3724986 1962131
M2 3724986 1962131 2400000 1962131
M2 2400000 1962131 1875000 1825930
M2 1875000 1825930 1478549 1825930
M2 1478549 1825930 1468450 1836030
Net21 5 
M2 3862230 1916687 3811736 1967180
M2 3811736 1967180 2400000 1967180
M2 2400000 1967180 1875000 1830980
M2 1875000 1830980 1565300 1830980
M2 1565300 1830980 1560250 1836030
Net25 5 
M2 2990142 1861140 2983965 1867317
M2 2983965 1867317 2400000 1867317
M2 2400000 1867317 1875000 1731111
M2 1875000 1731111 737538 1731111
M2 737538 1731111 688162 1780487
Net26 5 
M2 3081940 1861140 3069591 1873488
M2 3069591 1873488 2400000 1873488
M2 2400000 1873488 1875000 1737282
M2 1875000 1737282 823165 1737282
M2 823165 1737282 779960 1780487
Net27 5 
M2 3173740 1861140 3155220 1879660
M2 3155220 1879660 2400000 1879660
M2 2400000 1879660 1875000 1743453
M2 1875000 1743453 908793 1743453
M2 908793 1743453 871760 1780487
Net28 5 
M2 3357340 1861140 3332648 1885831
M2 3332648 1885831 2400000 1885831
M2 2400000 1885831 1875000 1749625
M2 1875000 1749625 994422 1749625
M2 994422 1749625 963560 1780487
Net29 5 
M2 3449140 1861140 3418277 1892002
M2 3418277 1892002 2400000 1892002
M2 2400000 1892002 1875000 1755796
M2 1875000 1755796 1080051 1755796
M2 1080051 1755796 1055360 1780487
Net30 5 
M2 3632737 1861140 3595703 1898173
M2 3595703 1898173 2400000 1898173
M2 2400000 1898173 1875000 1761967
M2 1875000 1761967 1257480 1761967
M2 1257480 1761967 1238960 1780487
Net31 5 
M2 3724532 1861140 3681327 1904345
M2 3681327 1904345 2400000 1904345
M2 2400000 1904345 1875000 1768138
M2 1875000 1768138 1343101 1768138
M2 1343101 1768138 1330752 1780487
Net32 5 
M2 3908130 1861140 3858753 1910516
M2 3858753 1910516 2400000 1910516
M2 2400000 1910516 1875000 1774310
M2 1875000 1774310 1520527 1774310
M2 1520527 1774310 1514350 1780487
Net36 5 
M2 3036040 1805600 3029099 1812540
M2 3029099 1812540 2400000 1812540
M2 2400000 1812540 1875000 1676342
M2 1875000 1676342 690859 1676342
M2 690859 1676342 642262 1724940
Net37 5 
M2 3219640 1805600 3205756 1819483
M2 3205756 1819483 2400000 1819483
M2 2400000 1819483 1875000 1683285
M2 1875000 1683285 867514 1683285
M2 867514 1683285 825860 1724940
Net38 5 
M2 3311440 1805600 3290613 1826426
M2 3290613 1826426 2400000 1826426
M2 2400000 1826426 1875000 1690228
M2 1875000 1690228 952371 1690228
M2 952371 1690228 917660 1724940
Net39 5 
M2 3495040 1805600 3467271 1833369
M2 3467271 1833369 2400000 1833369
M2 2400000 1833369 1875000 1697171
M2 1875000 1697171 1129029 1697171
M2 1129029 1697171 1101260 1724940
Net40 5 
M2 3586837 1805600 3552125 1840311
M2 3552125 1840311 2400000 1840311
M2 2400000 1840311 1875000 1704113
M2 1875000 1704113 1213886 1704113
M2 1213886 1704113 1193060 1724940
Net41 5 
M2 3770430 1805600 3728775 1847254
M2 3728775 1847254 2400000 1847254
M2 2400000 1847254 1875000 1711056
M2 1875000 1711056 1390536 1711056
M2 1390536 1711056 1376652 1724940
Net42 5 
M2 3862230 1805600 3813632 1854197
M2 3813632 1854197 2400000 1854197
M2 2400000 1854197 1875000 1717999
M2 1875000 1717999 1475390 1717999
M2 1475390 1717999 1468450 1724940
Net46 5 
M2 3081940 1750060 3074999 1757000
M2 3074999 1757000 2400000 1757000
M2 2400000 1757000 1875000 1620802
M2 1875000 1620802 736759 1620802
M2 736759 1620802 688162 1669400
Net47 5 
M2 3173740 1750060 3159856 1763943
M2 3159856 1763943 2400000 1763943
M2 2400000 1763943 1875000 1627745
M2 1875000 1627745 821614 1627745
M2 821614 1627745 779960 1669400
Net48 5 
M2 3357340 1750060 3336513 1770886
M2 3336513 1770886 2400000 1770886
M2 2400000 1770886 1875000 1634688
M2 1875000 1634688 998271 1634688
M2 998271 1634688 963560 1669400
Net49 5 
M2 3449140 1750060 3421371 1777829
M2 3421371 1777829 2400000 1777829
M2 2400000 1777829 1875000 1641631
M2 1875000 1641631 1083129 1641631
M2 1083129 1641631 1055360 1669400
Net50 5 
M2 3632737 1750060 3598025 1784771
M2 3598025 1784771 2400000 1784771
M2 2400000 1784771 1875000 1648573
M2 1875000 1648573 1259786 1648573
M2 1259786 1648573 1238960 1669400
Net51 5 
M2 3724532 1750060 3682878 1791714
M2 3682878 1791714 2400000 1791714
M2 2400000 1791714 1875000 1655516
M2 1875000 1655516 1344636 1655516
M2 1344636 1655516 1330752 1669400
Net52 5 
M2 3908130 1750060 3859532 1798657
M2 3859532 1798657 2400000 1798657
M2 2400000 1798657 1875000 1662459
M2 1875000 1662459 1521290 1662459
M2 1521290 1662459 1514350 1669400
Net56 5 
M2 3036040 1694512 3029862 1700690
M2 3029862 1700690 2400000 1700690
M2 2400000 1700690 1875000 1569421
M2 1875000 1569421 686701 1569421
M2 686701 1569421 642262 1613860
Net57 5 
M2 3219640 1694512 3207291 1706861
M2 3207291 1706861 2400000 1706861
M2 2400000 1706861 1875000 1574975
M2 1875000 1574975 864744 1574975
M2 864744 1574975 825860 1613860
Net58 5 
M2 3311440 1694512 3292920 1713032
M2 3292920 1713032 2400000 1713032
M2 2400000 1713032 1875000 1580529
M2 1875000 1580529 950990 1580529
M2 950990 1580529 917660 1613860
Net59 5 
M2 3403240 1694512 3378548 1719203
M2 3378548 1719203 2400000 1719203
M2 2400000 1719203 1875000 1586083
M2 1875000 1586083 1129036 1586083
M2 1129036 1586083 1101260 1613860
Net60 5 
M2 3495040 1694512 3464177 1725375
M2 3464177 1725375 2400000 1725375
M2 2400000 1725375 1875000 1591638
M2 1875000 1591638 1215282 1591638
M2 1215282 1591638 1193060 1613860
Net61 5 
M2 3586837 1694512 3549803 1731546
M2 3549803 1731546 2400000 1731546
M2 2400000 1731546 1875000 1597192
M2 1875000 1597192 1301525 1597192
M2 1301525 1597192 1284857 1613860
Net62 5 
M2 3770430 1694512 3727225 1737717
M2 3727225 1737717 2400000 1737717
M2 2400000 1737717 1875000 1602746
M2 1875000 1602746 1387766 1602746
M2 1387766 1602746 1376652 1613860
Net63 5 
M2 3862230 1694512 3812853 1743888
M2 3812853 1743888 2400000 1743888
M2 2400000 1743888 1875000 1608300
M2 1875000 1608300 1474009 1608300
M2 1474009 1608300 1468450 1613860
Net65 5 
M2 2714750 1638970 2686978 1666741
M2 2686978 1666741 2400000 1666741
M2 2400000 1666741 1875000 1563866
M2 1875000 1563866 418324 1563866
M2 418324 1563866 412770 1558312
Net78 5 
M2 2760650 1583430 2755098 1588981
M2 2755098 1588981 2400000 1588981
M2 2400000 1588981 1875000 1453398
M2 1875000 1453398 416241 1453398
M2 416241 1453398 366870 1502770
Net80 5 
M2 3036040 1583430 3024934 1594536
M2 3024934 1594536 2400000 1594536
M2 2400000 1594536 1875000 1459570
M2 1875000 1459570 593667 1459570
M2 593667 1459570 550467 1502770
Net81 5 
M2 3127840 1583430 3111179 1600090
M2 3111179 1600090 2400000 1600090
M2 2400000 1600090 1875000 1465741
M2 1875000 1465741 771088 1465741
M2 771088 1465741 734060 1502770
Net82 5 
M2 3311440 1583430 3289225 1605644
M2 3289225 1605644 2400000 1605644
M2 2400000 1605644 1875000 1471912
M2 1875000 1471912 856717 1471912
M2 856717 1471912 825860 1502770
Net83 5 
M2 3403240 1583430 3375471 1611198
M2 3375471 1611198 2400000 1611198
M2 2400000 1611198 1875000 1478083
M2 1875000 1478083 1125946 1478083
M2 1125946 1478083 1101260 1502770
Net84 5 
M2 3586837 1583430 3553514 1616753
M2 3553514 1616753 2400000 1616753
M2 2400000 1616753 1875000 1484255
M2 1875000 1484255 1303372 1484255
M2 1303372 1484255 1284857 1502770
Net85 5 
M2 3678632 1583430 3639755 1622307
M2 3639755 1622307 2400000 1622307
M2 2400000 1622307 1875000 1490426
M2 1875000 1490426 1388996 1490426
M2 1388996 1490426 1376652 1502770
Net86 5 
M2 3862230 1583430 3817798 1627861
M2 3817798 1627861 2400000 1627861
M2 2400000 1627861 1875000 1496597
M2 1875000 1496597 1566422 1496597
M2 1566422 1496597 1560250 1502770
Net87 5 
M2 3954030 1583430 3904044 1633415
M2 3904044 1633415 2400000 1633415
M2 2400000 1633415 1875000 1530541
M2 1875000 1530541 302841 1530541
M2 302841 1530541 275070 1502770
