Nets 21
Net6 5 
M2 3554790 1978400 3533190 2000000
M2 3533190 2000000 2400000 2000000
M2 2400000 2000000 1875000 1808258
M2 1875000 1808258 250011 1808258
M2 250011 1808258 222240 1836030
Net17 5 
M2 2697430 1892000 2675830 1913600
M2 2675830 1913600 2400000 1913600
M2 2400000 1913600 1875000 1752711
M2 1875000 1752711 392916 1752711
M2 392916 1752711 365140 1780487
Net25 5 
M2 3554790 1892000 3533190 1870400
M2 3533190 1870400 2400000 1870400
M2 2400000 1870400 1875000 1697171
M2 1875000 1697171 250008 1697171
M2 250008 1697171 222240 1724940
Net48 5 
M2 3204050 1762400 3195410 1771040
M2 3195410 1771040 2400000 1771040
M2 2400000 1771040 1875000 1624968
M2 1875000 1624968 981141 1624968
M2 981141 1624968 936710 1669400
Net49 5 
M2 3281997 1762400 3264717 1779680
M2 3264717 1779680 2400000 1779680
M2 2400000 1779680 1875000 1636077
M2 1875000 1636077 1065303 1636077
M2 1065303 1636077 1031980 1669400
Net50 5 
M2 3359940 1762400 3334020 1788320
M2 3334020 1788320 2400000 1788320
M2 2400000 1788320 1875000 1647185
M2 1875000 1647185 1244714 1647185
M2 1244714 1647185 1222500 1669400
Net51 5 
M2 3515820 1762400 3481260 1796960
M2 3481260 1796960 2400000 1796960
M2 2400000 1796960 1875000 1658294
M2 1875000 1658294 1328868 1658294
M2 1328868 1658294 1317762 1669400
Net52 5 
M2 2697430 1719200 2692630 1724000
M2 2692630 1724000 2400000 1724000
M2 2400000 1724000 1875000 1539798
M2 1875000 1539798 383654 1539798
M2 383654 1539798 365140 1558312
Net53 5 
M2 2775370 1719200 2765770 1728800
M2 2765770 1728800 2400000 1728800
M2 2400000 1728800 1875000 1565255
M2 1875000 1565255 366112 1565255
M2 366112 1565255 317507 1613860
Net54 5 
M2 2931252 1719200 2916852 1733600
M2 2916852 1733600 2400000 1733600
M2 2400000 1733600 1875000 1572198
M2 1875000 1572198 549692 1572198
M2 549692 1572198 508030 1613860
Net55 5 
M2 3087140 1719200 3067940 1738400
M2 3067940 1738400 2400000 1738400
M2 2400000 1738400 1875000 1579140
M2 1875000 1579140 638009 1579140
M2 638009 1579140 603290 1613860
Net56 5 
M2 3165080 1719200 3141080 1743200
M2 3141080 1743200 2400000 1743200
M2 2400000 1743200 1875000 1586083
M2 1875000 1586083 821596 1586083
M2 821596 1586083 793820 1613860
Net57 5 
M2 3243020 1719200 3214220 1748000
M2 3214220 1748000 2400000 1748000
M2 2400000 1748000 1875000 1593026
M2 1875000 1593026 909913 1593026
M2 909913 1593026 889080 1613860
Net58 5 
M2 3320970 1719200 3287370 1752800
M2 3287370 1752800 2400000 1752800
M2 2400000 1752800 1875000 1599969
M2 1875000 1599969 1093501 1599969
M2 1093501 1599969 1079610 1613860
Net59 5 
M2 3398910 1719200 3360510 1757600
M2 3360510 1757600 2400000 1757600
M2 2400000 1757600 1875000 1606911
M2 1875000 1606911 1181818 1606911
M2 1181818 1606911 1174870 1613860
Net82 5 
M2 2892280 1589600 2886107 1595772
M2 2886107 1595772 2400000 1595772
M2 2400000 1595772 1875000 1456484
M2 1875000 1456484 840105 1456484
M2 840105 1456484 793820 1502770
Net83 5 
M2 2970227 1589600 2957883 1601943
M2 2957883 1601943 2400000 1601943
M2 2400000 1601943 1875000 1465741
M2 1875000 1465741 1116638 1465741
M2 1116638 1465741 1079610 1502770
Net84 5 
M2 3126110 1589600 3107595 1608115
M2 3107595 1608115 2400000 1608115
M2 2400000 1608115 1875000 1474998
M2 1875000 1474998 1297901 1474998
M2 1297901 1474998 1270130 1502770
Net85 5 
M2 3204050 1589600 3179363 1614286
M2 3179363 1614286 2400000 1614286
M2 2400000 1614286 1875000 1484255
M2 1875000 1484255 1383912 1484255
M2 1383912 1484255 1365397 1502770
Net86 5 
M2 3359940 1589600 3329082 1620457
M2 3329082 1620457 2400000 1620457
M2 2400000 1620457 1875000 1493512
M2 1875000 1493512 1565177 1493512
M2 1565177 1493512 1555920 1502770
Net87 5 
M2 3593762 1589600 3556733 1626628
M2 3556733 1626628 2400000 1626628
M2 2400000 1626628 1875000 1521284
M2 1875000 1521284 306898 1521284
M2 306898 1521284 269870 1558312
