Nets 51
Net9 5 
M2 3947100 1972230 3919328 2000001
M2 3919328 2000001 2400000 2000001
M2 2400000 2000001 1875000 1863801
M2 1875000 1863801 399831 1863801
M2 399831 1863801 372062 1891570
Net12 5 
M2 3019590 1916687 3014540 1921737
M2 3014540 1921737 2400000 1921737
M2 2400000 1921737 1875000 1785536
M2 1875000 1785536 643393 1785536
M2 643393 1785536 592900 1836030
Net13 5 
M2 3107920 1916687 3097820 1926786
M2 3097820 1926786 2400000 1926786
M2 2400000 1926786 1875000 1790586
M2 1875000 1790586 726681 1790586
M2 726681 1790586 681237 1836030
Net14 5 
M2 3196260 1916687 3181111 1931836
M2 3181111 1931836 2400000 1931836
M2 2400000 1931836 1875000 1795635
M2 1875000 1795635 809964 1795635
M2 809964 1795635 769570 1836030
Net15 5 
M2 3284590 1916687 3264392 1936885
M2 3264392 1936885 2400000 1936885
M2 2400000 1936885 1875000 1800684
M2 1875000 1800684 893253 1800684
M2 893253 1800684 857907 1836030
Net16 5 
M2 3372930 1916687 3347683 1941934
M2 3347683 1941934 2400000 1941934
M2 2400000 1941934 1875000 1805733
M2 1875000 1805733 1153206 1805733
M2 1153206 1805733 1122910 1836030
Net17 5 
M2 3461260 1916687 3430963 1946983
M2 3430963 1946983 2400000 1946983
M2 2400000 1946983 1875000 1810783
M2 1875000 1810783 1236487 1810783
M2 1236487 1810783 1211240 1836030
Net18 5 
M2 3549600 1916687 3514254 1952033
M2 3514254 1952033 2400000 1952033
M2 2400000 1952033 1875000 1815832
M2 1875000 1815832 1319777 1815832
M2 1319777 1815832 1299580 1836030
Net19 5 
M2 3637930 1916687 3597535 1957082
M2 3597535 1957082 2400000 1957082
M2 2400000 1957082 1875000 1820881
M2 1875000 1820881 1403058 1820881
M2 1403058 1820881 1387910 1836030
Net20 5 
M2 3726267 1916687 3680823 1962131
M2 3680823 1962131 2400000 1962131
M2 2400000 1962131 1875000 1825930
M2 1875000 1825930 1486349 1825930
M2 1486349 1825930 1476250 1836030
Net21 5 
M2 3814600 1916687 3764106 1967180
M2 3764106 1967180 2400000 1967180
M2 2400000 1967180 1875000 1830980
M2 1875000 1830980 1569630 1830980
M2 1569630 1830980 1564580 1836030
Net25 5 
M2 2975420 1861140 2969242 1867317
M2 2969242 1867317 2400000 1867317
M2 2400000 1867317 1875000 1731111
M2 1875000 1731111 774776 1731111
M2 774776 1731111 725400 1780487
Net26 5 
M2 3063760 1861140 3051411 1873488
M2 3051411 1873488 2400000 1873488
M2 2400000 1873488 1875000 1737282
M2 1875000 1737282 856945 1737282
M2 856945 1737282 813740 1780487
Net27 5 
M2 3152090 1861140 3133570 1879660
M2 3133570 1879660 2400000 1879660
M2 2400000 1879660 1875000 1743453
M2 1875000 1743453 939103 1743453
M2 939103 1743453 902070 1780487
Net28 5 
M2 3328760 1861140 3304068 1885831
M2 3304068 1885831 2400000 1885831
M2 2400000 1885831 1875000 1749625
M2 1875000 1749625 1021272 1749625
M2 1021272 1749625 990410 1780487
Net29 5 
M2 3417092 1861140 3386230 1892002
M2 3386230 1892002 2400000 1892002
M2 2400000 1892002 1875000 1755796
M2 1875000 1755796 1103431 1755796
M2 1103431 1755796 1078740 1780487
Net30 5 
M2 3593762 1861140 3556728 1898173
M2 3556728 1898173 2400000 1898173
M2 2400000 1898173 1875000 1761967
M2 1875000 1761967 1273930 1761967
M2 1273930 1761967 1255410 1780487
Net31 5 
M2 3682100 1861140 3638895 1904345
M2 3638895 1904345 2400000 1904345
M2 2400000 1904345 1875000 1768138
M2 1875000 1768138 1356096 1768138
M2 1356096 1768138 1343747 1780487
Net32 5 
M2 3858770 1861140 3809393 1910516
M2 3809393 1910516 2400000 1910516
M2 2400000 1910516 1875000 1774310
M2 1875000 1774310 1526590 1774310
M2 1526590 1774310 1520412 1780487
Net36 5 
M2 3019590 1805600 3012649 1812540
M2 3012649 1812540 2400000 1812540
M2 2400000 1812540 1875000 1676342
M2 1875000 1676342 729834 1676342
M2 729834 1676342 681237 1724940
Net37 5 
M2 3196260 1805600 3182376 1819483
M2 3182376 1819483 2400000 1819483
M2 2400000 1819483 1875000 1683285
M2 1875000 1683285 899562 1683285
M2 899562 1683285 857907 1724940
Net38 5 
M2 3284590 1805600 3263763 1826426
M2 3263763 1826426 2400000 1826426
M2 2400000 1826426 1875000 1690228
M2 1875000 1690228 980951 1690228
M2 980951 1690228 946240 1724940
Net39 5 
M2 3461260 1805600 3433491 1833369
M2 3433491 1833369 2400000 1833369
M2 2400000 1833369 1875000 1697171
M2 1875000 1697171 1150679 1697171
M2 1150679 1697171 1122910 1724940
Net40 5 
M2 3549600 1805600 3514888 1840311
M2 3514888 1840311 2400000 1840311
M2 2400000 1840311 1875000 1704113
M2 1875000 1704113 1232066 1704113
M2 1232066 1704113 1211240 1724940
Net41 5 
M2 3726267 1805600 3684613 1847254
M2 3684613 1847254 2400000 1847254
M2 2400000 1847254 1875000 1711056
M2 1875000 1711056 1401793 1711056
M2 1401793 1711056 1387910 1724940
Net42 5 
M2 3814600 1805600 3766002 1854197
M2 3766002 1854197 2400000 1854197
M2 2400000 1854197 1875000 1717999
M2 1875000 1717999 1483190 1717999
M2 1483190 1717999 1476250 1724940
Net46 5 
M2 3063760 1750060 3056819 1757000
M2 3056819 1757000 2400000 1757000
M2 2400000 1757000 1875000 1620802
M2 1875000 1620802 773997 1620802
M2 773997 1620802 725400 1669400
Net47 5 
M2 3152090 1750060 3138206 1763943
M2 3138206 1763943 2400000 1763943
M2 2400000 1763943 1875000 1627745
M2 1875000 1627745 855394 1627745
M2 855394 1627745 813740 1669400
Net48 5 
M2 3328760 1750060 3307933 1770886
M2 3307933 1770886 2400000 1770886
M2 2400000 1770886 1875000 1634688
M2 1875000 1634688 1025121 1634688
M2 1025121 1634688 990410 1669400
Net49 5 
M2 3417092 1750060 3389323 1777829
M2 3389323 1777829 2400000 1777829
M2 2400000 1777829 1875000 1641631
M2 1875000 1641631 1106509 1641631
M2 1106509 1641631 1078740 1669400
Net50 5 
M2 3593762 1750060 3559050 1784771
M2 3559050 1784771 2400000 1784771
M2 2400000 1784771 1875000 1648573
M2 1875000 1648573 1276236 1648573
M2 1276236 1648573 1255410 1669400
Net51 5 
M2 3682100 1750060 3640445 1791714
M2 3640445 1791714 2400000 1791714
M2 2400000 1791714 1875000 1655516
M2 1875000 1655516 1357631 1655516
M2 1357631 1655516 1343747 1669400
Net52 5 
M2 3858770 1750060 3810172 1798657
M2 3810172 1798657 2400000 1798657
M2 2400000 1798657 1875000 1662459
M2 1875000 1662459 1527353 1662459
M2 1527353 1662459 1520412 1669400
Net56 5 
M2 3019590 1694512 3013412 1700690
M2 3013412 1700690 2400000 1700690
M2 2400000 1700690 1875000 1569421
M2 1875000 1569421 725676 1569421
M2 725676 1569421 681237 1613860
Net57 5 
M2 3196260 1694512 3183911 1706861
M2 3183911 1706861 2400000 1706861
M2 2400000 1706861 1875000 1574975
M2 1875000 1574975 896792 1574975
M2 896792 1574975 857907 1613860
Net58 5 
M2 3284590 1694512 3266070 1713032
M2 3266070 1713032 2400000 1713032
M2 2400000 1713032 1875000 1580529
M2 1875000 1580529 979570 1580529
M2 979570 1580529 946240 1613860
Net59 5 
M2 3372930 1694512 3348238 1719203
M2 3348238 1719203 2400000 1719203
M2 2400000 1719203 1875000 1586083
M2 1875000 1586083 1150686 1586083
M2 1150686 1586083 1122910 1613860
Net60 5 
M2 3461260 1694512 3430397 1725375
M2 3430397 1725375 2400000 1725375
M2 2400000 1725375 1875000 1591638
M2 1875000 1591638 1233462 1591638
M2 1233462 1591638 1211240 1613860
Net61 5 
M2 3549600 1694512 3512566 1731546
M2 3512566 1731546 2400000 1731546
M2 2400000 1731546 1875000 1597192
M2 1875000 1597192 1316247 1597192
M2 1316247 1597192 1299580 1613860
Net62 5 
M2 3726267 1694512 3683062 1737717
M2 3683062 1737717 2400000 1737717
M2 2400000 1737717 1875000 1602746
M2 1875000 1602746 1399023 1602746
M2 1399023 1602746 1387910 1613860
Net63 5 
M2 3814600 1694512 3765223 1743888
M2 3765223 1743888 2400000 1743888
M2 2400000 1743888 1875000 1608300
M2 1875000 1608300 1481809 1608300
M2 1481809 1608300 1476250 1613860
Net65 5 
M2 2710420 1638970 2682648 1666741
M2 2682648 1666741 2400000 1666741
M2 2400000 1666741 1875000 1563866
M2 1875000 1563866 465954 1563866
M2 465954 1563866 460400 1558312
Net78 5 
M2 2754587 1583430 2749035 1588981
M2 2749035 1588981 2400000 1588981
M2 2400000 1588981 1875000 1453398
M2 1875000 1453398 465601 1453398
M2 465601 1453398 416230 1502770
Net80 5 
M2 3019590 1583430 3008484 1594536
M2 3008484 1594536 2400000 1594536
M2 2400000 1594536 1875000 1459570
M2 1875000 1459570 636100 1459570
M2 636100 1459570 592900 1502770
Net81 5 
M2 3107920 1583430 3091259 1600090
M2 3091259 1600090 2400000 1600090
M2 2400000 1600090 1875000 1465741
M2 1875000 1465741 806598 1465741
M2 806598 1465741 769570 1502770
Net82 5 
M2 3284590 1583430 3262375 1605644
M2 3262375 1605644 2400000 1605644
M2 2400000 1605644 1875000 1471912
M2 1875000 1471912 888765 1471912
M2 888765 1471912 857907 1502770
Net83 5 
M2 3372930 1583430 3345161 1611198
M2 3345161 1611198 2400000 1611198
M2 2400000 1611198 1875000 1478083
M2 1875000 1478083 1147596 1478083
M2 1147596 1478083 1122910 1502770
Net84 5 
M2 3549600 1583430 3516277 1616753
M2 3516277 1616753 2400000 1616753
M2 2400000 1616753 1875000 1484255
M2 1875000 1484255 1318095 1484255
M2 1318095 1484255 1299580 1502770
Net85 5 
M2 3637930 1583430 3599052 1622307
M2 3599052 1622307 2400000 1622307
M2 2400000 1622307 1875000 1490426
M2 1875000 1490426 1400253 1490426
M2 1400253 1490426 1387910 1502770
Net86 5 
M2 3814600 1583430 3770168 1627861
M2 3770168 1627861 2400000 1627861
M2 2400000 1627861 1875000 1496597
M2 1875000 1496597 1570752 1496597
M2 1570752 1496597 1564580 1502770
Net87 5 
M2 3902937 1583430 3852951 1633415
M2 3852951 1633415 2400000 1633415
M2 2400000 1633415 1875000 1530541
M2 1875000 1530541 355671 1530541
M2 355671 1530541 327900 1502770
