Nets 35
Net0 5 
V1 2682270 1978400 2676097 1984572
V1 2676097 1984572 2400000 1984572
V1 2400000 1984572 1875000 1863801
V1 1875000 1863801 440539 1863801
V1 440539 1863801 412770 1891570
Net1 5 
V1 2813910 1978400 2801566 1990743
V1 2801566 1990743 2400000 1990743
V1 2400000 1990743 1875000 1868429
V1 1875000 1868429 619508 1868429
V1 619508 1868429 596367 1891570
Net2 5 
V1 2879730 1978400 2861215 1996915
V1 2861215 1996915 2400000 1996915
V1 2400000 1996915 1875000 1873058
V1 1875000 1873058 706674 1873058
V1 706674 1873058 688162 1891570
Net3 5 
V1 3011360 1978400 2986673 2003086
V1 2986673 2003086 2400000 2003086
V1 2400000 2003086 1875000 1877686
V1 1875000 1877686 885643 1877686
V1 885643 1877686 871760 1891570
Net4 5 
V1 3077180 1978400 3046322 2009257
V1 3046322 2009257 2400000 2009257
V1 2400000 2009257 1875000 1882315
V1 1875000 1882315 972815 1882315
V1 972815 1882315 963560 1891570
Net5 5 
V1 3208817 1978400 3171788 2015428
V1 3171788 2015428 2400000 2015428
V1 2400000 2015428 1875000 1886943
V1 1875000 1886943 1151786 1886943
V1 1151786 1886943 1147160 1891570
Net7 5 
V1 2715180 1935200 2710380 1930400
V1 2710380 1930400 2400000 1930400
V1 2400000 1930400 1875000 1859172
V1 1875000 1859172 390012 1859172
V1 390012 1859172 366870 1836030
Net8 5 
V1 2781000 1935200 2771400 1925600
V1 2771400 1925600 2400000 1925600
V1 2400000 1925600 1875000 1854544
V1 1875000 1854544 477184 1854544
V1 477184 1854544 458670 1836030
Net9 5 
V1 2846820 1935200 2832420 1920800
V1 2832420 1920800 2400000 1920800
V1 2400000 1920800 1875000 1849915
V1 1875000 1849915 564353 1849915
V1 564353 1849915 550467 1836030
Net10 5 
V1 2912637 1935200 2893437 1916000
V1 2893437 1916000 2400000 1916000
V1 2400000 1916000 1875000 1845287
V1 1875000 1845287 651519 1845287
V1 651519 1845287 642262 1836030
Net11 5 
V1 2978450 1935200 2954450 1911200
V1 2954450 1911200 2400000 1911200
V1 2400000 1911200 1875000 1840658
V1 1875000 1840658 738688 1840658
V1 738688 1840658 734060 1836030
Net12 5 
V1 3110090 1935200 3081290 1906400
V1 3081290 1906400 2400000 1906400
V1 2400000 1906400 1875000 1817515
V1 1875000 1817515 844374 1817515
V1 844374 1817515 825860 1836030
Net18 5 
V1 2748090 1892000 2743290 1896800
V1 2743290 1896800 2400000 1896800
V1 2400000 1896800 1875000 1761968
V1 1875000 1761968 523089 1761968
V1 523089 1761968 504570 1780487
Net19 5 
V1 2879730 1892000 2870130 1901600
V1 2870130 1901600 2400000 1901600
V1 2400000 1901600 1875000 1799001
V1 1875000 1799001 706676 1799001
V1 706676 1799001 688162 1780487
Net26 5 
V1 2715180 1848800 2710380 1844000
V1 2710380 1844000 2400000 1844000
V1 2400000 1844000 1875000 1743454
V1 1875000 1743454 385384 1743454
V1 385384 1743454 366870 1724940
Net37 5 
V1 2748090 1805600 2743290 1810400
V1 2743290 1810400 2400000 1810400
V1 2400000 1810400 1875000 1681742
V1 1875000 1681742 685460 1681742
V1 685460 1681742 642262 1724940
Net38 5 
V1 2879730 1805600 2870130 1815200
V1 2870130 1815200 2400000 1815200
V1 2400000 1815200 1875000 1687913
V1 1875000 1687913 862886 1687913
V1 862886 1687913 825860 1724940
Net39 5 
V1 3011360 1805600 2996960 1820000
V1 2996960 1820000 2400000 1820000
V1 2400000 1820000 1875000 1694085
V1 1875000 1694085 948515 1694085
V1 948515 1694085 917660 1724940
Net40 5 
V1 3143000 1805600 3123800 1824800
V1 3123800 1824800 2400000 1824800
V1 2400000 1824800 1875000 1700256
V1 1875000 1700256 1125943 1700256
V1 1125943 1700256 1101260 1724940
Net41 5 
V1 3208817 1805600 3184817 1829600
V1 3184817 1829600 2400000 1829600
V1 2400000 1829600 1875000 1706427
V1 1875000 1706427 1211572 1706427
V1 1211572 1706427 1193060 1724940
Net42 5 
V1 3274630 1805600 3245830 1834400
V1 3245830 1834400 2400000 1834400
V1 2400000 1834400 1875000 1712598
V1 1875000 1712598 1388993 1712598
V1 1388993 1712598 1376652 1724940
Net43 5 
V1 3340450 1805600 3306850 1839200
V1 3306850 1839200 2400000 1839200
V1 2400000 1839200 1875000 1718770
V1 1875000 1718770 1474620 1718770
V1 1474620 1718770 1468450 1724940
Net44 5 
V1 2781000 1762400 2772360 1771040
V1 2772360 1771040 2400000 1771040
V1 2400000 1771040 1875000 1636077
V1 1875000 1636077 446093 1636077
V1 446093 1636077 412770 1669400
Net45 5 
V1 2846820 1762400 2829540 1779680
V1 2829540 1779680 2400000 1779680
V1 2400000 1779680 1875000 1647185
V1 1875000 1647185 526784 1647185
V1 526784 1647185 504570 1669400
Net46 5 
V1 2912637 1762400 2886717 1788320
V1 2886717 1788320 2400000 1788320
V1 2400000 1788320 1875000 1658294
V1 1875000 1658294 699268 1658294
V1 699268 1658294 688162 1669400
Net47 5 
V1 2978450 1762400 2943890 1796960
V1 2943890 1796960 2400000 1796960
V1 2400000 1796960 1875000 1675571
V1 1875000 1675571 786131 1675571
V1 786131 1675571 779960 1669400
Net62 5 
V1 2715180 1676000 2700780 1661600
V1 2700780 1661600 2400000 1661600
V1 2400000 1661600 1875000 1569421
V1 1875000 1569421 515678 1569421
V1 515678 1569421 504570 1558312
Net63 5 
V1 2846820 1676000 2818020 1647200
V1 2818020 1647200 2400000 1647200
V1 2400000 1647200 1875000 1547204
V1 1875000 1547204 607476 1547204
V1 607476 1547204 596367 1558312
Net67 5 
V1 3110090 1676000 3101450 1684640
V1 3101450 1684640 2400000 1684640
V1 2400000 1684640 1875000 1580529
V1 1875000 1580529 1318188 1580529
V1 1318188 1580529 1284857 1613860
Net68 5 
V1 3241722 1676000 3224442 1693280
V1 3224442 1693280 2400000 1693280
V1 2400000 1693280 1875000 1591638
V1 1875000 1591638 1398874 1591638
V1 1398874 1591638 1376652 1613860
Net69 5 
V1 3307540 1676000 3281620 1701920
V1 3281620 1701920 2400000 1701920
V1 2400000 1701920 1875000 1602746
V1 1875000 1602746 1479563 1602746
V1 1479563 1602746 1468450 1613860
Net70 5 
V1 3439180 1676000 3404620 1710560
V1 3404620 1710560 2400000 1710560
V1 2400000 1710560 1875000 1624968
V1 1875000 1624968 365401 1624968
V1 365401 1624968 320970 1669400
Net72 5 
V1 2748090 1632800 2737290 1622000
V1 2737290 1622000 2400000 1622000
V1 2400000 1622000 1875000 1536095
V1 1875000 1536095 491995 1536095
V1 491995 1536095 458670 1502770
Net73 5 
V1 2813910 1632800 2792310 1611200
V1 2792310 1611200 2400000 1611200
V1 2400000 1611200 1875000 1524987
V1 1875000 1524987 572684 1524987
V1 572684 1524987 550467 1502770
Net81 5 
V1 2715180 1589600 2704380 1600400
V1 2704380 1600400 2400000 1600400
V1 2400000 1600400 1875000 1513878
V1 1875000 1513878 745168 1513878
V1 745168 1513878 734060 1502770
