Nets 32
Net13 5 
V2 3175910 1935200 3165110 1946000
V2 3165110 1946000 2400000 1946000
V2 2400000 1946000 1875000 1874909
V2 1875000 1874909 1272070 1874909
V2 1272070 1874909 1255410 1891570
Net14 5 
V2 3241722 1935200 3220122 1956800
V2 3220122 1956800 2400000 1956800
V2 2400000 1956800 1875000 1880464
V2 1875000 1880464 1443186 1880464
V2 1443186 1880464 1432080 1891570
Net15 5 
V2 3307540 1935200 3275140 1967600
V2 3275140 1967600 2400000 1967600
V2 2400000 1967600 1875000 1886018
V2 1875000 1886018 1525964 1886018
V2 1525964 1886018 1520412 1891570
Net16 5 
V2 3439180 1935200 3424780 1920800
V2 3424780 1920800 2400000 1920800
V2 2400000 1920800 1875000 1869355
V2 1875000 1869355 394277 1869355
V2 394277 1869355 372062 1891570
Net20 5 
V2 3011360 1892000 2996960 1906400
V2 2996960 1906400 2400000 1906400
V2 2400000 1906400 1875000 1863801
V2 1875000 1863801 1150681 1863801
V2 1150681 1863801 1122910 1836030
Net21 5 
V2 3077180 1892000 3069980 1884800
V2 3069980 1884800 2400000 1884800
V2 2400000 1884800 1875000 1858247
V2 1875000 1858247 1233457 1858247
V2 1233457 1858247 1211240 1836030
Net22 5 
V2 3143000 1892000 3128600 1877600
V2 3128600 1877600 2400000 1877600
V2 2400000 1877600 1875000 1852692
V2 1875000 1852692 1316242 1852692
V2 1316242 1852692 1299580 1836030
Net23 5 
V2 3274630 1892000 3253030 1870400
V2 3253030 1870400 2400000 1870400
V2 2400000 1870400 1875000 1847138
V2 1875000 1847138 1399018 1847138
V2 1399018 1847138 1387910 1836030
Net24 5 
V2 3340450 1892000 3311650 1863200
V2 3311650 1863200 2400000 1863200
V2 2400000 1863200 1875000 1841584
V2 1875000 1841584 1481804 1841584
V2 1481804 1841584 1476250 1836030
Net27 5 
V2 2781000 1848800 2776680 1844480
V2 2776680 1844480 2400000 1844480
V2 2400000 1844480 1875000 1822144
V2 1875000 1822144 855396 1822144
V2 855396 1822144 813740 1780487
Net28 5 
V2 2846820 1848800 2838180 1840160
V2 2838180 1840160 2400000 1840160
V2 2400000 1840160 1875000 1815201
V2 1875000 1815201 936783 1815201
V2 936783 1815201 902070 1780487
Net29 5 
V2 2912637 1848800 2899677 1835840
V2 2899677 1835840 2400000 1835840
V2 2400000 1835840 1875000 1808258
V2 1875000 1808258 1018181 1808258
V2 1018181 1808258 990410 1780487
Net30 5 
V2 3044270 1848800 3026990 1831520
V2 3026990 1831520 2400000 1831520
V2 2400000 1831520 1875000 1801315
V2 1875000 1801315 1099568 1801315
V2 1099568 1801315 1078740 1780487
Net31 5 
V2 3110090 1848800 3088490 1827200
V2 3088490 1827200 2400000 1827200
V2 2400000 1827200 1875000 1794373
V2 1875000 1794373 1269295 1794373
V2 1269295 1794373 1255410 1780487
Net32 5 
V2 3175910 1848800 3149990 1822880
V2 3149990 1822880 2400000 1822880
V2 2400000 1822880 1875000 1787430
V2 1875000 1787430 1350690 1787430
V2 1350690 1787430 1343747 1780487
Net33 5 
V2 3307540 1848800 3277300 1818560
V2 3277300 1818560 2400000 1818560
V2 2400000 1818560 1875000 1761968
V2 1875000 1761968 1538932 1761968
V2 1538932 1761968 1520412 1780487
Net34 5 
V2 3373360 1848800 3366160 1856000
V2 3366160 1856000 2400000 1856000
V2 2400000 1856000 1875000 1829086
V2 1875000 1829086 1571523 1829086
V2 1571523 1829086 1564580 1836030
Net35 5 
V2 3439180 1848800 3404620 1814240
V2 3404620 1814240 2400000 1814240
V2 2400000 1814240 1875000 1743454
V2 1875000 1743454 409096 1743454
V2 409096 1743454 372062 1780487
Net36 5 
V2 2682270 1805600 2677950 1809920
V2 2677950 1809920 2400000 1809920
V2 2400000 1809920 1875000 1697171
V2 1875000 1697171 620668 1697171
V2 620668 1697171 592900 1724940
Net60 5 
V2 3340450 1719200 3318850 1740800
V2 3318850 1740800 2400000 1740800
V2 2400000 1740800 1875000 1650888
V2 1875000 1650888 1538924 1650888
V2 1538924 1650888 1520412 1669400
Net61 5 
V2 3406270 1719200 3391870 1704800
V2 3391870 1704800 2400000 1704800
V2 2400000 1704800 1875000 1632374
V2 1875000 1632374 346414 1632374
V2 346414 1632374 327900 1613860
Net64 5 
V2 2912637 1676000 2898237 1690400
V2 2898237 1690400 2400000 1690400
V2 2400000 1690400 1875000 1599969
V2 1875000 1599969 767056 1599969
V2 767056 1599969 725400 1558312
Net65 5 
V2 2978450 1676000 2974130 1671680
V2 2974130 1671680 2400000 1671680
V2 2400000 1671680 1875000 1586083
V2 1875000 1586083 841511 1586083
V2 841511 1586083 813740 1558312
Net66 5 
V2 3044270 1676000 3035630 1667360
V2 3035630 1667360 2400000 1667360
V2 2400000 1667360 1875000 1572198
V2 1875000 1572198 915955 1572198
V2 915955 1572198 902070 1558312
Net71 5 
V2 2682270 1632800 2677950 1637120
V2 2677950 1637120 2400000 1637120
V2 2400000 1637120 1875000 1484255
V2 1875000 1484255 434744 1484255
V2 434744 1484255 416230 1502770
Net74 5 
V2 2879730 1632800 2871090 1641440
V2 2871090 1641440 2400000 1641440
V2 2400000 1641440 1875000 1510704
V2 1875000 1510704 1038018 1510704
V2 1038018 1510704 990410 1558312
Net75 5 
V2 3011360 1632800 2998400 1645760
V2 2998400 1645760 2400000 1645760
V2 2400000 1645760 1875000 1518639
V2 1875000 1518639 1118413 1518639
V2 1118413 1518639 1078740 1558312
Net76 5 
V2 3143000 1632800 3125720 1650080
V2 3125720 1650080 2400000 1650080
V2 2400000 1650080 1875000 1526573
V2 1875000 1526573 1198819 1526573
V2 1198819 1526573 1167080 1558312
Net77 5 
V2 3208817 1632800 3187217 1654400
V2 3187217 1654400 2400000 1654400
V2 2400000 1654400 1875000 1534508
V2 1875000 1534508 1279214 1534508
V2 1279214 1534508 1255410 1558312
Net78 5 
V2 3274630 1632800 3248710 1658720
V2 3248710 1658720 2400000 1658720
V2 2400000 1658720 1875000 1542442
V2 1875000 1542442 1447950 1542442
V2 1447950 1542442 1432080 1558312
Net79 5 
V2 3340450 1632800 3310210 1663040
V2 3310210 1663040 2400000 1663040
V2 2400000 1663040 1875000 1550377
V2 1875000 1550377 1528348 1550377
V2 1528348 1550377 1520412 1558312
Net80 5 
V2 3406270 1632800 3384670 1611200
V2 3384670 1611200 2400000 1611200
V2 2400000 1611200 1875000 1465741
V2 1875000 1465741 364928 1465741
V2 364928 1465741 327900 1502770
