Nets 48
Net6 5 
M2 3406270 1978400 3384670 2000000
M2 3384670 2000000 2400000 2000000
M2 2400000 2000000 1875000 1863800
M2 1875000 1863800 592420 1863800
M2 592420 1863800 570820 1885400
Net9 5 
M2 2846820 1935200 2841420 1940600
M2 2841420 1940600 2400000 1940600
M2 2400000 1940600 1875000 1804400
M2 1875000 1804400 911730 1804400
M2 911730 1804400 873930 1842200
Net10 5 
M2 2912637 1935200 2901837 1946000
M2 2901837 1946000 2400000 1946000
M2 2400000 1946000 1875000 1809800
M2 1875000 1809800 992930 1809800
M2 992930 1809800 960530 1842200
Net11 5 
M2 2978450 1935200 2962250 1951400
M2 2962250 1951400 2400000 1951400
M2 2400000 1951400 1875000 1815200
M2 1875000 1815200 1160732 1815200
M2 1160732 1815200 1133732 1842200
Net12 5 
M2 3110090 1935200 3088490 1956800
M2 3088490 1956800 2400000 1956800
M2 2400000 1956800 1875000 1820600
M2 1875000 1820600 1328540 1820600
M2 1328540 1820600 1306940 1842200
Net13 5 
M2 3175910 1935200 3148910 1962200
M2 3148910 1962200 2400000 1962200
M2 2400000 1962200 1875000 1826000
M2 1875000 1826000 1409740 1826000
M2 1409740 1826000 1393540 1842200
Net14 5 
M2 3241722 1935200 3209322 1967600
M2 3209322 1967600 2400000 1967600
M2 2400000 1967600 1875000 1831400
M2 1875000 1831400 1490942 1831400
M2 1490942 1831400 1480142 1842200
Net15 5 
M2 3307540 1935200 3269740 1973000
M2 3269740 1973000 2400000 1973000
M2 2400000 1973000 1875000 1836800
M2 1875000 1836800 1572150 1836800
M2 1572150 1836800 1566750 1842200
Net19 5 
M2 2879730 1892000 2873557 1898172
M2 2873557 1898172 2400000 1898172
M2 2400000 1898172 1875000 1761971
M2 1875000 1761971 1040858 1761971
M2 1040858 1761971 1003830 1799000
Net20 5 
M2 3011360 1892000 2999016 1904343
M2 2999016 1904343 2400000 1904343
M2 2400000 1904343 1875000 1768142
M2 1875000 1768142 1121287 1768142
M2 1121287 1768142 1090430 1799000
Net21 5 
M2 3077180 1892000 3058665 1910515
M2 3058665 1910515 2400000 1910515
M2 2400000 1910515 1875000 1774313
M2 1875000 1774313 1201723 1774313
M2 1201723 1774313 1177037 1799000
Net22 5 
M2 3143000 1892000 3118313 1916686
M2 3118313 1916686 2400000 1916686
M2 2400000 1916686 1875000 1780485
M2 1875000 1780485 1282155 1780485
M2 1282155 1780485 1263640 1799000
Net23 5 
M2 3274630 1892000 3243772 1922857
M2 3243772 1922857 2400000 1922857
M2 2400000 1922857 1875000 1786656
M2 1875000 1786656 1362583 1786656
M2 1362583 1786656 1350240 1799000
Net24 5 
M2 3340450 1892000 3303421 1929028
M2 3303421 1929028 2400000 1929028
M2 2400000 1929028 1875000 1792827
M2 1875000 1792827 1529620 1792827
M2 1529620 1792827 1523447 1799000
Net28 5 
M2 2846820 1848800 2841420 1854200
M2 2841420 1854200 2400000 1854200
M2 2400000 1854200 1875000 1718000
M2 1875000 1718000 911730 1718000
M2 911730 1718000 873930 1755800
Net29 5 
M2 2912637 1848800 2901837 1859600
M2 2901837 1859600 2400000 1859600
M2 2400000 1859600 1875000 1723400
M2 1875000 1723400 992930 1723400
M2 992930 1723400 960530 1755800
Net30 5 
M2 3044270 1848800 3028070 1865000
M2 3028070 1865000 2400000 1865000
M2 2400000 1865000 1875000 1728800
M2 1875000 1728800 1074130 1728800
M2 1074130 1728800 1047130 1755800
Net31 5 
M2 3110090 1848800 3088490 1870400
M2 3088490 1870400 2400000 1870400
M2 2400000 1870400 1875000 1734200
M2 1875000 1734200 1155332 1734200
M2 1155332 1734200 1133732 1755800
Net32 5 
M2 3175910 1848800 3148910 1875800
M2 3148910 1875800 2400000 1875800
M2 2400000 1875800 1875000 1739600
M2 1875000 1739600 1323140 1739600
M2 1323140 1739600 1306940 1755800
Net33 5 
M2 3307540 1848800 3275140 1881200
M2 3275140 1881200 2400000 1881200
M2 2400000 1881200 1875000 1745000
M2 1875000 1745000 1490942 1745000
M2 1490942 1745000 1480142 1755800
Net34 5 
M2 3373360 1848800 3335560 1886600
M2 3335560 1886600 2400000 1886600
M2 2400000 1886600 1875000 1750400
M2 1875000 1750400 1572150 1750400
M2 1572150 1750400 1566750 1755800
Net38 5 
M2 2879730 1805600 2873557 1811772
M2 2873557 1811772 2400000 1811772
M2 2400000 1811772 1875000 1675571
M2 1875000 1675571 954258 1675571
M2 954258 1675571 917230 1712600
Net39 5 
M2 3011360 1805600 2999016 1817943
M2 2999016 1817943 2400000 1817943
M2 2400000 1817943 1875000 1681742
M2 1875000 1681742 1034687 1681742
M2 1034687 1681742 1003830 1712600
Net40 5 
M2 3143000 1805600 3124485 1824115
M2 3124485 1824115 2400000 1824115
M2 2400000 1824115 1875000 1687913
M2 1875000 1687913 1201723 1687913
M2 1201723 1687913 1177037 1712600
Net41 5 
M2 3208817 1805600 3184131 1830286
M2 3184131 1830286 2400000 1830286
M2 2400000 1830286 1875000 1694085
M2 1875000 1694085 1282155 1694085
M2 1282155 1694085 1263640 1712600
Net42 5 
M2 3274630 1805600 3243772 1836457
M2 3243772 1836457 2400000 1836457
M2 2400000 1836457 1875000 1700256
M2 1875000 1700256 1362583 1700256
M2 1362583 1700256 1350240 1712600
Net43 5 
M2 3340450 1805600 3303421 1842628
M2 3303421 1842628 2400000 1842628
M2 2400000 1842628 1875000 1706427
M2 1875000 1706427 1443012 1706427
M2 1443012 1706427 1436840 1712600
Net55 5 
M2 3011360 1719200 3000560 1730000
M2 3000560 1730000 2400000 1730000
M2 2400000 1730000 1875000 1597400
M2 1875000 1597400 1032630 1597400
M2 1032630 1597400 1003830 1626200
Net56 5 
M2 3077180 1719200 3055580 1740800
M2 3055580 1740800 2400000 1740800
M2 2400000 1740800 1875000 1611800
M2 1875000 1611800 1104830 1611800
M2 1104830 1611800 1090430 1626200
Net61 5 
M2 3406270 1719200 3373870 1751600
M2 3373870 1751600 2400000 1751600
M2 2400000 1751600 1875000 1647800
M2 1875000 1647800 592420 1647800
M2 592420 1647800 570820 1626200
Net64 5 
M2 2912637 1676000 2906465 1682172
M2 2906465 1682172 2400000 1682172
M2 2400000 1682172 1875000 1545971
M2 1875000 1545971 997558 1545971
M2 997558 1545971 960530 1583000
Net65 5 
M2 2978450 1676000 2966106 1688343
M2 2966106 1688343 2400000 1688343
M2 2400000 1688343 1875000 1552142
M2 1875000 1552142 1077987 1552142
M2 1077987 1552142 1047130 1583000
Net66 5 
M2 3044270 1676000 3025755 1694515
M2 3025755 1694515 2400000 1694515
M2 2400000 1694515 1875000 1558313
M2 1875000 1558313 1158418 1558313
M2 1158418 1558313 1133732 1583000
Net67 5 
M2 3110090 1676000 3085403 1700686
M2 3085403 1700686 2400000 1700686
M2 2400000 1700686 1875000 1564485
M2 1875000 1564485 1325455 1564485
M2 1325455 1564485 1306940 1583000
Net68 5 
M2 3241722 1676000 3210865 1706857
M2 3210865 1706857 2400000 1706857
M2 2400000 1706857 1875000 1570656
M2 1875000 1570656 1492486 1570656
M2 1492486 1570656 1480142 1583000
Net69 5 
M2 3307540 1676000 3270511 1713028
M2 3270511 1713028 2400000 1713028
M2 2400000 1713028 1875000 1576827
M2 1875000 1576827 1572922 1576827
M2 1572922 1576827 1566750 1583000
Net73 5 
M2 2813910 1632800 2808510 1638200
M2 2808510 1638200 2400000 1638200
M2 2400000 1638200 1875000 1502000
M2 1875000 1502000 955030 1502000
M2 955030 1502000 917230 1539800
Net74 5 
M2 2879730 1632800 2868930 1643600
M2 2868930 1643600 2400000 1643600
M2 2400000 1643600 1875000 1507400
M2 1875000 1507400 1036230 1507400
M2 1036230 1507400 1003830 1539800
Net75 5 
M2 3011360 1632800 2995160 1649000
M2 2995160 1649000 2400000 1649000
M2 2400000 1649000 1875000 1512800
M2 1875000 1512800 1204037 1512800
M2 1204037 1512800 1177037 1539800
Net76 5 
M2 3143000 1632800 3121400 1654400
M2 3121400 1654400 2400000 1654400
M2 2400000 1654400 1875000 1518200
M2 1875000 1518200 1285240 1518200
M2 1285240 1518200 1263640 1539800
Net77 5 
M2 3208817 1632800 3181817 1659800
M2 3181817 1659800 2400000 1659800
M2 2400000 1659800 1875000 1523600
M2 1875000 1523600 1366440 1523600
M2 1366440 1523600 1350240 1539800
Net78 5 
M2 3274630 1632800 3242230 1665200
M2 3242230 1665200 2400000 1665200
M2 2400000 1665200 1875000 1529000
M2 1875000 1529000 1447640 1529000
M2 1447640 1529000 1436840 1539800
Net79 5 
M2 3340450 1632800 3302650 1670600
M2 3302650 1670600 2400000 1670600
M2 2400000 1670600 1875000 1534400
M2 1875000 1534400 1528847 1534400
M2 1528847 1534400 1523447 1539800
Net82 5 
M2 2846820 1589600 2839620 1596800
M2 2839620 1596800 2400000 1596800
M2 2400000 1596800 1875000 1460600
M2 1875000 1460600 1083130 1460600
M2 1083130 1460600 1047130 1496600
Net83 5 
M2 2912637 1589600 2898237 1604000
M2 2898237 1604000 2400000 1604000
M2 2400000 1604000 1875000 1467800
M2 1875000 1467800 1162532 1467800
M2 1162532 1467800 1133732 1496600
Net84 5 
M2 3044270 1589600 3022670 1611200
M2 3022670 1611200 2400000 1611200
M2 2400000 1611200 1875000 1475000
M2 1875000 1475000 1328540 1475000
M2 1328540 1475000 1306940 1496600
Net85 5 
M2 3110090 1589600 3081290 1618400
M2 3081290 1618400 2400000 1618400
M2 2400000 1618400 1875000 1482200
M2 1875000 1482200 1407940 1482200
M2 1407940 1482200 1393540 1496600
Net86 5 
M2 3241722 1589600 3205722 1625600
M2 3205722 1625600 2400000 1625600
M2 2400000 1625600 1875000 1489400
M2 1875000 1489400 1573950 1489400
M2 1573950 1489400 1566750 1496600
