Nets 26
Net11 5 
V2 2861970 1916687 2854034 1924623
V2 2854034 1924623 2400000 1924623
V2 2400000 1924623 1875000 1806200
V2 1875000 1806200 1036370 1806200
V2 1036370 1806200 1000370 1842200
Net12 5 
V2 3052500 1916687 3036630 1932557
V2 3036630 1932557 2400000 1932557
V2 2400000 1932557 1875000 1813400
V2 1875000 1813400 1094982 1813400
V2 1094982 1813400 1066182 1842200
Net13 5 
V2 3147760 1916687 3123955 1940492
V2 3123955 1940492 2400000 1940492
V2 2400000 1940492 1875000 1820600
V2 1875000 1820600 1153600 1820600
V2 1153600 1820600 1132000 1842200
Net14 5 
V2 3243020 1916687 3211281 1948426
V2 3211281 1948426 2400000 1948426
V2 2400000 1948426 1875000 1827800
V2 1875000 1827800 1278040 1827800
V2 1278040 1827800 1263640 1842200
Net15 5 
V2 3338290 1916687 3298616 1956361
V2 3298616 1956361 2400000 1956361
V2 2400000 1956361 1875000 1835000
V2 1875000 1835000 1402470 1835000
V2 1402470 1835000 1395270 1842200
Net22 5 
V2 4005130 1916687 3957522 1964295
V2 3957522 1964295 2400000 1964295
V2 2400000 1964295 1875000 1863800
V2 1875000 1863800 857420 1863800
V2 857420 1863800 835820 1885400
Net23 5 
V2 2814340 1861140 2786563 1888916
V2 2786563 1888916 2400000 1888916
V2 2400000 1888916 1875000 1784600
V2 1875000 1784600 981860 1784600
V2 981860 1784600 967460 1799000
Net34 5 
V2 2766710 1805600 2748198 1824112
V2 2748198 1824112 2400000 1824112
V2 2400000 1824112 1875000 1734200
V2 1875000 1734200 956150 1734200
V2 956150 1734200 934550 1755800
Net43 5 
V2 4005130 1805600 3968104 1842626
V2 3968104 1842626 2400000 1842626
V2 2400000 1842626 1875000 1770200
V2 1875000 1770200 864620 1770200
V2 864620 1770200 835820 1799000
Net54 5 
V2 2766710 1694512 2748190 1713032
V2 2748190 1713032 2400000 1713032
V2 2400000 1713032 1875000 1615400
V2 1875000 1615400 978260 1615400
V2 978260 1615400 967460 1626200
Net61 5 
V2 3624077 1694512 3617906 1688341
V2 3617906 1688341 2400000 1688341
V2 2400000 1688341 1875000 1604600
V2 1875000 1604600 1416870 1604600
V2 1416870 1604600 1395270 1583000
Net62 5 
V2 3814600 1694512 3802257 1682170
V2 3802257 1682170 2400000 1682170
V2 2400000 1682170 1875000 1593800
V2 1875000 1593800 1537710 1593800
V2 1537710 1593800 1526910 1583000
Net63 5 
V2 3909860 1694512 3891346 1675998
V2 3891346 1675998 2400000 1675998
V2 2400000 1675998 1875000 1578680
V2 1875000 1578680 1597050 1578680
V2 1597050 1578680 1592730 1583000
Net64 5 
V2 4005130 1694512 3968096 1731546
V2 3968096 1731546 2400000 1731546
V2 2400000 1731546 1875000 1647800
V2 1875000 1647800 857420 1647800
V2 857420 1647800 835820 1626200
Net66 5 
V2 2814340 1638970 2808167 1645142
V2 2808167 1645142 2400000 1645142
V2 2400000 1645142 1875000 1557080
V2 1875000 1557080 960470 1557080
V2 960470 1557080 934550 1583000
Net67 5 
V2 2909602 1638970 2897258 1651313
V2 2897258 1651313 2400000 1651313
V2 2400000 1651313 1875000 1561400
V2 1875000 1561400 1021970 1561400
V2 1021970 1561400 1000370 1583000
Net68 5 
V2 3004870 1638970 2986355 1657485
V2 2986355 1657485 2400000 1657485
V2 2400000 1657485 1875000 1565720
V2 1875000 1565720 1149280 1565720
V2 1149280 1565720 1132000 1583000
Net69 5 
V2 3100130 1638970 3075443 1663656
V2 3075443 1663656 2400000 1663656
V2 2400000 1663656 1875000 1570040
V2 1875000 1570040 1210780 1570040
V2 1210780 1570040 1197820 1583000
Net70 5 
V2 3195390 1638970 3164532 1669827
V2 3164532 1669827 2400000 1669827
V2 2400000 1669827 1875000 1574360
V2 1875000 1574360 1272280 1574360
V2 1272280 1574360 1263640 1583000
Net73 5 
V2 3671710 1638970 3664767 1632027
V2 3664767 1632027 2400000 1632027
V2 2400000 1632027 1875000 1552760
V2 1875000 1552760 1375322 1552760
V2 1375322 1552760 1362362 1539800
Net74 5 
V2 3766970 1638970 3753084 1625084
V2 3753084 1625084 2400000 1625084
V2 2400000 1625084 1875000 1548440
V2 1875000 1548440 1436820 1548440
V2 1436820 1548440 1428180 1539800
Net75 5 
V2 3862230 1638970 3841401 1618141
V2 3841401 1618141 2400000 1618141
V2 2400000 1618141 1875000 1544120
V2 1875000 1544120 1498320 1544120
V2 1498320 1544120 1494000 1539800
Net76 5 
V2 3957492 1638970 3929721 1611199
V2 3929721 1611199 2400000 1611199
V2 2400000 1611199 1875000 1531160
V2 1875000 1531160 1568460 1531160
V2 1568460 1531160 1559820 1539800
Net78 5 
V2 2766710 1583430 2759769 1590370
V2 2759769 1590370 2400000 1590370
V2 2400000 1590370 1875000 1505240
V2 1875000 1505240 1002020 1505240
V2 1002020 1505240 967460 1539800
Net79 5 
V2 2861970 1583430 2848086 1597313
V2 2848086 1597313 2400000 1597313
V2 2400000 1597313 1875000 1513880
V2 1875000 1513880 1059197 1513880
V2 1059197 1513880 1033277 1539800
Net80 5 
V2 3052500 1583430 3031673 1604256
V2 3031673 1604256 2400000 1604256
V2 2400000 1604256 1875000 1522520
V2 1875000 1522520 1116370 1522520
V2 1116370 1522520 1099090 1539800
