Nets 40
Net0 5 
V1 2654130 1987040 2648946 1992224
V1 2648946 1992224 2400000 1992224
V1 2400000 1992224 1875000 1850840
V1 1875000 1850840 1067837 1850840
V1 1067837 1850840 1033277 1885400
Net1 5 
V1 2740730 1987040 2730362 1997408
V1 2730362 1997408 2400000 1997408
V1 2400000 1997408 1875000 1859480
V1 1875000 1859480 1190830 1859480
V1 1190830 1859480 1164910 1885400
Net2 5 
V1 2827330 1987040 2811778 2002592
V1 2811778 2002592 2400000 2002592
V1 2400000 2002592 1875000 1868120
V1 1875000 1868120 1248010 1868120
V1 1248010 1868120 1230730 1885400
Net3 5 
V1 2870630 1987040 2849894 2007776
V1 2849894 2007776 2400000 2007776
V1 2400000 2007776 1875000 1876760
V1 1875000 1876760 1371002 1876760
V1 1371002 1876760 1362362 1885400
Net4 5 
V1 2675780 1961120 2670596 1966304
V1 2670596 1966304 2400000 1966304
V1 2400000 1966304 1875000 1823000
V1 1875000 1823000 1085382 1823000
V1 1085382 1823000 1066182 1842200
Net5 5 
V1 2719080 1961120 2708712 1971488
V1 2708712 1971488 2400000 1971488
V1 2400000 1971488 1875000 1827800
V1 1875000 1827800 1146400 1827800
V1 1146400 1827800 1132000 1842200
Net6 5 
V1 2762380 1961120 2746828 1976672
V1 2746828 1976672 2400000 1976672
V1 2400000 1976672 1875000 1832600
V1 1875000 1832600 1273240 1832600
V1 1273240 1832600 1263640 1842200
Net7 5 
V1 2805680 1961120 2784944 1981856
V1 2784944 1981856 2400000 1981856
V1 2400000 1981856 1875000 1837400
V1 1875000 1837400 1400070 1837400
V1 1400070 1837400 1395270 1842200
Net11 5 
V1 2654130 1935200 2645490 1943840
V1 2645490 1943840 2400000 1943840
V1 2400000 1943840 1875000 1813400
V1 1875000 1813400 963350 1813400
V1 963350 1813400 934550 1842200
Net12 5 
V1 2697430 1935200 2680150 1952480
V1 2680150 1952480 2400000 1952480
V1 2400000 1952480 1875000 1818200
V1 1875000 1818200 1024370 1818200
V1 1024370 1818200 1000370 1842200
Net17 5 
V1 2719080 1909280 2706120 1922240
V1 2706120 1922240 2400000 1922240
V1 2400000 1922240 1875000 1808600
V1 1875000 1808600 1042877 1808600
V1 1042877 1808600 1033277 1799000
Net20 5 
V1 2892280 1909280 2887960 1904960
V1 2887960 1904960 2400000 1904960
V1 2400000 1904960 1875000 1803800
V1 1875000 1803800 1432980 1803800
V1 1432980 1803800 1428180 1799000
Net22 5 
V1 2654130 1883360 2649810 1887680
V1 2649810 1887680 2400000 1887680
V1 2400000 1887680 1875000 1743456
V1 1875000 1743456 1210163 1743456
V1 1210163 1743456 1197820 1755800
Net23 5 
V1 2740730 1883360 2732090 1892000
V1 2732090 1892000 2400000 1892000
V1 2400000 1892000 1875000 1749627
V1 1875000 1749627 1269812 1749627
V1 1269812 1749627 1263640 1755800
Net25 5 
V1 2827330 1883360 2814370 1896320
V1 2814370 1896320 2400000 1896320
V1 2400000 1896320 1875000 1770200
V1 1875000 1770200 1391162 1770200
V1 1391162 1770200 1362362 1799000
Net26 5 
V1 2870630 1883360 2853350 1900640
V1 2853350 1900640 2400000 1900640
V1 2400000 1900640 1875000 1784600
V1 1875000 1784600 1574220 1784600
V1 1574220 1784600 1559820 1799000
Net28 5 
V1 2719080 1857440 2706120 1870400
V1 2706120 1870400 2400000 1870400
V1 2400000 1870400 1875000 1737285
V1 1875000 1737285 1084697 1737285
V1 1084697 1737285 1066182 1755800
Net34 5 
V1 2697430 1831520 2684470 1844480
V1 2684470 1844480 2400000 1844480
V1 2400000 1844480 1875000 1731113
V1 1875000 1731113 1025056 1731113
V1 1025056 1731113 1000370 1755800
Net36 5 
V1 2784030 1831520 2779710 1827200
V1 2779710 1827200 2400000 1827200
V1 2400000 1827200 1875000 1724942
V1 1875000 1724942 1374705 1724942
V1 1374705 1724942 1362362 1712600
Net37 5 
V1 2827330 1831520 2818690 1822880
V1 2818690 1822880 2400000 1822880
V1 2400000 1822880 1875000 1718771
V1 1875000 1718771 1434351 1718771
V1 1434351 1718771 1428180 1712600
Net38 5 
V1 2870630 1831520 2857670 1818560
V1 2857670 1818560 2400000 1818560
V1 2400000 1818560 1875000 1705400
V1 1875000 1705400 1501200 1705400
V1 1501200 1705400 1494000 1712600
Net40 5 
V1 2762380 1805600 2757196 1800416
V1 2757196 1800416 2400000 1800416
V1 2400000 1800416 1875000 1683800
V1 1875000 1683800 1127890 1683800
V1 1127890 1683800 1099090 1712600
Net41 5 
V1 2805680 1805600 2801360 1809920
V1 2801360 1809920 2400000 1809920
V1 2400000 1809920 1875000 1691000
V1 1875000 1691000 1186510 1691000
V1 1186510 1691000 1164910 1712600
Net42 5 
V1 2892280 1805600 2883640 1814240
V1 2883640 1814240 2400000 1814240
V1 2400000 1814240 1875000 1698200
V1 1875000 1698200 1310950 1698200
V1 1310950 1698200 1296550 1712600
Net45 5 
V1 2740730 1779680 2735546 1784864
V1 2735546 1784864 2400000 1784864
V1 2400000 1784864 1875000 1647800
V1 1875000 1647800 1285240 1647800
V1 1285240 1647800 1263640 1669400
Net46 5 
V1 2784030 1779680 2773662 1790048
V1 2773662 1790048 2400000 1790048
V1 2400000 1790048 1875000 1658600
V1 1875000 1658600 1406070 1658600
V1 1406070 1658600 1395270 1669400
Net47 5 
V1 2870630 1779680 2855078 1795232
V1 2855078 1795232 2400000 1795232
V1 2400000 1795232 1875000 1676600
V1 1875000 1676600 1599930 1676600
V1 1599930 1676600 1592730 1669400
Net53 5 
V1 2892280 1753760 2879320 1766720
V1 2879320 1766720 2400000 1766720
V1 2400000 1766720 1875000 1637000
V1 1875000 1637000 1570620 1637000
V1 1570620 1637000 1559820 1626200
Net54 5 
V1 2935582 1753760 2922622 1740800
V1 2922622 1740800 2400000 1740800
V1 2400000 1740800 1875000 1604600
V1 1875000 1604600 857420 1604600
V1 857420 1604600 835820 1626200
Net60 5 
V1 2675780 1701920 2669300 1708400
V1 2669300 1708400 2400000 1708400
V1 2400000 1708400 1875000 1566800
V1 1875000 1566800 950750 1566800
V1 950750 1566800 934550 1583000
Net61 5 
V1 2719080 1701920 2706120 1714880
V1 2706120 1714880 2400000 1714880
V1 2400000 1714880 1875000 1572200
V1 1875000 1572200 1142800 1572200
V1 1142800 1572200 1132000 1583000
Net62 5 
V1 2762380 1701920 2742940 1721360
V1 2742940 1721360 2400000 1721360
V1 2400000 1721360 1875000 1577600
V1 1875000 1577600 1203220 1577600
V1 1203220 1577600 1197820 1583000
Net72 5 
V1 2719080 1650080 2706120 1663040
V1 2706120 1663040 2400000 1663040
V1 2400000 1663040 1875000 1561400
V1 1875000 1561400 1054877 1561400
V1 1054877 1561400 1033277 1539800
Net73 5 
V1 2762380 1650080 2758060 1645760
V1 2758060 1645760 2400000 1645760
V1 2400000 1645760 1875000 1556000
V1 1875000 1556000 1115290 1556000
V1 1115290 1556000 1099090 1539800
Net74 5 
V1 2848980 1650080 2840340 1641440
V1 2840340 1641440 2400000 1641440
V1 2400000 1641440 1875000 1550600
V1 1875000 1550600 1504800 1550600
V1 1504800 1550600 1494000 1539800
Net75 5 
V1 2892280 1650080 2879320 1637120
V1 2879320 1637120 2400000 1637120
V1 2400000 1637120 1875000 1545200
V1 1875000 1545200 1565220 1545200
V1 1565220 1545200 1559820 1539800
Net76 5 
V1 2935582 1650080 2918302 1632800
V1 2918302 1632800 2400000 1632800
V1 2400000 1632800 1875000 1525400
V1 1875000 1525400 850220 1525400
V1 850220 1525400 835820 1539800
Net77 5 
V1 2654130 1624160 2645490 1615520
V1 2645490 1615520 2400000 1615520
V1 2400000 1615520 1875000 1482200
V1 1875000 1482200 1080582 1482200
V1 1080582 1482200 1066182 1496600
Net78 5 
V1 2697430 1624160 2693110 1628480
V1 2693110 1628480 2400000 1628480
V1 2400000 1628480 1875000 1511000
V1 1875000 1511000 1212220 1511000
V1 1212220 1511000 1197820 1496600
Net87 5 
V1 2935582 1598240 2926942 1606880
V1 2926942 1606880 2400000 1606880
V1 2400000 1606880 1875000 1467800
V1 1875000 1467800 897530 1467800
V1 897530 1467800 868730 1496600
