Nets 11
Net8 5 
M3 3957492 1972230 3929721 2000001
M3 3929721 2000001 2400000 2000001
M3 2400000 2000001 1875000 1811960
M3 1875000 1811960 1575810 1811960
M3 1575810 1811960 1562850 1824920
Net29 5 
M3 3481180 1861140 3462660 1879659
M3 3462660 1879659 2400000 1879659
M3 2400000 1879659 1875000 1760120
M3 1875000 1760120 1255380 1760120
M3 1255380 1760120 1242420 1773080
Net30 5 
M3 3671710 1861140 3634676 1898173
M3 3634676 1898173 2400000 1898173
M3 2400000 1898173 1875000 1766600
M3 1875000 1766600 1377070 1766600
M3 1377070 1766600 1370590 1773080
Net43 5 
M3 4005130 1805600 3977361 1833368
M3 3977361 1833368 2400000 1833368
M3 2400000 1833368 1875000 1753640
M3 1875000 1753640 1197772 1753640
M3 1197772 1753640 1178332 1773080
Net52 5 
M3 3957492 1750060 3929723 1777828
M3 3929723 1777828 2400000 1777828
M3 2400000 1777828 1875000 1630520
M3 1875000 1630520 1607850 1630520
M3 1607850 1630520 1594890 1643480
Net59 5 
M3 3433550 1694512 3405773 1722288
M3 3405773 1722288 2400000 1722288
M3 2400000 1722288 1875000 1604600
M3 1875000 1604600 1511720 1604600
M3 1511720 1604600 1498760 1617560
Net73 5 
M3 3671710 1638970 3660601 1650078
M3 3660601 1650078 2400000 1650078
M3 2400000 1650078 1875000 1496600
M3 1875000 1496600 1516040 1496600
M3 1516040 1496600 1498760 1513880
Net74 5 
M3 3766970 1638970 3744753 1661187
M3 3744753 1661187 2400000 1661187
M3 2400000 1661187 1875000 1505240
M3 1875000 1505240 1571490 1505240
M3 1571490 1505240 1562850 1513880
Net75 5 
M3 3862230 1638970 3828904 1672295
M3 3828904 1672295 2400000 1672295
M3 2400000 1672295 1875000 1522520
M3 1875000 1522520 1548090 1522520
M3 1548090 1522520 1530810 1539800
Net76 5 
M3 3957492 1638970 3913058 1683404
M3 3913058 1683404 2400000 1683404
M3 2400000 1683404 1875000 1531160
M3 1875000 1531160 1603530 1531160
M3 1603530 1531160 1594890 1539800
Net83 5 
M3 3433550 1583430 3405781 1611198
M3 3405781 1611198 2400000 1611198
M3 2400000 1611198 1875000 1475000
M3 1875000 1475000 1287420 1475000
M3 1287420 1475000 1274460 1487960
