Nets 22
Net4 5 
M2 2712150 1961120 2703510 1969760
M2 2703510 1969760 2400000 1969760
M2 2400000 1969760 1875000 1833560
M2 1875000 1833560 1291740 1833560
M2 1291740 1833560 1274460 1850840
Net5 5 
M2 2776240 1961120 2758960 1978400
M2 2758960 1978400 2400000 1978400
M2 2400000 1978400 1875000 1842200
M2 1875000 1842200 1347190 1842200
M2 1347190 1842200 1338550 1850840
Net16 5 
M2 2712150 1909280 2703510 1917920
M2 2703510 1917920 2400000 1917920
M2 2400000 1917920 1875000 1781720
M2 1875000 1781720 1291740 1781720
M2 1291740 1781720 1274460 1799000
Net17 5 
M2 2776240 1909280 2758960 1926560
M2 2758960 1926560 2400000 1926560
M2 2400000 1926560 1875000 1790360
M2 1875000 1790360 1347190 1790360
M2 1347190 1790360 1338550 1799000
Net23 5 
M2 2808280 1883360 2803096 1888544
M2 2803096 1888544 2400000 1888544
M2 2400000 1888544 1875000 1752344
M2 1875000 1752344 1391326 1752344
M2 1391326 1752344 1370590 1773080
Net24 5 
M2 2872362 1883360 2861994 1893728
M2 2861994 1893728 2400000 1893728
M2 2400000 1893728 1875000 1757528
M2 1875000 1757528 1450232 1757528
M2 1450232 1757528 1434680 1773080
Net25 5 
M2 2936450 1883360 2920898 1898912
M2 2920898 1898912 2400000 1898912
M2 2400000 1898912 1875000 1762712
M2 1875000 1762712 1509128 1762712
M2 1509128 1762712 1498760 1773080
Net26 5 
M2 3000540 1883360 2979804 1904096
M2 2979804 1904096 2400000 1904096
M2 2400000 1904096 1875000 1767896
M2 1875000 1767896 1568034 1767896
M2 1568034 1767896 1562850 1773080
Net30 5 
M2 2968490 1857440 2955530 1870400
M2 2955530 1870400 2400000 1870400
M2 2400000 1870400 1875000 1734200
M2 1875000 1734200 1543770 1734200
M2 1543770 1734200 1530810 1747160
Net34 5 
M2 2744190 1831520 2735550 1840160
M2 2735550 1840160 2400000 1840160
M2 2400000 1840160 1875000 1703960
M2 1875000 1703960 1323790 1703960
M2 1323790 1703960 1306510 1721240
Net37 5 
M2 2936450 1831520 2919170 1848800
M2 2919170 1848800 2400000 1848800
M2 2400000 1848800 1875000 1712600
M2 1875000 1712600 1507400 1712600
M2 1507400 1712600 1498760 1721240
Net44 5 
M2 2680110 1779680 2667150 1792640
M2 2667150 1792640 2400000 1792640
M2 2400000 1792640 1875000 1656440
M2 1875000 1656440 1255380 1656440
M2 1255380 1656440 1242420 1669400
Net48 5 
M2 2712150 1753760 2703510 1762400
M2 2703510 1762400 2400000 1762400
M2 2400000 1762400 1875000 1626200
M2 1875000 1626200 1291740 1626200
M2 1291740 1626200 1274460 1643480
Net51 5 
M2 2904410 1753760 2887130 1771040
M2 2887130 1771040 2400000 1771040
M2 2400000 1771040 1875000 1634840
M2 1875000 1634840 1475360 1634840
M2 1475360 1634840 1466720 1643480
Net58 5 
M2 2936450 1727840 2927810 1736480
M2 2927810 1736480 2400000 1736480
M2 2400000 1736480 1875000 1600280
M2 1875000 1600280 1516040 1600280
M2 1516040 1600280 1498760 1617560
Net59 5 
M2 3000540 1727840 2983260 1745120
M2 2983260 1745120 2400000 1745120
M2 2400000 1745120 1875000 1608920
M2 1875000 1608920 1571490 1608920
M2 1571490 1608920 1562850 1617560
Net61 5 
M2 2776240 1701920 2763280 1714880
M2 2763280 1714880 2400000 1714880
M2 2400000 1714880 1875000 1578680
M2 1875000 1578680 1351510 1578680
M2 1351510 1578680 1338550 1591640
Net68 5 
M2 2872362 1676000 2859402 1688960
M2 2859402 1688960 2400000 1688960
M2 2400000 1688960 1875000 1552760
M2 1875000 1552760 1447640 1552760
M2 1447640 1552760 1434680 1565720
Net71 5 
M2 2712150 1650080 2703510 1658720
M2 2703510 1658720 2400000 1658720
M2 2400000 1658720 1875000 1522520
M2 1875000 1522520 1227660 1522520
M2 1227660 1522520 1210380 1539800
Net72 5 
M2 2776240 1650080 2758960 1667360
M2 2758960 1667360 2400000 1667360
M2 2400000 1667360 1875000 1531160
M2 1875000 1531160 1347190 1531160
M2 1347190 1531160 1338550 1539800
Net78 5 
M2 2744190 1624160 2735550 1632800
M2 2735550 1632800 2400000 1632800
M2 2400000 1632800 1875000 1496600
M2 1875000 1496600 1323790 1496600
M2 1323790 1496600 1306510 1513880
Net81 5 
M2 2936450 1624160 2919170 1641440
M2 2919170 1641440 2400000 1641440
M2 2400000 1641440 1875000 1505240
M2 1875000 1505240 1507400 1505240
M2 1507400 1505240 1498760 1513880
