Nets 48
Net6 5 
M2 3454790 1603400 3433190 1625000
M2 3433190 1625000 2300000 1625000
M2 2300000 1625000 1875000 1863800
M2 1875000 1863800 592420 1863800
M2 592420 1863800 570820 1885400
Net9 5 
M2 2792280 1560200 2786880 1565600
M2 2786880 1565600 2300000 1565600
M2 2300000 1565600 1875000 1804400
M2 1875000 1804400 911730 1804400
M2 911730 1804400 873930 1842200
Net10 5 
M2 2870227 1560200 2859427 1571000
M2 2859427 1571000 2300000 1571000
M2 2300000 1571000 1875000 1809800
M2 1875000 1809800 992930 1809800
M2 992930 1809800 960530 1842200
Net11 5 
M2 2948170 1560200 2931970 1576400
M2 2931970 1576400 2300000 1576400
M2 2300000 1576400 1875000 1815200
M2 1875000 1815200 1160732 1815200
M2 1160732 1815200 1133732 1842200
Net12 5 
M2 3104050 1560200 3082450 1581800
M2 3082450 1581800 2300000 1581800
M2 2300000 1581800 1875000 1820600
M2 1875000 1820600 1328540 1820600
M2 1328540 1820600 1306940 1842200
Net13 5 
M2 3181997 1560200 3154997 1587200
M2 3154997 1587200 2300000 1587200
M2 2300000 1587200 1875000 1826000
M2 1875000 1826000 1409740 1826000
M2 1409740 1826000 1393540 1842200
Net14 5 
M2 3259940 1560200 3227540 1592600
M2 3227540 1592600 2300000 1592600
M2 2300000 1592600 1875000 1831400
M2 1875000 1831400 1490942 1831400
M2 1490942 1831400 1480142 1842200
Net15 5 
M2 3337880 1560200 3300080 1598000
M2 3300080 1598000 2300000 1598000
M2 2300000 1598000 1875000 1836800
M2 1875000 1836800 1572150 1836800
M2 1572150 1836800 1566750 1842200
Net19 5 
M2 2831252 1517000 2825080 1523172
M2 2825080 1523172 2300000 1523172
M2 2300000 1523172 1875000 1761971
M2 1875000 1761971 1040858 1761971
M2 1040858 1761971 1003830 1799000
Net20 5 
M2 2987140 1517000 2974796 1529343
M2 2974796 1529343 2300000 1529343
M2 2300000 1529343 1875000 1768142
M2 1875000 1768142 1121287 1768142
M2 1121287 1768142 1090430 1799000
Net21 5 
M2 3065080 1517000 3046565 1535515
M2 3046565 1535515 2300000 1535515
M2 2300000 1535515 1875000 1774313
M2 1875000 1774313 1201723 1774313
M2 1201723 1774313 1177037 1799000
Net22 5 
M2 3143020 1517000 3118333 1541686
M2 3118333 1541686 2300000 1541686
M2 2300000 1541686 1875000 1780485
M2 1875000 1780485 1282155 1780485
M2 1282155 1780485 1263640 1799000
Net23 5 
M2 3298910 1517000 3268052 1547857
M2 3268052 1547857 2300000 1547857
M2 2300000 1547857 1875000 1786656
M2 1875000 1786656 1362583 1786656
M2 1362583 1786656 1350240 1799000
Net24 5 
M2 3376850 1517000 3339821 1554028
M2 3339821 1554028 2300000 1554028
M2 2300000 1554028 1875000 1792827
M2 1875000 1792827 1529620 1792827
M2 1529620 1792827 1523447 1799000
Net28 5 
M2 2792280 1473800 2786880 1479200
M2 2786880 1479200 2300000 1479200
M2 2300000 1479200 1875000 1718000
M2 1875000 1718000 911730 1718000
M2 911730 1718000 873930 1755800
Net29 5 
M2 2870227 1473800 2859427 1484600
M2 2859427 1484600 2300000 1484600
M2 2300000 1484600 1875000 1723400
M2 1875000 1723400 992930 1723400
M2 992930 1723400 960530 1755800
Net30 5 
M2 3026110 1473800 3009910 1490000
M2 3009910 1490000 2300000 1490000
M2 2300000 1490000 1875000 1728800
M2 1875000 1728800 1074130 1728800
M2 1074130 1728800 1047130 1755800
Net31 5 
M2 3104050 1473800 3082450 1495400
M2 3082450 1495400 2300000 1495400
M2 2300000 1495400 1875000 1734200
M2 1875000 1734200 1155332 1734200
M2 1155332 1734200 1133732 1755800
Net32 5 
M2 3181997 1473800 3154997 1500800
M2 3154997 1500800 2300000 1500800
M2 2300000 1500800 1875000 1739600
M2 1875000 1739600 1323140 1739600
M2 1323140 1739600 1306940 1755800
Net33 5 
M2 3337880 1473800 3305480 1506200
M2 3305480 1506200 2300000 1506200
M2 2300000 1506200 1875000 1745000
M2 1875000 1745000 1490942 1745000
M2 1490942 1745000 1480142 1755800
Net34 5 
M2 3415820 1473800 3378020 1511600
M2 3378020 1511600 2300000 1511600
M2 2300000 1511600 1875000 1750400
M2 1875000 1750400 1572150 1750400
M2 1572150 1750400 1566750 1755800
Net38 5 
M2 2831252 1430600 2825080 1436772
M2 2825080 1436772 2300000 1436772
M2 2300000 1436772 1875000 1675571
M2 1875000 1675571 954258 1675571
M2 954258 1675571 917230 1712600
Net39 5 
M2 2987140 1430600 2974796 1442943
M2 2974796 1442943 2300000 1442943
M2 2300000 1442943 1875000 1681742
M2 1875000 1681742 1034687 1681742
M2 1034687 1681742 1003830 1712600
Net40 5 
M2 3143020 1430600 3124505 1449115
M2 3124505 1449115 2300000 1449115
M2 2300000 1449115 1875000 1687913
M2 1875000 1687913 1201723 1687913
M2 1201723 1687913 1177037 1712600
Net41 5 
M2 3220970 1430600 3196283 1455286
M2 3196283 1455286 2300000 1455286
M2 2300000 1455286 1875000 1694085
M2 1875000 1694085 1282155 1694085
M2 1282155 1694085 1263640 1712600
Net42 5 
M2 3298910 1430600 3268052 1461457
M2 3268052 1461457 2300000 1461457
M2 2300000 1461457 1875000 1700256
M2 1875000 1700256 1362583 1700256
M2 1362583 1700256 1350240 1712600
Net43 5 
M2 3376850 1430600 3339821 1467628
M2 3339821 1467628 2300000 1467628
M2 2300000 1467628 1875000 1706427
M2 1875000 1706427 1443012 1706427
M2 1443012 1706427 1436840 1712600
Net55 5 
M2 2987140 1344200 2976340 1355000
M2 2976340 1355000 2300000 1355000
M2 2300000 1355000 1875000 1597400
M2 1875000 1597400 1032630 1597400
M2 1032630 1597400 1003830 1626200
Net56 5 
M2 3065080 1344200 3043480 1365800
M2 3043480 1365800 2300000 1365800
M2 2300000 1365800 1875000 1611800
M2 1875000 1611800 1104830 1611800
M2 1104830 1611800 1090430 1626200
Net61 5 
M2 3454790 1344200 3422390 1376600
M2 3422390 1376600 2300000 1376600
M2 2300000 1376600 1875000 1647800
M2 1875000 1647800 592420 1647800
M2 592420 1647800 570820 1626200
Net64 5 
M2 2870227 1301000 2864055 1307172
M2 2864055 1307172 2300000 1307172
M2 2300000 1307172 1875000 1545971
M2 1875000 1545971 997558 1545971
M2 997558 1545971 960530 1583000
Net65 5 
M2 2948170 1301000 2935826 1313343
M2 2935826 1313343 2300000 1313343
M2 2300000 1313343 1875000 1552142
M2 1875000 1552142 1077987 1552142
M2 1077987 1552142 1047130 1583000
Net66 5 
M2 3026110 1301000 3007595 1319515
M2 3007595 1319515 2300000 1319515
M2 2300000 1319515 1875000 1558313
M2 1875000 1558313 1158418 1558313
M2 1158418 1558313 1133732 1583000
Net67 5 
M2 3104050 1301000 3079363 1325686
M2 3079363 1325686 2300000 1325686
M2 2300000 1325686 1875000 1564485
M2 1875000 1564485 1325455 1564485
M2 1325455 1564485 1306940 1583000
Net68 5 
M2 3259940 1301000 3229082 1331857
M2 3229082 1331857 2300000 1331857
M2 2300000 1331857 1875000 1570656
M2 1875000 1570656 1492486 1570656
M2 1492486 1570656 1480142 1583000
Net69 5 
M2 3337880 1301000 3300851 1338028
M2 3300851 1338028 2300000 1338028
M2 2300000 1338028 1875000 1576827
M2 1875000 1576827 1572922 1576827
M2 1572922 1576827 1566750 1583000
Net73 5 
M2 2753310 1257800 2747910 1263200
M2 2747910 1263200 2300000 1263200
M2 2300000 1263200 1875000 1502000
M2 1875000 1502000 955030 1502000
M2 955030 1502000 917230 1539800
Net74 5 
M2 2831252 1257800 2820452 1268600
M2 2820452 1268600 2300000 1268600
M2 2300000 1268600 1875000 1507400
M2 1875000 1507400 1036230 1507400
M2 1036230 1507400 1003830 1539800
Net75 5 
M2 2987140 1257800 2970940 1274000
M2 2970940 1274000 2300000 1274000
M2 2300000 1274000 1875000 1512800
M2 1875000 1512800 1204037 1512800
M2 1204037 1512800 1177037 1539800
Net76 5 
M2 3143020 1257800 3121420 1279400
M2 3121420 1279400 2300000 1279400
M2 2300000 1279400 1875000 1518200
M2 1875000 1518200 1285240 1518200
M2 1285240 1518200 1263640 1539800
Net77 5 
M2 3220970 1257800 3193970 1284800
M2 3193970 1284800 2300000 1284800
M2 2300000 1284800 1875000 1523600
M2 1875000 1523600 1366440 1523600
M2 1366440 1523600 1350240 1539800
Net78 5 
M2 3298910 1257800 3266510 1290200
M2 3266510 1290200 2300000 1290200
M2 2300000 1290200 1875000 1529000
M2 1875000 1529000 1447640 1529000
M2 1447640 1529000 1436840 1539800
Net79 5 
M2 3376850 1257800 3339050 1295600
M2 3339050 1295600 2300000 1295600
M2 2300000 1295600 1875000 1534400
M2 1875000 1534400 1528847 1534400
M2 1528847 1534400 1523447 1539800
Net82 5 
M2 2792280 1214600 2785080 1221800
M2 2785080 1221800 2300000 1221800
M2 2300000 1221800 1875000 1460600
M2 1875000 1460600 1083130 1460600
M2 1083130 1460600 1047130 1496600
Net83 5 
M2 2870227 1214600 2855827 1229000
M2 2855827 1229000 2300000 1229000
M2 2300000 1229000 1875000 1467800
M2 1875000 1467800 1162532 1467800
M2 1162532 1467800 1133732 1496600
Net84 5 
M2 3026110 1214600 3004510 1236200
M2 3004510 1236200 2300000 1236200
M2 2300000 1236200 1875000 1475000
M2 1875000 1475000 1328540 1475000
M2 1328540 1475000 1306940 1496600
Net85 5 
M2 3104050 1214600 3075250 1243400
M2 3075250 1243400 2300000 1243400
M2 2300000 1243400 1875000 1482200
M2 1875000 1482200 1407940 1482200
M2 1407940 1482200 1393540 1496600
Net86 5 
M2 3259940 1214600 3223940 1250600
M2 3223940 1250600 2300000 1250600
M2 2300000 1250600 1875000 1489400
M2 1875000 1489400 1573950 1489400
M2 1573950 1489400 1566750 1496600
