Nets 42
Net0 5 
V1 2597430 1603400 2588790 1612040
V1 2588790 1612040 2300000 1612040
V1 2300000 1612040 1875000 1859480
V1 1875000 1859480 1329850 1859480
V1 1329850 1859480 1312570 1876760
Net1 5 
V1 2753310 1603400 2736030 1620680
V1 2736030 1620680 2300000 1620680
V1 2300000 1620680 1875000 1863800
V1 1875000 1863800 1432917 1863800
V1 1432917 1863800 1419957 1876760
Net2 5 
V1 2831252 1603400 2805332 1629320
V1 2805332 1629320 2300000 1629320
V1 2300000 1629320 1875000 1868120
V1 1875000 1868120 1535980 1868120
V1 1535980 1868120 1527340 1876760
Net3 5 
V1 2987140 1603400 2952580 1637960
V1 2952580 1637960 2300000 1637960
V1 2300000 1637960 1875000 1872440
V1 1875000 1872440 1585360 1872440
V1 1585360 1872440 1581040 1876760
Net6 5 
V1 3454790 1603400 3448618 1597228
V1 3448618 1597228 2300000 1597228
V1 2300000 1597228 1875000 1855160
V1 1875000 1855160 1280472 1855160
V1 1280472 1855160 1258872 1876760
Net7 5 
V1 2636400 1560200 2630227 1566372
V1 2630227 1566372 2300000 1566372
V1 2300000 1566372 1875000 1829240
V1 1875000 1829240 1316890 1829240
V1 1316890 1829240 1312570 1824920
Net8 5 
V1 2714340 1560200 2705700 1551560
V1 2705700 1551560 2300000 1551560
V1 2300000 1551560 1875000 1811960
V1 1875000 1811960 1379220 1811960
V1 1379220 1811960 1366260 1824920
Net9 5 
V1 2792280 1560200 2779936 1572543
V1 2779936 1572543 2300000 1572543
V1 2300000 1572543 1875000 1833560
V1 1875000 1833560 1356697 1833560
V1 1356697 1833560 1339417 1850840
Net10 5 
V1 2870227 1560200 2851712 1578715
V1 2851712 1578715 2300000 1578715
V1 2300000 1578715 1875000 1837880
V1 1875000 1837880 1406070 1837880
V1 1406070 1837880 1393110 1850840
Net11 5 
V1 2948170 1560200 2923483 1584886
V1 2923483 1584886 2300000 1584886
V1 2300000 1584886 1875000 1842200
V1 1875000 1842200 1455440 1842200
V1 1455440 1842200 1446800 1850840
Net12 5 
V1 3104050 1560200 3073192 1591057
V1 3073192 1591057 2300000 1591057
V1 2300000 1591057 1875000 1846520
V1 1875000 1846520 1504817 1846520
V1 1504817 1846520 1500497 1850840
Net17 5 
V1 2597430 1517000 2590230 1509800
V1 2590230 1509800 2300000 1509800
V1 2300000 1509800 1875000 1778264
V1 1875000 1778264 1360153 1778264
V1 1360153 1778264 1339417 1799000
Net18 5 
V1 2675370 1517000 2666730 1525640
V1 2666730 1525640 2300000 1525640
V1 2300000 1525640 1875000 1783448
V1 1875000 1783448 1408662 1783448
V1 1408662 1783448 1393110 1799000
Net19 5 
V1 2831252 1517000 2813972 1534280
V1 2813972 1534280 2300000 1534280
V1 2300000 1534280 1875000 1788632
V1 1875000 1788632 1457168 1788632
V1 1457168 1788632 1446800 1799000
Net20 5 
V1 2987140 1517000 2961220 1542920
V1 2961220 1542920 2300000 1542920
V1 2300000 1542920 1875000 1793816
V1 1875000 1793816 1505681 1793816
V1 1505681 1793816 1500497 1799000
Net22 5 
V1 3143020 1517000 3128620 1502600
V1 3128620 1502600 2300000 1502600
V1 2300000 1502600 1875000 1764440
V1 1875000 1764440 1535980 1764440
V1 1535980 1764440 1527340 1773080
Net26 5 
V1 2636400 1473800 2625600 1463000
V1 2625600 1463000 2300000 1463000
V1 2300000 1463000 1875000 1703960
V1 1875000 1703960 1329850 1703960
V1 1329850 1703960 1312570 1721240
Net27 5 
V1 2714340 1473800 2707140 1481000
V1 2707140 1481000 2300000 1481000
V1 2300000 1481000 1875000 1712600
V1 1875000 1712600 1374900 1712600
V1 1374900 1712600 1366260 1721240
Net28 5 
V1 2792280 1473800 2777880 1488200
V1 2777880 1488200 2300000 1488200
V1 2300000 1488200 1875000 1734200
V1 1875000 1734200 1406070 1734200
V1 1406070 1734200 1393110 1747160
Net30 5 
V1 3026110 1473800 3004510 1495400
V1 3004510 1495400 2300000 1495400
V1 2300000 1495400 1875000 1755800
V1 1875000 1755800 1329850 1755800
V1 1329850 1755800 1312570 1773080
Net36 5 
V1 2597430 1430600 2590230 1423400
V1 2590230 1423400 2300000 1423400
V1 2300000 1423400 1875000 1675880
V1 1875000 1675880 1358857 1675880
V1 1358857 1675880 1339417 1695320
Net39 5 
V1 2987140 1430600 2976340 1441400
V1 2976340 1441400 2300000 1441400
V1 2300000 1441400 1875000 1682360
V1 1875000 1682360 1513457 1682360
V1 1513457 1682360 1500497 1695320
Net40 5 
V1 3143020 1430600 3121420 1452200
V1 3121420 1452200 2300000 1452200
V1 2300000 1452200 1875000 1688840
V1 1875000 1688840 1614360 1688840
V1 1614360 1688840 1607880 1695320
Net45 5 
V1 2792280 1387400 2785080 1394600
V1 2785080 1394600 2300000 1394600
V1 2300000 1394600 1875000 1626200
V1 1875000 1626200 1410390 1626200
V1 1410390 1626200 1393110 1643480
Net46 5 
V1 2870227 1387400 2855827 1401800
V1 2855827 1401800 2300000 1401800
V1 2300000 1401800 1875000 1634840
V1 1875000 1634840 1455440 1634840
V1 1455440 1634840 1446800 1643480
Net47 5 
V1 2948170 1387400 2926570 1409000
V1 2926570 1409000 2300000 1409000
V1 2300000 1409000 1875000 1652120
V1 1875000 1652120 1329850 1652120
V1 1329850 1652120 1312570 1669400
Net51 5 
V1 3415820 1387400 3387020 1416200
V1 3387020 1416200 2300000 1416200
V1 2300000 1416200 1875000 1660760
V1 1875000 1660760 1589680 1660760
V1 1589680 1660760 1581040 1669400
Net52 5 
V1 2597430 1344200 2588790 1352840
V1 2588790 1352840 2300000 1352840
V1 2300000 1352840 1875000 1596824
V1 1875000 1596824 1333306 1596824
V1 1333306 1596824 1312570 1617560
Net53 5 
V1 2675370 1344200 2658090 1361480
V1 2658090 1361480 2300000 1361480
V1 2300000 1361480 1875000 1602008
V1 1875000 1602008 1381812 1602008
V1 1381812 1602008 1366260 1617560
Net54 5 
V1 2831252 1344200 2805332 1370120
V1 2805332 1370120 2300000 1370120
V1 2300000 1370120 1875000 1607192
V1 1875000 1607192 1484018 1607192
V1 1484018 1607192 1473650 1617560
Net56 5 
V1 3065080 1344200 3054280 1333400
V1 3054280 1333400 2300000 1333400
V1 2300000 1333400 1875000 1578680
V1 1875000 1578680 1620840 1578680
V1 1620840 1578680 1607880 1591640
Net58 5 
V1 3220970 1344200 3186410 1378760
V1 3186410 1378760 2300000 1378760
V1 2300000 1378760 1875000 1612376
V1 1875000 1612376 1532524 1612376
V1 1532524 1612376 1527340 1617560
Net63 5 
V1 2792280 1301000 2781480 1311800
V1 2781480 1311800 2300000 1311800
V1 2300000 1311800 1875000 1552760
V1 1875000 1552760 1325530 1552760
V1 1325530 1552760 1312570 1565720
Net66 5 
V1 3026110 1301000 3004510 1322600
V1 3004510 1322600 2300000 1322600
V1 2300000 1322600 1875000 1559240
V1 1875000 1559240 1372740 1559240
V1 1372740 1559240 1366260 1565720
Net75 5 
V1 2987140 1257800 2980967 1263972
V1 2980967 1263972 2300000 1263972
V1 2300000 1263972 1875000 1500920
V1 1875000 1500920 1486610 1500920
V1 1486610 1500920 1473650 1513880
Net76 5 
V1 3143020 1257800 3130676 1270143
V1 3130676 1270143 2300000 1270143
V1 2300000 1270143 1875000 1505240
V1 1875000 1505240 1535980 1505240
V1 1535980 1505240 1527340 1513880
Net77 5 
V1 3220970 1257800 3202455 1276315
V1 3202455 1276315 2300000 1276315
V1 2300000 1276315 1875000 1509560
V1 1875000 1509560 1585360 1509560
V1 1585360 1509560 1581040 1513880
Net78 5 
V1 3298910 1257800 3274223 1282486
V1 3274223 1282486 2300000 1282486
V1 2300000 1282486 1875000 1522520
V1 1875000 1522520 1571470 1522520
V1 1571470 1522520 1554190 1539800
Net79 5 
V1 3376850 1257800 3345992 1288657
V1 3345992 1288657 2300000 1288657
V1 2300000 1288657 1875000 1531160
V1 1875000 1531160 1616520 1531160
V1 1616520 1531160 1607880 1539800
Net80 5 
V1 3454790 1257800 3417761 1294828
V1 3417761 1294828 2300000 1294828
V1 2300000 1294828 1875000 1546280
V1 1875000 1546280 1278312 1546280
V1 1278312 1546280 1258872 1565720
Net81 5 
V1 2636400 1214600 2622000 1229000
V1 2622000 1229000 2300000 1229000
V1 2300000 1229000 1875000 1492280
V1 1875000 1492280 1334170 1492280
V1 1334170 1492280 1312570 1513880
Net82 5 
V1 2792280 1214600 2763480 1243400
V1 2763480 1243400 2300000 1243400
V1 2300000 1243400 1875000 1496600
V1 1875000 1496600 1383540 1496600
V1 1383540 1496600 1366260 1513880
