Nets 22
Net4 5 
M2 2612150 1586120 2603510 1594760
M2 2603510 1594760 2300000 1594760
M2 2300000 1594760 1875000 1833560
M2 1875000 1833560 1291740 1833560
M2 1291740 1833560 1274460 1850840
Net5 5 
M2 2676240 1586120 2658960 1603400
M2 2658960 1603400 2300000 1603400
M2 2300000 1603400 1875000 1842200
M2 1875000 1842200 1347190 1842200
M2 1347190 1842200 1338550 1850840
Net16 5 
M2 2612150 1534280 2603510 1542920
M2 2603510 1542920 2300000 1542920
M2 2300000 1542920 1875000 1781720
M2 1875000 1781720 1291740 1781720
M2 1291740 1781720 1274460 1799000
Net17 5 
M2 2676240 1534280 2658960 1551560
M2 2658960 1551560 2300000 1551560
M2 2300000 1551560 1875000 1790360
M2 1875000 1790360 1347190 1790360
M2 1347190 1790360 1338550 1799000
Net23 5 
M2 2708280 1508360 2703096 1513544
M2 2703096 1513544 2300000 1513544
M2 2300000 1513544 1875000 1752344
M2 1875000 1752344 1391326 1752344
M2 1391326 1752344 1370590 1773080
Net24 5 
M2 2772362 1508360 2761994 1518728
M2 2761994 1518728 2300000 1518728
M2 2300000 1518728 1875000 1757528
M2 1875000 1757528 1450232 1757528
M2 1450232 1757528 1434680 1773080
Net25 5 
M2 2836450 1508360 2820898 1523912
M2 2820898 1523912 2300000 1523912
M2 2300000 1523912 1875000 1762712
M2 1875000 1762712 1509128 1762712
M2 1509128 1762712 1498760 1773080
Net26 5 
M2 2900540 1508360 2879804 1529096
M2 2879804 1529096 2300000 1529096
M2 2300000 1529096 1875000 1767896
M2 1875000 1767896 1568034 1767896
M2 1568034 1767896 1562850 1773080
Net30 5 
M2 2868490 1482440 2855530 1495400
M2 2855530 1495400 2300000 1495400
M2 2300000 1495400 1875000 1734200
M2 1875000 1734200 1543770 1734200
M2 1543770 1734200 1530810 1747160
Net34 5 
M2 2644190 1456520 2635550 1465160
M2 2635550 1465160 2300000 1465160
M2 2300000 1465160 1875000 1703960
M2 1875000 1703960 1323790 1703960
M2 1323790 1703960 1306510 1721240
Net37 5 
M2 2836450 1456520 2819170 1473800
M2 2819170 1473800 2300000 1473800
M2 2300000 1473800 1875000 1712600
M2 1875000 1712600 1507400 1712600
M2 1507400 1712600 1498760 1721240
Net44 5 
M2 2580110 1404680 2567150 1417640
M2 2567150 1417640 2300000 1417640
M2 2300000 1417640 1875000 1656440
M2 1875000 1656440 1255380 1656440
M2 1255380 1656440 1242420 1669400
Net48 5 
M2 2612150 1378760 2603510 1387400
M2 2603510 1387400 2300000 1387400
M2 2300000 1387400 1875000 1626200
M2 1875000 1626200 1291740 1626200
M2 1291740 1626200 1274460 1643480
Net51 5 
M2 2804410 1378760 2787130 1396040
M2 2787130 1396040 2300000 1396040
M2 2300000 1396040 1875000 1634840
M2 1875000 1634840 1475360 1634840
M2 1475360 1634840 1466720 1643480
Net58 5 
M2 2836450 1352840 2827810 1361480
M2 2827810 1361480 2300000 1361480
M2 2300000 1361480 1875000 1600280
M2 1875000 1600280 1516040 1600280
M2 1516040 1600280 1498760 1617560
Net59 5 
M2 2900540 1352840 2883260 1370120
M2 2883260 1370120 2300000 1370120
M2 2300000 1370120 1875000 1608920
M2 1875000 1608920 1571490 1608920
M2 1571490 1608920 1562850 1617560
Net61 5 
M2 2676240 1326920 2663280 1339880
M2 2663280 1339880 2300000 1339880
M2 2300000 1339880 1875000 1578680
M2 1875000 1578680 1351510 1578680
M2 1351510 1578680 1338550 1591640
Net68 5 
M2 2772362 1301000 2759402 1313960
M2 2759402 1313960 2300000 1313960
M2 2300000 1313960 1875000 1552760
M2 1875000 1552760 1447640 1552760
M2 1447640 1552760 1434680 1565720
Net71 5 
M2 2612150 1275080 2603510 1283720
M2 2603510 1283720 2300000 1283720
M2 2300000 1283720 1875000 1522520
M2 1875000 1522520 1227660 1522520
M2 1227660 1522520 1210380 1539800
Net72 5 
M2 2676240 1275080 2658960 1292360
M2 2658960 1292360 2300000 1292360
M2 2300000 1292360 1875000 1531160
M2 1875000 1531160 1347190 1531160
M2 1347190 1531160 1338550 1539800
Net78 5 
M2 2644190 1249160 2635550 1257800
M2 2635550 1257800 2300000 1257800
M2 2300000 1257800 1875000 1496600
M2 1875000 1496600 1323790 1496600
M2 1323790 1496600 1306510 1513880
Net81 5 
M2 2836450 1249160 2819170 1266440
M2 2819170 1266440 2300000 1266440
M2 2300000 1266440 1875000 1505240
M2 1875000 1505240 1507400 1505240
M2 1507400 1505240 1498760 1513880
