Nets 32
Net13 5 
V2 3257770 1560200 3246970 1571000
V2 3246970 1571000 2300000 1571000
V2 2300000 1571000 1875000 1874909
V2 1875000 1874909 1255620 1874909
V2 1255620 1874909 1238960 1891570
Net14 5 
V2 3344372 1560200 3322772 1581800
V2 3322772 1581800 2300000 1581800
V2 2300000 1581800 1875000 1880464
V2 1875000 1880464 1433656 1880464
V2 1433656 1880464 1422550 1891570
Net15 5 
V2 3430980 1560200 3398580 1592600
V2 3398580 1592600 2300000 1592600
V2 2300000 1592600 1875000 1886018
V2 1875000 1886018 1519901 1886018
V2 1519901 1886018 1514350 1891570
Net16 5 
V2 3604180 1560200 3589780 1545800
V2 3589780 1545800 2300000 1545800
V2 2300000 1545800 1875000 1869355
V2 1875000 1869355 343184 1869355
V2 343184 1869355 320970 1891570
Net20 5 
V2 3041267 1517000 3026867 1531400
V2 3026867 1531400 2300000 1531400
V2 2300000 1531400 1875000 1863801
V2 1875000 1863801 1129031 1863801
V2 1129031 1863801 1101260 1836030
Net21 5 
V2 3127870 1517000 3120670 1509800
V2 3120670 1509800 2300000 1509800
V2 2300000 1509800 1875000 1858247
V2 1875000 1858247 1215277 1858247
V2 1215277 1858247 1193060 1836030
Net22 5 
V2 3214470 1517000 3200070 1502600
V2 3200070 1502600 2300000 1502600
V2 2300000 1502600 1875000 1852692
V2 1875000 1852692 1301520 1852692
V2 1301520 1852692 1284857 1836030
Net23 5 
V2 3387677 1517000 3366077 1495400
V2 3366077 1495400 2300000 1495400
V2 2300000 1495400 1875000 1847138
V2 1875000 1847138 1387761 1847138
V2 1387761 1847138 1376652 1836030
Net24 5 
V2 3474280 1517000 3445480 1488200
V2 3445480 1488200 2300000 1488200
V2 2300000 1488200 1875000 1841584
V2 1875000 1841584 1474004 1841584
V2 1474004 1841584 1468450 1836030
Net27 5 
V2 2738160 1473800 2733840 1469480
V2 2733840 1469480 2300000 1469480
V2 2300000 1469480 1875000 1822144
V2 1875000 1822144 821616 1822144
V2 821616 1822144 779960 1780487
Net28 5 
V2 2824760 1473800 2816120 1465160
V2 2816120 1465160 2300000 1465160
V2 2300000 1465160 1875000 1815201
V2 1875000 1815201 906473 1815201
V2 906473 1815201 871760 1780487
Net29 5 
V2 2911360 1473800 2898400 1460840
V2 2898400 1460840 2300000 1460840
V2 2300000 1460840 1875000 1808258
V2 1875000 1808258 991331 1808258
V2 991331 1808258 963560 1780487
Net30 5 
V2 3084570 1473800 3067290 1456520
V2 3067290 1456520 2300000 1456520
V2 2300000 1456520 1875000 1801315
V2 1875000 1801315 1076188 1801315
V2 1076188 1801315 1055360 1780487
Net31 5 
V2 3171170 1473800 3149570 1452200
V2 3149570 1452200 2300000 1452200
V2 2300000 1452200 1875000 1794373
V2 1875000 1794373 1252845 1794373
V2 1252845 1794373 1238960 1780487
Net32 5 
V2 3257770 1473800 3231850 1447880
V2 3231850 1447880 2300000 1447880
V2 2300000 1447880 1875000 1787430
V2 1875000 1787430 1337695 1787430
V2 1337695 1787430 1330752 1780487
Net33 5 
V2 3430980 1473800 3400740 1443560
V2 3400740 1443560 2300000 1443560
V2 2300000 1443560 1875000 1761968
V2 1875000 1761968 1532869 1761968
V2 1532869 1761968 1514350 1780487
Net34 5 
V2 3517580 1473800 3510380 1481000
V2 3510380 1481000 2300000 1481000
V2 2300000 1481000 1875000 1829086
V2 1875000 1829086 1567193 1829086
V2 1567193 1829086 1560250 1836030
Net35 5 
V2 3604180 1473800 3569620 1439240
V2 3569620 1439240 2300000 1439240
V2 2300000 1439240 1875000 1743454
V2 1875000 1743454 358003 1743454
V2 358003 1743454 320970 1780487
Net36 5 
V2 2608250 1430600 2603930 1434920
V2 2603930 1434920 2300000 1434920
V2 2300000 1434920 1875000 1697171
V2 1875000 1697171 578236 1697171
V2 578236 1697171 550467 1724940
Net60 5 
V2 3474280 1344200 3452680 1365800
V2 3452680 1365800 2300000 1365800
V2 2300000 1365800 1875000 1650888
V2 1875000 1650888 1532862 1650888
V2 1532862 1650888 1514350 1669400
Net61 5 
V2 3560880 1344200 3546480 1329800
V2 3546480 1329800 2300000 1329800
V2 2300000 1329800 1875000 1632374
V2 1875000 1632374 293584 1632374
V2 293584 1632374 275070 1613860
Net64 5 
V2 2911360 1301000 2896960 1315400
V2 2896960 1315400 2300000 1315400
V2 2300000 1315400 1875000 1599969
V2 1875000 1599969 729819 1599969
V2 729819 1599969 688162 1558312
Net65 5 
V2 2997962 1301000 2993642 1296680
V2 2993642 1296680 2300000 1296680
V2 2300000 1296680 1875000 1586083
V2 1875000 1586083 807731 1586083
V2 807731 1586083 779960 1558312
Net66 5 
V2 3084570 1301000 3075930 1292360
V2 3075930 1292360 2300000 1292360
V2 2300000 1292360 1875000 1572198
V2 1875000 1572198 885645 1572198
V2 885645 1572198 871760 1558312
Net71 5 
V2 2608250 1257800 2603930 1262120
V2 2603930 1262120 2300000 1262120
V2 2300000 1262120 1875000 1484255
V2 1875000 1484255 385384 1484255
V2 385384 1484255 366870 1502770
Net74 5 
V2 2868060 1257800 2859420 1266440
V2 2859420 1266440 2300000 1266440
V2 2300000 1266440 1875000 1510704
V2 1875000 1510704 1011168 1510704
V2 1011168 1510704 963560 1558312
Net75 5 
V2 3041267 1257800 3028307 1270760
V2 3028307 1270760 2300000 1270760
V2 2300000 1270760 1875000 1518639
V2 1875000 1518639 1095033 1518639
V2 1095033 1518639 1055360 1558312
Net76 5 
V2 3214470 1257800 3197190 1275080
V2 3197190 1275080 2300000 1275080
V2 2300000 1275080 1875000 1526573
V2 1875000 1526573 1178899 1526573
V2 1178899 1526573 1147160 1558312
Net77 5 
V2 3301070 1257800 3279470 1279400
V2 3279470 1279400 2300000 1279400
V2 2300000 1279400 1875000 1534508
V2 1875000 1534508 1262764 1534508
V2 1262764 1534508 1238960 1558312
Net78 5 
V2 3387677 1257800 3361757 1283720
V2 3361757 1283720 2300000 1283720
V2 2300000 1283720 1875000 1542442
V2 1875000 1542442 1438420 1542442
V2 1438420 1542442 1422550 1558312
Net79 5 
V2 3474280 1257800 3444040 1288040
V2 3444040 1288040 2300000 1288040
V2 2300000 1288040 1875000 1550377
V2 1875000 1550377 1522285 1550377
V2 1522285 1550377 1514350 1558312
Net80 5 
V2 3560880 1257800 3539280 1236200
V2 3539280 1236200 2300000 1236200
V2 2300000 1236200 1875000 1465741
V2 1875000 1465741 312098 1465741
V2 312098 1465741 275070 1502770
