Nets 40
Net0 5 
V1 2597430 1603400 2591257 1609572
V1 2591257 1609572 2300000 1609572
V1 2300000 1609572 1875000 1856600
V1 1875000 1856600 1062077 1856600
V1 1062077 1856600 1033277 1885400
Net1 5 
V1 2753310 1603400 2740966 1615743
V1 2740966 1615743 2300000 1615743
V1 2300000 1615743 1875000 1861400
V1 1875000 1861400 1188910 1861400
V1 1188910 1861400 1164910 1885400
Net2 5 
V1 2831252 1603400 2812737 1621915
V1 2812737 1621915 2300000 1621915
V1 2300000 1621915 1875000 1866200
V1 1875000 1866200 1249930 1866200
V1 1249930 1866200 1230730 1885400
Net3 5 
V1 2987140 1603400 2962453 1628086
V1 2962453 1628086 2300000 1628086
V1 2300000 1628086 1875000 1871000
V1 1875000 1871000 1376762 1871000
V1 1376762 1871000 1362362 1885400
Net4 5 
V1 3065080 1603400 3034222 1634257
V1 3034222 1634257 2300000 1634257
V1 2300000 1634257 1875000 1875800
V1 1875000 1875800 1437780 1875800
V1 1437780 1875800 1428180 1885400
Net5 5 
V1 3220970 1603400 3183941 1640428
V1 3183941 1640428 2300000 1640428
V1 2300000 1640428 1875000 1880600
V1 1875000 1880600 1564620 1880600
V1 1564620 1880600 1559820 1885400
Net7 5 
V1 2636400 1560200 2622000 1574600
V1 2622000 1574600 2300000 1574600
V1 2300000 1574600 1875000 1847000
V1 1875000 1847000 939350 1847000
V1 939350 1847000 934550 1842200
Net8 5 
V1 2714340 1560200 2699940 1545800
V1 2699940 1545800 2300000 1545800
V1 2300000 1545800 1875000 1827800
V1 1875000 1827800 1014770 1827800
V1 1014770 1827800 1000370 1842200
Net16 5 
V1 3493762 1560200 3464962 1589000
V1 3464962 1589000 2300000 1589000
V1 2300000 1589000 1875000 1851800
V1 1875000 1851800 878330 1851800
V1 878330 1851800 868730 1842200
Net17 5 
V1 2597430 1517000 2588790 1508360
V1 2588790 1508360 2300000 1508360
V1 2300000 1508360 1875000 1790360
V1 1875000 1790360 976100 1790360
V1 976100 1790360 967460 1799000
Net18 5 
V1 2675370 1517000 2660970 1531400
V1 2660970 1531400 2300000 1531400
V1 2300000 1531400 1875000 1813400
V1 1875000 1813400 1047677 1813400
V1 1047677 1813400 1033277 1799000
Net25 5 
V1 3454790 1517000 3437510 1499720
V1 3437510 1499720 2300000 1499720
V1 2300000 1499720 1875000 1781720
V1 1875000 1781720 853100 1781720
V1 853100 1781720 835820 1799000
Net26 5 
V1 2636400 1473800 2627760 1482440
V1 2627760 1482440 2300000 1482440
V1 2300000 1482440 1875000 1764440
V1 1875000 1764440 943190 1764440
V1 943190 1764440 934550 1755800
Net27 5 
V1 2714340 1473800 2699940 1459400
V1 2699940 1459400 2300000 1459400
V1 2300000 1459400 1875000 1741400
V1 1875000 1741400 1014770 1741400
V1 1014770 1741400 1000370 1755800
Net35 5 
V1 3493762 1473800 3476482 1491080
V1 3476482 1491080 2300000 1491080
V1 2300000 1491080 1875000 1773080
V1 1875000 1773080 886010 1773080
V1 886010 1773080 868730 1755800
Net36 5 
V1 2597430 1430600 2592630 1425800
V1 2592630 1425800 2300000 1425800
V1 2300000 1425800 1875000 1691000
V1 1875000 1691000 923240 1691000
V1 923240 1691000 901640 1712600
Net37 5 
V1 2675370 1430600 2660970 1445000
V1 2660970 1445000 2300000 1445000
V1 2300000 1445000 1875000 1727000
V1 1875000 1727000 1047677 1727000
V1 1047677 1727000 1033277 1712600
Net44 5 
V1 2714340 1387400 2709540 1382600
V1 2709540 1382600 2300000 1382600
V1 2300000 1382600 1875000 1631000
V1 1875000 1631000 972950 1631000
V1 972950 1631000 934550 1669400
Net45 5 
V1 2792280 1387400 2787480 1392200
V1 2787480 1392200 2300000 1392200
V1 2300000 1392200 1875000 1635800
V1 1875000 1635800 1033970 1635800
V1 1033970 1635800 1000370 1669400
Net46 5 
V1 2870227 1387400 2860627 1397000
V1 2860627 1397000 2300000 1397000
V1 2300000 1397000 1875000 1640600
V1 1875000 1640600 1094982 1640600
V1 1094982 1640600 1066182 1669400
Net47 5 
V1 2948170 1387400 2933770 1401800
V1 2933770 1401800 2300000 1401800
V1 2300000 1401800 1875000 1645400
V1 1875000 1645400 1156000 1645400
V1 1156000 1645400 1132000 1669400
Net48 5 
V1 3104050 1387400 3084850 1406600
V1 3084850 1406600 2300000 1406600
V1 2300000 1406600 1875000 1650200
V1 1875000 1650200 1282840 1650200
V1 1282840 1650200 1263640 1669400
Net49 5 
V1 3181997 1387400 3157997 1411400
V1 3157997 1411400 2300000 1411400
V1 2300000 1411400 1875000 1655000
V1 1875000 1655000 1409670 1655000
V1 1409670 1655000 1395270 1669400
Net50 5 
V1 3259940 1387400 3231140 1416200
V1 3231140 1416200 2300000 1416200
V1 2300000 1416200 1875000 1659800
V1 1875000 1659800 1536510 1659800
V1 1536510 1659800 1526910 1669400
Net51 5 
V1 3415820 1387400 3382220 1421000
V1 3382220 1421000 2300000 1421000
V1 2300000 1421000 1875000 1664600
V1 1875000 1664600 1597530 1664600
V1 1597530 1664600 1592730 1669400
Net52 5 
V1 2597430 1344200 2592630 1349000
V1 2592630 1349000 2300000 1349000
V1 2300000 1349000 1875000 1595960
V1 1875000 1595960 931880 1595960
V1 931880 1595960 901640 1626200
Net53 5 
V1 2675370 1344200 2665770 1353800
V1 2665770 1353800 2300000 1353800
V1 2300000 1353800 1875000 1600280
V1 1875000 1600280 993380 1600280
V1 993380 1600280 967460 1626200
Net54 5 
V1 2831252 1344200 2816852 1358600
V1 2816852 1358600 2300000 1358600
V1 2300000 1358600 1875000 1604600
V1 1875000 1604600 1120690 1604600
V1 1120690 1604600 1099090 1626200
Net57 5 
V1 3143020 1344200 3123820 1363400
V1 3123820 1363400 2300000 1363400
V1 2300000 1363400 1875000 1608920
V1 1875000 1608920 1379642 1608920
V1 1379642 1608920 1362362 1626200
Net58 5 
V1 3220970 1344200 3196970 1368200
V1 3196970 1368200 2300000 1368200
V1 2300000 1368200 1875000 1613240
V1 1875000 1613240 1441140 1613240
V1 1441140 1613240 1428180 1626200
Net59 5 
V1 3298910 1344200 3270110 1373000
V1 3270110 1373000 2300000 1373000
V1 2300000 1373000 1875000 1617560
V1 1875000 1617560 1502640 1617560
V1 1502640 1617560 1494000 1626200
Net60 5 
V1 3376850 1344200 3343250 1377800
V1 3343250 1377800 2300000 1377800
V1 2300000 1377800 1875000 1621880
V1 1875000 1621880 1564140 1621880
V1 1564140 1621880 1559820 1626200
Net62 5 
V1 2636400 1301000 2622000 1315400
V1 2622000 1315400 2300000 1315400
V1 2300000 1315400 1875000 1587320
V1 1875000 1587320 938870 1587320
V1 938870 1587320 934550 1583000
Net63 5 
V1 2792280 1301000 2777880 1286600
V1 2777880 1286600 2300000 1286600
V1 2300000 1286600 1875000 1568600
V1 1875000 1568600 1014770 1568600
V1 1014770 1568600 1000370 1583000
Net70 5 
V1 3493762 1301000 3464962 1329800
V1 3464962 1329800 2300000 1329800
V1 2300000 1329800 1875000 1591640
V1 1875000 1591640 877370 1591640
V1 877370 1591640 868730 1583000
Net71 5 
V1 2597430 1257800 2588790 1249160
V1 2588790 1249160 2300000 1249160
V1 2300000 1249160 1875000 1531160
V1 1875000 1531160 976100 1531160
V1 976100 1531160 967460 1539800
Net72 5 
V1 2675370 1257800 2660970 1272200
V1 2660970 1272200 2300000 1272200
V1 2300000 1272200 1875000 1554200
V1 1875000 1554200 1047677 1554200
V1 1047677 1554200 1033277 1539800
Net80 5 
V1 3454790 1257800 3437510 1240520
V1 3437510 1240520 2300000 1240520
V1 2300000 1240520 1875000 1522520
V1 1875000 1522520 853100 1522520
V1 853100 1522520 835820 1539800
Net81 5 
V1 2636400 1214600 2627760 1223240
V1 2627760 1223240 2300000 1223240
V1 2300000 1223240 1875000 1505240
V1 1875000 1505240 1074822 1505240
V1 1074822 1505240 1066182 1496600
Net87 5 
V1 3493762 1214600 3476482 1231880
V1 3476482 1231880 2300000 1231880
V1 2300000 1231880 1875000 1513880
V1 1875000 1513880 886010 1513880
V1 886010 1513880 868730 1496600
