Nets 26
Net13 5 
V2 2772362 1560200 2765882 1566680
V2 2765882 1566680 2300000 1566680
V2 2300000 1566680 1875000 1858247
V2 1875000 1858247 1288733 1858247
V2 1288733 1858247 1255410 1891570
Net14 5 
V2 2836450 1560200 2823490 1573160
V2 2823490 1573160 2300000 1573160
V2 2300000 1573160 1875000 1869355
V2 1875000 1869355 1454294 1869355
V2 1454294 1869355 1432080 1891570
Net15 5 
V2 2964620 1560200 2945180 1579640
V2 2945180 1579640 2300000 1579640
V2 2300000 1579640 1875000 1880464
V2 1875000 1880464 1531518 1880464
V2 1531518 1880464 1520412 1891570
Net19 5 
V2 2868490 1534280 2862010 1540760
V2 2862010 1540760 2300000 1540760
V2 2300000 1540760 1875000 1799001
V2 1875000 1799001 1159938 1799001
V2 1159938 1799001 1122910 1836030
Net20 5 
V2 2932580 1534280 2919620 1547240
V2 2919620 1547240 2300000 1547240
V2 2300000 1547240 1875000 1817515
V2 1875000 1817515 1406424 1817515
V2 1406424 1817515 1387910 1836030
Net21 5 
V2 2996667 1534280 2977227 1553720
V2 2977227 1553720 2300000 1553720
V2 2300000 1553720 1875000 1847138
V2 1875000 1847138 416494 1847138
V2 416494 1847138 372062 1891570
Net22 5 
V2 2580110 1508360 2571470 1517000
V2 2571470 1517000 2300000 1517000
V2 2300000 1517000 1875000 1758265
V2 1875000 1758265 1100962 1758265
V2 1100962 1758265 1078740 1780487
Net23 5 
V2 2708280 1508360 2691000 1525640
V2 2691000 1525640 2300000 1525640
V2 2300000 1525640 1875000 1769374
V2 1875000 1769374 1266523 1769374
V2 1266523 1769374 1255410 1780487
Net27 5 
V2 2612150 1482440 2599190 1495400
V2 2599190 1495400 2300000 1495400
V2 2300000 1495400 1875000 1747157
V2 1875000 1747157 1023740 1747157
V2 1023740 1747157 990410 1780487
Net34 5 
V2 2644190 1456520 2631230 1469480
V2 2631230 1469480 2300000 1469480
V2 2300000 1469480 1875000 1736048
V2 1875000 1736048 858179 1736048
V2 858179 1736048 813740 1780487
Net35 5 
V2 2708280 1456520 2699640 1447880
V2 2699640 1447880 2300000 1447880
V2 2300000 1447880 1875000 1706428
V2 1875000 1706428 699749 1706428
V2 699749 1706428 681237 1724940
Net39 5 
V2 2612150 1430600 2603510 1439240
V2 2603510 1439240 2300000 1439240
V2 2300000 1439240 1875000 1687914
V2 1875000 1687914 629926 1687914
V2 629926 1687914 592900 1724940
Net51 5 
V2 2804410 1378760 2795770 1387400
V2 2795770 1387400 2300000 1387400
V2 2300000 1387400 1875000 1641631
V2 1875000 1641631 1283179 1641631
V2 1283179 1641631 1255410 1669400
Net53 5 
V2 2932580 1378760 2915300 1396040
V2 2915300 1396040 2300000 1396040
V2 2300000 1396040 1875000 1655516
V2 1875000 1655516 1534296 1655516
V2 1534296 1655516 1520412 1669400
Net61 5 
V2 2676240 1326920 2671920 1331240
V2 2671920 1331240 2300000 1331240
V2 2300000 1331240 1875000 1539798
V2 1875000 1539798 743914 1539798
V2 743914 1539798 725400 1558312
Net62 5 
V2 2740320 1326920 2731680 1335560
V2 2731680 1335560 2300000 1335560
V2 2300000 1335560 1875000 1549055
V2 1875000 1549055 822997 1549055
V2 822997 1549055 813740 1558312
Net63 5 
V2 2804410 1326920 2791450 1339880
V2 2791450 1339880 2300000 1339880
V2 2300000 1339880 1875000 1576826
V2 1875000 1576826 718271 1576826
V2 718271 1576826 681237 1613860
Net64 5 
V2 2932580 1326920 2915300 1344200
V2 2915300 1344200 2300000 1344200
V2 2300000 1344200 1875000 1595340
V2 1875000 1595340 876427 1595340
V2 876427 1595340 857907 1613860
Net65 5 
V2 2996667 1326920 2975067 1348520
V2 2975067 1348520 2300000 1348520
V2 2300000 1348520 1875000 1627745
V2 1875000 1627745 413717 1627745
V2 413717 1627745 372062 1669400
Net66 5 
V2 2580110 1301000 2567150 1313960
V2 2567150 1313960 2300000 1313960
V2 2300000 1313960 1875000 1530541
V2 1875000 1530541 664841 1530541
V2 664841 1530541 637070 1558312
Net77 5 
V2 2580110 1249160 2567150 1262120
V2 2567150 1262120 2300000 1262120
V2 2300000 1262120 1875000 1521284
V2 1875000 1521284 788084 1521284
V2 788084 1521284 769570 1502770
Net78 5 
V2 2644190 1249160 2639870 1244840
V2 2639870 1244840 2300000 1244840
V2 2300000 1244840 1875000 1512027
V2 1875000 1512027 867164 1512027
V2 867164 1512027 857907 1502770
Net83 5 
V2 2612150 1223240 2607830 1227560
V2 2607830 1227560 2300000 1227560
V2 2300000 1227560 1875000 1458336
V2 1875000 1458336 1167344 1458336
V2 1167344 1458336 1122910 1502770
Net84 5 
V2 2676240 1223240 2667600 1231880
V2 2667600 1231880 2300000 1231880
V2 2300000 1231880 1875000 1469444
V2 1875000 1469444 1332905 1469444
V2 1332905 1469444 1299580 1502770
Net85 5 
V2 2804410 1223240 2791450 1236200
V2 2791450 1236200 2300000 1236200
V2 2300000 1236200 1875000 1480553
V2 1875000 1480553 1410127 1480553
V2 1410127 1480553 1387910 1502770
Net86 5 
V2 2932580 1223240 2915300 1240520
V2 2915300 1240520 2300000 1240520
V2 2300000 1240520 1875000 1491661
V2 1875000 1491661 1575688 1491661
V2 1575688 1491661 1564580 1502770
