Nets 48
Net6 5 
M2 3560880 1603400 3539280 1625000
M2 3539280 1625000 2300000 1625000
M2 2300000 1625000 1875000 1863800
M2 1875000 1863800 592420 1863800
M2 592420 1863800 570820 1885400
Net9 5 
M2 2824760 1560200 2819360 1565600
M2 2819360 1565600 2300000 1565600
M2 2300000 1565600 1875000 1804400
M2 1875000 1804400 911730 1804400
M2 911730 1804400 873930 1842200
Net10 5 
M2 2911360 1560200 2900560 1571000
M2 2900560 1571000 2300000 1571000
M2 2300000 1571000 1875000 1809800
M2 1875000 1809800 992930 1809800
M2 992930 1809800 960530 1842200
Net11 5 
M2 2997962 1560200 2981762 1576400
M2 2981762 1576400 2300000 1576400
M2 2300000 1576400 1875000 1815200
M2 1875000 1815200 1160732 1815200
M2 1160732 1815200 1133732 1842200
Net12 5 
M2 3171170 1560200 3149570 1581800
M2 3149570 1581800 2300000 1581800
M2 2300000 1581800 1875000 1820600
M2 1875000 1820600 1328540 1820600
M2 1328540 1820600 1306940 1842200
Net13 5 
M2 3257770 1560200 3230770 1587200
M2 3230770 1587200 2300000 1587200
M2 2300000 1587200 1875000 1826000
M2 1875000 1826000 1409740 1826000
M2 1409740 1826000 1393540 1842200
Net14 5 
M2 3344372 1560200 3311972 1592600
M2 3311972 1592600 2300000 1592600
M2 2300000 1592600 1875000 1831400
M2 1875000 1831400 1490942 1831400
M2 1490942 1831400 1480142 1842200
Net15 5 
M2 3430980 1560200 3393180 1598000
M2 3393180 1598000 2300000 1598000
M2 2300000 1598000 1875000 1836800
M2 1875000 1836800 1572150 1836800
M2 1572150 1836800 1566750 1842200
Net19 5 
M2 2868060 1517000 2861887 1523172
M2 2861887 1523172 2300000 1523172
M2 2300000 1523172 1875000 1761971
M2 1875000 1761971 1040858 1761971
M2 1040858 1761971 1003830 1799000
Net20 5 
M2 3041267 1517000 3028923 1529343
M2 3028923 1529343 2300000 1529343
M2 2300000 1529343 1875000 1768142
M2 1875000 1768142 1121287 1768142
M2 1121287 1768142 1090430 1799000
Net21 5 
M2 3127870 1517000 3109355 1535515
M2 3109355 1535515 2300000 1535515
M2 2300000 1535515 1875000 1774313
M2 1875000 1774313 1201723 1774313
M2 1201723 1774313 1177037 1799000
Net22 5 
M2 3214470 1517000 3189783 1541686
M2 3189783 1541686 2300000 1541686
M2 2300000 1541686 1875000 1780485
M2 1875000 1780485 1282155 1780485
M2 1282155 1780485 1263640 1799000
Net23 5 
M2 3387677 1517000 3356820 1547857
M2 3356820 1547857 2300000 1547857
M2 2300000 1547857 1875000 1786656
M2 1875000 1786656 1362583 1786656
M2 1362583 1786656 1350240 1799000
Net24 5 
M2 3474280 1517000 3437251 1554028
M2 3437251 1554028 2300000 1554028
M2 2300000 1554028 1875000 1792827
M2 1875000 1792827 1529620 1792827
M2 1529620 1792827 1523447 1799000
Net28 5 
M2 2824760 1473800 2819360 1479200
M2 2819360 1479200 2300000 1479200
M2 2300000 1479200 1875000 1718000
M2 1875000 1718000 911730 1718000
M2 911730 1718000 873930 1755800
Net29 5 
M2 2911360 1473800 2900560 1484600
M2 2900560 1484600 2300000 1484600
M2 2300000 1484600 1875000 1723400
M2 1875000 1723400 992930 1723400
M2 992930 1723400 960530 1755800
Net30 5 
M2 3084570 1473800 3068370 1490000
M2 3068370 1490000 2300000 1490000
M2 2300000 1490000 1875000 1728800
M2 1875000 1728800 1074130 1728800
M2 1074130 1728800 1047130 1755800
Net31 5 
M2 3171170 1473800 3149570 1495400
M2 3149570 1495400 2300000 1495400
M2 2300000 1495400 1875000 1734200
M2 1875000 1734200 1155332 1734200
M2 1155332 1734200 1133732 1755800
Net32 5 
M2 3257770 1473800 3230770 1500800
M2 3230770 1500800 2300000 1500800
M2 2300000 1500800 1875000 1739600
M2 1875000 1739600 1323140 1739600
M2 1323140 1739600 1306940 1755800
Net33 5 
M2 3430980 1473800 3398580 1506200
M2 3398580 1506200 2300000 1506200
M2 2300000 1506200 1875000 1745000
M2 1875000 1745000 1490942 1745000
M2 1490942 1745000 1480142 1755800
Net34 5 
M2 3517580 1473800 3479780 1511600
M2 3479780 1511600 2300000 1511600
M2 2300000 1511600 1875000 1750400
M2 1875000 1750400 1572150 1750400
M2 1572150 1750400 1566750 1755800
Net38 5 
M2 2868060 1430600 2861887 1436772
M2 2861887 1436772 2300000 1436772
M2 2300000 1436772 1875000 1675571
M2 1875000 1675571 954258 1675571
M2 954258 1675571 917230 1712600
Net39 5 
M2 3041267 1430600 3028923 1442943
M2 3028923 1442943 2300000 1442943
M2 2300000 1442943 1875000 1681742
M2 1875000 1681742 1034687 1681742
M2 1034687 1681742 1003830 1712600
Net40 5 
M2 3214470 1430600 3195955 1449115
M2 3195955 1449115 2300000 1449115
M2 2300000 1449115 1875000 1687913
M2 1875000 1687913 1201723 1687913
M2 1201723 1687913 1177037 1712600
Net41 5 
M2 3301070 1430600 3276383 1455286
M2 3276383 1455286 2300000 1455286
M2 2300000 1455286 1875000 1694085
M2 1875000 1694085 1282155 1694085
M2 1282155 1694085 1263640 1712600
Net42 5 
M2 3387677 1430600 3356820 1461457
M2 3356820 1461457 2300000 1461457
M2 2300000 1461457 1875000 1700256
M2 1875000 1700256 1362583 1700256
M2 1362583 1700256 1350240 1712600
Net43 5 
M2 3474280 1430600 3437251 1467628
M2 3437251 1467628 2300000 1467628
M2 2300000 1467628 1875000 1706427
M2 1875000 1706427 1443012 1706427
M2 1443012 1706427 1436840 1712600
Net55 5 
M2 3041267 1344200 3030467 1355000
M2 3030467 1355000 2300000 1355000
M2 2300000 1355000 1875000 1597400
M2 1875000 1597400 1032630 1597400
M2 1032630 1597400 1003830 1626200
Net56 5 
M2 3127870 1344200 3106270 1365800
M2 3106270 1365800 2300000 1365800
M2 2300000 1365800 1875000 1611800
M2 1875000 1611800 1104830 1611800
M2 1104830 1611800 1090430 1626200
Net61 5 
M2 3560880 1344200 3528480 1376600
M2 3528480 1376600 2300000 1376600
M2 2300000 1376600 1875000 1647800
M2 1875000 1647800 592420 1647800
M2 592420 1647800 570820 1626200
Net64 5 
M2 2911360 1301000 2905187 1307172
M2 2905187 1307172 2300000 1307172
M2 2300000 1307172 1875000 1545971
M2 1875000 1545971 997558 1545971
M2 997558 1545971 960530 1583000
Net65 5 
M2 2997962 1301000 2985618 1313343
M2 2985618 1313343 2300000 1313343
M2 2300000 1313343 1875000 1552142
M2 1875000 1552142 1077987 1552142
M2 1077987 1552142 1047130 1583000
Net66 5 
M2 3084570 1301000 3066055 1319515
M2 3066055 1319515 2300000 1319515
M2 2300000 1319515 1875000 1558313
M2 1875000 1558313 1158418 1558313
M2 1158418 1558313 1133732 1583000
Net67 5 
M2 3171170 1301000 3146483 1325686
M2 3146483 1325686 2300000 1325686
M2 2300000 1325686 1875000 1564485
M2 1875000 1564485 1325455 1564485
M2 1325455 1564485 1306940 1583000
Net68 5 
M2 3344372 1301000 3313515 1331857
M2 3313515 1331857 2300000 1331857
M2 2300000 1331857 1875000 1570656
M2 1875000 1570656 1492486 1570656
M2 1492486 1570656 1480142 1583000
Net69 5 
M2 3430980 1301000 3393951 1338028
M2 3393951 1338028 2300000 1338028
M2 2300000 1338028 1875000 1576827
M2 1875000 1576827 1572922 1576827
M2 1572922 1576827 1566750 1583000
Net73 5 
M2 2781460 1257800 2776060 1263200
M2 2776060 1263200 2300000 1263200
M2 2300000 1263200 1875000 1502000
M2 1875000 1502000 955030 1502000
M2 955030 1502000 917230 1539800
Net74 5 
M2 2868060 1257800 2857260 1268600
M2 2857260 1268600 2300000 1268600
M2 2300000 1268600 1875000 1507400
M2 1875000 1507400 1036230 1507400
M2 1036230 1507400 1003830 1539800
Net75 5 
M2 3041267 1257800 3025067 1274000
M2 3025067 1274000 2300000 1274000
M2 2300000 1274000 1875000 1512800
M2 1875000 1512800 1204037 1512800
M2 1204037 1512800 1177037 1539800
Net76 5 
M2 3214470 1257800 3192870 1279400
M2 3192870 1279400 2300000 1279400
M2 2300000 1279400 1875000 1518200
M2 1875000 1518200 1285240 1518200
M2 1285240 1518200 1263640 1539800
Net77 5 
M2 3301070 1257800 3274070 1284800
M2 3274070 1284800 2300000 1284800
M2 2300000 1284800 1875000 1523600
M2 1875000 1523600 1366440 1523600
M2 1366440 1523600 1350240 1539800
Net78 5 
M2 3387677 1257800 3355277 1290200
M2 3355277 1290200 2300000 1290200
M2 2300000 1290200 1875000 1529000
M2 1875000 1529000 1447640 1529000
M2 1447640 1529000 1436840 1539800
Net79 5 
M2 3474280 1257800 3436480 1295600
M2 3436480 1295600 2300000 1295600
M2 2300000 1295600 1875000 1534400
M2 1875000 1534400 1528847 1534400
M2 1528847 1534400 1523447 1539800
Net82 5 
M2 2824760 1214600 2817560 1221800
M2 2817560 1221800 2300000 1221800
M2 2300000 1221800 1875000 1460600
M2 1875000 1460600 1083130 1460600
M2 1083130 1460600 1047130 1496600
Net83 5 
M2 2911360 1214600 2896960 1229000
M2 2896960 1229000 2300000 1229000
M2 2300000 1229000 1875000 1467800
M2 1875000 1467800 1162532 1467800
M2 1162532 1467800 1133732 1496600
Net84 5 
M2 3084570 1214600 3062970 1236200
M2 3062970 1236200 2300000 1236200
M2 2300000 1236200 1875000 1475000
M2 1875000 1475000 1328540 1475000
M2 1328540 1475000 1306940 1496600
Net85 5 
M2 3171170 1214600 3142370 1243400
M2 3142370 1243400 2300000 1243400
M2 2300000 1243400 1875000 1482200
M2 1875000 1482200 1407940 1482200
M2 1407940 1482200 1393540 1496600
Net86 5 
M2 3344372 1214600 3308372 1250600
M2 3308372 1250600 2300000 1250600
M2 2300000 1250600 1875000 1489400
M2 1875000 1489400 1573950 1489400
M2 1573950 1489400 1566750 1496600
