Nets 32
Net0 5 
V1 2554130 1612040 2548946 1617224
V1 2548946 1617224 2300000 1617224
V1 2300000 1617224 1875000 1854544
V1 1875000 1854544 402166 1854544
V1 402166 1854544 365140 1891570
Net1 5 
V1 2640730 1612040 2630362 1622408
V1 2630362 1622408 2300000 1622408
V1 2300000 1622408 1875000 1863801
V1 1875000 1863801 583429 1863801
V1 583429 1863801 555660 1891570
Net2 5 
V1 2727330 1612040 2711778 1627592
V1 2711778 1627592 2300000 1627592
V1 2300000 1627592 1875000 1873058
V1 1875000 1873058 669434 1873058
V1 669434 1873058 650922 1891570
Net3 5 
V1 2770630 1612040 2749894 1632776
V1 2749894 1632776 2300000 1632776
V1 2300000 1632776 1875000 1882315
V1 1875000 1882315 850705 1882315
V1 850705 1882315 841450 1891570
Net4 5 
V1 2575780 1586120 2570596 1591304
V1 2570596 1591304 2300000 1591304
V1 2300000 1591304 1875000 1802704
V1 1875000 1802704 541355 1802704
V1 541355 1802704 508030 1836030
Net5 5 
V1 2619080 1586120 2608712 1596488
V1 2608712 1596488 2300000 1596488
V1 2300000 1596488 1875000 1813813
V1 1875000 1813813 625507 1813813
V1 625507 1813813 603290 1836030
Net6 5 
V1 2662380 1586120 2646828 1601672
V1 2646828 1601672 2300000 1601672
V1 2300000 1601672 1875000 1824921
V1 1875000 1824921 709668 1824921
V1 709668 1824921 698560 1836030
Net7 5 
V1 2705680 1586120 2684944 1606856
V1 2684944 1606856 2300000 1606856
V1 2300000 1606856 1875000 1845287
V1 1875000 1845287 803077 1845287
V1 803077 1845287 793820 1836030
Net11 5 
V1 2554130 1560200 2547650 1553720
V1 2547650 1553720 2300000 1553720
V1 2300000 1553720 1875000 1791596
V1 1875000 1791596 361941 1791596
V1 361941 1791596 317507 1836030
Net17 5 
V1 2619080 1534280 2612600 1540760
V1 2612600 1540760 2300000 1540760
V1 2300000 1540760 1875000 1761968
V1 1875000 1761968 478919 1761968
V1 478919 1761968 460400 1780487
Net18 5 
V1 2662380 1534280 2649420 1547240
V1 2649420 1547240 2300000 1547240
V1 2300000 1547240 1875000 1771225
V1 1875000 1771225 660185 1771225
V1 660185 1771225 650922 1780487
Net33 5 
V1 2554130 1456520 2541170 1469480
V1 2541170 1469480 2300000 1469480
V1 2300000 1469480 1875000 1752711
V1 1875000 1752711 345278 1752711
V1 345278 1752711 317507 1724940
Net36 5 
V1 2684030 1456520 2679710 1452200
V1 2679710 1452200 2300000 1452200
V1 2300000 1452200 1875000 1743454
V1 1875000 1743454 1193384 1743454
V1 1193384 1743454 1174870 1724940
Net37 5 
V1 2727330 1456520 2718690 1447880
V1 2718690 1447880 2300000 1447880
V1 2300000 1447880 1875000 1734197
V1 1875000 1734197 1374654 1734197
V1 1374654 1734197 1365397 1724940
Net38 5 
V1 2770630 1456520 2757670 1443560
V1 2757670 1443560 2300000 1443560
V1 2300000 1443560 1875000 1713834
V1 1875000 1713834 1471766 1713834
V1 1471766 1713834 1460660 1724940
Net40 5 
V1 2662380 1430600 2657196 1425416
V1 2657196 1425416 2300000 1425416
V1 2300000 1425416 1875000 1680508
V1 1875000 1680508 838251 1680508
V1 838251 1680508 793820 1724940
Net41 5 
V1 2705680 1430600 2701360 1434920
V1 2701360 1434920 2300000 1434920
V1 2300000 1434920 1875000 1691617
V1 1875000 1691617 922403 1691617
V1 922403 1691617 889080 1724940
Net42 5 
V1 2792280 1430600 2783640 1439240
V1 2783640 1439240 2300000 1439240
V1 2300000 1439240 1875000 1702725
V1 1875000 1702725 1101824 1702725
V1 1101824 1702725 1079610 1724940
Net45 5 
V1 2640730 1404680 2635546 1409864
V1 2635546 1409864 2300000 1409864
V1 2300000 1409864 1875000 1648573
V1 1875000 1648573 957536 1648573
V1 957536 1648573 936710 1669400
Net46 5 
V1 2684030 1404680 2673662 1415048
V1 2673662 1415048 2300000 1415048
V1 2300000 1415048 1875000 1655516
V1 1875000 1655516 1045863 1655516
V1 1045863 1655516 1031980 1669400
Net47 5 
V1 2770630 1404680 2755078 1420232
V1 2755078 1420232 2300000 1420232
V1 2300000 1420232 1875000 1662459
V1 1875000 1662459 1324703 1662459
V1 1324703 1662459 1317762 1669400
Net48 5 
V1 2575780 1378760 2569300 1385240
V1 2569300 1385240 2300000 1385240
V1 2300000 1385240 1875000 1627745
V1 1875000 1627745 406794 1627745
V1 406794 1627745 365140 1669400
Net49 5 
V1 2619080 1378760 2606120 1391720
V1 2606120 1391720 2300000 1391720
V1 2300000 1391720 1875000 1634688
V1 1875000 1634688 495111 1634688
V1 495111 1634688 460400 1669400
Net50 5 
V1 2662380 1378760 2642940 1398200
V1 2642940 1398200 2300000 1398200
V1 2300000 1398200 1875000 1641631
V1 1875000 1641631 678691 1641631
V1 678691 1641631 650922 1669400
Net56 5 
V1 2597430 1352840 2592246 1358024
V1 2592246 1358024 2300000 1358024
V1 2300000 1358024 1875000 1580529
V1 1875000 1580529 350838 1580529
V1 350838 1580529 317507 1613860
Net57 5 
V1 2684030 1352840 2673662 1363208
V1 2673662 1363208 2300000 1363208
V1 2300000 1363208 1875000 1591638
V1 1875000 1591638 530252 1591638
V1 530252 1591638 508030 1613860
Net58 5 
V1 2727330 1352840 2711778 1368392
V1 2711778 1368392 2300000 1368392
V1 2300000 1368392 1875000 1602746
V1 1875000 1602746 1090723 1602746
V1 1090723 1602746 1079610 1613860
Net59 5 
V1 2770630 1352840 2749894 1373576
V1 2749894 1373576 2300000 1373576
V1 2300000 1373576 1875000 1620802
V1 1875000 1620802 896022 1620802
V1 896022 1620802 889080 1613860
Net60 5 
V1 2575780 1326920 2562820 1339880
V1 2562820 1339880 2300000 1339880
V1 2300000 1339880 1875000 1569421
V1 1875000 1569421 471508 1569421
V1 471508 1569421 460400 1558312
Net72 5 
V1 2619080 1275080 2612600 1281560
V1 2612600 1281560 2300000 1281560
V1 2300000 1281560 1875000 1465741
V1 1875000 1465741 449798 1465741
V1 449798 1465741 412770 1502770
Net73 5 
V1 2662380 1275080 2649420 1288040
V1 2649420 1288040 2300000 1288040
V1 2300000 1288040 1875000 1484255
V1 1875000 1484255 526544 1484255
V1 526544 1484255 508030 1502770
Net74 5 
V1 2748980 1275080 2729540 1294520
V1 2729540 1294520 2300000 1294520
V1 2300000 1294520 1875000 1530541
V1 1875000 1530541 1440801 1530541
V1 1440801 1530541 1413030 1558312
