Nets 34
Net0 5 
V1 2619080 1597230 2611144 1605165
V1 2611144 1605165 2300000 1605165
V1 2300000 1605165 1875000 1853000
V1 1875000 1853000 1065677 1853000
V1 1065677 1853000 1033277 1885400
Net1 5 
V1 2809602 1597230 2793732 1613100
V1 2793732 1613100 2300000 1613100
V1 2300000 1613100 1875000 1858400
V1 1875000 1858400 1191910 1858400
V1 1191910 1858400 1164910 1885400
Net2 5 
V1 2904870 1597230 2881065 1621034
V1 2881065 1621034 2300000 1621034
V1 2300000 1621034 1875000 1863800
V1 1875000 1863800 1252330 1863800
V1 1252330 1863800 1230730 1885400
Net3 5 
V1 3095390 1597230 3063651 1628969
V1 3063651 1628969 2300000 1628969
V1 2300000 1628969 1875000 1869200
V1 1875000 1869200 1378562 1869200
V1 1378562 1869200 1362362 1885400
Net4 5 
V1 3381180 1597230 3341506 1636903
V1 3341506 1636903 2300000 1636903
V1 2300000 1636903 1875000 1874600
V1 1875000 1874600 1438980 1874600
V1 1438980 1874600 1428180 1885400
Net5 5 
V1 3476440 1597230 3428832 1644838
V1 3428832 1644838 2300000 1644838
V1 2300000 1644838 1875000 1880000
V1 1875000 1880000 1565220 1880000
V1 1565220 1880000 1559820 1885400
Net7 5 
V1 3762230 1597230 3743716 1578716
V1 3743716 1578716 2300000 1578716
V1 2300000 1578716 1875000 1847600
V1 1875000 1847600 1532310 1847600
V1 1532310 1847600 1526910 1842200
Net8 5 
V1 3857492 1597230 3820464 1560202
V1 3820464 1560202 2300000 1560202
V1 2300000 1560202 1875000 1835000
V1 1875000 1835000 1599930 1835000
V1 1599930 1835000 1592730 1842200
Net10 5 
V1 2666710 1541687 2659767 1534744
V1 2659767 1534744 2300000 1534744
V1 2300000 1534744 1875000 1827800
V1 1875000 1827800 948950 1827800
V1 948950 1827800 934550 1842200
Net17 5 
V1 3428810 1541687 3414924 1527802
V1 3414924 1527802 2300000 1527802
V1 2300000 1527802 1875000 1820600
V1 1875000 1820600 1318150 1820600
V1 1318150 1820600 1296550 1799000
Net18 5 
V1 3524077 1541687 3503249 1520859
V1 3503249 1520859 2300000 1520859
V1 2300000 1520859 1875000 1813400
V1 1875000 1813400 1376762 1813400
V1 1376762 1813400 1362362 1799000
Net19 5 
V1 3619340 1541687 3591569 1513916
V1 3591569 1513916 2300000 1513916
V1 2300000 1513916 1875000 1806200
V1 1875000 1806200 1435380 1806200
V1 1435380 1806200 1428180 1799000
Net20 5 
V1 3714600 1541687 3679886 1506973
V1 3679886 1506973 2300000 1506973
V1 2300000 1506973 1875000 1794680
V1 1875000 1794680 1564140 1794680
V1 1564140 1794680 1559820 1799000
Net24 5 
V1 2809602 1486140 2802654 1493088
V1 2802654 1493088 2300000 1493088
V1 2300000 1493088 1875000 1786040
V1 1875000 1786040 1046237 1786040
V1 1046237 1786040 1033277 1799000
Net25 5 
V1 2904870 1486140 2890979 1500031
V1 2890979 1500031 2300000 1500031
V1 2300000 1500031 1875000 1790360
V1 1875000 1790360 1173550 1790360
V1 1173550 1790360 1164910 1799000
Net27 5 
V1 3095390 1486140 3089218 1479968
V1 3089218 1479968 2300000 1479968
V1 2300000 1479968 1875000 1781720
V1 1875000 1781720 1092102 1781720
V1 1092102 1781720 1066182 1755800
Net28 5 
V1 3285920 1486140 3273577 1473797
V1 3273577 1473797 2300000 1473797
V1 2300000 1473797 1875000 1777400
V1 1875000 1777400 1153600 1777400
V1 1153600 1777400 1132000 1755800
Net29 5 
V1 3381180 1486140 3362666 1467626
V1 3362666 1467626 2300000 1467626
V1 2300000 1467626 1875000 1773080
V1 1875000 1773080 1215100 1773080
V1 1215100 1773080 1197820 1755800
Net30 5 
V1 3571710 1486140 3547025 1461455
V1 3547025 1461455 2300000 1461455
V1 2300000 1461455 1875000 1768760
V1 1875000 1768760 1276600 1768760
V1 1276600 1768760 1263640 1755800
Net31 5 
V1 3666970 1486140 3636113 1455283
V1 3636113 1455283 2300000 1455283
V1 2300000 1455283 1875000 1764440
V1 1875000 1764440 1403910 1764440
V1 1403910 1764440 1395270 1755800
Net32 5 
V1 3857492 1486140 3820465 1449112
V1 3820465 1449112 2300000 1449112
V1 2300000 1449112 1875000 1760120
V1 1875000 1760120 1531230 1760120
V1 1531230 1760120 1526910 1755800
Net33 5 
V1 3952760 1486140 3909561 1442941
V1 3909561 1442941 2300000 1442941
V1 2300000 1442941 1875000 1734200
V1 1875000 1734200 890330 1734200
V1 890330 1734200 868730 1755800
Net35 5 
V1 2857237 1430600 2851067 1436770
V1 2851067 1436770 2300000 1436770
V1 2300000 1436770 1875000 1691000
V1 1875000 1691000 923240 1691000
V1 923240 1691000 901640 1712600
Net45 5 
V1 2809602 1375060 2802661 1382000
V1 2802661 1382000 2300000 1382000
V1 2300000 1382000 1875000 1631600
V1 1875000 1631600 1038170 1631600
V1 1038170 1631600 1000370 1669400
Net46 5 
V1 3000130 1375060 2986246 1388943
V1 2986246 1388943 2300000 1388943
V1 2300000 1388943 1875000 1637000
V1 1875000 1637000 1098582 1637000
V1 1098582 1637000 1066182 1669400
Net47 5 
V1 3095390 1375060 3074563 1395886
V1 3074563 1395886 2300000 1395886
V1 2300000 1395886 1875000 1642400
V1 1875000 1642400 1159000 1642400
V1 1159000 1642400 1132000 1669400
Net48 5 
V1 3285920 1375060 3258151 1402829
V1 3258151 1402829 2300000 1402829
V1 2300000 1402829 1875000 1647800
V1 1875000 1647800 1285240 1647800
V1 1285240 1647800 1263640 1669400
Net49 5 
V1 3381180 1375060 3346468 1409771
V1 3346468 1409771 2300000 1409771
V1 2300000 1409771 1875000 1653200
V1 1875000 1653200 1411470 1653200
V1 1411470 1653200 1395270 1669400
Net50 5 
V1 3571710 1375060 3530055 1416714
V1 3530055 1416714 2300000 1416714
V1 2300000 1416714 1875000 1658600
V1 1875000 1658600 1537710 1658600
V1 1537710 1658600 1526910 1669400
Net51 5 
V1 3666970 1375060 3618372 1423657
V1 3618372 1423657 2300000 1423657
V1 2300000 1423657 1875000 1664000
V1 1875000 1664000 1598130 1664000
V1 1598130 1664000 1592730 1669400
Net53 5 
V1 3952760 1375060 3924988 1347288
V1 3924988 1347288 2300000 1347288
V1 2300000 1347288 1875000 1561400
V1 1875000 1561400 890330 1561400
V1 890330 1561400 868730 1583000
Net71 5 
V1 3381180 1263970 3353408 1291741
V1 3353408 1291741 2300000 1291741
V1 2300000 1291741 1875000 1525400
V1 1875000 1525400 1179310 1525400
V1 1179310 1525400 1164910 1539800
Net77 5 
V1 3952760 1263970 3934246 1245456
V1 3934246 1245456 2300000 1245456
V1 2300000 1245456 1875000 1511000
V1 1875000 1511000 883130 1511000
V1 883130 1511000 868730 1496600
Net81 5 
V1 3047760 1208430 3029248 1226942
V1 3029248 1226942 2300000 1226942
V1 2300000 1226942 1875000 1475000
V1 1875000 1475000 1087782 1475000
V1 1087782 1475000 1066182 1496600
