Nets 28
Net6 5 
M2 3666970 1597230 3639198 1625001
M2 3639198 1625001 2300000 1625001
M2 2300000 1625001 1875000 1827800
M2 1875000 1827800 1475490 1827800
M2 1475490 1827800 1461090 1842200
Net9 5 
M2 3952760 1597230 3934246 1578716
M2 3934246 1578716 2300000 1578716
M2 2300000 1578716 1875000 1813400
M2 1875000 1813400 897530 1813400
M2 897530 1813400 868730 1842200
Net16 5 
M2 3333550 1541687 3315035 1560202
M2 3315035 1560202 2300000 1560202
M2 2300000 1560202 1875000 1777400
M2 1875000 1777400 1252330 1777400
M2 1252330 1777400 1230730 1799000
Net21 5 
M2 3809860 1541687 3791346 1523173
M2 3791346 1523173 2300000 1523173
M2 2300000 1523173 1875000 1741400
M2 1875000 1741400 1607130 1741400
M2 1607130 1741400 1592730 1755800
Net26 5 
M2 3000130 1486140 2981610 1504659
M2 2981610 1504659 2300000 1504659
M2 2300000 1504659 1875000 1727000
M2 1875000 1727000 1029170 1727000
M2 1029170 1727000 1000370 1755800
Net36 5 
M2 2952500 1430600 2945559 1437540
M2 2945559 1437540 2300000 1437540
M2 2300000 1437540 1875000 1674800
M2 1875000 1674800 1071077 1674800
M2 1071077 1674800 1033277 1712600
Net37 5 
M2 3143020 1430600 3129136 1444483
M2 3129136 1444483 2300000 1444483
M2 2300000 1444483 1875000 1680200
M2 1875000 1680200 1131490 1680200
M2 1131490 1680200 1099090 1712600
Net38 5 
M2 3238290 1430600 3217463 1451426
M2 3217463 1451426 2300000 1451426
M2 2300000 1451426 1875000 1685600
M2 1875000 1685600 1191910 1685600
M2 1191910 1685600 1164910 1712600
Net39 5 
M2 3428810 1430600 3401041 1458369
M2 3401041 1458369 2300000 1458369
M2 2300000 1458369 1875000 1691000
M2 1875000 1691000 1318150 1691000
M2 1318150 1691000 1296550 1712600
Net40 5 
M2 3524077 1430600 3489365 1465311
M2 3489365 1465311 2300000 1465311
M2 2300000 1465311 1875000 1696400
M2 1875000 1696400 1378562 1696400
M2 1378562 1696400 1362362 1712600
Net41 5 
M2 3714600 1430600 3672945 1472254
M2 3672945 1472254 2300000 1472254
M2 2300000 1472254 1875000 1701800
M2 1875000 1701800 1438980 1701800
M2 1438980 1701800 1428180 1712600
Net42 5 
M2 3809860 1430600 3761262 1479197
M2 3761262 1479197 2300000 1479197
M2 2300000 1479197 1875000 1707200
M2 1875000 1707200 1499400 1707200
M2 1499400 1707200 1494000 1712600
Net44 5 
M2 2714340 1375060 2686571 1402828
M2 2686571 1402828 2300000 1402828
M2 2300000 1402828 1875000 1647800
M2 1875000 1647800 956150 1647800
M2 956150 1647800 934550 1669400
Net52 5 
M2 3857492 1375060 3850549 1368117
M2 3850549 1368117 2300000 1368117
M2 2300000 1368117 1875000 1621400
M2 1875000 1621400 1564620 1621400
M2 1564620 1621400 1559820 1626200
Net55 5 
M2 2857237 1319512 2850289 1326460
M2 2850289 1326460 2300000 1326460
M2 2300000 1326460 1875000 1592600
M2 1875000 1592600 1132690 1592600
M2 1132690 1592600 1099090 1626200
Net56 5 
M2 2952500 1319512 2938609 1333403
M2 2938609 1333403 2300000 1333403
M2 2300000 1333403 1875000 1597400
M2 1875000 1597400 1193710 1597400
M2 1193710 1597400 1164910 1626200
Net57 5 
M2 3143020 1319512 3122186 1340346
M2 3122186 1340346 2300000 1340346
M2 2300000 1340346 1875000 1602200
M2 1875000 1602200 1254730 1602200
M2 1254730 1602200 1230730 1626200
Net58 5 
M2 3238290 1319512 3210513 1347289
M2 3210513 1347289 2300000 1347289
M2 2300000 1347289 1875000 1607000
M2 1875000 1607000 1381562 1607000
M2 1381562 1607000 1362362 1626200
Net59 5 
M2 3333550 1319512 3298830 1354231
M2 3298830 1354231 2300000 1354231
M2 2300000 1354231 1875000 1611800
M2 1875000 1611800 1442580 1611800
M2 1442580 1611800 1428180 1626200
Net60 5 
M2 3428810 1319512 3387148 1361174
M2 3387148 1361174 2300000 1361174
M2 2300000 1361174 1875000 1616600
M2 1875000 1616600 1503600 1616600
M2 1503600 1616600 1494000 1626200
Net65 5 
M2 2619080 1263970 2612908 1257798
M2 2612908 1257798 2300000 1257798
M2 2300000 1257798 1875000 1587800
M2 1875000 1587800 940040 1587800
M2 940040 1587800 901640 1626200
Net72 5 
M2 3476440 1263970 3464097 1251627
M2 3464097 1251627 2300000 1251627
M2 2300000 1251627 1875000 1525400
M2 1875000 1525400 1310950 1525400
M2 1310950 1525400 1296550 1539800
Net82 5 
M2 3238290 1208430 3232120 1214600
M2 3232120 1214600 2300000 1214600
M2 2300000 1214600 1875000 1460600
M2 1875000 1460600 1233820 1460600
M2 1233820 1460600 1197820 1496600
Net83 5 
M2 3333550 1208430 3321208 1220771
M2 3321208 1220771 2300000 1220771
M2 2300000 1220771 1875000 1467800
M2 1875000 1467800 1292440 1467800
M2 1292440 1467800 1263640 1496600
Net84 5 
M2 3524077 1208430 3505565 1226942
M2 3505565 1226942 2300000 1226942
M2 2300000 1226942 1875000 1475000
M2 1875000 1475000 1416870 1475000
M2 1416870 1475000 1395270 1496600
Net85 5 
M2 3619340 1208430 3594656 1233113
M2 3594656 1233113 2300000 1233113
M2 2300000 1233113 1875000 1482200
M2 1875000 1482200 1475490 1482200
M2 1475490 1482200 1461090 1496600
Net86 5 
M2 3809860 1208430 3779005 1239285
M2 3779005 1239285 2300000 1239285
M2 2300000 1239285 1875000 1489400
M2 1875000 1489400 1599930 1489400
M2 1599930 1489400 1592730 1496600
Net87 5 
M2 3905130 1208430 3868103 1245456
M2 3868103 1245456 2300000 1245456
M2 2300000 1245456 1875000 1511000
M2 1875000 1511000 864620 1511000
M2 864620 1511000 835820 1539800
