Nets 42
Net0 5 
V1 2608250 1603400 2599610 1612040
V1 2599610 1612040 2300000 1612040
V1 2300000 1612040 1875000 1859480
V1 1875000 1859480 1259700 1859480
V1 1259700 1859480 1242420 1876760
Net1 5 
V1 2781460 1603400 2764180 1620680
V1 2764180 1620680 2300000 1620680
V1 2300000 1620680 1875000 1863800
V1 1875000 1863800 1383550 1863800
V1 1383550 1863800 1370590 1876760
Net2 5 
V1 2868060 1603400 2842140 1629320
V1 2842140 1629320 2300000 1629320
V1 2300000 1629320 1875000 1868120
V1 1875000 1868120 1507400 1868120
V1 1507400 1868120 1498760 1876760
Net3 5 
V1 3041267 1603400 3006707 1637960
V1 3006707 1637960 2300000 1637960
V1 2300000 1637960 1875000 1872440
V1 1875000 1872440 1567170 1872440
V1 1567170 1872440 1562850 1876760
Net6 5 
V1 3560880 1603400 3554708 1597228
V1 3554708 1597228 2300000 1597228
V1 2300000 1597228 1875000 1855160
V1 1875000 1855160 1199932 1855160
V1 1199932 1855160 1178332 1876760
Net7 5 
V1 2651552 1560200 2645380 1566372
V1 2645380 1566372 2300000 1566372
V1 2300000 1566372 1875000 1829240
V1 1875000 1829240 1246740 1829240
V1 1246740 1829240 1242420 1824920
Net8 5 
V1 2738160 1560200 2729520 1551560
V1 2729520 1551560 2300000 1551560
V1 2300000 1551560 1875000 1811960
V1 1875000 1811960 1319470 1811960
V1 1319470 1811960 1306510 1824920
Net9 5 
V1 2824760 1560200 2812416 1572543
V1 2812416 1572543 2300000 1572543
V1 2300000 1572543 1875000 1833560
V1 1875000 1833560 1291740 1833560
V1 1291740 1833560 1274460 1850840
Net10 5 
V1 2911360 1560200 2892845 1578715
V1 2892845 1578715 2300000 1578715
V1 2300000 1578715 1875000 1837880
V1 1875000 1837880 1351510 1837880
V1 1351510 1837880 1338550 1850840
Net11 5 
V1 2997962 1560200 2973276 1584886
V1 2973276 1584886 2300000 1584886
V1 2300000 1584886 1875000 1842200
V1 1875000 1842200 1411277 1842200
V1 1411277 1842200 1402637 1850840
Net12 5 
V1 3171170 1560200 3140312 1591057
V1 3140312 1591057 2300000 1591057
V1 2300000 1591057 1875000 1846520
V1 1875000 1846520 1471040 1846520
V1 1471040 1846520 1466720 1850840
Net17 5 
V1 2608250 1517000 2601050 1509800
V1 2601050 1509800 2300000 1509800
V1 2300000 1509800 1875000 1778264
V1 1875000 1778264 1295196 1778264
V1 1295196 1778264 1274460 1799000
Net18 5 
V1 2694857 1517000 2686217 1525640
V1 2686217 1525640 2300000 1525640
V1 2300000 1525640 1875000 1783448
V1 1875000 1783448 1354102 1783448
V1 1354102 1783448 1338550 1799000
Net19 5 
V1 2868060 1517000 2850780 1534280
V1 2850780 1534280 2300000 1534280
V1 2300000 1534280 1875000 1788632
V1 1875000 1788632 1413005 1788632
V1 1413005 1788632 1402637 1799000
Net20 5 
V1 3041267 1517000 3015347 1542920
V1 3015347 1542920 2300000 1542920
V1 2300000 1542920 1875000 1793816
V1 1875000 1793816 1471904 1793816
V1 1471904 1793816 1466720 1799000
Net22 5 
V1 3214470 1517000 3200070 1502600
V1 3200070 1502600 2300000 1502600
V1 2300000 1502600 1875000 1764440
V1 1875000 1764440 1507400 1764440
V1 1507400 1764440 1498760 1773080
Net26 5 
V1 2651552 1473800 2640752 1463000
V1 2640752 1463000 2300000 1463000
V1 2300000 1463000 1875000 1703960
V1 1875000 1703960 1259700 1703960
V1 1259700 1703960 1242420 1721240
Net27 5 
V1 2738160 1473800 2730960 1481000
V1 2730960 1481000 2300000 1481000
V1 2300000 1481000 1875000 1712600
V1 1875000 1712600 1315150 1712600
V1 1315150 1712600 1306510 1721240
Net28 5 
V1 2824760 1473800 2810360 1488200
V1 2810360 1488200 2300000 1488200
V1 2300000 1488200 1875000 1734200
V1 1875000 1734200 1351510 1734200
V1 1351510 1734200 1338550 1747160
Net30 5 
V1 3084570 1473800 3062970 1495400
V1 3062970 1495400 2300000 1495400
V1 2300000 1495400 1875000 1755800
V1 1875000 1755800 1259700 1755800
V1 1259700 1755800 1242420 1773080
Net36 5 
V1 2608250 1430600 2601050 1423400
V1 2601050 1423400 2300000 1423400
V1 2300000 1423400 1875000 1675880
V1 1875000 1675880 1293900 1675880
V1 1293900 1675880 1274460 1695320
Net39 5 
V1 3041267 1430600 3030467 1441400
V1 3030467 1441400 2300000 1441400
V1 2300000 1441400 1875000 1682360
V1 1875000 1682360 1479680 1682360
V1 1479680 1682360 1466720 1695320
Net40 5 
V1 3214470 1430600 3192870 1452200
V1 3192870 1452200 2300000 1452200
V1 2300000 1452200 1875000 1688840
V1 1875000 1688840 1601370 1688840
V1 1601370 1688840 1594890 1695320
Net45 5 
V1 2824760 1387400 2817560 1394600
V1 2817560 1394600 2300000 1394600
V1 2300000 1394600 1875000 1626200
V1 1875000 1626200 1355830 1626200
V1 1355830 1626200 1338550 1643480
Net46 5 
V1 2911360 1387400 2896960 1401800
V1 2896960 1401800 2300000 1401800
V1 2300000 1401800 1875000 1634840
V1 1875000 1634840 1411277 1634840
V1 1411277 1634840 1402637 1643480
Net47 5 
V1 2997962 1387400 2976362 1409000
V1 2976362 1409000 2300000 1409000
V1 2300000 1409000 1875000 1652120
V1 1875000 1652120 1259700 1652120
V1 1259700 1652120 1242420 1669400
Net51 5 
V1 3517580 1387400 3488780 1416200
V1 3488780 1416200 2300000 1416200
V1 2300000 1416200 1875000 1660760
V1 1875000 1660760 1571490 1660760
V1 1571490 1660760 1562850 1669400
Net52 5 
V1 2608250 1344200 2599610 1352840
V1 2599610 1352840 2300000 1352840
V1 2300000 1352840 1875000 1596824
V1 1875000 1596824 1263156 1596824
V1 1263156 1596824 1242420 1617560
Net53 5 
V1 2694857 1344200 2677577 1361480
V1 2677577 1361480 2300000 1361480
V1 2300000 1361480 1875000 1602008
V1 1875000 1602008 1322062 1602008
V1 1322062 1602008 1306510 1617560
Net54 5 
V1 2868060 1344200 2842140 1370120
V1 2842140 1370120 2300000 1370120
V1 2300000 1370120 1875000 1607192
V1 1875000 1607192 1445048 1607192
V1 1445048 1607192 1434680 1617560
Net56 5 
V1 3127870 1344200 3117070 1333400
V1 3117070 1333400 2300000 1333400
V1 2300000 1333400 1875000 1578680
V1 1875000 1578680 1607850 1578680
V1 1607850 1578680 1594890 1591640
Net58 5 
V1 3301070 1344200 3266510 1378760
V1 3266510 1378760 2300000 1378760
V1 2300000 1378760 1875000 1612376
V1 1875000 1612376 1503944 1612376
V1 1503944 1612376 1498760 1617560
Net63 5 
V1 2824760 1301000 2813960 1311800
V1 2813960 1311800 2300000 1311800
V1 2300000 1311800 1875000 1552760
V1 1875000 1552760 1255380 1552760
V1 1255380 1552760 1242420 1565720
Net66 5 
V1 3084570 1301000 3062970 1322600
V1 3062970 1322600 2300000 1322600
V1 2300000 1322600 1875000 1559240
V1 1875000 1559240 1312990 1559240
V1 1312990 1559240 1306510 1565720
Net75 5 
V1 3041267 1257800 3035095 1263972
V1 3035095 1263972 2300000 1263972
V1 2300000 1263972 1875000 1500920
V1 1875000 1500920 1447640 1500920
V1 1447640 1500920 1434680 1513880
Net76 5 
V1 3214470 1257800 3202126 1270143
V1 3202126 1270143 2300000 1270143
V1 2300000 1270143 1875000 1505240
V1 1875000 1505240 1507400 1505240
V1 1507400 1505240 1498760 1513880
Net77 5 
V1 3301070 1257800 3282555 1276315
V1 3282555 1276315 2300000 1276315
V1 2300000 1276315 1875000 1509560
V1 1875000 1509560 1567170 1509560
V1 1567170 1509560 1562850 1513880
Net78 5 
V1 3387677 1257800 3362991 1282486
V1 3362991 1282486 2300000 1282486
V1 2300000 1282486 1875000 1522520
V1 1875000 1522520 1548090 1522520
V1 1548090 1522520 1530810 1539800
Net79 5 
V1 3474280 1257800 3443422 1288657
V1 3443422 1288657 2300000 1288657
V1 2300000 1288657 1875000 1531160
V1 1875000 1531160 1603530 1531160
V1 1603530 1531160 1594890 1539800
Net80 5 
V1 3560880 1257800 3523851 1294828
V1 3523851 1294828 2300000 1294828
V1 2300000 1294828 1875000 1546280
V1 1875000 1546280 1197772 1546280
V1 1197772 1546280 1178332 1565720
Net81 5 
V1 2651552 1214600 2637152 1229000
V1 2637152 1229000 2300000 1229000
V1 2300000 1229000 1875000 1492280
V1 1875000 1492280 1264020 1492280
V1 1264020 1492280 1242420 1513880
Net82 5 
V1 2824760 1214600 2795960 1243400
V1 2795960 1243400 2300000 1243400
V1 2300000 1243400 1875000 1496600
V1 1875000 1496600 1323790 1496600
V1 1323790 1496600 1306510 1513880
