Nets 26
Net11 5 
V2 2761970 1541687 2754034 1549623
V2 2754034 1549623 2300000 1549623
V2 2300000 1549623 1875000 1806200
V2 1875000 1806200 1036370 1806200
V2 1036370 1806200 1000370 1842200
Net12 5 
V2 2952500 1541687 2936630 1557557
V2 2936630 1557557 2300000 1557557
V2 2300000 1557557 1875000 1813400
V2 1875000 1813400 1094982 1813400
V2 1094982 1813400 1066182 1842200
Net13 5 
V2 3047760 1541687 3023955 1565492
V2 3023955 1565492 2300000 1565492
V2 2300000 1565492 1875000 1820600
V2 1875000 1820600 1153600 1820600
V2 1153600 1820600 1132000 1842200
Net14 5 
V2 3143020 1541687 3111281 1573426
V2 3111281 1573426 2300000 1573426
V2 2300000 1573426 1875000 1827800
V2 1875000 1827800 1278040 1827800
V2 1278040 1827800 1263640 1842200
Net15 5 
V2 3238290 1541687 3198616 1581361
V2 3198616 1581361 2300000 1581361
V2 2300000 1581361 1875000 1835000
V2 1875000 1835000 1402470 1835000
V2 1402470 1835000 1395270 1842200
Net22 5 
V2 3905130 1541687 3857522 1589295
V2 3857522 1589295 2300000 1589295
V2 2300000 1589295 1875000 1863800
V2 1875000 1863800 857420 1863800
V2 857420 1863800 835820 1885400
Net23 5 
V2 2714340 1486140 2686563 1513916
V2 2686563 1513916 2300000 1513916
V2 2300000 1513916 1875000 1784600
V2 1875000 1784600 981860 1784600
V2 981860 1784600 967460 1799000
Net34 5 
V2 2666710 1430600 2648198 1449112
V2 2648198 1449112 2300000 1449112
V2 2300000 1449112 1875000 1734200
V2 1875000 1734200 956150 1734200
V2 956150 1734200 934550 1755800
Net43 5 
V2 3905130 1430600 3868104 1467626
V2 3868104 1467626 2300000 1467626
V2 2300000 1467626 1875000 1770200
V2 1875000 1770200 864620 1770200
V2 864620 1770200 835820 1799000
Net54 5 
V2 2666710 1319512 2648190 1338032
V2 2648190 1338032 2300000 1338032
V2 2300000 1338032 1875000 1615400
V2 1875000 1615400 978260 1615400
V2 978260 1615400 967460 1626200
Net61 5 
V2 3524077 1319512 3517906 1313341
V2 3517906 1313341 2300000 1313341
V2 2300000 1313341 1875000 1604600
V2 1875000 1604600 1416870 1604600
V2 1416870 1604600 1395270 1583000
Net62 5 
V2 3714600 1319512 3702257 1307170
V2 3702257 1307170 2300000 1307170
V2 2300000 1307170 1875000 1593800
V2 1875000 1593800 1537710 1593800
V2 1537710 1593800 1526910 1583000
Net63 5 
V2 3809860 1319512 3791346 1300998
V2 3791346 1300998 2300000 1300998
V2 2300000 1300998 1875000 1578680
V2 1875000 1578680 1597050 1578680
V2 1597050 1578680 1592730 1583000
Net64 5 
V2 3905130 1319512 3868096 1356546
V2 3868096 1356546 2300000 1356546
V2 2300000 1356546 1875000 1647800
V2 1875000 1647800 857420 1647800
V2 857420 1647800 835820 1626200
Net66 5 
V2 2714340 1263970 2708167 1270142
V2 2708167 1270142 2300000 1270142
V2 2300000 1270142 1875000 1557080
V2 1875000 1557080 960470 1557080
V2 960470 1557080 934550 1583000
Net67 5 
V2 2809602 1263970 2797258 1276313
V2 2797258 1276313 2300000 1276313
V2 2300000 1276313 1875000 1561400
V2 1875000 1561400 1021970 1561400
V2 1021970 1561400 1000370 1583000
Net68 5 
V2 2904870 1263970 2886355 1282485
V2 2886355 1282485 2300000 1282485
V2 2300000 1282485 1875000 1565720
V2 1875000 1565720 1149280 1565720
V2 1149280 1565720 1132000 1583000
Net69 5 
V2 3000130 1263970 2975443 1288656
V2 2975443 1288656 2300000 1288656
V2 2300000 1288656 1875000 1570040
V2 1875000 1570040 1210780 1570040
V2 1210780 1570040 1197820 1583000
Net70 5 
V2 3095390 1263970 3064532 1294827
V2 3064532 1294827 2300000 1294827
V2 2300000 1294827 1875000 1574360
V2 1875000 1574360 1272280 1574360
V2 1272280 1574360 1263640 1583000
Net73 5 
V2 3571710 1263970 3564767 1257027
V2 3564767 1257027 2300000 1257027
V2 2300000 1257027 1875000 1552760
V2 1875000 1552760 1375322 1552760
V2 1375322 1552760 1362362 1539800
Net74 5 
V2 3666970 1263970 3653084 1250084
V2 3653084 1250084 2300000 1250084
V2 2300000 1250084 1875000 1548440
V2 1875000 1548440 1436820 1548440
V2 1436820 1548440 1428180 1539800
Net75 5 
V2 3762230 1263970 3741401 1243141
V2 3741401 1243141 2300000 1243141
V2 2300000 1243141 1875000 1544120
V2 1875000 1544120 1498320 1544120
V2 1498320 1544120 1494000 1539800
Net76 5 
V2 3857492 1263970 3829721 1236199
V2 3829721 1236199 2300000 1236199
V2 2300000 1236199 1875000 1531160
V2 1875000 1531160 1568460 1531160
V2 1568460 1531160 1559820 1539800
Net78 5 
V2 2666710 1208430 2659769 1215370
V2 2659769 1215370 2300000 1215370
V2 2300000 1215370 1875000 1505240
V2 1875000 1505240 1002020 1505240
V2 1002020 1505240 967460 1539800
Net79 5 
V2 2761970 1208430 2748086 1222313
V2 2748086 1222313 2300000 1222313
V2 2300000 1222313 1875000 1513880
V2 1875000 1513880 1059197 1513880
V2 1059197 1513880 1033277 1539800
Net80 5 
V2 2952500 1208430 2931673 1229256
V2 2931673 1229256 2300000 1229256
V2 2300000 1229256 1875000 1522520
V2 1875000 1522520 1116370 1522520
V2 1116370 1522520 1099090 1539800
