Nets 35
Net0 5 
V1 2582270 1603400 2576097 1609572
V1 2576097 1609572 2300000 1609572
V1 2300000 1609572 1875000 1863801
V1 1875000 1863801 440539 1863801
V1 440539 1863801 412770 1891570
Net1 5 
V1 2713910 1603400 2701566 1615743
V1 2701566 1615743 2300000 1615743
V1 2300000 1615743 1875000 1868429
V1 1875000 1868429 619508 1868429
V1 619508 1868429 596367 1891570
Net2 5 
V1 2779730 1603400 2761215 1621915
V1 2761215 1621915 2300000 1621915
V1 2300000 1621915 1875000 1873058
V1 1875000 1873058 706674 1873058
V1 706674 1873058 688162 1891570
Net3 5 
V1 2911360 1603400 2886673 1628086
V1 2886673 1628086 2300000 1628086
V1 2300000 1628086 1875000 1877686
V1 1875000 1877686 885643 1877686
V1 885643 1877686 871760 1891570
Net4 5 
V1 2977180 1603400 2946322 1634257
V1 2946322 1634257 2300000 1634257
V1 2300000 1634257 1875000 1882315
V1 1875000 1882315 972815 1882315
V1 972815 1882315 963560 1891570
Net5 5 
V1 3108817 1603400 3071788 1640428
V1 3071788 1640428 2300000 1640428
V1 2300000 1640428 1875000 1886943
V1 1875000 1886943 1151786 1886943
V1 1151786 1886943 1147160 1891570
Net7 5 
V1 2615180 1560200 2610380 1555400
V1 2610380 1555400 2300000 1555400
V1 2300000 1555400 1875000 1859172
V1 1875000 1859172 390012 1859172
V1 390012 1859172 366870 1836030
Net8 5 
V1 2681000 1560200 2671400 1550600
V1 2671400 1550600 2300000 1550600
V1 2300000 1550600 1875000 1854544
V1 1875000 1854544 477184 1854544
V1 477184 1854544 458670 1836030
Net9 5 
V1 2746820 1560200 2732420 1545800
V1 2732420 1545800 2300000 1545800
V1 2300000 1545800 1875000 1849915
V1 1875000 1849915 564353 1849915
V1 564353 1849915 550467 1836030
Net10 5 
V1 2812637 1560200 2793437 1541000
V1 2793437 1541000 2300000 1541000
V1 2300000 1541000 1875000 1845287
V1 1875000 1845287 651519 1845287
V1 651519 1845287 642262 1836030
Net11 5 
V1 2878450 1560200 2854450 1536200
V1 2854450 1536200 2300000 1536200
V1 2300000 1536200 1875000 1840658
V1 1875000 1840658 738688 1840658
V1 738688 1840658 734060 1836030
Net12 5 
V1 3010090 1560200 2981290 1531400
V1 2981290 1531400 2300000 1531400
V1 2300000 1531400 1875000 1817515
V1 1875000 1817515 844374 1817515
V1 844374 1817515 825860 1836030
Net18 5 
V1 2648090 1517000 2643290 1521800
V1 2643290 1521800 2300000 1521800
V1 2300000 1521800 1875000 1761968
V1 1875000 1761968 523089 1761968
V1 523089 1761968 504570 1780487
Net19 5 
V1 2779730 1517000 2770130 1526600
V1 2770130 1526600 2300000 1526600
V1 2300000 1526600 1875000 1799001
V1 1875000 1799001 706676 1799001
V1 706676 1799001 688162 1780487
Net26 5 
V1 2615180 1473800 2610380 1469000
V1 2610380 1469000 2300000 1469000
V1 2300000 1469000 1875000 1743454
V1 1875000 1743454 385384 1743454
V1 385384 1743454 366870 1724940
Net37 5 
V1 2648090 1430600 2643290 1435400
V1 2643290 1435400 2300000 1435400
V1 2300000 1435400 1875000 1681742
V1 1875000 1681742 685460 1681742
V1 685460 1681742 642262 1724940
Net38 5 
V1 2779730 1430600 2770130 1440200
V1 2770130 1440200 2300000 1440200
V1 2300000 1440200 1875000 1687913
V1 1875000 1687913 862886 1687913
V1 862886 1687913 825860 1724940
Net39 5 
V1 2911360 1430600 2896960 1445000
V1 2896960 1445000 2300000 1445000
V1 2300000 1445000 1875000 1694085
V1 1875000 1694085 948515 1694085
V1 948515 1694085 917660 1724940
Net40 5 
V1 3043000 1430600 3023800 1449800
V1 3023800 1449800 2300000 1449800
V1 2300000 1449800 1875000 1700256
V1 1875000 1700256 1125943 1700256
V1 1125943 1700256 1101260 1724940
Net41 5 
V1 3108817 1430600 3084817 1454600
V1 3084817 1454600 2300000 1454600
V1 2300000 1454600 1875000 1706427
V1 1875000 1706427 1211572 1706427
V1 1211572 1706427 1193060 1724940
Net42 5 
V1 3174630 1430600 3145830 1459400
V1 3145830 1459400 2300000 1459400
V1 2300000 1459400 1875000 1712598
V1 1875000 1712598 1388993 1712598
V1 1388993 1712598 1376652 1724940
Net43 5 
V1 3240450 1430600 3206850 1464200
V1 3206850 1464200 2300000 1464200
V1 2300000 1464200 1875000 1718770
V1 1875000 1718770 1474620 1718770
V1 1474620 1718770 1468450 1724940
Net44 5 
V1 2681000 1387400 2672360 1396040
V1 2672360 1396040 2300000 1396040
V1 2300000 1396040 1875000 1636077
V1 1875000 1636077 446093 1636077
V1 446093 1636077 412770 1669400
Net45 5 
V1 2746820 1387400 2729540 1404680
V1 2729540 1404680 2300000 1404680
V1 2300000 1404680 1875000 1647185
V1 1875000 1647185 526784 1647185
V1 526784 1647185 504570 1669400
Net46 5 
V1 2812637 1387400 2786717 1413320
V1 2786717 1413320 2300000 1413320
V1 2300000 1413320 1875000 1658294
V1 1875000 1658294 699268 1658294
V1 699268 1658294 688162 1669400
Net47 5 
V1 2878450 1387400 2843890 1421960
V1 2843890 1421960 2300000 1421960
V1 2300000 1421960 1875000 1675571
V1 1875000 1675571 786131 1675571
V1 786131 1675571 779960 1669400
Net62 5 
V1 2615180 1301000 2600780 1286600
V1 2600780 1286600 2300000 1286600
V1 2300000 1286600 1875000 1569421
V1 1875000 1569421 515678 1569421
V1 515678 1569421 504570 1558312
Net63 5 
V1 2746820 1301000 2718020 1272200
V1 2718020 1272200 2300000 1272200
V1 2300000 1272200 1875000 1547204
V1 1875000 1547204 607476 1547204
V1 607476 1547204 596367 1558312
Net67 5 
V1 3010090 1301000 3001450 1309640
V1 3001450 1309640 2300000 1309640
V1 2300000 1309640 1875000 1580529
V1 1875000 1580529 1318188 1580529
V1 1318188 1580529 1284857 1613860
Net68 5 
V1 3141722 1301000 3124442 1318280
V1 3124442 1318280 2300000 1318280
V1 2300000 1318280 1875000 1591638
V1 1875000 1591638 1398874 1591638
V1 1398874 1591638 1376652 1613860
Net69 5 
V1 3207540 1301000 3181620 1326920
V1 3181620 1326920 2300000 1326920
V1 2300000 1326920 1875000 1602746
V1 1875000 1602746 1479563 1602746
V1 1479563 1602746 1468450 1613860
Net70 5 
V1 3339180 1301000 3304620 1335560
V1 3304620 1335560 2300000 1335560
V1 2300000 1335560 1875000 1624968
V1 1875000 1624968 365401 1624968
V1 365401 1624968 320970 1669400
Net72 5 
V1 2648090 1257800 2637290 1247000
V1 2637290 1247000 2300000 1247000
V1 2300000 1247000 1875000 1536095
V1 1875000 1536095 491995 1536095
V1 491995 1536095 458670 1502770
Net73 5 
V1 2713910 1257800 2692310 1236200
V1 2692310 1236200 2300000 1236200
V1 2300000 1236200 1875000 1524987
V1 1875000 1524987 572684 1524987
V1 572684 1524987 550467 1502770
Net81 5 
V1 2615180 1214600 2604380 1225400
V1 2604380 1225400 2300000 1225400
V1 2300000 1225400 1875000 1513878
V1 1875000 1513878 745168 1513878
V1 745168 1513878 734060 1502770
