Nets 15
Net24 5 
M3 2684030 1508360 2671070 1521320
M3 2671070 1521320 2300000 1521320
M3 2300000 1521320 1875000 1877686
M3 1875000 1877686 1216526 1877686
M3 1216526 1877686 1174870 1836030
Net25 5 
M3 2727330 1508360 2720850 1501880
M3 2720850 1501880 2300000 1501880
M3 2300000 1501880 1875000 1863801
M3 1875000 1863801 1297901 1863801
M3 1297901 1863801 1270130 1836030
Net26 5 
M3 2770630 1508360 2757670 1495400
M3 2757670 1495400 2300000 1495400
M3 2300000 1495400 1875000 1849915
M3 1875000 1849915 1474545 1849915
M3 1474545 1849915 1460660 1836030
Net31 5 
M3 2792280 1482440 2785800 1488920
M3 2785800 1488920 2300000 1488920
M3 2300000 1488920 1875000 1808258
M3 1875000 1808258 1583691 1808258
M3 1583691 1808258 1555920 1836030
Net43 5 
M3 2835582 1430600 2822622 1443560
M3 2822622 1443560 2300000 1443560
M3 2300000 1443560 1875000 1752711
M3 1875000 1752711 297646 1752711
M3 297646 1752711 269870 1780487
Net67 5 
M3 2640730 1301000 2635546 1306184
M3 2635546 1306184 2300000 1306184
M3 2300000 1306184 1875000 1569421
M3 1875000 1569421 852558 1569421
M3 852558 1569421 841450 1558312
Net68 5 
M3 2684030 1301000 2673662 1311368
M3 2673662 1311368 2300000 1311368
M3 2300000 1311368 1875000 1580529
M3 1875000 1580529 1303460 1580529
M3 1303460 1580529 1270130 1613860
Net69 5 
M3 2727330 1301000 2711778 1316552
M3 2711778 1316552 2300000 1316552
M3 2300000 1316552 1875000 1591638
M3 1875000 1591638 1387619 1591638
M3 1387619 1591638 1365397 1613860
Net70 5 
M3 2770630 1301000 2749894 1321736
M3 2749894 1321736 2300000 1321736
M3 2300000 1321736 1875000 1602746
M3 1875000 1602746 1471773 1602746
M3 1471773 1602746 1460660 1613860
Net75 5 
M3 2792280 1275080 2779320 1288040
M3 2779320 1288040 2300000 1288040
M3 2300000 1288040 1875000 1550377
M3 1875000 1550377 1516225 1550377
M3 1516225 1550377 1508290 1558312
Net79 5 
M3 2640730 1249160 2635546 1254344
M3 2635546 1254344 2300000 1254344
M3 2300000 1254344 1875000 1518639
M3 1875000 1518639 976383 1518639
M3 976383 1518639 936710 1558312
Net80 5 
M3 2684030 1249160 2673662 1259528
M3 2673662 1259528 2300000 1259528
M3 2300000 1259528 1875000 1526573
M3 1875000 1526573 1063719 1526573
M3 1063719 1526573 1031980 1558312
Net81 5 
M3 2727330 1249160 2711778 1264712
M3 2711778 1264712 2300000 1264712
M3 2300000 1264712 1875000 1534508
M3 1875000 1534508 1151044 1534508
M3 1151044 1534508 1127240 1558312
Net82 5 
M3 2770630 1249160 2749894 1269896
M3 2749894 1269896 2300000 1269896
M3 2300000 1269896 1875000 1542442
M3 1875000 1542442 1238370 1542442
M3 1238370 1542442 1222500 1558312
Net87 5 
M3 2835582 1223240 2822622 1236200
M3 2822622 1236200 2300000 1236200
M3 2300000 1236200 1875000 1510704
M3 1875000 1510704 317478 1510704
M3 317478 1510704 269870 1558312
