Nets 35
Net0 5 
V1 2597430 1603400 2591257 1609572
V1 2591257 1609572 2300000 1609572
V1 2300000 1609572 1875000 1863801
V1 1875000 1863801 392909 1863801
V1 392909 1863801 365140 1891570
Net1 5 
V1 2753310 1603400 2740966 1615743
V1 2740966 1615743 2300000 1615743
V1 2300000 1615743 1875000 1868429
V1 1875000 1868429 578800 1868429
V1 578800 1868429 555660 1891570
Net2 5 
V1 2831252 1603400 2812737 1621915
V1 2812737 1621915 2300000 1621915
V1 2300000 1621915 1875000 1873058
V1 1875000 1873058 669434 1873058
V1 669434 1873058 650922 1891570
Net3 5 
V1 2987140 1603400 2962453 1628086
V1 2962453 1628086 2300000 1628086
V1 2300000 1628086 1875000 1877686
V1 1875000 1877686 855333 1877686
V1 855333 1877686 841450 1891570
Net4 5 
V1 3065080 1603400 3034222 1634257
V1 3034222 1634257 2300000 1634257
V1 2300000 1634257 1875000 1882315
V1 1875000 1882315 945965 1882315
V1 945965 1882315 936710 1891570
Net5 5 
V1 3220970 1603400 3183941 1640428
V1 3183941 1640428 2300000 1640428
V1 2300000 1640428 1875000 1886943
V1 1875000 1886943 1131866 1886943
V1 1131866 1886943 1127240 1891570
Net7 5 
V1 2636400 1560200 2631600 1555400
V1 2631600 1555400 2300000 1555400
V1 2300000 1555400 1875000 1859172
V1 1875000 1859172 340650 1859172
V1 340650 1859172 317507 1836030
Net8 5 
V1 2714340 1560200 2704740 1550600
V1 2704740 1550600 2300000 1550600
V1 2300000 1550600 1875000 1854544
V1 1875000 1854544 431284 1854544
V1 431284 1854544 412770 1836030
Net9 5 
V1 2792280 1560200 2777880 1545800
V1 2777880 1545800 2300000 1545800
V1 2300000 1545800 1875000 1849915
V1 1875000 1849915 521915 1849915
V1 521915 1849915 508030 1836030
Net10 5 
V1 2870227 1560200 2851027 1541000
V1 2851027 1541000 2300000 1541000
V1 2300000 1541000 1875000 1845287
V1 1875000 1845287 612547 1845287
V1 612547 1845287 603290 1836030
Net11 5 
V1 2948170 1560200 2924170 1536200
V1 2924170 1536200 2300000 1536200
V1 2300000 1536200 1875000 1840658
V1 1875000 1840658 703188 1840658
V1 703188 1840658 698560 1836030
Net12 5 
V1 3104050 1560200 3075250 1531400
V1 3075250 1531400 2300000 1531400
V1 2300000 1531400 1875000 1817515
V1 1875000 1817515 812334 1817515
V1 812334 1817515 793820 1836030
Net18 5 
V1 2675370 1517000 2670570 1521800
V1 2670570 1521800 2300000 1521800
V1 2300000 1521800 1875000 1761968
V1 1875000 1761968 478919 1761968
V1 478919 1761968 460400 1780487
Net19 5 
V1 2831252 1517000 2821652 1526600
V1 2821652 1526600 2300000 1526600
V1 2300000 1526600 1875000 1799001
V1 1875000 1799001 669436 1799001
V1 669436 1799001 650922 1780487
Net26 5 
V1 2636400 1473800 2631600 1469000
V1 2631600 1469000 2300000 1469000
V1 2300000 1469000 1875000 1743454
V1 1875000 1743454 336021 1743454
V1 336021 1743454 317507 1724940
Net37 5 
V1 2675370 1430600 2670570 1435400
V1 2670570 1435400 2300000 1435400
V1 2300000 1435400 1875000 1681742
V1 1875000 1681742 646487 1681742
V1 646487 1681742 603290 1724940
Net38 5 
V1 2831252 1430600 2821652 1440200
V1 2821652 1440200 2300000 1440200
V1 2300000 1440200 1875000 1687913
V1 1875000 1687913 830846 1687913
V1 830846 1687913 793820 1724940
Net39 5 
V1 2987140 1430600 2972740 1445000
V1 2972740 1445000 2300000 1445000
V1 2300000 1445000 1875000 1694085
V1 1875000 1694085 919935 1694085
V1 919935 1694085 889080 1724940
Net40 5 
V1 3143020 1430600 3123820 1449800
V1 3123820 1449800 2300000 1449800
V1 2300000 1449800 1875000 1700256
V1 1875000 1700256 1104293 1700256
V1 1104293 1700256 1079610 1724940
Net41 5 
V1 3220970 1430600 3196970 1454600
V1 3196970 1454600 2300000 1454600
V1 2300000 1454600 1875000 1706427
V1 1875000 1706427 1193382 1706427
V1 1193382 1706427 1174870 1724940
Net42 5 
V1 3298910 1430600 3270110 1459400
V1 3270110 1459400 2300000 1459400
V1 2300000 1459400 1875000 1712598
V1 1875000 1712598 1377738 1712598
V1 1377738 1712598 1365397 1724940
Net43 5 
V1 3376850 1430600 3343250 1464200
V1 3343250 1464200 2300000 1464200
V1 2300000 1464200 1875000 1718770
V1 1875000 1718770 1466830 1718770
V1 1466830 1718770 1460660 1724940
Net44 5 
V1 2714340 1387400 2705700 1396040
V1 2705700 1396040 2300000 1396040
V1 2300000 1396040 1875000 1636077
V1 1875000 1636077 398463 1636077
V1 398463 1636077 365140 1669400
Net45 5 
V1 2792280 1387400 2775000 1404680
V1 2775000 1404680 2300000 1404680
V1 2300000 1404680 1875000 1647185
V1 1875000 1647185 482614 1647185
V1 482614 1647185 460400 1669400
Net46 5 
V1 2870227 1387400 2844307 1413320
V1 2844307 1413320 2300000 1413320
V1 2300000 1413320 1875000 1658294
V1 1875000 1658294 662028 1658294
V1 662028 1658294 650922 1669400
Net47 5 
V1 2948170 1387400 2913610 1421960
V1 2913610 1421960 2300000 1421960
V1 2300000 1421960 1875000 1675571
V1 1875000 1675571 752361 1675571
V1 752361 1675571 746190 1669400
Net62 5 
V1 2636400 1301000 2622000 1286600
V1 2622000 1286600 2300000 1286600
V1 2300000 1286600 1875000 1569421
V1 1875000 1569421 471508 1569421
V1 471508 1569421 460400 1558312
Net63 5 
V1 2792280 1301000 2763480 1272200
V1 2763480 1272200 2300000 1272200
V1 2300000 1272200 1875000 1547204
V1 1875000 1547204 566768 1547204
V1 566768 1547204 555660 1558312
Net67 5 
V1 3104050 1301000 3095410 1309640
V1 3095410 1309640 2300000 1309640
V1 2300000 1309640 1875000 1580529
V1 1875000 1580529 1303460 1580529
V1 1303460 1580529 1270130 1613860
Net68 5 
V1 3259940 1301000 3242660 1318280
V1 3242660 1318280 2300000 1318280
V1 2300000 1318280 1875000 1591638
V1 1875000 1591638 1387619 1591638
V1 1387619 1591638 1365397 1613860
Net69 5 
V1 3337880 1301000 3311960 1326920
V1 3311960 1326920 2300000 1326920
V1 2300000 1326920 1875000 1602746
V1 1875000 1602746 1471773 1602746
V1 1471773 1602746 1460660 1613860
Net70 5 
V1 3493762 1301000 3459202 1335560
V1 3459202 1335560 2300000 1335560
V1 2300000 1335560 1875000 1624968
V1 1875000 1624968 314301 1624968
V1 314301 1624968 269870 1669400
Net72 5 
V1 2675370 1257800 2664570 1247000
V1 2664570 1247000 2300000 1247000
V1 2300000 1247000 1875000 1536095
V1 1875000 1536095 446095 1536095
V1 446095 1536095 412770 1502770
Net73 5 
V1 2753310 1257800 2731710 1236200
V1 2731710 1236200 2300000 1236200
V1 2300000 1236200 1875000 1524987
V1 1875000 1524987 530247 1524987
V1 530247 1524987 508030 1502770
Net81 5 
V1 2636400 1214600 2625600 1225400
V1 2625600 1225400 2300000 1225400
V1 2300000 1225400 1875000 1513878
V1 1875000 1513878 709668 1513878
V1 709668 1513878 698560 1502770
