Nets 51
Net9 5 
M2 3952760 1597230 3924988 1625001
M2 3924988 1625001 2300000 1625001
M2 2300000 1625001 1875000 1863801
M2 1875000 1863801 348738 1863801
M2 348738 1863801 320970 1891570
Net12 5 
M2 2952500 1541687 2947450 1546737
M2 2947450 1546737 2300000 1546737
M2 2300000 1546737 1875000 1785536
M2 1875000 1785536 600960 1785536
M2 600960 1785536 550467 1836030
Net13 5 
M2 3047760 1541687 3037660 1551786
M2 3037660 1551786 2300000 1551786
M2 2300000 1551786 1875000 1790586
M2 1875000 1790586 687706 1790586
M2 687706 1790586 642262 1836030
Net14 5 
M2 3143020 1541687 3127871 1556836
M2 3127871 1556836 2300000 1556836
M2 2300000 1556836 1875000 1795635
M2 1875000 1795635 774454 1795635
M2 774454 1795635 734060 1836030
Net15 5 
M2 3238290 1541687 3218092 1561885
M2 3218092 1561885 2300000 1561885
M2 2300000 1561885 1875000 1800684
M2 1875000 1800684 861205 1800684
M2 861205 1800684 825860 1836030
Net16 5 
M2 3333550 1541687 3308303 1566934
M2 3308303 1566934 2300000 1566934
M2 2300000 1566934 1875000 1805733
M2 1875000 1805733 1131556 1805733
M2 1131556 1805733 1101260 1836030
Net17 5 
M2 3428810 1541687 3398513 1571983
M2 3398513 1571983 2300000 1571983
M2 2300000 1571983 1875000 1810783
M2 1875000 1810783 1218307 1810783
M2 1218307 1810783 1193060 1836030
Net18 5 
M2 3524077 1541687 3488732 1577033
M2 3488732 1577033 2300000 1577033
M2 2300000 1577033 1875000 1815832
M2 1875000 1815832 1305055 1815832
M2 1305055 1815832 1284857 1836030
Net19 5 
M2 3619340 1541687 3578945 1582082
M2 3578945 1582082 2300000 1582082
M2 2300000 1582082 1875000 1820881
M2 1875000 1820881 1391801 1820881
M2 1391801 1820881 1376652 1836030
Net20 5 
M2 3714600 1541687 3669156 1587131
M2 3669156 1587131 2300000 1587131
M2 2300000 1587131 1875000 1825930
M2 1875000 1825930 1478549 1825930
M2 1478549 1825930 1468450 1836030
Net21 5 
M2 3809860 1541687 3759366 1592180
M2 3759366 1592180 2300000 1592180
M2 2300000 1592180 1875000 1830980
M2 1875000 1830980 1565300 1830980
M2 1565300 1830980 1560250 1836030
Net25 5 
M2 2904870 1486140 2898692 1492317
M2 2898692 1492317 2300000 1492317
M2 2300000 1492317 1875000 1731111
M2 1875000 1731111 737538 1731111
M2 737538 1731111 688162 1780487
Net26 5 
M2 3000130 1486140 2987781 1498488
M2 2987781 1498488 2300000 1498488
M2 2300000 1498488 1875000 1737282
M2 1875000 1737282 823165 1737282
M2 823165 1737282 779960 1780487
Net27 5 
M2 3095390 1486140 3076870 1504660
M2 3076870 1504660 2300000 1504660
M2 2300000 1504660 1875000 1743453
M2 1875000 1743453 908793 1743453
M2 908793 1743453 871760 1780487
Net28 5 
M2 3285920 1486140 3261228 1510831
M2 3261228 1510831 2300000 1510831
M2 2300000 1510831 1875000 1749625
M2 1875000 1749625 994422 1749625
M2 994422 1749625 963560 1780487
Net29 5 
M2 3381180 1486140 3350317 1517002
M2 3350317 1517002 2300000 1517002
M2 2300000 1517002 1875000 1755796
M2 1875000 1755796 1080051 1755796
M2 1080051 1755796 1055360 1780487
Net30 5 
M2 3571710 1486140 3534676 1523173
M2 3534676 1523173 2300000 1523173
M2 2300000 1523173 1875000 1761967
M2 1875000 1761967 1257480 1761967
M2 1257480 1761967 1238960 1780487
Net31 5 
M2 3666970 1486140 3623765 1529345
M2 3623765 1529345 2300000 1529345
M2 2300000 1529345 1875000 1768138
M2 1875000 1768138 1343101 1768138
M2 1343101 1768138 1330752 1780487
Net32 5 
M2 3857492 1486140 3808116 1535516
M2 3808116 1535516 2300000 1535516
M2 2300000 1535516 1875000 1774310
M2 1875000 1774310 1520527 1774310
M2 1520527 1774310 1514350 1780487
Net36 5 
M2 2952500 1430600 2945559 1437540
M2 2945559 1437540 2300000 1437540
M2 2300000 1437540 1875000 1676342
M2 1875000 1676342 690859 1676342
M2 690859 1676342 642262 1724940
Net37 5 
M2 3143020 1430600 3129136 1444483
M2 3129136 1444483 2300000 1444483
M2 2300000 1444483 1875000 1683285
M2 1875000 1683285 867514 1683285
M2 867514 1683285 825860 1724940
Net38 5 
M2 3238290 1430600 3217463 1451426
M2 3217463 1451426 2300000 1451426
M2 2300000 1451426 1875000 1690228
M2 1875000 1690228 952371 1690228
M2 952371 1690228 917660 1724940
Net39 5 
M2 3428810 1430600 3401041 1458369
M2 3401041 1458369 2300000 1458369
M2 2300000 1458369 1875000 1697171
M2 1875000 1697171 1129029 1697171
M2 1129029 1697171 1101260 1724940
Net40 5 
M2 3524077 1430600 3489365 1465311
M2 3489365 1465311 2300000 1465311
M2 2300000 1465311 1875000 1704113
M2 1875000 1704113 1213886 1704113
M2 1213886 1704113 1193060 1724940
Net41 5 
M2 3714600 1430600 3672945 1472254
M2 3672945 1472254 2300000 1472254
M2 2300000 1472254 1875000 1711056
M2 1875000 1711056 1390536 1711056
M2 1390536 1711056 1376652 1724940
Net42 5 
M2 3809860 1430600 3761262 1479197
M2 3761262 1479197 2300000 1479197
M2 2300000 1479197 1875000 1717999
M2 1875000 1717999 1475390 1717999
M2 1475390 1717999 1468450 1724940
Net46 5 
M2 3000130 1375060 2993189 1382000
M2 2993189 1382000 2300000 1382000
M2 2300000 1382000 1875000 1620802
M2 1875000 1620802 736759 1620802
M2 736759 1620802 688162 1669400
Net47 5 
M2 3095390 1375060 3081506 1388943
M2 3081506 1388943 2300000 1388943
M2 2300000 1388943 1875000 1627745
M2 1875000 1627745 821614 1627745
M2 821614 1627745 779960 1669400
Net48 5 
M2 3285920 1375060 3265093 1395886
M2 3265093 1395886 2300000 1395886
M2 2300000 1395886 1875000 1634688
M2 1875000 1634688 998271 1634688
M2 998271 1634688 963560 1669400
Net49 5 
M2 3381180 1375060 3353411 1402829
M2 3353411 1402829 2300000 1402829
M2 2300000 1402829 1875000 1641631
M2 1875000 1641631 1083129 1641631
M2 1083129 1641631 1055360 1669400
Net50 5 
M2 3571710 1375060 3536998 1409771
M2 3536998 1409771 2300000 1409771
M2 2300000 1409771 1875000 1648573
M2 1875000 1648573 1259786 1648573
M2 1259786 1648573 1238960 1669400
Net51 5 
M2 3666970 1375060 3625315 1416714
M2 3625315 1416714 2300000 1416714
M2 2300000 1416714 1875000 1655516
M2 1875000 1655516 1344636 1655516
M2 1344636 1655516 1330752 1669400
Net52 5 
M2 3857492 1375060 3808895 1423657
M2 3808895 1423657 2300000 1423657
M2 2300000 1423657 1875000 1662459
M2 1875000 1662459 1521290 1662459
M2 1521290 1662459 1514350 1669400
Net56 5 
M2 2952500 1319512 2946322 1325690
M2 2946322 1325690 2300000 1325690
M2 2300000 1325690 1875000 1569421
M2 1875000 1569421 686701 1569421
M2 686701 1569421 642262 1613860
Net57 5 
M2 3143020 1319512 3130671 1331861
M2 3130671 1331861 2300000 1331861
M2 2300000 1331861 1875000 1574975
M2 1875000 1574975 864744 1574975
M2 864744 1574975 825860 1613860
Net58 5 
M2 3238290 1319512 3219770 1338032
M2 3219770 1338032 2300000 1338032
M2 2300000 1338032 1875000 1580529
M2 1875000 1580529 950990 1580529
M2 950990 1580529 917660 1613860
Net59 5 
M2 3333550 1319512 3308858 1344203
M2 3308858 1344203 2300000 1344203
M2 2300000 1344203 1875000 1586083
M2 1875000 1586083 1129036 1586083
M2 1129036 1586083 1101260 1613860
Net60 5 
M2 3428810 1319512 3397947 1350375
M2 3397947 1350375 2300000 1350375
M2 2300000 1350375 1875000 1591638
M2 1875000 1591638 1215282 1591638
M2 1215282 1591638 1193060 1613860
Net61 5 
M2 3524077 1319512 3487043 1356546
M2 3487043 1356546 2300000 1356546
M2 2300000 1356546 1875000 1597192
M2 1875000 1597192 1301525 1597192
M2 1301525 1597192 1284857 1613860
Net62 5 
M2 3714600 1319512 3671395 1362717
M2 3671395 1362717 2300000 1362717
M2 2300000 1362717 1875000 1602746
M2 1875000 1602746 1387766 1602746
M2 1387766 1602746 1376652 1613860
Net63 5 
M2 3809860 1319512 3760483 1368888
M2 3760483 1368888 2300000 1368888
M2 2300000 1368888 1875000 1608300
M2 1875000 1608300 1474009 1608300
M2 1474009 1608300 1468450 1613860
Net65 5 
M2 2619080 1263970 2591308 1291741
M2 2591308 1291741 2300000 1291741
M2 2300000 1291741 1875000 1563866
M2 1875000 1563866 418324 1563866
M2 418324 1563866 412770 1558312
Net78 5 
M2 2666710 1208430 2661158 1213981
M2 2661158 1213981 2300000 1213981
M2 2300000 1213981 1875000 1453398
M2 1875000 1453398 416241 1453398
M2 416241 1453398 366870 1502770
Net80 5 
M2 2952500 1208430 2941394 1219536
M2 2941394 1219536 2300000 1219536
M2 2300000 1219536 1875000 1459570
M2 1875000 1459570 593667 1459570
M2 593667 1459570 550467 1502770
Net81 5 
M2 3047760 1208430 3031099 1225090
M2 3031099 1225090 2300000 1225090
M2 2300000 1225090 1875000 1465741
M2 1875000 1465741 771088 1465741
M2 771088 1465741 734060 1502770
Net82 5 
M2 3238290 1208430 3216075 1230644
M2 3216075 1230644 2300000 1230644
M2 2300000 1230644 1875000 1471912
M2 1875000 1471912 856717 1471912
M2 856717 1471912 825860 1502770
Net83 5 
M2 3333550 1208430 3305781 1236198
M2 3305781 1236198 2300000 1236198
M2 2300000 1236198 1875000 1478083
M2 1875000 1478083 1125946 1478083
M2 1125946 1478083 1101260 1502770
Net84 5 
M2 3524077 1208430 3490754 1241753
M2 3490754 1241753 2300000 1241753
M2 2300000 1241753 1875000 1484255
M2 1875000 1484255 1303372 1484255
M2 1303372 1484255 1284857 1502770
Net85 5 
M2 3619340 1208430 3580462 1247307
M2 3580462 1247307 2300000 1247307
M2 2300000 1247307 1875000 1490426
M2 1875000 1490426 1388996 1490426
M2 1388996 1490426 1376652 1502770
Net86 5 
M2 3809860 1208430 3765428 1252861
M2 3765428 1252861 2300000 1252861
M2 2300000 1252861 1875000 1496597
M2 1875000 1496597 1566422 1496597
M2 1566422 1496597 1560250 1502770
Net87 5 
M2 3905130 1208430 3855144 1258415
M2 3855144 1258415 2300000 1258415
M2 2300000 1258415 1875000 1530541
M2 1875000 1530541 302841 1530541
M2 302841 1530541 275070 1502770
