Nets 40
Net0 5 
V1 2597430 1603400 2591257 1609572
V1 2591257 1609572 2300000 1609572
V1 2300000 1609572 1875000 1856600
V1 1875000 1856600 943860 1856600
V1 943860 1856600 915060 1885400
Net1 5 
V1 2753310 1603400 2740966 1615743
V1 2740966 1615743 2300000 1615743
V1 2300000 1615743 1875000 1861400
V1 1875000 1861400 1094950 1861400
V1 1094950 1861400 1070950 1885400
Net2 5 
V1 2831252 1603400 2812737 1621915
V1 2812737 1621915 2300000 1621915
V1 2300000 1621915 1875000 1866200
V1 1875000 1866200 1168090 1866200
V1 1168090 1866200 1148890 1885400
Net3 5 
V1 2987140 1603400 2962453 1628086
V1 2962453 1628086 2300000 1628086
V1 2300000 1628086 1875000 1871000
V1 1875000 1871000 1319172 1871000
V1 1319172 1871000 1304772 1885400
Net4 5 
V1 3065080 1603400 3034222 1634257
V1 3034222 1634257 2300000 1634257
V1 2300000 1634257 1875000 1875800
V1 1875000 1875800 1392320 1875800
V1 1392320 1875800 1382720 1885400
Net5 5 
V1 3220970 1603400 3183941 1640428
V1 3183941 1640428 2300000 1640428
V1 2300000 1640428 1875000 1880600
V1 1875000 1880600 1543400 1880600
V1 1543400 1880600 1538600 1885400
Net7 5 
V1 2636400 1560200 2622000 1574600
V1 2622000 1574600 2300000 1574600
V1 2300000 1574600 1875000 1847000
V1 1875000 1847000 802950 1847000
V1 802950 1847000 798150 1842200
Net8 5 
V1 2714340 1560200 2699940 1545800
V1 2699940 1545800 2300000 1545800
V1 2300000 1545800 1875000 1827800
V1 1875000 1827800 890490 1827800
V1 890490 1827800 876090 1842200
Net16 5 
V1 3493762 1560200 3464962 1589000
V1 3464962 1589000 2300000 1589000
V1 2300000 1589000 1875000 1851800
V1 1875000 1851800 729810 1851800
V1 729810 1851800 720210 1842200
Net17 5 
V1 2597430 1517000 2588790 1508360
V1 2588790 1508360 2300000 1508360
V1 2300000 1508360 1875000 1790360
V1 1875000 1790360 845760 1790360
V1 845760 1790360 837120 1799000
Net18 5 
V1 2675370 1517000 2660970 1531400
V1 2660970 1531400 2300000 1531400
V1 2300000 1531400 1875000 1813400
V1 1875000 1813400 929460 1813400
V1 929460 1813400 915060 1799000
Net25 5 
V1 3454790 1517000 3437510 1499720
V1 3437510 1499720 2300000 1499720
V1 2300000 1499720 1875000 1781720
V1 1875000 1781720 698517 1781720
V1 698517 1781720 681237 1799000
Net26 5 
V1 2636400 1473800 2627760 1482440
V1 2627760 1482440 2300000 1482440
V1 2300000 1482440 1875000 1764440
V1 1875000 1764440 806790 1764440
V1 806790 1764440 798150 1755800
Net27 5 
V1 2714340 1473800 2699940 1459400
V1 2699940 1459400 2300000 1459400
V1 2300000 1459400 1875000 1741400
V1 1875000 1741400 890490 1741400
V1 890490 1741400 876090 1755800
Net35 5 
V1 3493762 1473800 3476482 1491080
V1 3476482 1491080 2300000 1491080
V1 2300000 1491080 1875000 1773080
V1 1875000 1773080 737490 1773080
V1 737490 1773080 720210 1755800
Net36 5 
V1 2597430 1430600 2592630 1425800
V1 2592630 1425800 2300000 1425800
V1 2300000 1425800 1875000 1691000
V1 1875000 1691000 780780 1691000
V1 780780 1691000 759180 1712600
Net37 5 
V1 2675370 1430600 2660970 1445000
V1 2660970 1445000 2300000 1445000
V1 2300000 1445000 1875000 1727000
V1 1875000 1727000 929460 1727000
V1 929460 1727000 915060 1712600
Net44 5 
V1 2714340 1387400 2709540 1382600
V1 2709540 1382600 2300000 1382600
V1 2300000 1382600 1875000 1631000
V1 1875000 1631000 836550 1631000
V1 836550 1631000 798150 1669400
Net45 5 
V1 2792280 1387400 2787480 1392200
V1 2787480 1392200 2300000 1392200
V1 2300000 1392200 1875000 1635800
V1 1875000 1635800 909690 1635800
V1 909690 1635800 876090 1669400
Net46 5 
V1 2870227 1387400 2860627 1397000
V1 2860627 1397000 2300000 1397000
V1 2300000 1397000 1875000 1640600
V1 1875000 1640600 982830 1640600
V1 982830 1640600 954030 1669400
Net47 5 
V1 2948170 1387400 2933770 1401800
V1 2933770 1401800 2300000 1401800
V1 2300000 1401800 1875000 1645400
V1 1875000 1645400 1055980 1645400
V1 1055980 1645400 1031980 1669400
Net48 5 
V1 3104050 1387400 3084850 1406600
V1 3084850 1406600 2300000 1406600
V1 2300000 1406600 1875000 1650200
V1 1875000 1650200 1207060 1650200
V1 1207060 1650200 1187860 1669400
Net49 5 
V1 3181997 1387400 3157997 1411400
V1 3157997 1411400 2300000 1411400
V1 2300000 1411400 1875000 1655000
V1 1875000 1655000 1358147 1655000
V1 1358147 1655000 1343747 1669400
Net50 5 
V1 3259940 1387400 3231140 1416200
V1 3231140 1416200 2300000 1416200
V1 2300000 1416200 1875000 1659800
V1 1875000 1659800 1509230 1659800
V1 1509230 1659800 1499630 1669400
Net51 5 
V1 3415820 1387400 3382220 1421000
V1 3382220 1421000 2300000 1421000
V1 2300000 1421000 1875000 1664600
V1 1875000 1664600 1582370 1664600
V1 1582370 1664600 1577570 1669400
Net52 5 
V1 2597430 1344200 2592630 1349000
V1 2592630 1349000 2300000 1349000
V1 2300000 1349000 1875000 1595960
V1 1875000 1595960 789420 1595960
V1 789420 1595960 759180 1626200
Net53 5 
V1 2675370 1344200 2665770 1353800
V1 2665770 1353800 2300000 1353800
V1 2300000 1353800 1875000 1600280
V1 1875000 1600280 863040 1600280
V1 863040 1600280 837120 1626200
Net54 5 
V1 2831252 1344200 2816852 1358600
V1 2816852 1358600 2300000 1358600
V1 2300000 1358600 1875000 1604600
V1 1875000 1604600 1014602 1604600
V1 1014602 1604600 993002 1626200
Net57 5 
V1 3143020 1344200 3123820 1363400
V1 3123820 1363400 2300000 1363400
V1 2300000 1363400 1875000 1608920
V1 1875000 1608920 1322052 1608920
V1 1322052 1608920 1304772 1626200
Net58 5 
V1 3220970 1344200 3196970 1368200
V1 3196970 1368200 2300000 1368200
V1 2300000 1368200 1875000 1613240
V1 1875000 1613240 1395680 1613240
V1 1395680 1613240 1382720 1626200
Net59 5 
V1 3298910 1344200 3270110 1373000
V1 3270110 1373000 2300000 1373000
V1 2300000 1373000 1875000 1617560
V1 1875000 1617560 1469300 1617560
V1 1469300 1617560 1460660 1626200
Net60 5 
V1 3376850 1344200 3343250 1377800
V1 3343250 1377800 2300000 1377800
V1 2300000 1377800 1875000 1621880
V1 1875000 1621880 1542920 1621880
V1 1542920 1621880 1538600 1626200
Net62 5 
V1 2636400 1301000 2622000 1315400
V1 2622000 1315400 2300000 1315400
V1 2300000 1315400 1875000 1587320
V1 1875000 1587320 802470 1587320
V1 802470 1587320 798150 1583000
Net63 5 
V1 2792280 1301000 2777880 1286600
V1 2777880 1286600 2300000 1286600
V1 2300000 1286600 1875000 1568600
V1 1875000 1568600 890490 1568600
V1 890490 1568600 876090 1583000
Net70 5 
V1 3493762 1301000 3464962 1329800
V1 3464962 1329800 2300000 1329800
V1 2300000 1329800 1875000 1591640
V1 1875000 1591640 728850 1591640
V1 728850 1591640 720210 1583000
Net71 5 
V1 2597430 1257800 2588790 1249160
V1 2588790 1249160 2300000 1249160
V1 2300000 1249160 1875000 1531160
V1 1875000 1531160 845760 1531160
V1 845760 1531160 837120 1539800
Net72 5 
V1 2675370 1257800 2660970 1272200
V1 2660970 1272200 2300000 1272200
V1 2300000 1272200 1875000 1554200
V1 1875000 1554200 929460 1554200
V1 929460 1554200 915060 1539800
Net80 5 
V1 3454790 1257800 3437510 1240520
V1 3437510 1240520 2300000 1240520
V1 2300000 1240520 1875000 1522520
V1 1875000 1522520 698517 1522520
V1 698517 1522520 681237 1539800
Net81 5 
V1 2636400 1214600 2627760 1223240
V1 2627760 1223240 2300000 1223240
V1 2300000 1223240 1875000 1505240
V1 1875000 1505240 962670 1505240
V1 962670 1505240 954030 1496600
Net87 5 
V1 3493762 1214600 3476482 1231880
V1 3476482 1231880 2300000 1231880
V1 2300000 1231880 1875000 1513880
V1 1875000 1513880 737490 1513880
V1 737490 1513880 720210 1496600
