Nets 37
Net0 5 
V1 2619080 1597230 2613525 1602784
V1 2613525 1602784 2300000 1602784
V1 2300000 1602784 1875000 1849915
V1 1875000 1849915 406794 1849915
V1 406794 1849915 365140 1891570
Net1 5 
V1 2809602 1597230 2798494 1608338
V1 2798494 1608338 2300000 1608338
V1 2300000 1608338 1875000 1854544
V1 1875000 1854544 592686 1854544
V1 592686 1854544 555660 1891570
Net2 5 
V1 2904870 1597230 2888207 1613892
V1 2888207 1613892 2300000 1613892
V1 2300000 1613892 1875000 1859172
V1 1875000 1859172 683320 1859172
V1 683320 1859172 650922 1891570
Net3 5 
V1 3095390 1597230 3073173 1619447
V1 3073173 1619447 2300000 1619447
V1 2300000 1619447 1875000 1863801
V1 1875000 1863801 869219 1863801
V1 869219 1863801 841450 1891570
Net4 5 
V1 3381180 1597230 3353408 1625001
V1 3353408 1625001 2300000 1625001
V1 2300000 1625001 1875000 1868429
V1 1875000 1868429 959850 1868429
V1 959850 1868429 936710 1891570
Net5 5 
V1 3476440 1597230 3443114 1630555
V1 3443114 1630555 2300000 1630555
V1 2300000 1630555 1875000 1873058
V1 1875000 1873058 1145752 1873058
V1 1145752 1873058 1127240 1891570
Net6 5 
V1 3666970 1597230 3628090 1636109
V1 3628090 1636109 2300000 1636109
V1 2300000 1636109 1875000 1877686
V1 1875000 1877686 1236383 1877686
V1 1236383 1877686 1222500 1891570
Net7 5 
V1 3762230 1597230 3717796 1641664
V1 3717796 1641664 2300000 1641664
V1 2300000 1641664 1875000 1882315
V1 1875000 1882315 1422285 1882315
V1 1422285 1882315 1413030 1891570
Net8 5 
V1 3857492 1597230 3807504 1647218
V1 3807504 1647218 2300000 1647218
V1 2300000 1647218 1875000 1886943
V1 1875000 1886943 1512916 1886943
V1 1512916 1886943 1508290 1891570
Net10 5 
V1 2666710 1541687 2648195 1560202
V1 2648195 1560202 2300000 1560202
V1 2300000 1560202 1875000 1840658
V1 1875000 1840658 322136 1840658
V1 322136 1840658 317507 1836030
Net11 5 
V1 2761970 1541687 2743456 1523173
V1 2743456 1523173 2300000 1523173
V1 2300000 1523173 1875000 1817515
V1 1875000 1817515 431284 1817515
V1 431284 1817515 412770 1836030
Net22 5 
V1 3905130 1541687 3868101 1578716
V1 3868101 1578716 2300000 1578716
V1 2300000 1578716 1875000 1845287
V1 1875000 1845287 231497 1845287
V1 231497 1845287 222240 1836030
Net23 5 
V1 2714340 1486140 2703231 1475031
V1 2703231 1475031 2300000 1475031
V1 2300000 1475031 1875000 1769374
V1 1875000 1769374 376253 1769374
V1 376253 1769374 365140 1780487
Net24 5 
V1 2809602 1486140 2791083 1504659
V1 2791083 1504659 2300000 1504659
V1 2300000 1504659 1875000 1799001
V1 1875000 1799001 478914 1799001
V1 478914 1799001 460400 1780487
Net33 5 
V1 3952760 1486140 3930543 1463923
V1 3930543 1463923 2300000 1463923
V1 2300000 1463923 1875000 1758265
V1 1875000 1758265 292092 1758265
V1 292092 1758265 269870 1780487
Net34 5 
V1 2666710 1430600 2655604 1441706
V1 2655604 1441706 2300000 1441706
V1 2300000 1441706 1875000 1736048
V1 1875000 1736048 328616 1736048
V1 328616 1736048 317507 1724940
Net35 5 
V1 2857237 1430600 2838723 1412086
V1 2838723 1412086 2300000 1412086
V1 2300000 1412086 1875000 1706428
V1 1875000 1706428 526542 1706428
V1 526542 1706428 508030 1724940
Net43 5 
V1 3905130 1430600 3882915 1452814
V1 3882915 1452814 2300000 1452814
V1 2300000 1452814 1875000 1747157
V1 1875000 1747157 244457 1747157
V1 244457 1747157 222240 1724940
Net44 5 
V1 2714340 1375060 2703231 1363951
V1 2703231 1363951 2300000 1363951
V1 2300000 1363951 1875000 1658294
V1 1875000 1658294 376246 1658294
V1 376246 1658294 365140 1669400
Net45 5 
V1 2809602 1375060 2791090 1393572
V1 2791090 1393572 2300000 1393572
V1 2300000 1393572 1875000 1687914
V1 1875000 1687914 478914 1687914
V1 478914 1687914 460400 1669400
Net53 5 
V1 3952760 1375060 3930543 1352843
V1 3930543 1352843 2300000 1352843
V1 2300000 1352843 1875000 1647185
V1 1875000 1647185 292084 1647185
V1 292084 1647185 269870 1669400
Net54 5 
V1 2666710 1319512 2655596 1330626
V1 2655596 1330626 2300000 1330626
V1 2300000 1330626 1875000 1624968
V1 1875000 1624968 328616 1624968
V1 328616 1624968 317507 1613860
Net55 5 
V1 2857237 1319512 2852965 1315240
V1 2852965 1315240 2300000 1315240
V1 2300000 1315240 1875000 1595340
V1 1875000 1595340 526549 1595340
V1 526549 1595340 508030 1613860
Net64 5 
V1 3905130 1319512 3882908 1341734
V1 3882908 1341734 2300000 1341734
V1 2300000 1341734 1875000 1636077
V1 1875000 1636077 244457 1636077
V1 244457 1636077 222240 1613860
Net66 5 
V1 2714340 1263970 2695826 1245456
V1 2695826 1245456 2300000 1245456
V1 2300000 1245456 1875000 1511315
V1 1875000 1511315 507397 1511315
V1 507397 1511315 460400 1558312
Net67 5 
V1 2809602 1263970 2805330 1268242
V1 2805330 1268242 2300000 1268242
V1 2300000 1268242 1875000 1515587
V1 1875000 1515587 598385 1515587
V1 598385 1515587 555660 1558312
Net68 5 
V1 2904870 1263970 2896325 1272515
V1 2896325 1272515 2300000 1272515
V1 2300000 1272515 1875000 1519860
V1 1875000 1519860 689375 1519860
V1 689375 1519860 650922 1558312
Net69 5 
V1 3000130 1263970 2987312 1276787
V1 2987312 1276787 2300000 1276787
V1 2300000 1276787 1875000 1524132
V1 1875000 1524132 780370 1524132
V1 780370 1524132 746190 1558312
Net70 5 
V1 3095390 1263970 3078300 1281060
V1 3078300 1281060 2300000 1281060
V1 2300000 1281060 1875000 1528405
V1 1875000 1528405 871357 1528405
V1 871357 1528405 841450 1558312
Net71 5 
V1 3381180 1263970 3359817 1285332
V1 3359817 1285332 2300000 1285332
V1 2300000 1285332 1875000 1532677
V1 1875000 1532677 962345 1532677
V1 962345 1532677 936710 1558312
Net72 5 
V1 3476440 1263970 3450805 1289605
V1 3450805 1289605 2300000 1289605
V1 2300000 1289605 1875000 1536950
V1 1875000 1536950 1053342 1536950
V1 1053342 1536950 1031980 1558312
Net73 5 
V1 3571710 1263970 3541802 1293877
V1 3541802 1293877 2300000 1293877
V1 2300000 1293877 1875000 1541222
V1 1875000 1541222 1144330 1541222
V1 1144330 1541222 1127240 1558312
Net74 5 
V1 3666970 1263970 3632790 1298150
V1 3632790 1298150 2300000 1298150
V1 2300000 1298150 1875000 1545495
V1 1875000 1545495 1235317 1545495
V1 1235317 1545495 1222500 1558312
Net75 5 
V1 3762230 1263970 3723777 1302422
V1 3723777 1302422 2300000 1302422
V1 2300000 1302422 1875000 1549767
V1 1875000 1549767 1421575 1549767
V1 1421575 1549767 1413030 1558312
Net76 5 
V1 3857492 1263970 3814767 1306695
V1 3814767 1306695 2300000 1306695
V1 2300000 1306695 1875000 1554040
V1 1875000 1554040 1512562 1554040
V1 1512562 1554040 1508290 1558312
Net77 5 
V1 3952760 1263970 3905762 1310967
V1 3905762 1310967 2300000 1310967
V1 2300000 1310967 1875000 1576826
V1 1875000 1576826 288384 1576826
V1 288384 1576826 269870 1558312
Net79 5 
V1 2761970 1208430 2743458 1226942
V1 2743458 1226942 2300000 1226942
V1 2300000 1226942 1875000 1507042
V1 1875000 1507042 417042 1507042
V1 417042 1507042 412770 1502770
