Nets 26
Net13 5 
V2 2728200 1560200 2721720 1566680
V2 2721720 1566680 2300000 1566680
V2 2300000 1566680 1875000 1858247
V2 1875000 1858247 1288733 1858247
V2 1288733 1858247 1255410 1891570
Net14 5 
V2 2781890 1560200 2768930 1573160
V2 2768930 1573160 2300000 1573160
V2 2300000 1573160 1875000 1869355
V2 1875000 1869355 1454294 1869355
V2 1454294 1869355 1432080 1891570
Net15 5 
V2 2889280 1560200 2869840 1579640
V2 2869840 1579640 2300000 1579640
V2 2300000 1579640 1875000 1880464
V2 1875000 1880464 1531518 1880464
V2 1531518 1880464 1520412 1891570
Net19 5 
V2 2808740 1534280 2802260 1540760
V2 2802260 1540760 2300000 1540760
V2 2300000 1540760 1875000 1799001
V2 1875000 1799001 1159938 1799001
V2 1159938 1799001 1122910 1836030
Net20 5 
V2 2862430 1534280 2849470 1547240
V2 2849470 1547240 2300000 1547240
V2 2300000 1547240 1875000 1817515
V2 1875000 1817515 1406424 1817515
V2 1406424 1817515 1387910 1836030
Net21 5 
V2 2916127 1534280 2896687 1553720
V2 2896687 1553720 2300000 1553720
V2 2300000 1553720 1875000 1847138
V2 1875000 1847138 416494 1847138
V2 416494 1847138 372062 1891570
Net22 5 
V2 2567120 1508360 2558480 1517000
V2 2558480 1517000 2300000 1517000
V2 2300000 1517000 1875000 1758265
V2 1875000 1758265 1100962 1758265
V2 1100962 1758265 1078740 1780487
Net23 5 
V2 2674502 1508360 2657222 1525640
V2 2657222 1525640 2300000 1525640
V2 2300000 1525640 1875000 1769374
V2 1875000 1769374 1266523 1769374
V2 1266523 1769374 1255410 1780487
Net27 5 
V2 2593960 1482440 2581000 1495400
V2 2581000 1495400 2300000 1495400
V2 2300000 1495400 1875000 1747157
V2 1875000 1747157 1023740 1747157
V2 1023740 1747157 990410 1780487
Net34 5 
V2 2620810 1456520 2607850 1469480
V2 2607850 1469480 2300000 1469480
V2 2300000 1469480 1875000 1736048
V2 1875000 1736048 858179 1736048
V2 858179 1736048 813740 1780487
Net35 5 
V2 2674502 1456520 2665862 1447880
V2 2665862 1447880 2300000 1447880
V2 2300000 1447880 1875000 1706428
V2 1875000 1706428 699749 1706428
V2 699749 1706428 681237 1724940
Net39 5 
V2 2593960 1430600 2585320 1439240
V2 2585320 1439240 2300000 1439240
V2 2300000 1439240 1875000 1687914
V2 1875000 1687914 629926 1687914
V2 629926 1687914 592900 1724940
Net51 5 
V2 2755042 1378760 2746402 1387400
V2 2746402 1387400 2300000 1387400
V2 2300000 1387400 1875000 1641631
V2 1875000 1641631 1283179 1641631
V2 1283179 1641631 1255410 1669400
Net53 5 
V2 2862430 1378760 2845150 1396040
V2 2845150 1396040 2300000 1396040
V2 2300000 1396040 1875000 1655516
V2 1875000 1655516 1534296 1655516
V2 1534296 1655516 1520412 1669400
Net61 5 
V2 2647660 1326920 2643340 1331240
V2 2643340 1331240 2300000 1331240
V2 2300000 1331240 1875000 1539798
V2 1875000 1539798 743914 1539798
V2 743914 1539798 725400 1558312
Net62 5 
V2 2701350 1326920 2692710 1335560
V2 2692710 1335560 2300000 1335560
V2 2300000 1335560 1875000 1549055
V2 1875000 1549055 822997 1549055
V2 822997 1549055 813740 1558312
Net63 5 
V2 2755042 1326920 2742082 1339880
V2 2742082 1339880 2300000 1339880
V2 2300000 1339880 1875000 1576826
V2 1875000 1576826 718271 1576826
V2 718271 1576826 681237 1613860
Net64 5 
V2 2862430 1326920 2845150 1344200
V2 2845150 1344200 2300000 1344200
V2 2300000 1344200 1875000 1595340
V2 1875000 1595340 876427 1595340
V2 876427 1595340 857907 1613860
Net65 5 
V2 2916127 1326920 2894527 1348520
V2 2894527 1348520 2300000 1348520
V2 2300000 1348520 1875000 1627745
V2 1875000 1627745 413717 1627745
V2 413717 1627745 372062 1669400
Net66 5 
V2 2567120 1301000 2554160 1313960
V2 2554160 1313960 2300000 1313960
V2 2300000 1313960 1875000 1530541
V2 1875000 1530541 664841 1530541
V2 664841 1530541 637070 1558312
Net77 5 
V2 2567120 1249160 2554160 1262120
V2 2554160 1262120 2300000 1262120
V2 2300000 1262120 1875000 1521284
V2 1875000 1521284 788084 1521284
V2 788084 1521284 769570 1502770
Net78 5 
V2 2620810 1249160 2616490 1244840
V2 2616490 1244840 2300000 1244840
V2 2300000 1244840 1875000 1512027
V2 1875000 1512027 867164 1512027
V2 867164 1512027 857907 1502770
Net83 5 
V2 2593960 1223240 2589640 1227560
V2 2589640 1227560 2300000 1227560
V2 2300000 1227560 1875000 1458336
V2 1875000 1458336 1167344 1458336
V2 1167344 1458336 1122910 1502770
Net84 5 
V2 2647660 1223240 2639020 1231880
V2 2639020 1231880 2300000 1231880
V2 2300000 1231880 1875000 1469444
V2 1875000 1469444 1332905 1469444
V2 1332905 1469444 1299580 1502770
Net85 5 
V2 2755042 1223240 2742082 1236200
V2 2742082 1236200 2300000 1236200
V2 2300000 1236200 1875000 1480553
V2 1875000 1480553 1410127 1480553
V2 1410127 1480553 1387910 1502770
Net86 5 
V2 2862430 1223240 2845150 1240520
V2 2845150 1240520 2300000 1240520
V2 2300000 1240520 1875000 1491661
V2 1875000 1491661 1575688 1491661
V2 1575688 1491661 1564580 1502770
