Nets 37
Net0 5 
V1 2614750 1597230 2609195 1602784
V1 2609195 1602784 2300000 1602784
V1 2300000 1602784 1875000 1849915
V1 1875000 1849915 454424 1849915
V1 454424 1849915 412770 1891570
Net1 5 
V1 2798347 1597230 2787239 1608338
V1 2787239 1608338 2300000 1608338
V1 2300000 1608338 1875000 1854544
V1 1875000 1854544 633393 1854544
V1 633393 1854544 596367 1891570
Net2 5 
V1 2890142 1597230 2873479 1613892
V1 2873479 1613892 2300000 1613892
V1 2300000 1613892 1875000 1859172
V1 1875000 1859172 720560 1859172
V1 720560 1859172 688162 1891570
Net3 5 
V1 3073740 1597230 3051523 1619447
V1 3051523 1619447 2300000 1619447
V1 2300000 1619447 1875000 1863801
V1 1875000 1863801 899529 1863801
V1 899529 1863801 871760 1891570
Net4 5 
V1 3349140 1597230 3321368 1625001
V1 3321368 1625001 2300000 1625001
V1 2300000 1625001 1875000 1868429
V1 1875000 1868429 986700 1868429
V1 986700 1868429 963560 1891570
Net5 5 
V1 3440940 1597230 3407614 1630555
V1 3407614 1630555 2300000 1630555
V1 2300000 1630555 1875000 1873058
V1 1875000 1873058 1165672 1873058
V1 1165672 1873058 1147160 1891570
Net6 5 
V1 3624532 1597230 3585652 1636109
V1 3585652 1636109 2300000 1636109
V1 2300000 1636109 1875000 1877686
V1 1875000 1877686 1252843 1877686
V1 1252843 1877686 1238960 1891570
Net7 5 
V1 3716330 1597230 3671896 1641664
V1 3671896 1641664 2300000 1641664
V1 2300000 1641664 1875000 1882315
V1 1875000 1882315 1431805 1882315
V1 1431805 1882315 1422550 1891570
Net8 5 
V1 3808130 1597230 3758141 1647218
V1 3758141 1647218 2300000 1647218
V1 2300000 1647218 1875000 1886943
V1 1875000 1886943 1518976 1886943
V1 1518976 1886943 1514350 1891570
Net10 5 
V1 2660650 1541687 2642135 1560202
V1 2642135 1560202 2300000 1560202
V1 2300000 1560202 1875000 1840658
V1 1875000 1840658 371498 1840658
V1 371498 1840658 366870 1836030
Net11 5 
V1 2752450 1541687 2733936 1523173
V1 2733936 1523173 2300000 1523173
V1 2300000 1523173 1875000 1817515
V1 1875000 1817515 477184 1817515
V1 477184 1817515 458670 1836030
Net22 5 
V1 3854030 1541687 3817001 1578716
V1 3817001 1578716 2300000 1578716
V1 2300000 1578716 1875000 1845287
V1 1875000 1845287 284327 1845287
V1 284327 1845287 275070 1836030
Net23 5 
V1 2706550 1486140 2695441 1475031
V1 2695441 1475031 2300000 1475031
V1 2300000 1475031 1875000 1769374
V1 1875000 1769374 423883 1769374
V1 423883 1769374 412770 1780487
Net24 5 
V1 2798347 1486140 2779828 1504659
V1 2779828 1504659 2300000 1504659
V1 2300000 1504659 1875000 1799001
V1 1875000 1799001 523084 1799001
V1 523084 1799001 504570 1780487
Net33 5 
V1 3899930 1486140 3877713 1463923
V1 3877713 1463923 2300000 1463923
V1 2300000 1463923 1875000 1758265
V1 1875000 1758265 343192 1758265
V1 343192 1758265 320970 1780487
Net34 5 
V1 2660650 1430600 2649544 1441706
V1 2649544 1441706 2300000 1441706
V1 2300000 1441706 1875000 1736048
V1 1875000 1736048 377978 1736048
V1 377978 1736048 366870 1724940
Net35 5 
V1 2844247 1430600 2825733 1412086
V1 2825733 1412086 2300000 1412086
V1 2300000 1412086 1875000 1706428
V1 1875000 1706428 568979 1706428
V1 568979 1706428 550467 1724940
Net43 5 
V1 3854030 1430600 3831815 1452814
V1 3831815 1452814 2300000 1452814
V1 2300000 1452814 1875000 1747157
V1 1875000 1747157 297287 1747157
V1 297287 1747157 275070 1724940
Net44 5 
V1 2706550 1375060 2695441 1363951
V1 2695441 1363951 2300000 1363951
V1 2300000 1363951 1875000 1658294
V1 1875000 1658294 423876 1658294
V1 423876 1658294 412770 1669400
Net45 5 
V1 2798347 1375060 2779835 1393572
V1 2779835 1393572 2300000 1393572
V1 2300000 1393572 1875000 1687914
V1 1875000 1687914 523084 1687914
V1 523084 1687914 504570 1669400
Net53 5 
V1 3899930 1375060 3877713 1352843
V1 3877713 1352843 2300000 1352843
V1 2300000 1352843 1875000 1647185
V1 1875000 1647185 343184 1647185
V1 343184 1647185 320970 1669400
Net54 5 
V1 2660650 1319512 2649536 1330626
V1 2649536 1330626 2300000 1330626
V1 2300000 1330626 1875000 1624968
V1 1875000 1624968 377978 1624968
V1 377978 1624968 366870 1613860
Net55 5 
V1 2844247 1319512 2839975 1315240
V1 2839975 1315240 2300000 1315240
V1 2300000 1315240 1875000 1595340
V1 1875000 1595340 568987 1595340
V1 568987 1595340 550467 1613860
Net64 5 
V1 3854030 1319512 3831808 1341734
V1 3831808 1341734 2300000 1341734
V1 2300000 1341734 1875000 1636077
V1 1875000 1636077 297287 1636077
V1 297287 1636077 275070 1613860
Net66 5 
V1 2706550 1263970 2688036 1245456
V1 2688036 1245456 2300000 1245456
V1 2300000 1245456 1875000 1511315
V1 1875000 1511315 551567 1511315
V1 551567 1511315 504570 1558312
Net67 5 
V1 2798347 1263970 2794075 1268242
V1 2794075 1268242 2300000 1268242
V1 2300000 1268242 1875000 1515587
V1 1875000 1515587 639092 1515587
V1 639092 1515587 596367 1558312
Net68 5 
V1 2890142 1263970 2881597 1272515
V1 2881597 1272515 2300000 1272515
V1 2300000 1272515 1875000 1519860
V1 1875000 1519860 726615 1519860
V1 726615 1519860 688162 1558312
Net69 5 
V1 2981940 1263970 2969122 1276787
V1 2969122 1276787 2300000 1276787
V1 2300000 1276787 1875000 1524132
V1 1875000 1524132 814140 1524132
V1 814140 1524132 779960 1558312
Net70 5 
V1 3073740 1263970 3056650 1281060
V1 3056650 1281060 2300000 1281060
V1 2300000 1281060 1875000 1528405
V1 1875000 1528405 901667 1528405
V1 901667 1528405 871760 1558312
Net71 5 
V1 3349140 1263970 3327777 1285332
V1 3327777 1285332 2300000 1285332
V1 2300000 1285332 1875000 1532677
V1 1875000 1532677 989195 1532677
V1 989195 1532677 963560 1558312
Net72 5 
V1 3440940 1263970 3415305 1289605
V1 3415305 1289605 2300000 1289605
V1 2300000 1289605 1875000 1536950
V1 1875000 1536950 1076722 1536950
V1 1076722 1536950 1055360 1558312
Net73 5 
V1 3532737 1263970 3502830 1293877
V1 3502830 1293877 2300000 1293877
V1 2300000 1293877 1875000 1541222
V1 1875000 1541222 1164250 1541222
V1 1164250 1541222 1147160 1558312
Net74 5 
V1 3624532 1263970 3590352 1298150
V1 3590352 1298150 2300000 1298150
V1 2300000 1298150 1875000 1545495
V1 1875000 1545495 1251777 1545495
V1 1251777 1545495 1238960 1558312
Net75 5 
V1 3716330 1263970 3677877 1302422
V1 3677877 1302422 2300000 1302422
V1 2300000 1302422 1875000 1549767
V1 1875000 1549767 1431095 1549767
V1 1431095 1549767 1422550 1558312
Net76 5 
V1 3808130 1263970 3765405 1306695
V1 3765405 1306695 2300000 1306695
V1 2300000 1306695 1875000 1554040
V1 1875000 1554040 1518622 1554040
V1 1518622 1554040 1514350 1558312
Net77 5 
V1 3899930 1263970 3852932 1310967
V1 3852932 1310967 2300000 1310967
V1 2300000 1310967 1875000 1576826
V1 1875000 1576826 339484 1576826
V1 339484 1576826 320970 1558312
Net79 5 
V1 2752450 1208430 2733938 1226942
V1 2733938 1226942 2300000 1226942
V1 2300000 1226942 1875000 1507042
V1 1875000 1507042 462942 1507042
V1 462942 1507042 458670 1502770
