Nets 20
Net5 5 
V2 3501070 1603400 3479470 1625000
V2 3479470 1625000 2500000 1625000
V2 2500000 1625000 1875000 1837880
V2 1875000 1837880 1620840 1837880
V2 1620840 1837880 1607880 1850840
Net13 5 
V2 3457770 1560200 3436170 1581800
V2 3436170 1581800 2500000 1581800
V2 2500000 1581800 1875000 1811960
V2 1875000 1811960 1486610 1811960
V2 1486610 1811960 1473650 1824920
Net23 5 
V2 3587677 1517000 3566077 1538600
V2 3566077 1538600 2500000 1538600
V2 2500000 1538600 1875000 1786040
V2 1875000 1786040 1620840 1786040
V2 1620840 1786040 1607880 1799000
Net31 5 
V2 3371170 1473800 3349570 1495400
V2 3349570 1495400 2500000 1495400
V2 2500000 1495400 1875000 1760120
V2 1875000 1760120 1432917 1760120
V2 1432917 1760120 1419957 1773080
Net32 5 
V2 3457770 1473800 3446970 1463000
V2 3446970 1463000 2500000 1463000
V2 2500000 1463000 1875000 1734200
V2 1875000 1734200 1459760 1734200
V2 1459760 1734200 1446800 1747160
Net35 5 
V2 3804180 1473800 3782580 1452200
V2 3782580 1452200 2500000 1452200
V2 2500000 1452200 1875000 1708280
V2 1875000 1708280 1271832 1708280
V2 1271832 1708280 1258872 1721240
Net38 5 
V2 3068060 1430600 3057260 1441400
V2 3057260 1441400 2500000 1441400
V2 2500000 1441400 1875000 1682360
V2 1875000 1682360 1459760 1682360
V2 1459760 1682360 1446800 1695320
Net48 5 
V2 3371170 1387400 3356770 1401800
V2 3356770 1401800 2500000 1401800
V2 2500000 1401800 1875000 1656440
V2 1875000 1656440 1432917 1656440
V2 1432917 1656440 1419957 1669400
Net49 5 
V2 3457770 1387400 3428970 1416200
V2 3428970 1416200 2500000 1416200
V2 2500000 1416200 1875000 1662920
V2 1875000 1662920 1480130 1662920
V2 1480130 1662920 1473650 1669400
Net55 5 
V2 3241267 1344200 3232627 1352840
V2 3232627 1352840 2500000 1352840
V2 2500000 1352840 1875000 1586456
V2 1875000 1586456 1505681 1586456
V2 1505681 1586456 1500497 1591640
Net59 5 
V2 3587677 1344200 3570397 1361480
V2 3570397 1361480 2500000 1361480
V2 2500000 1361480 1875000 1626200
V2 1875000 1626200 1571470 1626200
V2 1571470 1626200 1554190 1643480
Net60 5 
V2 3674280 1344200 3648360 1370120
V2 3648360 1370120 2500000 1370120
V2 2500000 1370120 1875000 1634840
V2 1875000 1634840 1616520 1634840
V2 1616520 1634840 1607880 1643480
Net61 5 
V2 3760880 1344200 3726320 1378760
V2 3726320 1378760 2500000 1378760
V2 2500000 1378760 1875000 1649960
V2 1875000 1649960 1278312 1649960
V2 1278312 1649960 1258872 1669400
Net62 5 
V2 2851552 1301000 2840752 1311800
V2 2840752 1311800 2500000 1311800
V2 2500000 1311800 1875000 1570904
V2 1875000 1570904 1360153 1570904
V2 1360153 1570904 1339417 1591640
Net64 5 
V2 3111360 1301000 3089760 1322600
V2 3089760 1322600 2500000 1322600
V2 2500000 1322600 1875000 1576088
V2 1875000 1576088 1408662 1576088
V2 1408662 1576088 1393110 1591640
Net65 5 
V2 3197962 1301000 3165562 1333400
V2 3165562 1333400 2500000 1333400
V2 2500000 1333400 1875000 1581272
V2 1875000 1581272 1457168 1581272
V2 1457168 1581272 1446800 1591640
Net71 5 
V2 2808250 1257800 2797450 1268600
V2 2797450 1268600 2500000 1268600
V2 2500000 1268600 1875000 1520360
V2 1875000 1520360 1305160 1520360
V2 1305160 1520360 1285720 1539800
Net72 5 
V2 2894857 1257800 2873257 1279400
V2 2873257 1279400 2500000 1279400
V2 2500000 1279400 1875000 1526840
V2 1875000 1526840 1406070 1526840
V2 1406070 1526840 1393110 1539800
Net73 5 
V2 2981460 1257800 2949060 1290200
V2 2949060 1290200 2500000 1290200
V2 2500000 1290200 1875000 1533320
V2 1875000 1533320 1453280 1533320
V2 1453280 1533320 1446800 1539800
Net83 5 
V2 3111360 1214600 3089760 1236200
V2 3089760 1236200 2500000 1236200
V2 2500000 1236200 1875000 1475000
V2 1875000 1475000 1352377 1475000
V2 1352377 1475000 1339417 1487960
