Nets 26
Net13 5 
V2 2884030 1560200 2877550 1566680
V2 2877550 1566680 2500000 1566680
V2 2500000 1566680 1875000 1858247
V2 1875000 1858247 1255823 1858247
V2 1255823 1858247 1222500 1891570
Net14 5 
V2 2927330 1560200 2914370 1573160
V2 2914370 1573160 2500000 1573160
V2 2500000 1573160 1875000 1869355
V2 1875000 1869355 1435244 1869355
V2 1435244 1869355 1413030 1891570
Net15 5 
V2 3013932 1560200 2994492 1579640
V2 2994492 1579640 2500000 1579640
V2 2500000 1579640 1875000 1880464
V2 1875000 1880464 1519396 1880464
V2 1519396 1880464 1508290 1891570
Net19 5 
V2 2948980 1534280 2942500 1540760
V2 2942500 1540760 2500000 1540760
V2 2500000 1540760 1875000 1799001
V2 1875000 1799001 1116638 1799001
V2 1116638 1799001 1079610 1836030
Net20 5 
V2 2992280 1534280 2979320 1547240
V2 2979320 1547240 2500000 1547240
V2 2500000 1547240 1875000 1817515
V2 1875000 1817515 1383912 1817515
V2 1383912 1817515 1365397 1836030
Net21 5 
V2 3035582 1534280 3016142 1553720
V2 3016142 1553720 2500000 1553720
V2 2500000 1553720 1875000 1847138
V2 1875000 1847138 314301 1847138
V2 314301 1847138 269870 1891570
Net22 5 
V2 2754130 1508360 2745490 1517000
V2 2745490 1517000 2500000 1517000
V2 2500000 1517000 1875000 1758265
V2 1875000 1758265 1054202 1758265
V2 1054202 1758265 1031980 1780487
Net23 5 
V2 2840730 1508360 2823450 1525640
V2 2823450 1525640 2500000 1525640
V2 2500000 1525640 1875000 1769374
V2 1875000 1769374 1233613 1769374
V2 1233613 1769374 1222500 1780487
Net27 5 
V2 2775780 1482440 2762820 1495400
V2 2762820 1495400 2500000 1495400
V2 2500000 1495400 1875000 1747157
V2 1875000 1747157 970040 1747157
V2 970040 1747157 936710 1780487
Net34 5 
V2 2797430 1456520 2784470 1469480
V2 2784470 1469480 2500000 1469480
V2 2500000 1469480 1875000 1736048
V2 1875000 1736048 790629 1736048
V2 790629 1736048 746190 1780487
Net35 5 
V2 2840730 1456520 2832090 1447880
V2 2832090 1447880 2500000 1447880
V2 2500000 1447880 1875000 1706428
V2 1875000 1706428 621802 1706428
V2 621802 1706428 603290 1724940
Net39 5 
V2 2775780 1430600 2767140 1439240
V2 2767140 1439240 2500000 1439240
V2 2500000 1439240 1875000 1687914
V2 1875000 1687914 545056 1687914
V2 545056 1687914 508030 1724940
Net51 5 
V2 2905680 1378760 2897040 1387400
V2 2897040 1387400 2500000 1387400
V2 2500000 1387400 1875000 1641631
V2 1875000 1641631 1250269 1641631
V2 1250269 1641631 1222500 1669400
Net53 5 
V2 2992280 1378760 2975000 1396040
V2 2975000 1396040 2500000 1396040
V2 2500000 1396040 1875000 1655516
V2 1875000 1655516 1522173 1655516
V2 1522173 1655516 1508290 1669400
Net61 5 
V2 2819080 1326920 2814760 1331240
V2 2814760 1331240 2500000 1331240
V2 2500000 1331240 1875000 1539798
V2 1875000 1539798 669437 1539798
V2 669437 1539798 650922 1558312
Net62 5 
V2 2862380 1326920 2853740 1335560
V2 2853740 1335560 2500000 1335560
V2 2500000 1335560 1875000 1549055
V2 1875000 1549055 755447 1549055
V2 755447 1549055 746190 1558312
Net63 5 
V2 2905680 1326920 2892720 1339880
V2 2892720 1339880 2500000 1339880
V2 2500000 1339880 1875000 1576826
V2 1875000 1576826 640323 1576826
V2 640323 1576826 603290 1613860
Net64 5 
V2 2992280 1326920 2975000 1344200
V2 2975000 1344200 2500000 1344200
V2 2500000 1344200 1875000 1595340
V2 1875000 1595340 812339 1595340
V2 812339 1595340 793820 1613860
Net65 5 
V2 3035582 1326920 3013982 1348520
V2 3013982 1348520 2500000 1348520
V2 2500000 1348520 1875000 1627745
V2 1875000 1627745 311524 1627745
V2 311524 1627745 269870 1669400
Net66 5 
V2 2754130 1301000 2741170 1313960
V2 2741170 1313960 2500000 1313960
V2 2500000 1313960 1875000 1530541
V2 1875000 1530541 583431 1530541
V2 583431 1530541 555660 1558312
Net77 5 
V2 2754130 1249160 2741170 1262120
V2 2741170 1262120 2500000 1262120
V2 2500000 1262120 1875000 1521284
V2 1875000 1521284 717074 1521284
V2 717074 1521284 698560 1502770
Net78 5 
V2 2797430 1249160 2793110 1244840
V2 2793110 1244840 2500000 1244840
V2 2500000 1244840 1875000 1512027
V2 1875000 1512027 803077 1512027
V2 803077 1512027 793820 1502770
Net83 5 
V2 2775780 1223240 2771460 1227560
V2 2771460 1227560 2500000 1227560
V2 2500000 1227560 1875000 1458336
V2 1875000 1458336 1124044 1458336
V2 1124044 1458336 1079610 1502770
Net84 5 
V2 2819080 1223240 2810440 1231880
V2 2810440 1231880 2500000 1231880
V2 2500000 1231880 1875000 1469444
V2 1875000 1469444 1303455 1469444
V2 1303455 1469444 1270130 1502770
Net85 5 
V2 2905680 1223240 2892720 1236200
V2 2892720 1236200 2500000 1236200
V2 2500000 1236200 1875000 1480553
V2 1875000 1480553 1387614 1480553
V2 1387614 1480553 1365397 1502770
Net86 5 
V2 2992280 1223240 2975000 1240520
V2 2975000 1240520 2500000 1240520
V2 2500000 1240520 1875000 1491661
V2 1875000 1491661 1567028 1491661
V2 1567028 1491661 1555920 1502770
