Nets 20
Net5 5 
V2 3420970 1603400 3399370 1625000
V2 3399370 1625000 2500000 1625000
V2 2500000 1625000 1875000 1837880
V2 1875000 1837880 1620840 1837880
V2 1620840 1837880 1607880 1850840
Net13 5 
V2 3381997 1560200 3360397 1581800
V2 3360397 1581800 2500000 1581800
V2 2500000 1581800 1875000 1811960
V2 1875000 1811960 1486610 1811960
V2 1486610 1811960 1473650 1824920
Net23 5 
V2 3498910 1517000 3477310 1538600
V2 3477310 1538600 2500000 1538600
V2 2500000 1538600 1875000 1786040
V2 1875000 1786040 1620840 1786040
V2 1620840 1786040 1607880 1799000
Net31 5 
V2 3304050 1473800 3282450 1495400
V2 3282450 1495400 2500000 1495400
V2 2500000 1495400 1875000 1760120
V2 1875000 1760120 1432917 1760120
V2 1432917 1760120 1419957 1773080
Net32 5 
V2 3381997 1473800 3371197 1463000
V2 3371197 1463000 2500000 1463000
V2 2500000 1463000 1875000 1734200
V2 1875000 1734200 1459760 1734200
V2 1459760 1734200 1446800 1747160
Net35 5 
V2 3693762 1473800 3672162 1452200
V2 3672162 1452200 2500000 1452200
V2 2500000 1452200 1875000 1708280
V2 1875000 1708280 1271832 1708280
V2 1271832 1708280 1258872 1721240
Net38 5 
V2 3031252 1430600 3020452 1441400
V2 3020452 1441400 2500000 1441400
V2 2500000 1441400 1875000 1682360
V2 1875000 1682360 1459760 1682360
V2 1459760 1682360 1446800 1695320
Net48 5 
V2 3304050 1387400 3289650 1401800
V2 3289650 1401800 2500000 1401800
V2 2500000 1401800 1875000 1656440
V2 1875000 1656440 1432917 1656440
V2 1432917 1656440 1419957 1669400
Net49 5 
V2 3381997 1387400 3353197 1416200
V2 3353197 1416200 2500000 1416200
V2 2500000 1416200 1875000 1662920
V2 1875000 1662920 1480130 1662920
V2 1480130 1662920 1473650 1669400
Net55 5 
V2 3187140 1344200 3178500 1352840
V2 3178500 1352840 2500000 1352840
V2 2500000 1352840 1875000 1586456
V2 1875000 1586456 1505681 1586456
V2 1505681 1586456 1500497 1591640
Net59 5 
V2 3498910 1344200 3481630 1361480
V2 3481630 1361480 2500000 1361480
V2 2500000 1361480 1875000 1626200
V2 1875000 1626200 1571470 1626200
V2 1571470 1626200 1554190 1643480
Net60 5 
V2 3576850 1344200 3550930 1370120
V2 3550930 1370120 2500000 1370120
V2 2500000 1370120 1875000 1634840
V2 1875000 1634840 1616520 1634840
V2 1616520 1634840 1607880 1643480
Net61 5 
V2 3654790 1344200 3620230 1378760
V2 3620230 1378760 2500000 1378760
V2 2500000 1378760 1875000 1649960
V2 1875000 1649960 1278312 1649960
V2 1278312 1649960 1258872 1669400
Net62 5 
V2 2836400 1301000 2825600 1311800
V2 2825600 1311800 2500000 1311800
V2 2500000 1311800 1875000 1570904
V2 1875000 1570904 1360153 1570904
V2 1360153 1570904 1339417 1591640
Net64 5 
V2 3070227 1301000 3048627 1322600
V2 3048627 1322600 2500000 1322600
V2 2500000 1322600 1875000 1576088
V2 1875000 1576088 1408662 1576088
V2 1408662 1576088 1393110 1591640
Net65 5 
V2 3148170 1301000 3115770 1333400
V2 3115770 1333400 2500000 1333400
V2 2500000 1333400 1875000 1581272
V2 1875000 1581272 1457168 1581272
V2 1457168 1581272 1446800 1591640
Net71 5 
V2 2797430 1257800 2786630 1268600
V2 2786630 1268600 2500000 1268600
V2 2500000 1268600 1875000 1520360
V2 1875000 1520360 1305160 1520360
V2 1305160 1520360 1285720 1539800
Net72 5 
V2 2875370 1257800 2853770 1279400
V2 2853770 1279400 2500000 1279400
V2 2500000 1279400 1875000 1526840
V2 1875000 1526840 1406070 1526840
V2 1406070 1526840 1393110 1539800
Net73 5 
V2 2953310 1257800 2920910 1290200
V2 2920910 1290200 2500000 1290200
V2 2500000 1290200 1875000 1533320
V2 1875000 1533320 1453280 1533320
V2 1453280 1533320 1446800 1539800
Net83 5 
V2 3070227 1214600 3048627 1236200
V2 3048627 1236200 2500000 1236200
V2 2500000 1236200 1875000 1475000
V2 1875000 1475000 1352377 1475000
V2 1352377 1475000 1339417 1487960
