Nets 21
Net6 5 
M2 3654790 1603400 3633190 1625000
M2 3633190 1625000 2500000 1625000
M2 2500000 1625000 1875000 1808258
M2 1875000 1808258 250011 1808258
M2 250011 1808258 222240 1836030
Net17 5 
M2 2797430 1517000 2775830 1538600
M2 2775830 1538600 2500000 1538600
M2 2500000 1538600 1875000 1752711
M2 1875000 1752711 392916 1752711
M2 392916 1752711 365140 1780487
Net25 5 
M2 3654790 1517000 3633190 1495400
M2 3633190 1495400 2500000 1495400
M2 2500000 1495400 1875000 1697171
M2 1875000 1697171 250008 1697171
M2 250008 1697171 222240 1724940
Net48 5 
M2 3304050 1387400 3295410 1396040
M2 3295410 1396040 2500000 1396040
M2 2500000 1396040 1875000 1624968
M2 1875000 1624968 981141 1624968
M2 981141 1624968 936710 1669400
Net49 5 
M2 3381997 1387400 3364717 1404680
M2 3364717 1404680 2500000 1404680
M2 2500000 1404680 1875000 1636077
M2 1875000 1636077 1065303 1636077
M2 1065303 1636077 1031980 1669400
Net50 5 
M2 3459940 1387400 3434020 1413320
M2 3434020 1413320 2500000 1413320
M2 2500000 1413320 1875000 1647185
M2 1875000 1647185 1244714 1647185
M2 1244714 1647185 1222500 1669400
Net51 5 
M2 3615820 1387400 3581260 1421960
M2 3581260 1421960 2500000 1421960
M2 2500000 1421960 1875000 1658294
M2 1875000 1658294 1328868 1658294
M2 1328868 1658294 1317762 1669400
Net52 5 
M2 2797430 1344200 2792630 1349000
M2 2792630 1349000 2500000 1349000
M2 2500000 1349000 1875000 1539798
M2 1875000 1539798 383654 1539798
M2 383654 1539798 365140 1558312
Net53 5 
M2 2875370 1344200 2865770 1353800
M2 2865770 1353800 2500000 1353800
M2 2500000 1353800 1875000 1565255
M2 1875000 1565255 366112 1565255
M2 366112 1565255 317507 1613860
Net54 5 
M2 3031252 1344200 3016852 1358600
M2 3016852 1358600 2500000 1358600
M2 2500000 1358600 1875000 1572198
M2 1875000 1572198 549692 1572198
M2 549692 1572198 508030 1613860
Net55 5 
M2 3187140 1344200 3167940 1363400
M2 3167940 1363400 2500000 1363400
M2 2500000 1363400 1875000 1579140
M2 1875000 1579140 638009 1579140
M2 638009 1579140 603290 1613860
Net56 5 
M2 3265080 1344200 3241080 1368200
M2 3241080 1368200 2500000 1368200
M2 2500000 1368200 1875000 1586083
M2 1875000 1586083 821596 1586083
M2 821596 1586083 793820 1613860
Net57 5 
M2 3343020 1344200 3314220 1373000
M2 3314220 1373000 2500000 1373000
M2 2500000 1373000 1875000 1593026
M2 1875000 1593026 909913 1593026
M2 909913 1593026 889080 1613860
Net58 5 
M2 3420970 1344200 3387370 1377800
M2 3387370 1377800 2500000 1377800
M2 2500000 1377800 1875000 1599969
M2 1875000 1599969 1093501 1599969
M2 1093501 1599969 1079610 1613860
Net59 5 
M2 3498910 1344200 3460510 1382600
M2 3460510 1382600 2500000 1382600
M2 2500000 1382600 1875000 1606911
M2 1875000 1606911 1181818 1606911
M2 1181818 1606911 1174870 1613860
Net82 5 
M2 2992280 1214600 2986107 1220772
M2 2986107 1220772 2500000 1220772
M2 2500000 1220772 1875000 1456484
M2 1875000 1456484 840105 1456484
M2 840105 1456484 793820 1502770
Net83 5 
M2 3070227 1214600 3057883 1226943
M2 3057883 1226943 2500000 1226943
M2 2500000 1226943 1875000 1465741
M2 1875000 1465741 1116638 1465741
M2 1116638 1465741 1079610 1502770
Net84 5 
M2 3226110 1214600 3207595 1233115
M2 3207595 1233115 2500000 1233115
M2 2500000 1233115 1875000 1474998
M2 1875000 1474998 1297901 1474998
M2 1297901 1474998 1270130 1502770
Net85 5 
M2 3304050 1214600 3279363 1239286
M2 3279363 1239286 2500000 1239286
M2 2500000 1239286 1875000 1484255
M2 1875000 1484255 1383912 1484255
M2 1383912 1484255 1365397 1502770
Net86 5 
M2 3459940 1214600 3429082 1245457
M2 3429082 1245457 2500000 1245457
M2 2500000 1245457 1875000 1493512
M2 1875000 1493512 1565177 1493512
M2 1565177 1493512 1555920 1502770
Net87 5 
M2 3693762 1214600 3656733 1251628
M2 3656733 1251628 2500000 1251628
M2 2500000 1251628 1875000 1521284
M2 1875000 1521284 306898 1521284
M2 306898 1521284 269870 1558312
