Nets 32
Net13 5 
V2 3457770 1560200 3446970 1571000
V2 3446970 1571000 2500000 1571000
V2 2500000 1571000 1875000 1874909
V2 1875000 1874909 1272070 1874909
V2 1272070 1874909 1255410 1891570
Net14 5 
V2 3544372 1560200 3522772 1581800
V2 3522772 1581800 2500000 1581800
V2 2500000 1581800 1875000 1880464
V2 1875000 1880464 1443186 1880464
V2 1443186 1880464 1432080 1891570
Net15 5 
V2 3630980 1560200 3598580 1592600
V2 3598580 1592600 2500000 1592600
V2 2500000 1592600 1875000 1886018
V2 1875000 1886018 1525964 1886018
V2 1525964 1886018 1520412 1891570
Net16 5 
V2 3804180 1560200 3789780 1545800
V2 3789780 1545800 2500000 1545800
V2 2500000 1545800 1875000 1869355
V2 1875000 1869355 394277 1869355
V2 394277 1869355 372062 1891570
Net20 5 
V2 3241267 1517000 3226867 1531400
V2 3226867 1531400 2500000 1531400
V2 2500000 1531400 1875000 1863801
V2 1875000 1863801 1150681 1863801
V2 1150681 1863801 1122910 1836030
Net21 5 
V2 3327870 1517000 3320670 1509800
V2 3320670 1509800 2500000 1509800
V2 2500000 1509800 1875000 1858247
V2 1875000 1858247 1233457 1858247
V2 1233457 1858247 1211240 1836030
Net22 5 
V2 3414470 1517000 3400070 1502600
V2 3400070 1502600 2500000 1502600
V2 2500000 1502600 1875000 1852692
V2 1875000 1852692 1316242 1852692
V2 1316242 1852692 1299580 1836030
Net23 5 
V2 3587677 1517000 3566077 1495400
V2 3566077 1495400 2500000 1495400
V2 2500000 1495400 1875000 1847138
V2 1875000 1847138 1399018 1847138
V2 1399018 1847138 1387910 1836030
Net24 5 
V2 3674280 1517000 3645480 1488200
V2 3645480 1488200 2500000 1488200
V2 2500000 1488200 1875000 1841584
V2 1875000 1841584 1481804 1841584
V2 1481804 1841584 1476250 1836030
Net27 5 
V2 2938160 1473800 2933840 1469480
V2 2933840 1469480 2500000 1469480
V2 2500000 1469480 1875000 1822144
V2 1875000 1822144 855396 1822144
V2 855396 1822144 813740 1780487
Net28 5 
V2 3024760 1473800 3016120 1465160
V2 3016120 1465160 2500000 1465160
V2 2500000 1465160 1875000 1815201
V2 1875000 1815201 936783 1815201
V2 936783 1815201 902070 1780487
Net29 5 
V2 3111360 1473800 3098400 1460840
V2 3098400 1460840 2500000 1460840
V2 2500000 1460840 1875000 1808258
V2 1875000 1808258 1018181 1808258
V2 1018181 1808258 990410 1780487
Net30 5 
V2 3284570 1473800 3267290 1456520
V2 3267290 1456520 2500000 1456520
V2 2500000 1456520 1875000 1801315
V2 1875000 1801315 1099568 1801315
V2 1099568 1801315 1078740 1780487
Net31 5 
V2 3371170 1473800 3349570 1452200
V2 3349570 1452200 2500000 1452200
V2 2500000 1452200 1875000 1794373
V2 1875000 1794373 1269295 1794373
V2 1269295 1794373 1255410 1780487
Net32 5 
V2 3457770 1473800 3431850 1447880
V2 3431850 1447880 2500000 1447880
V2 2500000 1447880 1875000 1787430
V2 1875000 1787430 1350690 1787430
V2 1350690 1787430 1343747 1780487
Net33 5 
V2 3630980 1473800 3600740 1443560
V2 3600740 1443560 2500000 1443560
V2 2500000 1443560 1875000 1761968
V2 1875000 1761968 1538932 1761968
V2 1538932 1761968 1520412 1780487
Net34 5 
V2 3717580 1473800 3710380 1481000
V2 3710380 1481000 2500000 1481000
V2 2500000 1481000 1875000 1829086
V2 1875000 1829086 1571523 1829086
V2 1571523 1829086 1564580 1836030
Net35 5 
V2 3804180 1473800 3769620 1439240
V2 3769620 1439240 2500000 1439240
V2 2500000 1439240 1875000 1743454
V2 1875000 1743454 409096 1743454
V2 409096 1743454 372062 1780487
Net36 5 
V2 2808250 1430600 2803930 1434920
V2 2803930 1434920 2500000 1434920
V2 2500000 1434920 1875000 1697171
V2 1875000 1697171 620668 1697171
V2 620668 1697171 592900 1724940
Net60 5 
V2 3674280 1344200 3652680 1365800
V2 3652680 1365800 2500000 1365800
V2 2500000 1365800 1875000 1650888
V2 1875000 1650888 1538924 1650888
V2 1538924 1650888 1520412 1669400
Net61 5 
V2 3760880 1344200 3746480 1329800
V2 3746480 1329800 2500000 1329800
V2 2500000 1329800 1875000 1632374
V2 1875000 1632374 346414 1632374
V2 346414 1632374 327900 1613860
Net64 5 
V2 3111360 1301000 3096960 1315400
V2 3096960 1315400 2500000 1315400
V2 2500000 1315400 1875000 1599969
V2 1875000 1599969 767056 1599969
V2 767056 1599969 725400 1558312
Net65 5 
V2 3197962 1301000 3193642 1296680
V2 3193642 1296680 2500000 1296680
V2 2500000 1296680 1875000 1586083
V2 1875000 1586083 841511 1586083
V2 841511 1586083 813740 1558312
Net66 5 
V2 3284570 1301000 3275930 1292360
V2 3275930 1292360 2500000 1292360
V2 2500000 1292360 1875000 1572198
V2 1875000 1572198 915955 1572198
V2 915955 1572198 902070 1558312
Net71 5 
V2 2808250 1257800 2803930 1262120
V2 2803930 1262120 2500000 1262120
V2 2500000 1262120 1875000 1484255
V2 1875000 1484255 434744 1484255
V2 434744 1484255 416230 1502770
Net74 5 
V2 3068060 1257800 3059420 1266440
V2 3059420 1266440 2500000 1266440
V2 2500000 1266440 1875000 1510704
V2 1875000 1510704 1038018 1510704
V2 1038018 1510704 990410 1558312
Net75 5 
V2 3241267 1257800 3228307 1270760
V2 3228307 1270760 2500000 1270760
V2 2500000 1270760 1875000 1518639
V2 1875000 1518639 1118413 1518639
V2 1118413 1518639 1078740 1558312
Net76 5 
V2 3414470 1257800 3397190 1275080
V2 3397190 1275080 2500000 1275080
V2 2500000 1275080 1875000 1526573
V2 1875000 1526573 1198819 1526573
V2 1198819 1526573 1167080 1558312
Net77 5 
V2 3501070 1257800 3479470 1279400
V2 3479470 1279400 2500000 1279400
V2 2500000 1279400 1875000 1534508
V2 1875000 1534508 1279214 1534508
V2 1279214 1534508 1255410 1558312
Net78 5 
V2 3587677 1257800 3561757 1283720
V2 3561757 1283720 2500000 1283720
V2 2500000 1283720 1875000 1542442
V2 1875000 1542442 1447950 1542442
V2 1447950 1542442 1432080 1558312
Net79 5 
V2 3674280 1257800 3644040 1288040
V2 3644040 1288040 2500000 1288040
V2 2500000 1288040 1875000 1550377
V2 1875000 1550377 1528348 1550377
V2 1528348 1550377 1520412 1558312
Net80 5 
V2 3760880 1257800 3739280 1236200
V2 3739280 1236200 2500000 1236200
V2 2500000 1236200 1875000 1465741
V2 1875000 1465741 364928 1465741
V2 364928 1465741 327900 1502770
