Nets 35
Net0 5 
V1 2782270 1603400 2776097 1609572
V1 2776097 1609572 2500000 1609572
V1 2500000 1609572 1875000 1863801
V1 1875000 1863801 440539 1863801
V1 440539 1863801 412770 1891570
Net1 5 
V1 2913910 1603400 2901566 1615743
V1 2901566 1615743 2500000 1615743
V1 2500000 1615743 1875000 1868429
V1 1875000 1868429 619508 1868429
V1 619508 1868429 596367 1891570
Net2 5 
V1 2979730 1603400 2961215 1621915
V1 2961215 1621915 2500000 1621915
V1 2500000 1621915 1875000 1873058
V1 1875000 1873058 706674 1873058
V1 706674 1873058 688162 1891570
Net3 5 
V1 3111360 1603400 3086673 1628086
V1 3086673 1628086 2500000 1628086
V1 2500000 1628086 1875000 1877686
V1 1875000 1877686 885643 1877686
V1 885643 1877686 871760 1891570
Net4 5 
V1 3177180 1603400 3146322 1634257
V1 3146322 1634257 2500000 1634257
V1 2500000 1634257 1875000 1882315
V1 1875000 1882315 972815 1882315
V1 972815 1882315 963560 1891570
Net5 5 
V1 3308817 1603400 3271788 1640428
V1 3271788 1640428 2500000 1640428
V1 2500000 1640428 1875000 1886943
V1 1875000 1886943 1151786 1886943
V1 1151786 1886943 1147160 1891570
Net7 5 
V1 2815180 1560200 2810380 1555400
V1 2810380 1555400 2500000 1555400
V1 2500000 1555400 1875000 1859172
V1 1875000 1859172 390012 1859172
V1 390012 1859172 366870 1836030
Net8 5 
V1 2881000 1560200 2871400 1550600
V1 2871400 1550600 2500000 1550600
V1 2500000 1550600 1875000 1854544
V1 1875000 1854544 477184 1854544
V1 477184 1854544 458670 1836030
Net9 5 
V1 2946820 1560200 2932420 1545800
V1 2932420 1545800 2500000 1545800
V1 2500000 1545800 1875000 1849915
V1 1875000 1849915 564353 1849915
V1 564353 1849915 550467 1836030
Net10 5 
V1 3012637 1560200 2993437 1541000
V1 2993437 1541000 2500000 1541000
V1 2500000 1541000 1875000 1845287
V1 1875000 1845287 651519 1845287
V1 651519 1845287 642262 1836030
Net11 5 
V1 3078450 1560200 3054450 1536200
V1 3054450 1536200 2500000 1536200
V1 2500000 1536200 1875000 1840658
V1 1875000 1840658 738688 1840658
V1 738688 1840658 734060 1836030
Net12 5 
V1 3210090 1560200 3181290 1531400
V1 3181290 1531400 2500000 1531400
V1 2500000 1531400 1875000 1817515
V1 1875000 1817515 844374 1817515
V1 844374 1817515 825860 1836030
Net18 5 
V1 2848090 1517000 2843290 1521800
V1 2843290 1521800 2500000 1521800
V1 2500000 1521800 1875000 1761968
V1 1875000 1761968 523089 1761968
V1 523089 1761968 504570 1780487
Net19 5 
V1 2979730 1517000 2970130 1526600
V1 2970130 1526600 2500000 1526600
V1 2500000 1526600 1875000 1799001
V1 1875000 1799001 706676 1799001
V1 706676 1799001 688162 1780487
Net26 5 
V1 2815180 1473800 2810380 1469000
V1 2810380 1469000 2500000 1469000
V1 2500000 1469000 1875000 1743454
V1 1875000 1743454 385384 1743454
V1 385384 1743454 366870 1724940
Net37 5 
V1 2848090 1430600 2843290 1435400
V1 2843290 1435400 2500000 1435400
V1 2500000 1435400 1875000 1681742
V1 1875000 1681742 685460 1681742
V1 685460 1681742 642262 1724940
Net38 5 
V1 2979730 1430600 2970130 1440200
V1 2970130 1440200 2500000 1440200
V1 2500000 1440200 1875000 1687913
V1 1875000 1687913 862886 1687913
V1 862886 1687913 825860 1724940
Net39 5 
V1 3111360 1430600 3096960 1445000
V1 3096960 1445000 2500000 1445000
V1 2500000 1445000 1875000 1694085
V1 1875000 1694085 948515 1694085
V1 948515 1694085 917660 1724940
Net40 5 
V1 3243000 1430600 3223800 1449800
V1 3223800 1449800 2500000 1449800
V1 2500000 1449800 1875000 1700256
V1 1875000 1700256 1125943 1700256
V1 1125943 1700256 1101260 1724940
Net41 5 
V1 3308817 1430600 3284817 1454600
V1 3284817 1454600 2500000 1454600
V1 2500000 1454600 1875000 1706427
V1 1875000 1706427 1211572 1706427
V1 1211572 1706427 1193060 1724940
Net42 5 
V1 3374630 1430600 3345830 1459400
V1 3345830 1459400 2500000 1459400
V1 2500000 1459400 1875000 1712598
V1 1875000 1712598 1388993 1712598
V1 1388993 1712598 1376652 1724940
Net43 5 
V1 3440450 1430600 3406850 1464200
V1 3406850 1464200 2500000 1464200
V1 2500000 1464200 1875000 1718770
V1 1875000 1718770 1474620 1718770
V1 1474620 1718770 1468450 1724940
Net44 5 
V1 2881000 1387400 2872360 1396040
V1 2872360 1396040 2500000 1396040
V1 2500000 1396040 1875000 1636077
V1 1875000 1636077 446093 1636077
V1 446093 1636077 412770 1669400
Net45 5 
V1 2946820 1387400 2929540 1404680
V1 2929540 1404680 2500000 1404680
V1 2500000 1404680 1875000 1647185
V1 1875000 1647185 526784 1647185
V1 526784 1647185 504570 1669400
Net46 5 
V1 3012637 1387400 2986717 1413320
V1 2986717 1413320 2500000 1413320
V1 2500000 1413320 1875000 1658294
V1 1875000 1658294 699268 1658294
V1 699268 1658294 688162 1669400
Net47 5 
V1 3078450 1387400 3043890 1421960
V1 3043890 1421960 2500000 1421960
V1 2500000 1421960 1875000 1675571
V1 1875000 1675571 786131 1675571
V1 786131 1675571 779960 1669400
Net62 5 
V1 2815180 1301000 2800780 1286600
V1 2800780 1286600 2500000 1286600
V1 2500000 1286600 1875000 1569421
V1 1875000 1569421 515678 1569421
V1 515678 1569421 504570 1558312
Net63 5 
V1 2946820 1301000 2918020 1272200
V1 2918020 1272200 2500000 1272200
V1 2500000 1272200 1875000 1547204
V1 1875000 1547204 607476 1547204
V1 607476 1547204 596367 1558312
Net67 5 
V1 3210090 1301000 3201450 1309640
V1 3201450 1309640 2500000 1309640
V1 2500000 1309640 1875000 1580529
V1 1875000 1580529 1318188 1580529
V1 1318188 1580529 1284857 1613860
Net68 5 
V1 3341722 1301000 3324442 1318280
V1 3324442 1318280 2500000 1318280
V1 2500000 1318280 1875000 1591638
V1 1875000 1591638 1398874 1591638
V1 1398874 1591638 1376652 1613860
Net69 5 
V1 3407540 1301000 3381620 1326920
V1 3381620 1326920 2500000 1326920
V1 2500000 1326920 1875000 1602746
V1 1875000 1602746 1479563 1602746
V1 1479563 1602746 1468450 1613860
Net70 5 
V1 3539180 1301000 3504620 1335560
V1 3504620 1335560 2500000 1335560
V1 2500000 1335560 1875000 1624968
V1 1875000 1624968 365401 1624968
V1 365401 1624968 320970 1669400
Net72 5 
V1 2848090 1257800 2837290 1247000
V1 2837290 1247000 2500000 1247000
V1 2500000 1247000 1875000 1536095
V1 1875000 1536095 491995 1536095
V1 491995 1536095 458670 1502770
Net73 5 
V1 2913910 1257800 2892310 1236200
V1 2892310 1236200 2500000 1236200
V1 2500000 1236200 1875000 1524987
V1 1875000 1524987 572684 1524987
V1 572684 1524987 550467 1502770
Net81 5 
V1 2815180 1214600 2804380 1225400
V1 2804380 1225400 2500000 1225400
V1 2500000 1225400 1875000 1513878
V1 1875000 1513878 745168 1513878
V1 745168 1513878 734060 1502770
