Nets 26
Net11 5 
V2 2961970 1541687 2954034 1549623
V2 2954034 1549623 2500000 1549623
V2 2500000 1549623 1875000 1806200
V2 1875000 1806200 823322 1806200
V2 823322 1806200 787322 1842200
Net12 5 
V2 3152500 1541687 3136630 1557557
V2 3136630 1557557 2500000 1557557
V2 2500000 1557557 1875000 1813400
V2 1875000 1813400 902730 1813400
V2 902730 1813400 873930 1842200
Net13 5 
V2 3247760 1541687 3223955 1565492
V2 3223955 1565492 2500000 1565492
V2 2500000 1565492 1875000 1820600
V2 1875000 1820600 982130 1820600
V2 982130 1820600 960530 1842200
Net14 5 
V2 3343020 1541687 3311281 1573426
V2 3311281 1573426 2500000 1573426
V2 2500000 1573426 1875000 1827800
V2 1875000 1827800 1148132 1827800
V2 1148132 1827800 1133732 1842200
Net15 5 
V2 3438290 1541687 3398616 1581361
V2 3398616 1581361 2500000 1581361
V2 2500000 1581361 1875000 1835000
V2 1875000 1835000 1314140 1835000
V2 1314140 1835000 1306940 1842200
Net22 5 
V2 4105130 1541687 4057522 1589295
V2 4057522 1589295 2500000 1589295
V2 2500000 1589295 1875000 1863800
V2 1875000 1863800 592420 1863800
V2 592420 1863800 570820 1885400
Net23 5 
V2 2914340 1486140 2886563 1513916
V2 2886563 1513916 2500000 1513916
V2 2500000 1513916 1875000 1784600
V2 1875000 1784600 758420 1784600
V2 758420 1784600 744020 1799000
Net34 5 
V2 2866710 1430600 2848198 1449112
V2 2848198 1449112 2500000 1449112
V2 2500000 1449112 1875000 1734200
V2 1875000 1734200 722320 1734200
V2 722320 1734200 700720 1755800
Net43 5 
V2 4105130 1430600 4068104 1467626
V2 4068104 1467626 2500000 1467626
V2 2500000 1467626 1875000 1770200
V2 1875000 1770200 599620 1770200
V2 599620 1770200 570820 1799000
Net54 5 
V2 2866710 1319512 2848190 1338032
V2 2848190 1338032 2500000 1338032
V2 2500000 1338032 1875000 1615400
V2 1875000 1615400 754820 1615400
V2 754820 1615400 744020 1626200
Net61 5 
V2 3724077 1319512 3717906 1313341
V2 3717906 1313341 2500000 1313341
V2 2500000 1313341 1875000 1604600
V2 1875000 1604600 1328540 1604600
V2 1328540 1604600 1306940 1583000
Net62 5 
V2 3914600 1319512 3902257 1307170
V2 3902257 1307170 2500000 1307170
V2 2500000 1307170 1875000 1593800
V2 1875000 1593800 1490942 1593800
V2 1490942 1593800 1480142 1583000
Net63 5 
V2 4009860 1319512 3991346 1300998
V2 3991346 1300998 2500000 1300998
V2 2500000 1300998 1875000 1578680
V2 1875000 1578680 1571070 1578680
V2 1571070 1578680 1566750 1583000
Net64 5 
V2 4105130 1319512 4068096 1356546
V2 4068096 1356546 2500000 1356546
V2 2500000 1356546 1875000 1647800
V2 1875000 1647800 592420 1647800
V2 592420 1647800 570820 1626200
Net66 5 
V2 2914340 1263970 2908167 1270142
V2 2908167 1270142 2500000 1270142
V2 2500000 1270142 1875000 1557080
V2 1875000 1557080 726640 1557080
V2 726640 1557080 700720 1583000
Net67 5 
V2 3009602 1263970 2997258 1276313
V2 2997258 1276313 2500000 1276313
V2 2500000 1276313 1875000 1561400
V2 1875000 1561400 808922 1561400
V2 808922 1561400 787322 1583000
Net68 5 
V2 3104870 1263970 3086355 1282485
V2 3086355 1282485 2500000 1282485
V2 2500000 1282485 1875000 1565720
V2 1875000 1565720 977810 1565720
V2 977810 1565720 960530 1583000
Net69 5 
V2 3200130 1263970 3175443 1288656
V2 3175443 1288656 2500000 1288656
V2 2500000 1288656 1875000 1570040
V2 1875000 1570040 1060090 1570040
V2 1060090 1570040 1047130 1583000
Net70 5 
V2 3295390 1263970 3264532 1294827
V2 3264532 1294827 2500000 1294827
V2 2500000 1294827 1875000 1574360
V2 1875000 1574360 1142372 1574360
V2 1142372 1574360 1133732 1583000
Net73 5 
V2 3771710 1263970 3764767 1257027
V2 3764767 1257027 2500000 1257027
V2 2500000 1257027 1875000 1552760
V2 1875000 1552760 1276600 1552760
V2 1276600 1552760 1263640 1539800
Net74 5 
V2 3866970 1263970 3853084 1250084
V2 3853084 1250084 2500000 1250084
V2 2500000 1250084 1875000 1548440
V2 1875000 1548440 1358880 1548440
V2 1358880 1548440 1350240 1539800
Net75 5 
V2 3962230 1263970 3941401 1243141
V2 3941401 1243141 2500000 1243141
V2 2500000 1243141 1875000 1544120
V2 1875000 1544120 1441160 1544120
V2 1441160 1544120 1436840 1539800
Net76 5 
V2 4057492 1263970 4029721 1236199
V2 4029721 1236199 2500000 1236199
V2 2500000 1236199 1875000 1531160
V2 1875000 1531160 1532087 1531160
V2 1532087 1531160 1523447 1539800
Net78 5 
V2 2866710 1208430 2859769 1215370
V2 2859769 1215370 2500000 1215370
V2 2500000 1215370 1875000 1505240
V2 1875000 1505240 778580 1505240
V2 778580 1505240 744020 1539800
Net79 5 
V2 2961970 1208430 2948086 1222313
V2 2948086 1222313 2500000 1222313
V2 2500000 1222313 1875000 1513880
V2 1875000 1513880 856547 1513880
V2 856547 1513880 830627 1539800
Net80 5 
V2 3152500 1208430 3131673 1229256
V2 3131673 1229256 2500000 1229256
V2 2500000 1229256 1875000 1522520
V2 1875000 1522520 934510 1522520
V2 934510 1522520 917230 1539800
