Nets 37
Net0 5 
V1 2819080 1597230 2813525 1602784
V1 2813525 1602784 2500000 1602784
V1 2500000 1602784 1875000 1849915
V1 1875000 1849915 406794 1849915
V1 406794 1849915 365140 1891570
Net1 5 
V1 3009602 1597230 2998494 1608338
V1 2998494 1608338 2500000 1608338
V1 2500000 1608338 1875000 1854544
V1 1875000 1854544 592686 1854544
V1 592686 1854544 555660 1891570
Net2 5 
V1 3104870 1597230 3088207 1613892
V1 3088207 1613892 2500000 1613892
V1 2500000 1613892 1875000 1859172
V1 1875000 1859172 683320 1859172
V1 683320 1859172 650922 1891570
Net3 5 
V1 3295390 1597230 3273173 1619447
V1 3273173 1619447 2500000 1619447
V1 2500000 1619447 1875000 1863801
V1 1875000 1863801 869219 1863801
V1 869219 1863801 841450 1891570
Net4 5 
V1 3581180 1597230 3553408 1625001
V1 3553408 1625001 2500000 1625001
V1 2500000 1625001 1875000 1868429
V1 1875000 1868429 959850 1868429
V1 959850 1868429 936710 1891570
Net5 5 
V1 3676440 1597230 3643114 1630555
V1 3643114 1630555 2500000 1630555
V1 2500000 1630555 1875000 1873058
V1 1875000 1873058 1145752 1873058
V1 1145752 1873058 1127240 1891570
Net6 5 
V1 3866970 1597230 3828090 1636109
V1 3828090 1636109 2500000 1636109
V1 2500000 1636109 1875000 1877686
V1 1875000 1877686 1236383 1877686
V1 1236383 1877686 1222500 1891570
Net7 5 
V1 3962230 1597230 3917796 1641664
V1 3917796 1641664 2500000 1641664
V1 2500000 1641664 1875000 1882315
V1 1875000 1882315 1422285 1882315
V1 1422285 1882315 1413030 1891570
Net8 5 
V1 4057492 1597230 4007504 1647218
V1 4007504 1647218 2500000 1647218
V1 2500000 1647218 1875000 1886943
V1 1875000 1886943 1512916 1886943
V1 1512916 1886943 1508290 1891570
Net10 5 
V1 2866710 1541687 2848195 1560202
V1 2848195 1560202 2500000 1560202
V1 2500000 1560202 1875000 1840658
V1 1875000 1840658 322136 1840658
V1 322136 1840658 317507 1836030
Net11 5 
V1 2961970 1541687 2943456 1523173
V1 2943456 1523173 2500000 1523173
V1 2500000 1523173 1875000 1817515
V1 1875000 1817515 431284 1817515
V1 431284 1817515 412770 1836030
Net22 5 
V1 4105130 1541687 4068101 1578716
V1 4068101 1578716 2500000 1578716
V1 2500000 1578716 1875000 1845287
V1 1875000 1845287 231497 1845287
V1 231497 1845287 222240 1836030
Net23 5 
V1 2914340 1486140 2903231 1475031
V1 2903231 1475031 2500000 1475031
V1 2500000 1475031 1875000 1769374
V1 1875000 1769374 376253 1769374
V1 376253 1769374 365140 1780487
Net24 5 
V1 3009602 1486140 2991083 1504659
V1 2991083 1504659 2500000 1504659
V1 2500000 1504659 1875000 1799001
V1 1875000 1799001 478914 1799001
V1 478914 1799001 460400 1780487
Net33 5 
V1 4152760 1486140 4130543 1463923
V1 4130543 1463923 2500000 1463923
V1 2500000 1463923 1875000 1758265
V1 1875000 1758265 292092 1758265
V1 292092 1758265 269870 1780487
Net34 5 
V1 2866710 1430600 2855604 1441706
V1 2855604 1441706 2500000 1441706
V1 2500000 1441706 1875000 1736048
V1 1875000 1736048 328616 1736048
V1 328616 1736048 317507 1724940
Net35 5 
V1 3057237 1430600 3038723 1412086
V1 3038723 1412086 2500000 1412086
V1 2500000 1412086 1875000 1706428
V1 1875000 1706428 526542 1706428
V1 526542 1706428 508030 1724940
Net43 5 
V1 4105130 1430600 4082915 1452814
V1 4082915 1452814 2500000 1452814
V1 2500000 1452814 1875000 1747157
V1 1875000 1747157 244457 1747157
V1 244457 1747157 222240 1724940
Net44 5 
V1 2914340 1375060 2903231 1363951
V1 2903231 1363951 2500000 1363951
V1 2500000 1363951 1875000 1658294
V1 1875000 1658294 376246 1658294
V1 376246 1658294 365140 1669400
Net45 5 
V1 3009602 1375060 2991090 1393572
V1 2991090 1393572 2500000 1393572
V1 2500000 1393572 1875000 1687914
V1 1875000 1687914 478914 1687914
V1 478914 1687914 460400 1669400
Net53 5 
V1 4152760 1375060 4130543 1352843
V1 4130543 1352843 2500000 1352843
V1 2500000 1352843 1875000 1647185
V1 1875000 1647185 292084 1647185
V1 292084 1647185 269870 1669400
Net54 5 
V1 2866710 1319512 2855596 1330626
V1 2855596 1330626 2500000 1330626
V1 2500000 1330626 1875000 1624968
V1 1875000 1624968 328616 1624968
V1 328616 1624968 317507 1613860
Net55 5 
V1 3057237 1319512 3052965 1315240
V1 3052965 1315240 2500000 1315240
V1 2500000 1315240 1875000 1595340
V1 1875000 1595340 526549 1595340
V1 526549 1595340 508030 1613860
Net64 5 
V1 4105130 1319512 4082908 1341734
V1 4082908 1341734 2500000 1341734
V1 2500000 1341734 1875000 1636077
V1 1875000 1636077 244457 1636077
V1 244457 1636077 222240 1613860
Net66 5 
V1 2914340 1263970 2895826 1245456
V1 2895826 1245456 2500000 1245456
V1 2500000 1245456 1875000 1511315
V1 1875000 1511315 507397 1511315
V1 507397 1511315 460400 1558312
Net67 5 
V1 3009602 1263970 3005330 1268242
V1 3005330 1268242 2500000 1268242
V1 2500000 1268242 1875000 1515587
V1 1875000 1515587 598385 1515587
V1 598385 1515587 555660 1558312
Net68 5 
V1 3104870 1263970 3096325 1272515
V1 3096325 1272515 2500000 1272515
V1 2500000 1272515 1875000 1519860
V1 1875000 1519860 689375 1519860
V1 689375 1519860 650922 1558312
Net69 5 
V1 3200130 1263970 3187312 1276787
V1 3187312 1276787 2500000 1276787
V1 2500000 1276787 1875000 1524132
V1 1875000 1524132 780370 1524132
V1 780370 1524132 746190 1558312
Net70 5 
V1 3295390 1263970 3278300 1281060
V1 3278300 1281060 2500000 1281060
V1 2500000 1281060 1875000 1528405
V1 1875000 1528405 871357 1528405
V1 871357 1528405 841450 1558312
Net71 5 
V1 3581180 1263970 3559817 1285332
V1 3559817 1285332 2500000 1285332
V1 2500000 1285332 1875000 1532677
V1 1875000 1532677 962345 1532677
V1 962345 1532677 936710 1558312
Net72 5 
V1 3676440 1263970 3650805 1289605
V1 3650805 1289605 2500000 1289605
V1 2500000 1289605 1875000 1536950
V1 1875000 1536950 1053342 1536950
V1 1053342 1536950 1031980 1558312
Net73 5 
V1 3771710 1263970 3741802 1293877
V1 3741802 1293877 2500000 1293877
V1 2500000 1293877 1875000 1541222
V1 1875000 1541222 1144330 1541222
V1 1144330 1541222 1127240 1558312
Net74 5 
V1 3866970 1263970 3832790 1298150
V1 3832790 1298150 2500000 1298150
V1 2500000 1298150 1875000 1545495
V1 1875000 1545495 1235317 1545495
V1 1235317 1545495 1222500 1558312
Net75 5 
V1 3962230 1263970 3923777 1302422
V1 3923777 1302422 2500000 1302422
V1 2500000 1302422 1875000 1549767
V1 1875000 1549767 1421575 1549767
V1 1421575 1549767 1413030 1558312
Net76 5 
V1 4057492 1263970 4014767 1306695
V1 4014767 1306695 2500000 1306695
V1 2500000 1306695 1875000 1554040
V1 1875000 1554040 1512562 1554040
V1 1512562 1554040 1508290 1558312
Net77 5 
V1 4152760 1263970 4105762 1310967
V1 4105762 1310967 2500000 1310967
V1 2500000 1310967 1875000 1576826
V1 1875000 1576826 288384 1576826
V1 288384 1576826 269870 1558312
Net79 5 
V1 2961970 1208430 2943458 1226942
V1 2943458 1226942 2500000 1226942
V1 2500000 1226942 1875000 1507042
V1 1875000 1507042 417042 1507042
V1 417042 1507042 412770 1502770
