Nets 15
Net24 5 
M3 2928200 1508360 2915240 1521320
M3 2915240 1521320 2500000 1521320
M3 2500000 1521320 1875000 1877686
M3 1875000 1877686 1234716 1877686
M3 1234716 1877686 1193060 1836030
Net25 5 
M3 2981890 1508360 2975410 1501880
M3 2975410 1501880 2500000 1501880
M3 2500000 1501880 1875000 1863801
M3 1875000 1863801 1312628 1863801
M3 1312628 1863801 1284857 1836030
Net26 5 
M3 3035582 1508360 3022622 1495400
M3 3022622 1495400 2500000 1495400
M3 2500000 1495400 1875000 1849915
M3 1875000 1849915 1482335 1849915
M3 1482335 1849915 1468450 1836030
Net31 5 
M3 3062430 1482440 3055950 1488920
M3 3055950 1488920 2500000 1488920
M3 2500000 1488920 1875000 1808258
M3 1875000 1808258 1588021 1808258
M3 1588021 1808258 1560250 1836030
Net43 5 
M3 3116127 1430600 3103167 1443560
M3 3103167 1443560 2500000 1443560
M3 2500000 1443560 1875000 1752711
M3 1875000 1752711 348746 1752711
M3 348746 1752711 320970 1780487
Net67 5 
M3 2874502 1301000 2869318 1306184
M3 2869318 1306184 2500000 1306184
M3 2500000 1306184 1875000 1569421
M3 1875000 1569421 882868 1569421
M3 882868 1569421 871760 1558312
Net68 5 
M3 2928200 1301000 2917832 1311368
M3 2917832 1311368 2500000 1311368
M3 2500000 1311368 1875000 1580529
M3 1875000 1580529 1318188 1580529
M3 1318188 1580529 1284857 1613860
Net69 5 
M3 2981890 1301000 2966338 1316552
M3 2966338 1316552 2500000 1316552
M3 2500000 1316552 1875000 1591638
M3 1875000 1591638 1398874 1591638
M3 1398874 1591638 1376652 1613860
Net70 5 
M3 3035582 1301000 3014846 1321736
M3 3014846 1321736 2500000 1321736
M3 2500000 1321736 1875000 1602746
M3 1875000 1602746 1479563 1602746
M3 1479563 1602746 1468450 1613860
Net75 5 
M3 3062430 1275080 3049470 1288040
M3 3049470 1288040 2500000 1288040
M3 2500000 1288040 1875000 1550377
M3 1875000 1550377 1522285 1550377
M3 1522285 1550377 1514350 1558312
Net79 5 
M3 2874502 1249160 2869318 1254344
M3 2869318 1254344 2500000 1254344
M3 2500000 1254344 1875000 1518639
M3 1875000 1518639 1003233 1518639
M3 1003233 1518639 963560 1558312
Net80 5 
M3 2928200 1249160 2917832 1259528
M3 2917832 1259528 2500000 1259528
M3 2500000 1259528 1875000 1526573
M3 1875000 1526573 1087099 1526573
M3 1087099 1526573 1055360 1558312
Net81 5 
M3 2981890 1249160 2966338 1264712
M3 2966338 1264712 2500000 1264712
M3 2500000 1264712 1875000 1534508
M3 1875000 1534508 1170964 1534508
M3 1170964 1534508 1147160 1558312
Net82 5 
M3 3035582 1249160 3014846 1269896
M3 3014846 1269896 2500000 1269896
M3 2500000 1269896 1875000 1542442
M3 1875000 1542442 1254830 1542442
M3 1254830 1542442 1238960 1558312
Net87 5 
M3 3116127 1223240 3103167 1236200
M3 3103167 1236200 2500000 1236200
M3 2500000 1236200 1875000 1510704
M3 1875000 1510704 368578 1510704
M3 368578 1510704 320970 1558312
