Nets 42
Net0 5 
V1 2797430 1603400 2788790 1612040
V1 2788790 1612040 2500000 1612040
V1 2500000 1612040 1875000 1859480
V1 1875000 1859480 1400000 1859480
V1 1400000 1859480 1382720 1876760
Net1 5 
V1 2953310 1603400 2936030 1620680
V1 2936030 1620680 2500000 1620680
V1 2500000 1620680 1875000 1863800
V1 1875000 1863800 1482280 1863800
V1 1482280 1863800 1469320 1876760
Net2 5 
V1 3031252 1603400 3005332 1629320
V1 3005332 1629320 2500000 1629320
V1 2500000 1629320 1875000 1868120
V1 1875000 1868120 1564560 1868120
V1 1564560 1868120 1555920 1876760
Net3 5 
V1 3187140 1603400 3152580 1637960
V1 3152580 1637960 2500000 1637960
V1 2500000 1637960 1875000 1872440
V1 1875000 1872440 1603540 1872440
V1 1603540 1872440 1599220 1876760
Net6 5 
V1 3654790 1603400 3648618 1597228
V1 3648618 1597228 2500000 1597228
V1 2500000 1597228 1875000 1855160
V1 1875000 1855160 1361017 1855160
V1 1361017 1855160 1339417 1876760
Net7 5 
V1 2836400 1560200 2830227 1566372
V1 2830227 1566372 2500000 1566372
V1 2500000 1566372 1875000 1829240
V1 1875000 1829240 1387040 1829240
V1 1387040 1829240 1382720 1824920
Net8 5 
V1 2914340 1560200 2905700 1551560
V1 2905700 1551560 2500000 1551560
V1 2500000 1551560 1875000 1811960
V1 1875000 1811960 1438980 1811960
V1 1438980 1811960 1426020 1824920
Net9 5 
V1 2992280 1560200 2979936 1572543
V1 2979936 1572543 2500000 1572543
V1 2500000 1572543 1875000 1833560
V1 1875000 1833560 1421650 1833560
V1 1421650 1833560 1404370 1850840
Net10 5 
V1 3070227 1560200 3051712 1578715
V1 3051712 1578715 2500000 1578715
V1 2500000 1578715 1875000 1837880
V1 1875000 1837880 1460630 1837880
V1 1460630 1837880 1447670 1850840
Net11 5 
V1 3148170 1560200 3123483 1584886
V1 3123483 1584886 2500000 1584886
V1 2500000 1584886 1875000 1842200
V1 1875000 1842200 1499610 1842200
V1 1499610 1842200 1490970 1850840
Net12 5 
V1 3304050 1560200 3273192 1591057
V1 3273192 1591057 2500000 1591057
V1 2500000 1591057 1875000 1846520
V1 1875000 1846520 1538590 1846520
V1 1538590 1846520 1534270 1850840
Net17 5 
V1 2797430 1517000 2790230 1509800
V1 2790230 1509800 2500000 1509800
V1 2500000 1509800 1875000 1778264
V1 1875000 1778264 1425106 1778264
V1 1425106 1778264 1404370 1799000
Net18 5 
V1 2875370 1517000 2866730 1525640
V1 2866730 1525640 2500000 1525640
V1 2500000 1525640 1875000 1783448
V1 1875000 1783448 1463222 1783448
V1 1463222 1783448 1447670 1799000
Net19 5 
V1 3031252 1517000 3013972 1534280
V1 3013972 1534280 2500000 1534280
V1 2500000 1534280 1875000 1788632
V1 1875000 1788632 1501338 1788632
V1 1501338 1788632 1490970 1799000
Net20 5 
V1 3187140 1517000 3161220 1542920
V1 3161220 1542920 2500000 1542920
V1 2500000 1542920 1875000 1793816
V1 1875000 1793816 1539454 1793816
V1 1539454 1793816 1534270 1799000
Net22 5 
V1 3343020 1517000 3328620 1502600
V1 3328620 1502600 2500000 1502600
V1 2500000 1502600 1875000 1764440
V1 1875000 1764440 1564560 1764440
V1 1564560 1764440 1555920 1773080
Net26 5 
V1 2836400 1473800 2825600 1463000
V1 2825600 1463000 2500000 1463000
V1 2500000 1463000 1875000 1703960
V1 1875000 1703960 1400000 1703960
V1 1400000 1703960 1382720 1721240
Net27 5 
V1 2914340 1473800 2907140 1481000
V1 2907140 1481000 2500000 1481000
V1 2500000 1481000 1875000 1712600
V1 1875000 1712600 1434660 1712600
V1 1434660 1712600 1426020 1721240
Net28 5 
V1 2992280 1473800 2977880 1488200
V1 2977880 1488200 2500000 1488200
V1 2500000 1488200 1875000 1734200
V1 1875000 1734200 1460630 1734200
V1 1460630 1734200 1447670 1747160
Net30 5 
V1 3226110 1473800 3204510 1495400
V1 3204510 1495400 2500000 1495400
V1 2500000 1495400 1875000 1755800
V1 1875000 1755800 1400000 1755800
V1 1400000 1755800 1382720 1773080
Net36 5 
V1 2797430 1430600 2790230 1423400
V1 2790230 1423400 2500000 1423400
V1 2500000 1423400 1875000 1675880
V1 1875000 1675880 1423810 1675880
V1 1423810 1675880 1404370 1695320
Net39 5 
V1 3187140 1430600 3176340 1441400
V1 3176340 1441400 2500000 1441400
V1 2500000 1441400 1875000 1682360
V1 1875000 1682360 1547230 1682360
V1 1547230 1682360 1534270 1695320
Net40 5 
V1 3343020 1430600 3321420 1452200
V1 3321420 1452200 2500000 1452200
V1 2500000 1452200 1875000 1688840
V1 1875000 1688840 1627350 1688840
V1 1627350 1688840 1620870 1695320
Net45 5 
V1 2992280 1387400 2985080 1394600
V1 2985080 1394600 2500000 1394600
V1 2500000 1394600 1875000 1626200
V1 1875000 1626200 1464950 1626200
V1 1464950 1626200 1447670 1643480
Net46 5 
V1 3070227 1387400 3055827 1401800
V1 3055827 1401800 2500000 1401800
V1 2500000 1401800 1875000 1634840
V1 1875000 1634840 1499610 1634840
V1 1499610 1634840 1490970 1643480
Net47 5 
V1 3148170 1387400 3126570 1409000
V1 3126570 1409000 2500000 1409000
V1 2500000 1409000 1875000 1652120
V1 1875000 1652120 1400000 1652120
V1 1400000 1652120 1382720 1669400
Net51 5 
V1 3615820 1387400 3587020 1416200
V1 3587020 1416200 2500000 1416200
V1 2500000 1416200 1875000 1660760
V1 1875000 1660760 1607860 1660760
V1 1607860 1660760 1599220 1669400
Net52 5 
V1 2797430 1344200 2788790 1352840
V1 2788790 1352840 2500000 1352840
V1 2500000 1352840 1875000 1596824
V1 1875000 1596824 1403456 1596824
V1 1403456 1596824 1382720 1617560
Net53 5 
V1 2875370 1344200 2858090 1361480
V1 2858090 1361480 2500000 1361480
V1 2500000 1361480 1875000 1602008
V1 1875000 1602008 1441572 1602008
V1 1441572 1602008 1426020 1617560
Net54 5 
V1 3031252 1344200 3005332 1370120
V1 3005332 1370120 2500000 1370120
V1 2500000 1370120 1875000 1607192
V1 1875000 1607192 1522988 1607192
V1 1522988 1607192 1512620 1617560
Net56 5 
V1 3265080 1344200 3254280 1333400
V1 3254280 1333400 2500000 1333400
V1 2500000 1333400 1875000 1578680
V1 1875000 1578680 1633830 1578680
V1 1633830 1578680 1620870 1591640
Net58 5 
V1 3420970 1344200 3386410 1378760
V1 3386410 1378760 2500000 1378760
V1 2500000 1378760 1875000 1612376
V1 1875000 1612376 1561104 1612376
V1 1561104 1612376 1555920 1617560
Net63 5 
V1 2992280 1301000 2981480 1311800
V1 2981480 1311800 2500000 1311800
V1 2500000 1311800 1875000 1552760
V1 1875000 1552760 1395680 1552760
V1 1395680 1552760 1382720 1565720
Net66 5 
V1 3226110 1301000 3204510 1322600
V1 3204510 1322600 2500000 1322600
V1 2500000 1322600 1875000 1559240
V1 1875000 1559240 1432500 1559240
V1 1432500 1559240 1426020 1565720
Net75 5 
V1 3187140 1257800 3180967 1263972
V1 3180967 1263972 2500000 1263972
V1 2500000 1263972 1875000 1500920
V1 1875000 1500920 1525580 1500920
V1 1525580 1500920 1512620 1513880
Net76 5 
V1 3343020 1257800 3330676 1270143
V1 3330676 1270143 2500000 1270143
V1 2500000 1270143 1875000 1505240
V1 1875000 1505240 1564560 1505240
V1 1564560 1505240 1555920 1513880
Net77 5 
V1 3420970 1257800 3402455 1276315
V1 3402455 1276315 2500000 1276315
V1 2500000 1276315 1875000 1509560
V1 1875000 1509560 1603540 1509560
V1 1603540 1509560 1599220 1513880
Net78 5 
V1 3498910 1257800 3474223 1282486
V1 3474223 1282486 2500000 1282486
V1 2500000 1282486 1875000 1522520
V1 1875000 1522520 1594850 1522520
V1 1594850 1522520 1577570 1539800
Net79 5 
V1 3576850 1257800 3545992 1288657
V1 3545992 1288657 2500000 1288657
V1 2500000 1288657 1875000 1531160
V1 1875000 1531160 1629510 1531160
V1 1629510 1531160 1620870 1539800
Net80 5 
V1 3654790 1257800 3617761 1294828
V1 3617761 1294828 2500000 1294828
V1 2500000 1294828 1875000 1546280
V1 1875000 1546280 1358857 1546280
V1 1358857 1546280 1339417 1565720
Net81 5 
V1 2836400 1214600 2822000 1229000
V1 2822000 1229000 2500000 1229000
V1 2500000 1229000 1875000 1492280
V1 1875000 1492280 1404320 1492280
V1 1404320 1492280 1382720 1513880
Net82 5 
V1 2992280 1214600 2963480 1243400
V1 2963480 1243400 2500000 1243400
V1 2500000 1243400 1875000 1496600
V1 1875000 1496600 1443300 1496600
V1 1443300 1496600 1426020 1513880
