Nets 48
Net6 5 
M2 3654790 1603400 3633190 1625000
M2 3633190 1625000 2500000 1625000
M2 2500000 1625000 1875000 1863800
M2 1875000 1863800 857420 1863800
M2 857420 1863800 835820 1885400
Net9 5 
M2 2992280 1560200 2986880 1565600
M2 2986880 1565600 2500000 1565600
M2 2500000 1565600 1875000 1804400
M2 1875000 1804400 1103982 1804400
M2 1103982 1804400 1066182 1842200
Net10 5 
M2 3070227 1560200 3059427 1571000
M2 3059427 1571000 2500000 1571000
M2 2500000 1571000 1875000 1809800
M2 1875000 1809800 1164400 1809800
M2 1164400 1809800 1132000 1842200
Net11 5 
M2 3148170 1560200 3131970 1576400
M2 3131970 1576400 2500000 1576400
M2 2500000 1576400 1875000 1815200
M2 1875000 1815200 1290640 1815200
M2 1290640 1815200 1263640 1842200
Net12 5 
M2 3304050 1560200 3282450 1581800
M2 3282450 1581800 2500000 1581800
M2 2500000 1581800 1875000 1820600
M2 1875000 1820600 1416870 1820600
M2 1416870 1820600 1395270 1842200
Net13 5 
M2 3381997 1560200 3354997 1587200
M2 3354997 1587200 2500000 1587200
M2 2500000 1587200 1875000 1826000
M2 1875000 1826000 1477290 1826000
M2 1477290 1826000 1461090 1842200
Net14 5 
M2 3459940 1560200 3427540 1592600
M2 3427540 1592600 2500000 1592600
M2 2500000 1592600 1875000 1831400
M2 1875000 1831400 1537710 1831400
M2 1537710 1831400 1526910 1842200
Net15 5 
M2 3537880 1560200 3500080 1598000
M2 3500080 1598000 2500000 1598000
M2 2500000 1598000 1875000 1836800
M2 1875000 1836800 1598130 1836800
M2 1598130 1836800 1592730 1842200
Net19 5 
M2 3031252 1517000 3025080 1523172
M2 3025080 1523172 2500000 1523172
M2 2500000 1523172 1875000 1761971
M2 1875000 1761971 1201938 1761971
M2 1201938 1761971 1164910 1799000
Net20 5 
M2 3187140 1517000 3174796 1529343
M2 3174796 1529343 2500000 1529343
M2 2500000 1529343 1875000 1768142
M2 1875000 1768142 1261587 1768142
M2 1261587 1768142 1230730 1799000
Net21 5 
M2 3265080 1517000 3246565 1535515
M2 3246565 1535515 2500000 1535515
M2 2500000 1535515 1875000 1774313
M2 1875000 1774313 1321236 1774313
M2 1321236 1774313 1296550 1799000
Net22 5 
M2 3343020 1517000 3318333 1541686
M2 3318333 1541686 2500000 1541686
M2 2500000 1541686 1875000 1780485
M2 1875000 1780485 1380877 1780485
M2 1380877 1780485 1362362 1799000
Net23 5 
M2 3498910 1517000 3468052 1547857
M2 3468052 1547857 2500000 1547857
M2 2500000 1547857 1875000 1786656
M2 1875000 1786656 1440523 1786656
M2 1440523 1786656 1428180 1799000
Net24 5 
M2 3576850 1517000 3539821 1554028
M2 3539821 1554028 2500000 1554028
M2 2500000 1554028 1875000 1792827
M2 1875000 1792827 1565992 1792827
M2 1565992 1792827 1559820 1799000
Net28 5 
M2 2992280 1473800 2986880 1479200
M2 2986880 1479200 2500000 1479200
M2 2500000 1479200 1875000 1718000
M2 1875000 1718000 1103982 1718000
M2 1103982 1718000 1066182 1755800
Net29 5 
M2 3070227 1473800 3059427 1484600
M2 3059427 1484600 2500000 1484600
M2 2500000 1484600 1875000 1723400
M2 1875000 1723400 1164400 1723400
M2 1164400 1723400 1132000 1755800
Net30 5 
M2 3226110 1473800 3209910 1490000
M2 3209910 1490000 2500000 1490000
M2 2500000 1490000 1875000 1728800
M2 1875000 1728800 1224820 1728800
M2 1224820 1728800 1197820 1755800
Net31 5 
M2 3304050 1473800 3282450 1495400
M2 3282450 1495400 2500000 1495400
M2 2500000 1495400 1875000 1734200
M2 1875000 1734200 1285240 1734200
M2 1285240 1734200 1263640 1755800
Net32 5 
M2 3381997 1473800 3354997 1500800
M2 3354997 1500800 2500000 1500800
M2 2500000 1500800 1875000 1739600
M2 1875000 1739600 1411470 1739600
M2 1411470 1739600 1395270 1755800
Net33 5 
M2 3537880 1473800 3505480 1506200
M2 3505480 1506200 2500000 1506200
M2 2500000 1506200 1875000 1745000
M2 1875000 1745000 1537710 1745000
M2 1537710 1745000 1526910 1755800
Net34 5 
M2 3615820 1473800 3578020 1511600
M2 3578020 1511600 2500000 1511600
M2 2500000 1511600 1875000 1750400
M2 1875000 1750400 1598130 1750400
M2 1598130 1750400 1592730 1755800
Net38 5 
M2 3031252 1430600 3025080 1436772
M2 3025080 1436772 2500000 1436772
M2 2500000 1436772 1875000 1675571
M2 1875000 1675571 1136118 1675571
M2 1136118 1675571 1099090 1712600
Net39 5 
M2 3187140 1430600 3174796 1442943
M2 3174796 1442943 2500000 1442943
M2 2500000 1442943 1875000 1681742
M2 1875000 1681742 1195767 1681742
M2 1195767 1681742 1164910 1712600
Net40 5 
M2 3343020 1430600 3324505 1449115
M2 3324505 1449115 2500000 1449115
M2 2500000 1449115 1875000 1687913
M2 1875000 1687913 1321236 1687913
M2 1321236 1687913 1296550 1712600
Net41 5 
M2 3420970 1430600 3396283 1455286
M2 3396283 1455286 2500000 1455286
M2 2500000 1455286 1875000 1694085
M2 1875000 1694085 1380877 1694085
M2 1380877 1694085 1362362 1712600
Net42 5 
M2 3498910 1430600 3468052 1461457
M2 3468052 1461457 2500000 1461457
M2 2500000 1461457 1875000 1700256
M2 1875000 1700256 1440523 1700256
M2 1440523 1700256 1428180 1712600
Net43 5 
M2 3576850 1430600 3539821 1467628
M2 3539821 1467628 2500000 1467628
M2 2500000 1467628 1875000 1706427
M2 1875000 1706427 1500172 1706427
M2 1500172 1706427 1494000 1712600
Net55 5 
M2 3187140 1344200 3176340 1355000
M2 3176340 1355000 2500000 1355000
M2 2500000 1355000 1875000 1597400
M2 1875000 1597400 1193710 1597400
M2 1193710 1597400 1164910 1626200
Net56 5 
M2 3265080 1344200 3243480 1365800
M2 3243480 1365800 2500000 1365800
M2 2500000 1365800 1875000 1611800
M2 1875000 1611800 1245130 1611800
M2 1245130 1611800 1230730 1626200
Net61 5 
M2 3654790 1344200 3622390 1376600
M2 3622390 1376600 2500000 1376600
M2 2500000 1376600 1875000 1647800
M2 1875000 1647800 857420 1647800
M2 857420 1647800 835820 1626200
Net64 5 
M2 3070227 1301000 3064055 1307172
M2 3064055 1307172 2500000 1307172
M2 2500000 1307172 1875000 1545971
M2 1875000 1545971 1169028 1545971
M2 1169028 1545971 1132000 1583000
Net65 5 
M2 3148170 1301000 3135826 1313343
M2 3135826 1313343 2500000 1313343
M2 2500000 1313343 1875000 1552142
M2 1875000 1552142 1228677 1552142
M2 1228677 1552142 1197820 1583000
Net66 5 
M2 3226110 1301000 3207595 1319515
M2 3207595 1319515 2500000 1319515
M2 2500000 1319515 1875000 1558313
M2 1875000 1558313 1288326 1558313
M2 1288326 1558313 1263640 1583000
Net67 5 
M2 3304050 1301000 3279363 1325686
M2 3279363 1325686 2500000 1325686
M2 2500000 1325686 1875000 1564485
M2 1875000 1564485 1413785 1564485
M2 1413785 1564485 1395270 1583000
Net68 5 
M2 3459940 1301000 3429082 1331857
M2 3429082 1331857 2500000 1331857
M2 2500000 1331857 1875000 1570656
M2 1875000 1570656 1539253 1570656
M2 1539253 1570656 1526910 1583000
Net69 5 
M2 3537880 1301000 3500851 1338028
M2 3500851 1338028 2500000 1338028
M2 2500000 1338028 1875000 1576827
M2 1875000 1576827 1598902 1576827
M2 1598902 1576827 1592730 1583000
Net73 5 
M2 2953310 1257800 2947910 1263200
M2 2947910 1263200 2500000 1263200
M2 2500000 1263200 1875000 1502000
M2 1875000 1502000 1136890 1502000
M2 1136890 1502000 1099090 1539800
Net74 5 
M2 3031252 1257800 3020452 1268600
M2 3020452 1268600 2500000 1268600
M2 2500000 1268600 1875000 1507400
M2 1875000 1507400 1197310 1507400
M2 1197310 1507400 1164910 1539800
Net75 5 
M2 3187140 1257800 3170940 1274000
M2 3170940 1274000 2500000 1274000
M2 2500000 1274000 1875000 1512800
M2 1875000 1512800 1323550 1512800
M2 1323550 1512800 1296550 1539800
Net76 5 
M2 3343020 1257800 3321420 1279400
M2 3321420 1279400 2500000 1279400
M2 2500000 1279400 1875000 1518200
M2 1875000 1518200 1383962 1518200
M2 1383962 1518200 1362362 1539800
Net77 5 
M2 3420970 1257800 3393970 1284800
M2 3393970 1284800 2500000 1284800
M2 2500000 1284800 1875000 1523600
M2 1875000 1523600 1444380 1523600
M2 1444380 1523600 1428180 1539800
Net78 5 
M2 3498910 1257800 3466510 1290200
M2 3466510 1290200 2500000 1290200
M2 2500000 1290200 1875000 1529000
M2 1875000 1529000 1504800 1529000
M2 1504800 1529000 1494000 1539800
Net79 5 
M2 3576850 1257800 3539050 1295600
M2 3539050 1295600 2500000 1295600
M2 2500000 1295600 1875000 1534400
M2 1875000 1534400 1565220 1534400
M2 1565220 1534400 1559820 1539800
Net82 5 
M2 2992280 1214600 2985080 1221800
M2 2985080 1221800 2500000 1221800
M2 2500000 1221800 1875000 1460600
M2 1875000 1460600 1233820 1460600
M2 1233820 1460600 1197820 1496600
Net83 5 
M2 3070227 1214600 3055827 1229000
M2 3055827 1229000 2500000 1229000
M2 2500000 1229000 1875000 1467800
M2 1875000 1467800 1292440 1467800
M2 1292440 1467800 1263640 1496600
Net84 5 
M2 3226110 1214600 3204510 1236200
M2 3204510 1236200 2500000 1236200
M2 2500000 1236200 1875000 1475000
M2 1875000 1475000 1416870 1475000
M2 1416870 1475000 1395270 1496600
Net85 5 
M2 3304050 1214600 3275250 1243400
M2 3275250 1243400 2500000 1243400
M2 2500000 1243400 1875000 1482200
M2 1875000 1482200 1475490 1482200
M2 1475490 1482200 1461090 1496600
Net86 5 
M2 3459940 1214600 3423940 1250600
M2 3423940 1250600 2500000 1250600
M2 2500000 1250600 1875000 1489400
M2 1875000 1489400 1599930 1489400
M2 1599930 1489400 1592730 1496600
