Nets 20
Net8 5 
V2 2948980 1586120 2940340 1594760
V2 2940340 1594760 2500000 1594760
V2 2500000 1594760 1875000 1856600
V2 1875000 1856600 1379040 1856600
V2 1379040 1856600 1350240 1885400
Net9 5 
V2 2992280 1586120 2975000 1603400
V2 2975000 1603400 2500000 1603400
V2 2500000 1603400 1875000 1871000
V2 1875000 1871000 1537847 1871000
V2 1537847 1871000 1523447 1885400
Net24 5 
V2 2884030 1508360 2871070 1521320
V2 2871070 1521320 2500000 1521320
V2 2500000 1521320 1875000 1777400
V2 1875000 1777400 1198637 1777400
V2 1198637 1777400 1177037 1799000
Net27 5 
V2 2775780 1482440 2762820 1495400
V2 2762820 1495400 2500000 1495400
V2 2500000 1495400 1875000 1741400
V2 1875000 1741400 974930 1741400
V2 974930 1741400 960530 1755800
Net43 5 
V2 3035582 1430600 3022622 1443560
V2 3022622 1443560 2500000 1443560
V2 2500000 1443560 1875000 1727000
V2 1875000 1727000 642920 1727000
V2 642920 1727000 614120 1755800
Net44 5 
V2 2754130 1404680 2741170 1417640
V2 2741170 1417640 2500000 1417640
V2 2500000 1417640 1875000 1663227
V2 1875000 1663227 966702 1663227
V2 966702 1663227 960530 1669400
Net48 5 
V2 2775780 1378760 2769300 1385240
V2 2769300 1385240 2500000 1385240
V2 2500000 1385240 1875000 1644713
V2 1875000 1644713 725406 1644713
V2 725406 1644713 700720 1669400
Net49 5 
V2 2819080 1378760 2806120 1391720
V2 2806120 1391720 2500000 1391720
V2 2500000 1391720 1875000 1650885
V2 1875000 1650885 805837 1650885
V2 805837 1650885 787322 1669400
Net50 5 
V2 2862380 1378760 2842940 1398200
V2 2842940 1398200 2500000 1398200
V2 2500000 1398200 1875000 1657056
V2 1875000 1657056 886273 1657056
V2 886273 1657056 873930 1669400
Net56 5 
V2 2797430 1352840 2784470 1365800
V2 2784470 1365800 2500000 1365800
V2 2500000 1365800 1875000 1638542
V2 1875000 1638542 756362 1638542
V2 756362 1638542 744020 1626200
Net57 5 
V2 2884030 1352840 2879710 1348520
V2 2879710 1348520 2500000 1348520
V2 2500000 1348520 1875000 1632371
V2 1875000 1632371 923401 1632371
V2 923401 1632371 917230 1626200
Net58 5 
V2 2927330 1352840 2918690 1344200
V2 2918690 1344200 2500000 1344200
V2 2500000 1344200 1875000 1617560
V2 1875000 1617560 1358880 1617560
V2 1358880 1617560 1350240 1626200
Net59 5 
V2 2970630 1352840 2957670 1339880
V2 2957670 1339880 2500000 1339880
V2 2500000 1339880 1875000 1608920
V2 1875000 1608920 1280920 1608920
V2 1280920 1608920 1263640 1626200
Net63 5 
V2 2905680 1326920 2901360 1331240
V2 2901360 1331240 2500000 1331240
V2 2500000 1331240 1875000 1591640
V2 1875000 1591640 1038390 1591640
V2 1038390 1591640 1003830 1626200
Net64 5 
V2 2992280 1326920 2983640 1335560
V2 2983640 1335560 2500000 1335560
V2 2500000 1335560 1875000 1600280
V2 1875000 1600280 1116350 1600280
V2 1116350 1600280 1090430 1626200
Net65 5 
V2 3035582 1326920 3022622 1313960
V2 3022622 1313960 2500000 1313960
V2 2500000 1313960 1875000 1561400
V2 1875000 1561400 635720 1561400
V2 635720 1561400 614120 1583000
Net71 5 
V2 2775780 1275080 2762820 1288040
V2 2762820 1288040 2500000 1288040
V2 2500000 1288040 1875000 1518200
V2 1875000 1518200 765620 1518200
V2 765620 1518200 744020 1539800
Net84 5 
V2 2819080 1223240 2812600 1229720
V2 2812600 1229720 2500000 1229720
V2 2500000 1229720 1875000 1464200
V2 1875000 1464200 1339340 1464200
V2 1339340 1464200 1306940 1496600
Net85 5 
V2 2905680 1223240 2892720 1236200
V2 2892720 1236200 2500000 1236200
V2 2500000 1236200 1875000 1475000
V2 1875000 1475000 1415140 1475000
V2 1415140 1475000 1393540 1496600
Net86 5 
V2 2992280 1223240 2972840 1242680
V2 2972840 1242680 2500000 1242680
V2 2500000 1242680 1875000 1485800
V2 1875000 1485800 1577550 1485800
V2 1577550 1485800 1566750 1496600
