Nets 32
Net13 5 
V2 3275910 1560200 3265110 1571000
V2 3265110 1571000 2500000 1571000
V2 2500000 1571000 1875000 1874909
V2 1875000 1874909 1255620 1874909
V2 1255620 1874909 1238960 1891570
Net14 5 
V2 3341722 1560200 3320122 1581800
V2 3320122 1581800 2500000 1581800
V2 2500000 1581800 1875000 1880464
V2 1875000 1880464 1433656 1880464
V2 1433656 1880464 1422550 1891570
Net15 5 
V2 3407540 1560200 3375140 1592600
V2 3375140 1592600 2500000 1592600
V2 2500000 1592600 1875000 1886018
V2 1875000 1886018 1519901 1886018
V2 1519901 1886018 1514350 1891570
Net16 5 
V2 3539180 1560200 3524780 1545800
V2 3524780 1545800 2500000 1545800
V2 2500000 1545800 1875000 1869355
V2 1875000 1869355 343184 1869355
V2 343184 1869355 320970 1891570
Net20 5 
V2 3111360 1517000 3096960 1531400
V2 3096960 1531400 2500000 1531400
V2 2500000 1531400 1875000 1863801
V2 1875000 1863801 1129031 1863801
V2 1129031 1863801 1101260 1836030
Net21 5 
V2 3177180 1517000 3169980 1509800
V2 3169980 1509800 2500000 1509800
V2 2500000 1509800 1875000 1858247
V2 1875000 1858247 1215277 1858247
V2 1215277 1858247 1193060 1836030
Net22 5 
V2 3243000 1517000 3228600 1502600
V2 3228600 1502600 2500000 1502600
V2 2500000 1502600 1875000 1852692
V2 1875000 1852692 1301520 1852692
V2 1301520 1852692 1284857 1836030
Net23 5 
V2 3374630 1517000 3353030 1495400
V2 3353030 1495400 2500000 1495400
V2 2500000 1495400 1875000 1847138
V2 1875000 1847138 1387761 1847138
V2 1387761 1847138 1376652 1836030
Net24 5 
V2 3440450 1517000 3411650 1488200
V2 3411650 1488200 2500000 1488200
V2 2500000 1488200 1875000 1841584
V2 1875000 1841584 1474004 1841584
V2 1474004 1841584 1468450 1836030
Net27 5 
V2 2881000 1473800 2876680 1469480
V2 2876680 1469480 2500000 1469480
V2 2500000 1469480 1875000 1822144
V2 1875000 1822144 821616 1822144
V2 821616 1822144 779960 1780487
Net28 5 
V2 2946820 1473800 2938180 1465160
V2 2938180 1465160 2500000 1465160
V2 2500000 1465160 1875000 1815201
V2 1875000 1815201 906473 1815201
V2 906473 1815201 871760 1780487
Net29 5 
V2 3012637 1473800 2999677 1460840
V2 2999677 1460840 2500000 1460840
V2 2500000 1460840 1875000 1808258
V2 1875000 1808258 991331 1808258
V2 991331 1808258 963560 1780487
Net30 5 
V2 3144270 1473800 3126990 1456520
V2 3126990 1456520 2500000 1456520
V2 2500000 1456520 1875000 1801315
V2 1875000 1801315 1076188 1801315
V2 1076188 1801315 1055360 1780487
Net31 5 
V2 3210090 1473800 3188490 1452200
V2 3188490 1452200 2500000 1452200
V2 2500000 1452200 1875000 1794373
V2 1875000 1794373 1252845 1794373
V2 1252845 1794373 1238960 1780487
Net32 5 
V2 3275910 1473800 3249990 1447880
V2 3249990 1447880 2500000 1447880
V2 2500000 1447880 1875000 1787430
V2 1875000 1787430 1337695 1787430
V2 1337695 1787430 1330752 1780487
Net33 5 
V2 3407540 1473800 3377300 1443560
V2 3377300 1443560 2500000 1443560
V2 2500000 1443560 1875000 1761968
V2 1875000 1761968 1532869 1761968
V2 1532869 1761968 1514350 1780487
Net34 5 
V2 3473360 1473800 3466160 1481000
V2 3466160 1481000 2500000 1481000
V2 2500000 1481000 1875000 1829086
V2 1875000 1829086 1567193 1829086
V2 1567193 1829086 1560250 1836030
Net35 5 
V2 3539180 1473800 3504620 1439240
V2 3504620 1439240 2500000 1439240
V2 2500000 1439240 1875000 1743454
V2 1875000 1743454 358003 1743454
V2 358003 1743454 320970 1780487
Net36 5 
V2 2782270 1430600 2777950 1434920
V2 2777950 1434920 2500000 1434920
V2 2500000 1434920 1875000 1697171
V2 1875000 1697171 578236 1697171
V2 578236 1697171 550467 1724940
Net60 5 
V2 3440450 1344200 3418850 1365800
V2 3418850 1365800 2500000 1365800
V2 2500000 1365800 1875000 1650888
V2 1875000 1650888 1532862 1650888
V2 1532862 1650888 1514350 1669400
Net61 5 
V2 3506270 1344200 3491870 1329800
V2 3491870 1329800 2500000 1329800
V2 2500000 1329800 1875000 1632374
V2 1875000 1632374 293584 1632374
V2 293584 1632374 275070 1613860
Net64 5 
V2 3012637 1301000 2998237 1315400
V2 2998237 1315400 2500000 1315400
V2 2500000 1315400 1875000 1599969
V2 1875000 1599969 729819 1599969
V2 729819 1599969 688162 1558312
Net65 5 
V2 3078450 1301000 3074130 1296680
V2 3074130 1296680 2500000 1296680
V2 2500000 1296680 1875000 1586083
V2 1875000 1586083 807731 1586083
V2 807731 1586083 779960 1558312
Net66 5 
V2 3144270 1301000 3135630 1292360
V2 3135630 1292360 2500000 1292360
V2 2500000 1292360 1875000 1572198
V2 1875000 1572198 885645 1572198
V2 885645 1572198 871760 1558312
Net71 5 
V2 2782270 1257800 2777950 1262120
V2 2777950 1262120 2500000 1262120
V2 2500000 1262120 1875000 1484255
V2 1875000 1484255 385384 1484255
V2 385384 1484255 366870 1502770
Net74 5 
V2 2979730 1257800 2971090 1266440
V2 2971090 1266440 2500000 1266440
V2 2500000 1266440 1875000 1510704
V2 1875000 1510704 1011168 1510704
V2 1011168 1510704 963560 1558312
Net75 5 
V2 3111360 1257800 3098400 1270760
V2 3098400 1270760 2500000 1270760
V2 2500000 1270760 1875000 1518639
V2 1875000 1518639 1095033 1518639
V2 1095033 1518639 1055360 1558312
Net76 5 
V2 3243000 1257800 3225720 1275080
V2 3225720 1275080 2500000 1275080
V2 2500000 1275080 1875000 1526573
V2 1875000 1526573 1178899 1526573
V2 1178899 1526573 1147160 1558312
Net77 5 
V2 3308817 1257800 3287217 1279400
V2 3287217 1279400 2500000 1279400
V2 2500000 1279400 1875000 1534508
V2 1875000 1534508 1262764 1534508
V2 1262764 1534508 1238960 1558312
Net78 5 
V2 3374630 1257800 3348710 1283720
V2 3348710 1283720 2500000 1283720
V2 2500000 1283720 1875000 1542442
V2 1875000 1542442 1438420 1542442
V2 1438420 1542442 1422550 1558312
Net79 5 
V2 3440450 1257800 3410210 1288040
V2 3410210 1288040 2500000 1288040
V2 2500000 1288040 1875000 1550377
V2 1875000 1550377 1522285 1550377
V2 1522285 1550377 1514350 1558312
Net80 5 
V2 3506270 1257800 3484670 1236200
V2 3484670 1236200 2500000 1236200
V2 2500000 1236200 1875000 1465741
V2 1875000 1465741 312098 1465741
V2 312098 1465741 275070 1502770
