Nets 34
Net0 5 
V1 2819080 1597230 2811144 1605165
V1 2811144 1605165 2500000 1605165
V1 2500000 1605165 1875000 1853000
V1 1875000 1853000 863027 1853000
V1 863027 1853000 830627 1885400
Net1 5 
V1 3009602 1597230 2993732 1613100
V1 2993732 1613100 2500000 1613100
V1 2500000 1613100 1875000 1858400
V1 1875000 1858400 1030830 1858400
V1 1030830 1858400 1003830 1885400
Net2 5 
V1 3104870 1597230 3081065 1621034
V1 3081065 1621034 2500000 1621034
V1 2500000 1621034 1875000 1863800
V1 1875000 1863800 1112030 1863800
V1 1112030 1863800 1090430 1885400
Net3 5 
V1 3295390 1597230 3263651 1628969
V1 3263651 1628969 2500000 1628969
V1 2500000 1628969 1875000 1869200
V1 1875000 1869200 1279840 1869200
V1 1279840 1869200 1263640 1885400
Net4 5 
V1 3581180 1597230 3541506 1636903
V1 3541506 1636903 2500000 1636903
V1 2500000 1636903 1875000 1874600
V1 1875000 1874600 1361040 1874600
V1 1361040 1874600 1350240 1885400
Net5 5 
V1 3676440 1597230 3628832 1644838
V1 3628832 1644838 2500000 1644838
V1 2500000 1644838 1875000 1880000
V1 1875000 1880000 1528847 1880000
V1 1528847 1880000 1523447 1885400
Net7 5 
V1 3962230 1597230 3943716 1578716
V1 3943716 1578716 2500000 1578716
V1 2500000 1578716 1875000 1847600
V1 1875000 1847600 1485542 1847600
V1 1485542 1847600 1480142 1842200
Net8 5 
V1 4057492 1597230 4020464 1560202
V1 4020464 1560202 2500000 1560202
V1 2500000 1560202 1875000 1835000
V1 1875000 1835000 1573950 1835000
V1 1573950 1835000 1566750 1842200
Net10 5 
V1 2866710 1541687 2859767 1534744
V1 2859767 1534744 2500000 1534744
V1 2500000 1534744 1875000 1827800
V1 1875000 1827800 715120 1827800
V1 715120 1827800 700720 1842200
Net17 5 
V1 3628810 1541687 3614924 1527802
V1 3614924 1527802 2500000 1527802
V1 2500000 1527802 1875000 1820600
V1 1875000 1820600 1198637 1820600
V1 1198637 1820600 1177037 1799000
Net18 5 
V1 3724077 1541687 3703249 1520859
V1 3703249 1520859 2500000 1520859
V1 2500000 1520859 1875000 1813400
V1 1875000 1813400 1278040 1813400
V1 1278040 1813400 1263640 1799000
Net19 5 
V1 3819340 1541687 3791569 1513916
V1 3791569 1513916 2500000 1513916
V1 2500000 1513916 1875000 1806200
V1 1875000 1806200 1357440 1806200
V1 1357440 1806200 1350240 1799000
Net20 5 
V1 3914600 1541687 3879886 1506973
V1 3879886 1506973 2500000 1506973
V1 2500000 1506973 1875000 1794680
V1 1875000 1794680 1527767 1794680
V1 1527767 1794680 1523447 1799000
Net24 5 
V1 3009602 1486140 3002654 1493088
V1 3002654 1493088 2500000 1493088
V1 2500000 1493088 1875000 1786040
V1 1875000 1786040 843587 1786040
V1 843587 1786040 830627 1799000
Net25 5 
V1 3104870 1486140 3090979 1500031
V1 3090979 1500031 2500000 1500031
V1 2500000 1500031 1875000 1790360
V1 1875000 1790360 1012470 1790360
V1 1012470 1790360 1003830 1799000
Net27 5 
V1 3295390 1486140 3289218 1479968
V1 3289218 1479968 2500000 1479968
V1 2500000 1479968 1875000 1781720
V1 1875000 1781720 899850 1781720
V1 899850 1781720 873930 1755800
Net28 5 
V1 3485920 1486140 3473577 1473797
V1 3473577 1473797 2500000 1473797
V1 2500000 1473797 1875000 1777400
V1 1875000 1777400 982130 1777400
V1 982130 1777400 960530 1755800
Net29 5 
V1 3581180 1486140 3562666 1467626
V1 3562666 1467626 2500000 1467626
V1 2500000 1467626 1875000 1773080
V1 1875000 1773080 1064410 1773080
V1 1064410 1773080 1047130 1755800
Net30 5 
V1 3771710 1486140 3747025 1461455
V1 3747025 1461455 2500000 1461455
V1 2500000 1461455 1875000 1768760
V1 1875000 1768760 1146692 1768760
V1 1146692 1768760 1133732 1755800
Net31 5 
V1 3866970 1486140 3836113 1455283
V1 3836113 1455283 2500000 1455283
V1 2500000 1455283 1875000 1764440
V1 1875000 1764440 1315580 1764440
V1 1315580 1764440 1306940 1755800
Net32 5 
V1 4057492 1486140 4020465 1449112
V1 4020465 1449112 2500000 1449112
V1 2500000 1449112 1875000 1760120
V1 1875000 1760120 1484462 1760120
V1 1484462 1760120 1480142 1755800
Net33 5 
V1 4152760 1486140 4109561 1442941
V1 4109561 1442941 2500000 1442941
V1 2500000 1442941 1875000 1734200
V1 1875000 1734200 635720 1734200
V1 635720 1734200 614120 1755800
Net35 5 
V1 3057237 1430600 3051067 1436770
V1 3051067 1436770 2500000 1436770
V1 2500000 1436770 1875000 1691000
V1 1875000 1691000 679020 1691000
V1 679020 1691000 657420 1712600
Net45 5 
V1 3009602 1375060 3002661 1382000
V1 3002661 1382000 2500000 1382000
V1 2500000 1382000 1875000 1631600
V1 1875000 1631600 825122 1631600
V1 825122 1631600 787322 1669400
Net46 5 
V1 3200130 1375060 3186246 1388943
V1 3186246 1388943 2500000 1388943
V1 2500000 1388943 1875000 1637000
V1 1875000 1637000 906330 1637000
V1 906330 1637000 873930 1669400
Net47 5 
V1 3295390 1375060 3274563 1395886
V1 3274563 1395886 2500000 1395886
V1 2500000 1395886 1875000 1642400
V1 1875000 1642400 987530 1642400
V1 987530 1642400 960530 1669400
Net48 5 
V1 3485920 1375060 3458151 1402829
V1 3458151 1402829 2500000 1402829
V1 2500000 1402829 1875000 1647800
V1 1875000 1647800 1155332 1647800
V1 1155332 1647800 1133732 1669400
Net49 5 
V1 3581180 1375060 3546468 1409771
V1 3546468 1409771 2500000 1409771
V1 2500000 1409771 1875000 1653200
V1 1875000 1653200 1323140 1653200
V1 1323140 1653200 1306940 1669400
Net50 5 
V1 3771710 1375060 3730055 1416714
V1 3730055 1416714 2500000 1416714
V1 2500000 1416714 1875000 1658600
V1 1875000 1658600 1490942 1658600
V1 1490942 1658600 1480142 1669400
Net51 5 
V1 3866970 1375060 3818372 1423657
V1 3818372 1423657 2500000 1423657
V1 2500000 1423657 1875000 1664000
V1 1875000 1664000 1572150 1664000
V1 1572150 1664000 1566750 1669400
Net53 5 
V1 4152760 1375060 4124988 1347288
V1 4124988 1347288 2500000 1347288
V1 2500000 1347288 1875000 1561400
V1 1875000 1561400 635720 1561400
V1 635720 1561400 614120 1583000
Net71 5 
V1 3581180 1263970 3553408 1291741
V1 3553408 1291741 2500000 1291741
V1 2500000 1291741 1875000 1525400
V1 1875000 1525400 1018230 1525400
V1 1018230 1525400 1003830 1539800
Net77 5 
V1 4152760 1263970 4134246 1245456
V1 4134246 1245456 2500000 1245456
V1 2500000 1245456 1875000 1511000
V1 1875000 1511000 628520 1511000
V1 628520 1511000 614120 1496600
Net81 5 
V1 3247760 1208430 3229248 1226942
V1 3229248 1226942 2500000 1226942
V1 2500000 1226942 1875000 1475000
V1 1875000 1475000 895530 1475000
V1 895530 1475000 873930 1496600
