Nets 28
Net6 5 
M2 3866970 1597230 3839198 1625001
M2 3839198 1625001 2500000 1625001
M2 2500000 1625001 1875000 1827800
M2 1875000 1827800 1407940 1827800
M2 1407940 1827800 1393540 1842200
Net9 5 
M2 4152760 1597230 4134246 1578716
M2 4134246 1578716 2500000 1578716
M2 2500000 1578716 1875000 1813400
M2 1875000 1813400 642920 1813400
M2 642920 1813400 614120 1842200
Net16 5 
M2 3533550 1541687 3515035 1560202
M2 3515035 1560202 2500000 1560202
M2 2500000 1560202 1875000 1777400
M2 1875000 1777400 1112030 1777400
M2 1112030 1777400 1090430 1799000
Net21 5 
M2 4009860 1541687 3991346 1523173
M2 3991346 1523173 2500000 1523173
M2 2500000 1523173 1875000 1741400
M2 1875000 1741400 1581150 1741400
M2 1581150 1741400 1566750 1755800
Net26 5 
M2 3200130 1486140 3181610 1504659
M2 3181610 1504659 2500000 1504659
M2 2500000 1504659 1875000 1727000
M2 1875000 1727000 816122 1727000
M2 816122 1727000 787322 1755800
Net36 5 
M2 3152500 1430600 3145559 1437540
M2 3145559 1437540 2500000 1437540
M2 2500000 1437540 1875000 1674800
M2 1875000 1674800 868427 1674800
M2 868427 1674800 830627 1712600
Net37 5 
M2 3343020 1430600 3329136 1444483
M2 3329136 1444483 2500000 1444483
M2 2500000 1444483 1875000 1680200
M2 1875000 1680200 949630 1680200
M2 949630 1680200 917230 1712600
Net38 5 
M2 3438290 1430600 3417463 1451426
M2 3417463 1451426 2500000 1451426
M2 2500000 1451426 1875000 1685600
M2 1875000 1685600 1030830 1685600
M2 1030830 1685600 1003830 1712600
Net39 5 
M2 3628810 1430600 3601041 1458369
M2 3601041 1458369 2500000 1458369
M2 2500000 1458369 1875000 1691000
M2 1875000 1691000 1198637 1691000
M2 1198637 1691000 1177037 1712600
Net40 5 
M2 3724077 1430600 3689365 1465311
M2 3689365 1465311 2500000 1465311
M2 2500000 1465311 1875000 1696400
M2 1875000 1696400 1279840 1696400
M2 1279840 1696400 1263640 1712600
Net41 5 
M2 3914600 1430600 3872945 1472254
M2 3872945 1472254 2500000 1472254
M2 2500000 1472254 1875000 1701800
M2 1875000 1701800 1361040 1701800
M2 1361040 1701800 1350240 1712600
Net42 5 
M2 4009860 1430600 3961262 1479197
M2 3961262 1479197 2500000 1479197
M2 2500000 1479197 1875000 1707200
M2 1875000 1707200 1442240 1707200
M2 1442240 1707200 1436840 1712600
Net44 5 
M2 2914340 1375060 2886571 1402828
M2 2886571 1402828 2500000 1402828
M2 2500000 1402828 1875000 1647800
M2 1875000 1647800 722320 1647800
M2 722320 1647800 700720 1669400
Net52 5 
M2 4057492 1375060 4050549 1368117
M2 4050549 1368117 2500000 1368117
M2 2500000 1368117 1875000 1621400
M2 1875000 1621400 1528247 1621400
M2 1528247 1621400 1523447 1626200
Net55 5 
M2 3057237 1319512 3050289 1326460
M2 3050289 1326460 2500000 1326460
M2 2500000 1326460 1875000 1592600
M2 1875000 1592600 950830 1592600
M2 950830 1592600 917230 1626200
Net56 5 
M2 3152500 1319512 3138609 1333403
M2 3138609 1333403 2500000 1333403
M2 2500000 1333403 1875000 1597400
M2 1875000 1597400 1032630 1597400
M2 1032630 1597400 1003830 1626200
Net57 5 
M2 3343020 1319512 3322186 1340346
M2 3322186 1340346 2500000 1340346
M2 2500000 1340346 1875000 1602200
M2 1875000 1602200 1114430 1602200
M2 1114430 1602200 1090430 1626200
Net58 5 
M2 3438290 1319512 3410513 1347289
M2 3410513 1347289 2500000 1347289
M2 2500000 1347289 1875000 1607000
M2 1875000 1607000 1282840 1607000
M2 1282840 1607000 1263640 1626200
Net59 5 
M2 3533550 1319512 3498830 1354231
M2 3498830 1354231 2500000 1354231
M2 2500000 1354231 1875000 1611800
M2 1875000 1611800 1364640 1611800
M2 1364640 1611800 1350240 1626200
Net60 5 
M2 3628810 1319512 3587148 1361174
M2 3587148 1361174 2500000 1361174
M2 2500000 1361174 1875000 1616600
M2 1875000 1616600 1446440 1616600
M2 1446440 1616600 1436840 1626200
Net65 5 
M2 2819080 1263970 2812908 1257798
M2 2812908 1257798 2500000 1257798
M2 2500000 1257798 1875000 1587800
M2 1875000 1587800 695820 1587800
M2 695820 1587800 657420 1626200
Net72 5 
M2 3676440 1263970 3664097 1251627
M2 3664097 1251627 2500000 1251627
M2 2500000 1251627 1875000 1525400
M2 1875000 1525400 1191437 1525400
M2 1191437 1525400 1177037 1539800
Net82 5 
M2 3438290 1208430 3432120 1214600
M2 3432120 1214600 2500000 1214600
M2 2500000 1214600 1875000 1460600
M2 1875000 1460600 1083130 1460600
M2 1083130 1460600 1047130 1496600
Net83 5 
M2 3533550 1208430 3521208 1220771
M2 3521208 1220771 2500000 1220771
M2 2500000 1220771 1875000 1467800
M2 1875000 1467800 1162532 1467800
M2 1162532 1467800 1133732 1496600
Net84 5 
M2 3724077 1208430 3705565 1226942
M2 3705565 1226942 2500000 1226942
M2 2500000 1226942 1875000 1475000
M2 1875000 1475000 1328540 1475000
M2 1328540 1475000 1306940 1496600
Net85 5 
M2 3819340 1208430 3794656 1233113
M2 3794656 1233113 2500000 1233113
M2 2500000 1233113 1875000 1482200
M2 1875000 1482200 1407940 1482200
M2 1407940 1482200 1393540 1496600
Net86 5 
M2 4009860 1208430 3979005 1239285
M2 3979005 1239285 2500000 1239285
M2 2500000 1239285 1875000 1489400
M2 1875000 1489400 1573950 1489400
M2 1573950 1489400 1566750 1496600
Net87 5 
M2 4105130 1208430 4068103 1245456
M2 4068103 1245456 2500000 1245456
M2 2500000 1245456 1875000 1511000
M2 1875000 1511000 599620 1511000
M2 599620 1511000 570820 1539800
