Nets 22
Net4 5 
M2 2775780 1586120 2767140 1594760
M2 2767140 1594760 2500000 1594760
M2 2500000 1594760 1875000 1833560
M2 1875000 1833560 1421650 1833560
M2 1421650 1833560 1404370 1850840
Net5 5 
M2 2819080 1586120 2801800 1603400
M2 2801800 1603400 2500000 1603400
M2 2500000 1603400 1875000 1842200
M2 1875000 1842200 1456310 1842200
M2 1456310 1842200 1447670 1850840
Net16 5 
M2 2775780 1534280 2767140 1542920
M2 2767140 1542920 2500000 1542920
M2 2500000 1542920 1875000 1781720
M2 1875000 1781720 1421650 1781720
M2 1421650 1781720 1404370 1799000
Net17 5 
M2 2819080 1534280 2801800 1551560
M2 2801800 1551560 2500000 1551560
M2 2500000 1551560 1875000 1790360
M2 1875000 1790360 1456310 1790360
M2 1456310 1790360 1447670 1799000
Net23 5 
M2 2840730 1508360 2835546 1513544
M2 2835546 1513544 2500000 1513544
M2 2500000 1513544 1875000 1752344
M2 1875000 1752344 1490056 1752344
M2 1490056 1752344 1469320 1773080
Net24 5 
M2 2884030 1508360 2873662 1518728
M2 2873662 1518728 2500000 1518728
M2 2500000 1518728 1875000 1757528
M2 1875000 1757528 1528172 1757528
M2 1528172 1757528 1512620 1773080
Net25 5 
M2 2927330 1508360 2911778 1523912
M2 2911778 1523912 2500000 1523912
M2 2500000 1523912 1875000 1762712
M2 1875000 1762712 1566288 1762712
M2 1566288 1762712 1555920 1773080
Net26 5 
M2 2970630 1508360 2949894 1529096
M2 2949894 1529096 2500000 1529096
M2 2500000 1529096 1875000 1767896
M2 1875000 1767896 1604404 1767896
M2 1604404 1767896 1599220 1773080
Net30 5 
M2 2948980 1482440 2936020 1495400
M2 2936020 1495400 2500000 1495400
M2 2500000 1495400 1875000 1734200
M2 1875000 1734200 1590530 1734200
M2 1590530 1734200 1577570 1747160
Net34 5 
M2 2797430 1456520 2788790 1465160
M2 2788790 1465160 2500000 1465160
M2 2500000 1465160 1875000 1703960
M2 1875000 1703960 1443300 1703960
M2 1443300 1703960 1426020 1721240
Net37 5 
M2 2927330 1456520 2910050 1473800
M2 2910050 1473800 2500000 1473800
M2 2500000 1473800 1875000 1712600
M2 1875000 1712600 1564560 1712600
M2 1564560 1712600 1555920 1721240
Net44 5 
M2 2754130 1404680 2741170 1417640
M2 2741170 1417640 2500000 1417640
M2 2500000 1417640 1875000 1656440
M2 1875000 1656440 1395680 1656440
M2 1395680 1656440 1382720 1669400
Net48 5 
M2 2775780 1378760 2767140 1387400
M2 2767140 1387400 2500000 1387400
M2 2500000 1387400 1875000 1626200
M2 1875000 1626200 1421650 1626200
M2 1421650 1626200 1404370 1643480
Net51 5 
M2 2905680 1378760 2888400 1396040
M2 2888400 1396040 2500000 1396040
M2 2500000 1396040 1875000 1634840
M2 1875000 1634840 1542910 1634840
M2 1542910 1634840 1534270 1643480
Net58 5 
M2 2927330 1352840 2918690 1361480
M2 2918690 1361480 2500000 1361480
M2 2500000 1361480 1875000 1600280
M2 1875000 1600280 1573200 1600280
M2 1573200 1600280 1555920 1617560
Net59 5 
M2 2970630 1352840 2953350 1370120
M2 2953350 1370120 2500000 1370120
M2 2500000 1370120 1875000 1608920
M2 1875000 1608920 1607860 1608920
M2 1607860 1608920 1599220 1617560
Net61 5 
M2 2819080 1326920 2806120 1339880
M2 2806120 1339880 2500000 1339880
M2 2500000 1339880 1875000 1578680
M2 1875000 1578680 1460630 1578680
M2 1460630 1578680 1447670 1591640
Net68 5 
M2 2884030 1301000 2871070 1313960
M2 2871070 1313960 2500000 1313960
M2 2500000 1313960 1875000 1552760
M2 1875000 1552760 1525580 1552760
M2 1525580 1552760 1512620 1565720
Net71 5 
M2 2775780 1275080 2767140 1283720
M2 2767140 1283720 2500000 1283720
M2 2500000 1283720 1875000 1522520
M2 1875000 1522520 1378347 1522520
M2 1378347 1522520 1361067 1539800
Net72 5 
M2 2819080 1275080 2801800 1292360
M2 2801800 1292360 2500000 1292360
M2 2500000 1292360 1875000 1531160
M2 1875000 1531160 1456310 1531160
M2 1456310 1531160 1447670 1539800
Net78 5 
M2 2797430 1249160 2788790 1257800
M2 2788790 1257800 2500000 1257800
M2 2500000 1257800 1875000 1496600
M2 1875000 1496600 1443300 1496600
M2 1443300 1496600 1426020 1513880
Net81 5 
M2 2927330 1249160 2910050 1266440
M2 2910050 1266440 2500000 1266440
M2 2500000 1266440 1875000 1505240
M2 1875000 1505240 1564560 1505240
M2 1564560 1505240 1555920 1513880
