Nets 21
Net6 5 
M2 3760880 1603400 3739280 1625000
M2 3739280 1625000 2500000 1625000
M2 2500000 1625000 1875000 1808258
M2 1875000 1808258 302841 1808258
M2 302841 1808258 275070 1836030
Net17 5 
M2 2808250 1517000 2786650 1538600
M2 2786650 1538600 2500000 1538600
M2 2500000 1538600 1875000 1752711
M2 1875000 1752711 440546 1752711
M2 440546 1752711 412770 1780487
Net25 5 
M2 3760880 1517000 3739280 1495400
M2 3739280 1495400 2500000 1495400
M2 2500000 1495400 1875000 1697171
M2 1875000 1697171 302838 1697171
M2 302838 1697171 275070 1724940
Net48 5 
M2 3371170 1387400 3362530 1396040
M2 3362530 1396040 2500000 1396040
M2 2500000 1396040 1875000 1624968
M2 1875000 1624968 1007991 1624968
M2 1007991 1624968 963560 1669400
Net49 5 
M2 3457770 1387400 3440490 1404680
M2 3440490 1404680 2500000 1404680
M2 2500000 1404680 1875000 1636077
M2 1875000 1636077 1088683 1636077
M2 1088683 1636077 1055360 1669400
Net50 5 
M2 3544372 1387400 3518452 1413320
M2 3518452 1413320 2500000 1413320
M2 2500000 1413320 1875000 1647185
M2 1875000 1647185 1261174 1647185
M2 1261174 1647185 1238960 1669400
Net51 5 
M2 3717580 1387400 3683020 1421960
M2 3683020 1421960 2500000 1421960
M2 2500000 1421960 1875000 1658294
M2 1875000 1658294 1341858 1658294
M2 1341858 1658294 1330752 1669400
Net52 5 
M2 2808250 1344200 2803450 1349000
M2 2803450 1349000 2500000 1349000
M2 2500000 1349000 1875000 1539798
M2 1875000 1539798 431284 1539798
M2 431284 1539798 412770 1558312
Net53 5 
M2 2894857 1344200 2885257 1353800
M2 2885257 1353800 2500000 1353800
M2 2500000 1353800 1875000 1565255
M2 1875000 1565255 415474 1565255
M2 415474 1565255 366870 1613860
Net54 5 
M2 3068060 1344200 3053660 1358600
M2 3053660 1358600 2500000 1358600
M2 2500000 1358600 1875000 1572198
M2 1875000 1572198 592129 1572198
M2 592129 1572198 550467 1613860
Net55 5 
M2 3241267 1344200 3222067 1363400
M2 3222067 1363400 2500000 1363400
M2 2500000 1363400 1875000 1579140
M2 1875000 1579140 676981 1579140
M2 676981 1579140 642262 1613860
Net56 5 
M2 3327870 1344200 3303870 1368200
M2 3303870 1368200 2500000 1368200
M2 2500000 1368200 1875000 1586083
M2 1875000 1586083 853636 1586083
M2 853636 1586083 825860 1613860
Net57 5 
M2 3414470 1344200 3385670 1373000
M2 3385670 1373000 2500000 1373000
M2 2500000 1373000 1875000 1593026
M2 1875000 1593026 938493 1593026
M2 938493 1593026 917660 1613860
Net58 5 
M2 3501070 1344200 3467470 1377800
M2 3467470 1377800 2500000 1377800
M2 2500000 1377800 1875000 1599969
M2 1875000 1599969 1115151 1599969
M2 1115151 1599969 1101260 1613860
Net59 5 
M2 3587677 1344200 3549277 1382600
M2 3549277 1382600 2500000 1382600
M2 2500000 1382600 1875000 1606911
M2 1875000 1606911 1200008 1606911
M2 1200008 1606911 1193060 1613860
Net82 5 
M2 3024760 1214600 3018587 1220772
M2 3018587 1220772 2500000 1220772
M2 2500000 1220772 1875000 1456484
M2 1875000 1456484 872145 1456484
M2 872145 1456484 825860 1502770
Net83 5 
M2 3111360 1214600 3099016 1226943
M2 3099016 1226943 2500000 1226943
M2 2500000 1226943 1875000 1465741
M2 1875000 1465741 1138288 1465741
M2 1138288 1465741 1101260 1502770
Net84 5 
M2 3284570 1214600 3266055 1233115
M2 3266055 1233115 2500000 1233115
M2 2500000 1233115 1875000 1474998
M2 1875000 1474998 1312629 1474998
M2 1312629 1474998 1284857 1502770
Net85 5 
M2 3371170 1214600 3346483 1239286
M2 3346483 1239286 2500000 1239286
M2 2500000 1239286 1875000 1484255
M2 1875000 1484255 1395167 1484255
M2 1395167 1484255 1376652 1502770
Net86 5 
M2 3544372 1214600 3513515 1245457
M2 3513515 1245457 2500000 1245457
M2 2500000 1245457 1875000 1493512
M2 1875000 1493512 1569507 1493512
M2 1569507 1493512 1560250 1502770
Net87 5 
M2 3804180 1214600 3767151 1251628
M2 3767151 1251628 2500000 1251628
M2 2500000 1251628 1875000 1521284
M2 1875000 1521284 357998 1521284
M2 357998 1521284 320970 1558312
