Nets 35
Net0 5 
V1 2797430 1603400 2791257 1609572
V1 2791257 1609572 2500000 1609572
V1 2500000 1609572 1875000 1863801
V1 1875000 1863801 392909 1863801
V1 392909 1863801 365140 1891570
Net1 5 
V1 2953310 1603400 2940966 1615743
V1 2940966 1615743 2500000 1615743
V1 2500000 1615743 1875000 1868429
V1 1875000 1868429 578800 1868429
V1 578800 1868429 555660 1891570
Net2 5 
V1 3031252 1603400 3012737 1621915
V1 3012737 1621915 2500000 1621915
V1 2500000 1621915 1875000 1873058
V1 1875000 1873058 669434 1873058
V1 669434 1873058 650922 1891570
Net3 5 
V1 3187140 1603400 3162453 1628086
V1 3162453 1628086 2500000 1628086
V1 2500000 1628086 1875000 1877686
V1 1875000 1877686 855333 1877686
V1 855333 1877686 841450 1891570
Net4 5 
V1 3265080 1603400 3234222 1634257
V1 3234222 1634257 2500000 1634257
V1 2500000 1634257 1875000 1882315
V1 1875000 1882315 945965 1882315
V1 945965 1882315 936710 1891570
Net5 5 
V1 3420970 1603400 3383941 1640428
V1 3383941 1640428 2500000 1640428
V1 2500000 1640428 1875000 1886943
V1 1875000 1886943 1131866 1886943
V1 1131866 1886943 1127240 1891570
Net7 5 
V1 2836400 1560200 2831600 1555400
V1 2831600 1555400 2500000 1555400
V1 2500000 1555400 1875000 1859172
V1 1875000 1859172 340650 1859172
V1 340650 1859172 317507 1836030
Net8 5 
V1 2914340 1560200 2904740 1550600
V1 2904740 1550600 2500000 1550600
V1 2500000 1550600 1875000 1854544
V1 1875000 1854544 431284 1854544
V1 431284 1854544 412770 1836030
Net9 5 
V1 2992280 1560200 2977880 1545800
V1 2977880 1545800 2500000 1545800
V1 2500000 1545800 1875000 1849915
V1 1875000 1849915 521915 1849915
V1 521915 1849915 508030 1836030
Net10 5 
V1 3070227 1560200 3051027 1541000
V1 3051027 1541000 2500000 1541000
V1 2500000 1541000 1875000 1845287
V1 1875000 1845287 612547 1845287
V1 612547 1845287 603290 1836030
Net11 5 
V1 3148170 1560200 3124170 1536200
V1 3124170 1536200 2500000 1536200
V1 2500000 1536200 1875000 1840658
V1 1875000 1840658 703188 1840658
V1 703188 1840658 698560 1836030
Net12 5 
V1 3304050 1560200 3275250 1531400
V1 3275250 1531400 2500000 1531400
V1 2500000 1531400 1875000 1817515
V1 1875000 1817515 812334 1817515
V1 812334 1817515 793820 1836030
Net18 5 
V1 2875370 1517000 2870570 1521800
V1 2870570 1521800 2500000 1521800
V1 2500000 1521800 1875000 1761968
V1 1875000 1761968 478919 1761968
V1 478919 1761968 460400 1780487
Net19 5 
V1 3031252 1517000 3021652 1526600
V1 3021652 1526600 2500000 1526600
V1 2500000 1526600 1875000 1799001
V1 1875000 1799001 669436 1799001
V1 669436 1799001 650922 1780487
Net26 5 
V1 2836400 1473800 2831600 1469000
V1 2831600 1469000 2500000 1469000
V1 2500000 1469000 1875000 1743454
V1 1875000 1743454 336021 1743454
V1 336021 1743454 317507 1724940
Net37 5 
V1 2875370 1430600 2870570 1435400
V1 2870570 1435400 2500000 1435400
V1 2500000 1435400 1875000 1681742
V1 1875000 1681742 646487 1681742
V1 646487 1681742 603290 1724940
Net38 5 
V1 3031252 1430600 3021652 1440200
V1 3021652 1440200 2500000 1440200
V1 2500000 1440200 1875000 1687913
V1 1875000 1687913 830846 1687913
V1 830846 1687913 793820 1724940
Net39 5 
V1 3187140 1430600 3172740 1445000
V1 3172740 1445000 2500000 1445000
V1 2500000 1445000 1875000 1694085
V1 1875000 1694085 919935 1694085
V1 919935 1694085 889080 1724940
Net40 5 
V1 3343020 1430600 3323820 1449800
V1 3323820 1449800 2500000 1449800
V1 2500000 1449800 1875000 1700256
V1 1875000 1700256 1104293 1700256
V1 1104293 1700256 1079610 1724940
Net41 5 
V1 3420970 1430600 3396970 1454600
V1 3396970 1454600 2500000 1454600
V1 2500000 1454600 1875000 1706427
V1 1875000 1706427 1193382 1706427
V1 1193382 1706427 1174870 1724940
Net42 5 
V1 3498910 1430600 3470110 1459400
V1 3470110 1459400 2500000 1459400
V1 2500000 1459400 1875000 1712598
V1 1875000 1712598 1377738 1712598
V1 1377738 1712598 1365397 1724940
Net43 5 
V1 3576850 1430600 3543250 1464200
V1 3543250 1464200 2500000 1464200
V1 2500000 1464200 1875000 1718770
V1 1875000 1718770 1466830 1718770
V1 1466830 1718770 1460660 1724940
Net44 5 
V1 2914340 1387400 2905700 1396040
V1 2905700 1396040 2500000 1396040
V1 2500000 1396040 1875000 1636077
V1 1875000 1636077 398463 1636077
V1 398463 1636077 365140 1669400
Net45 5 
V1 2992280 1387400 2975000 1404680
V1 2975000 1404680 2500000 1404680
V1 2500000 1404680 1875000 1647185
V1 1875000 1647185 482614 1647185
V1 482614 1647185 460400 1669400
Net46 5 
V1 3070227 1387400 3044307 1413320
V1 3044307 1413320 2500000 1413320
V1 2500000 1413320 1875000 1658294
V1 1875000 1658294 662028 1658294
V1 662028 1658294 650922 1669400
Net47 5 
V1 3148170 1387400 3113610 1421960
V1 3113610 1421960 2500000 1421960
V1 2500000 1421960 1875000 1675571
V1 1875000 1675571 752361 1675571
V1 752361 1675571 746190 1669400
Net62 5 
V1 2836400 1301000 2822000 1286600
V1 2822000 1286600 2500000 1286600
V1 2500000 1286600 1875000 1569421
V1 1875000 1569421 471508 1569421
V1 471508 1569421 460400 1558312
Net63 5 
V1 2992280 1301000 2963480 1272200
V1 2963480 1272200 2500000 1272200
V1 2500000 1272200 1875000 1547204
V1 1875000 1547204 566768 1547204
V1 566768 1547204 555660 1558312
Net67 5 
V1 3304050 1301000 3295410 1309640
V1 3295410 1309640 2500000 1309640
V1 2500000 1309640 1875000 1580529
V1 1875000 1580529 1303460 1580529
V1 1303460 1580529 1270130 1613860
Net68 5 
V1 3459940 1301000 3442660 1318280
V1 3442660 1318280 2500000 1318280
V1 2500000 1318280 1875000 1591638
V1 1875000 1591638 1387619 1591638
V1 1387619 1591638 1365397 1613860
Net69 5 
V1 3537880 1301000 3511960 1326920
V1 3511960 1326920 2500000 1326920
V1 2500000 1326920 1875000 1602746
V1 1875000 1602746 1471773 1602746
V1 1471773 1602746 1460660 1613860
Net70 5 
V1 3693762 1301000 3659202 1335560
V1 3659202 1335560 2500000 1335560
V1 2500000 1335560 1875000 1624968
V1 1875000 1624968 314301 1624968
V1 314301 1624968 269870 1669400
Net72 5 
V1 2875370 1257800 2864570 1247000
V1 2864570 1247000 2500000 1247000
V1 2500000 1247000 1875000 1536095
V1 1875000 1536095 446095 1536095
V1 446095 1536095 412770 1502770
Net73 5 
V1 2953310 1257800 2931710 1236200
V1 2931710 1236200 2500000 1236200
V1 2500000 1236200 1875000 1524987
V1 1875000 1524987 530247 1524987
V1 530247 1524987 508030 1502770
Net81 5 
V1 2836400 1214600 2825600 1225400
V1 2825600 1225400 2500000 1225400
V1 2500000 1225400 1875000 1513878
V1 1875000 1513878 709668 1513878
V1 709668 1513878 698560 1502770
