Nets 21
Net6 5 
M2 3960880 1603400 3939280 1625000
M2 3939280 1625000 2700000 1625000
M2 2700000 1625000 1875000 1808258
M2 1875000 1808258 355671 1808258
M2 355671 1808258 327900 1836030
Net17 5 
M2 3008250 1517000 2986650 1538600
M2 2986650 1538600 2700000 1538600
M2 2700000 1538600 1875000 1752711
M2 1875000 1752711 488176 1752711
M2 488176 1752711 460400 1780487
Net25 5 
M2 3960880 1517000 3939280 1495400
M2 3939280 1495400 2700000 1495400
M2 2700000 1495400 1875000 1697171
M2 1875000 1697171 355668 1697171
M2 355668 1697171 327900 1724940
Net48 5 
M2 3571170 1387400 3562530 1396040
M2 3562530 1396040 2700000 1396040
M2 2700000 1396040 1875000 1624968
M2 1875000 1624968 1034841 1624968
M2 1034841 1624968 990410 1669400
Net49 5 
M2 3657770 1387400 3640490 1404680
M2 3640490 1404680 2700000 1404680
M2 2700000 1404680 1875000 1636077
M2 1875000 1636077 1112063 1636077
M2 1112063 1636077 1078740 1669400
Net50 5 
M2 3744372 1387400 3718452 1413320
M2 3718452 1413320 2700000 1413320
M2 2700000 1413320 1875000 1647185
M2 1875000 1647185 1277624 1647185
M2 1277624 1647185 1255410 1669400
Net51 5 
M2 3917580 1387400 3883020 1421960
M2 3883020 1421960 2700000 1421960
M2 2700000 1421960 1875000 1658294
M2 1875000 1658294 1354853 1658294
M2 1354853 1658294 1343747 1669400
Net52 5 
M2 3008250 1344200 3003450 1349000
M2 3003450 1349000 2700000 1349000
M2 2700000 1349000 1875000 1539798
M2 1875000 1539798 478914 1539798
M2 478914 1539798 460400 1558312
Net53 5 
M2 3094857 1344200 3085257 1353800
M2 3085257 1353800 2700000 1353800
M2 2700000 1353800 1875000 1565255
M2 1875000 1565255 464834 1565255
M2 464834 1565255 416230 1613860
Net54 5 
M2 3268060 1344200 3253660 1358600
M2 3253660 1358600 2700000 1358600
M2 2700000 1358600 1875000 1572198
M2 1875000 1572198 634562 1572198
M2 634562 1572198 592900 1613860
Net55 5 
M2 3441267 1344200 3422067 1363400
M2 3422067 1363400 2700000 1363400
M2 2700000 1363400 1875000 1579140
M2 1875000 1579140 715956 1579140
M2 715956 1579140 681237 1613860
Net56 5 
M2 3527870 1344200 3503870 1368200
M2 3503870 1368200 2700000 1368200
M2 2700000 1368200 1875000 1586083
M2 1875000 1586083 885684 1586083
M2 885684 1586083 857907 1613860
Net57 5 
M2 3614470 1344200 3585670 1373000
M2 3585670 1373000 2700000 1373000
M2 2700000 1373000 1875000 1593026
M2 1875000 1593026 967073 1593026
M2 967073 1593026 946240 1613860
Net58 5 
M2 3701070 1344200 3667470 1377800
M2 3667470 1377800 2700000 1377800
M2 2700000 1377800 1875000 1599969
M2 1875000 1599969 1136801 1599969
M2 1136801 1599969 1122910 1613860
Net59 5 
M2 3787677 1344200 3749277 1382600
M2 3749277 1382600 2700000 1382600
M2 2700000 1382600 1875000 1606911
M2 1875000 1606911 1218188 1606911
M2 1218188 1606911 1211240 1613860
Net82 5 
M2 3224760 1214600 3218587 1220772
M2 3218587 1220772 2700000 1220772
M2 2700000 1220772 1875000 1456484
M2 1875000 1456484 904193 1456484
M2 904193 1456484 857907 1502770
Net83 5 
M2 3311360 1214600 3299016 1226943
M2 3299016 1226943 2700000 1226943
M2 2700000 1226943 1875000 1465741
M2 1875000 1465741 1159938 1465741
M2 1159938 1465741 1122910 1502770
Net84 5 
M2 3484570 1214600 3466055 1233115
M2 3466055 1233115 2700000 1233115
M2 2700000 1233115 1875000 1474998
M2 1875000 1474998 1327351 1474998
M2 1327351 1474998 1299580 1502770
Net85 5 
M2 3571170 1214600 3546483 1239286
M2 3546483 1239286 2700000 1239286
M2 2700000 1239286 1875000 1484255
M2 1875000 1484255 1406424 1484255
M2 1406424 1484255 1387910 1502770
Net86 5 
M2 3744372 1214600 3713515 1245457
M2 3713515 1245457 2700000 1245457
M2 2700000 1245457 1875000 1493512
M2 1875000 1493512 1573837 1493512
M2 1573837 1493512 1564580 1502770
Net87 5 
M2 4004180 1214600 3967151 1251628
M2 3967151 1251628 2700000 1251628
M2 2700000 1251628 1875000 1521284
M2 1875000 1521284 409091 1521284
M2 409091 1521284 372062 1558312
