Nets 32
Net0 5 
V1 2954130 1612040 2948946 1617224
V1 2948946 1617224 2700000 1617224
V1 2700000 1617224 1875000 1854544
V1 1875000 1854544 402166 1854544
V1 402166 1854544 365140 1891570
Net1 5 
V1 3040730 1612040 3030362 1622408
V1 3030362 1622408 2700000 1622408
V1 2700000 1622408 1875000 1863801
V1 1875000 1863801 583429 1863801
V1 583429 1863801 555660 1891570
Net2 5 
V1 3127330 1612040 3111778 1627592
V1 3111778 1627592 2700000 1627592
V1 2700000 1627592 1875000 1873058
V1 1875000 1873058 669434 1873058
V1 669434 1873058 650922 1891570
Net3 5 
V1 3170630 1612040 3149894 1632776
V1 3149894 1632776 2700000 1632776
V1 2700000 1632776 1875000 1882315
V1 1875000 1882315 850705 1882315
V1 850705 1882315 841450 1891570
Net4 5 
V1 2975780 1586120 2970596 1591304
V1 2970596 1591304 2700000 1591304
V1 2700000 1591304 1875000 1802704
V1 1875000 1802704 541355 1802704
V1 541355 1802704 508030 1836030
Net5 5 
V1 3019080 1586120 3008712 1596488
V1 3008712 1596488 2700000 1596488
V1 2700000 1596488 1875000 1813813
V1 1875000 1813813 625507 1813813
V1 625507 1813813 603290 1836030
Net6 5 
V1 3062380 1586120 3046828 1601672
V1 3046828 1601672 2700000 1601672
V1 2700000 1601672 1875000 1824921
V1 1875000 1824921 709668 1824921
V1 709668 1824921 698560 1836030
Net7 5 
V1 3105680 1586120 3084944 1606856
V1 3084944 1606856 2700000 1606856
V1 2700000 1606856 1875000 1845287
V1 1875000 1845287 803077 1845287
V1 803077 1845287 793820 1836030
Net11 5 
V1 2954130 1560200 2947650 1553720
V1 2947650 1553720 2700000 1553720
V1 2700000 1553720 1875000 1791596
V1 1875000 1791596 361941 1791596
V1 361941 1791596 317507 1836030
Net17 5 
V1 3019080 1534280 3012600 1540760
V1 3012600 1540760 2700000 1540760
V1 2700000 1540760 1875000 1761968
V1 1875000 1761968 478919 1761968
V1 478919 1761968 460400 1780487
Net18 5 
V1 3062380 1534280 3049420 1547240
V1 3049420 1547240 2700000 1547240
V1 2700000 1547240 1875000 1771225
V1 1875000 1771225 660185 1771225
V1 660185 1771225 650922 1780487
Net33 5 
V1 2954130 1456520 2941170 1469480
V1 2941170 1469480 2700000 1469480
V1 2700000 1469480 1875000 1752711
V1 1875000 1752711 345278 1752711
V1 345278 1752711 317507 1724940
Net36 5 
V1 3084030 1456520 3079710 1452200
V1 3079710 1452200 2700000 1452200
V1 2700000 1452200 1875000 1743454
V1 1875000 1743454 1193384 1743454
V1 1193384 1743454 1174870 1724940
Net37 5 
V1 3127330 1456520 3118690 1447880
V1 3118690 1447880 2700000 1447880
V1 2700000 1447880 1875000 1734197
V1 1875000 1734197 1374654 1734197
V1 1374654 1734197 1365397 1724940
Net38 5 
V1 3170630 1456520 3157670 1443560
V1 3157670 1443560 2700000 1443560
V1 2700000 1443560 1875000 1713834
V1 1875000 1713834 1471766 1713834
V1 1471766 1713834 1460660 1724940
Net40 5 
V1 3062380 1430600 3057196 1425416
V1 3057196 1425416 2700000 1425416
V1 2700000 1425416 1875000 1680508
V1 1875000 1680508 838251 1680508
V1 838251 1680508 793820 1724940
Net41 5 
V1 3105680 1430600 3101360 1434920
V1 3101360 1434920 2700000 1434920
V1 2700000 1434920 1875000 1691617
V1 1875000 1691617 922403 1691617
V1 922403 1691617 889080 1724940
Net42 5 
V1 3192280 1430600 3183640 1439240
V1 3183640 1439240 2700000 1439240
V1 2700000 1439240 1875000 1702725
V1 1875000 1702725 1101824 1702725
V1 1101824 1702725 1079610 1724940
Net45 5 
V1 3040730 1404680 3035546 1409864
V1 3035546 1409864 2700000 1409864
V1 2700000 1409864 1875000 1648573
V1 1875000 1648573 957536 1648573
V1 957536 1648573 936710 1669400
Net46 5 
V1 3084030 1404680 3073662 1415048
V1 3073662 1415048 2700000 1415048
V1 2700000 1415048 1875000 1655516
V1 1875000 1655516 1045863 1655516
V1 1045863 1655516 1031980 1669400
Net47 5 
V1 3170630 1404680 3155078 1420232
V1 3155078 1420232 2700000 1420232
V1 2700000 1420232 1875000 1662459
V1 1875000 1662459 1324703 1662459
V1 1324703 1662459 1317762 1669400
Net48 5 
V1 2975780 1378760 2969300 1385240
V1 2969300 1385240 2700000 1385240
V1 2700000 1385240 1875000 1627745
V1 1875000 1627745 406794 1627745
V1 406794 1627745 365140 1669400
Net49 5 
V1 3019080 1378760 3006120 1391720
V1 3006120 1391720 2700000 1391720
V1 2700000 1391720 1875000 1634688
V1 1875000 1634688 495111 1634688
V1 495111 1634688 460400 1669400
Net50 5 
V1 3062380 1378760 3042940 1398200
V1 3042940 1398200 2700000 1398200
V1 2700000 1398200 1875000 1641631
V1 1875000 1641631 678691 1641631
V1 678691 1641631 650922 1669400
Net56 5 
V1 2997430 1352840 2992246 1358024
V1 2992246 1358024 2700000 1358024
V1 2700000 1358024 1875000 1580529
V1 1875000 1580529 350838 1580529
V1 350838 1580529 317507 1613860
Net57 5 
V1 3084030 1352840 3073662 1363208
V1 3073662 1363208 2700000 1363208
V1 2700000 1363208 1875000 1591638
V1 1875000 1591638 530252 1591638
V1 530252 1591638 508030 1613860
Net58 5 
V1 3127330 1352840 3111778 1368392
V1 3111778 1368392 2700000 1368392
V1 2700000 1368392 1875000 1602746
V1 1875000 1602746 1090723 1602746
V1 1090723 1602746 1079610 1613860
Net59 5 
V1 3170630 1352840 3149894 1373576
V1 3149894 1373576 2700000 1373576
V1 2700000 1373576 1875000 1620802
V1 1875000 1620802 896022 1620802
V1 896022 1620802 889080 1613860
Net60 5 
V1 2975780 1326920 2962820 1339880
V1 2962820 1339880 2700000 1339880
V1 2700000 1339880 1875000 1569421
V1 1875000 1569421 471508 1569421
V1 471508 1569421 460400 1558312
Net72 5 
V1 3019080 1275080 3012600 1281560
V1 3012600 1281560 2700000 1281560
V1 2700000 1281560 1875000 1465741
V1 1875000 1465741 449798 1465741
V1 449798 1465741 412770 1502770
Net73 5 
V1 3062380 1275080 3049420 1288040
V1 3049420 1288040 2700000 1288040
V1 2700000 1288040 1875000 1484255
V1 1875000 1484255 526544 1484255
V1 526544 1484255 508030 1502770
Net74 5 
V1 3148980 1275080 3129540 1294520
V1 3129540 1294520 2700000 1294520
V1 2700000 1294520 1875000 1530541
V1 1875000 1530541 1440801 1530541
V1 1440801 1530541 1413030 1558312
