Nets 20
Net5 5 
V2 3508817 1603400 3487217 1625000
V2 3487217 1625000 2700000 1625000
V2 2700000 1625000 1875000 1837880
V2 1875000 1837880 1620840 1837880
V2 1620840 1837880 1607880 1850840
Net13 5 
V2 3475910 1560200 3454310 1581800
V2 3454310 1581800 2700000 1581800
V2 2700000 1581800 1875000 1811960
V2 1875000 1811960 1486610 1811960
V2 1486610 1811960 1473650 1824920
Net23 5 
V2 3574630 1517000 3553030 1538600
V2 3553030 1538600 2700000 1538600
V2 2700000 1538600 1875000 1786040
V2 1875000 1786040 1620840 1786040
V2 1620840 1786040 1607880 1799000
Net31 5 
V2 3410090 1473800 3388490 1495400
V2 3388490 1495400 2700000 1495400
V2 2700000 1495400 1875000 1760120
V2 1875000 1760120 1432917 1760120
V2 1432917 1760120 1419957 1773080
Net32 5 
V2 3475910 1473800 3465110 1463000
V2 3465110 1463000 2700000 1463000
V2 2700000 1463000 1875000 1734200
V2 1875000 1734200 1459760 1734200
V2 1459760 1734200 1446800 1747160
Net35 5 
V2 3739180 1473800 3717580 1452200
V2 3717580 1452200 2700000 1452200
V2 2700000 1452200 1875000 1708280
V2 1875000 1708280 1271832 1708280
V2 1271832 1708280 1258872 1721240
Net38 5 
V2 3179730 1430600 3168930 1441400
V2 3168930 1441400 2700000 1441400
V2 2700000 1441400 1875000 1682360
V2 1875000 1682360 1459760 1682360
V2 1459760 1682360 1446800 1695320
Net48 5 
V2 3410090 1387400 3395690 1401800
V2 3395690 1401800 2700000 1401800
V2 2700000 1401800 1875000 1656440
V2 1875000 1656440 1432917 1656440
V2 1432917 1656440 1419957 1669400
Net49 5 
V2 3475910 1387400 3447110 1416200
V2 3447110 1416200 2700000 1416200
V2 2700000 1416200 1875000 1662920
V2 1875000 1662920 1480130 1662920
V2 1480130 1662920 1473650 1669400
Net55 5 
V2 3311360 1344200 3302720 1352840
V2 3302720 1352840 2700000 1352840
V2 2700000 1352840 1875000 1586456
V2 1875000 1586456 1505681 1586456
V2 1505681 1586456 1500497 1591640
Net59 5 
V2 3574630 1344200 3557350 1361480
V2 3557350 1361480 2700000 1361480
V2 2700000 1361480 1875000 1626200
V2 1875000 1626200 1571470 1626200
V2 1571470 1626200 1554190 1643480
Net60 5 
V2 3640450 1344200 3614530 1370120
V2 3614530 1370120 2700000 1370120
V2 2700000 1370120 1875000 1634840
V2 1875000 1634840 1616520 1634840
V2 1616520 1634840 1607880 1643480
Net61 5 
V2 3706270 1344200 3671710 1378760
V2 3671710 1378760 2700000 1378760
V2 2700000 1378760 1875000 1649960
V2 1875000 1649960 1278312 1649960
V2 1278312 1649960 1258872 1669400
Net62 5 
V2 3015180 1301000 3004380 1311800
V2 3004380 1311800 2700000 1311800
V2 2700000 1311800 1875000 1570904
V2 1875000 1570904 1360153 1570904
V2 1360153 1570904 1339417 1591640
Net64 5 
V2 3212637 1301000 3191037 1322600
V2 3191037 1322600 2700000 1322600
V2 2700000 1322600 1875000 1576088
V2 1875000 1576088 1408662 1576088
V2 1408662 1576088 1393110 1591640
Net65 5 
V2 3278450 1301000 3246050 1333400
V2 3246050 1333400 2700000 1333400
V2 2700000 1333400 1875000 1581272
V2 1875000 1581272 1457168 1581272
V2 1457168 1581272 1446800 1591640
Net71 5 
V2 2982270 1257800 2971470 1268600
V2 2971470 1268600 2700000 1268600
V2 2700000 1268600 1875000 1520360
V2 1875000 1520360 1305160 1520360
V2 1305160 1520360 1285720 1539800
Net72 5 
V2 3048090 1257800 3026490 1279400
V2 3026490 1279400 2700000 1279400
V2 2700000 1279400 1875000 1526840
V2 1875000 1526840 1406070 1526840
V2 1406070 1526840 1393110 1539800
Net73 5 
V2 3113910 1257800 3081510 1290200
V2 3081510 1290200 2700000 1290200
V2 2700000 1290200 1875000 1533320
V2 1875000 1533320 1453280 1533320
V2 1453280 1533320 1446800 1539800
Net83 5 
V2 3212637 1214600 3191037 1236200
V2 3191037 1236200 2700000 1236200
V2 2700000 1236200 1875000 1475000
V2 1875000 1475000 1352377 1475000
V2 1352377 1475000 1339417 1487960
