Nets 26
Net4 5 
M2 3377180 1603400 3355580 1625000
M2 3355580 1625000 2700000 1625000
M2 2700000 1625000 1875000 1842200
M2 1875000 1842200 1539450 1842200
M2 1539450 1842200 1530810 1850840
Net14 5 
M2 3541722 1560200 3530922 1571000
M2 3530922 1571000 2700000 1571000
M2 2700000 1571000 1875000 1807640
M2 1875000 1807640 1516040 1807640
M2 1516040 1807640 1498760 1824920
Net15 5 
M2 3607540 1560200 3585940 1581800
M2 3585940 1581800 2700000 1581800
M2 2700000 1581800 1875000 1816280
M2 1875000 1816280 1571490 1816280
M2 1571490 1816280 1562850 1824920
Net16 5 
M2 3739180 1560200 3706780 1592600
M2 3706780 1592600 2700000 1592600
M2 2700000 1592600 1875000 1833560
M2 1875000 1833560 1186972 1833560
M2 1186972 1833560 1178332 1824920
Net21 5 
M2 3377180 1517000 3362780 1531400
M2 3362780 1531400 2700000 1531400
M2 2700000 1531400 1875000 1760120
M2 1875000 1760120 1447640 1760120
M2 1447640 1760120 1434680 1773080
Net24 5 
M2 3640450 1517000 3611650 1545800
M2 3611650 1545800 2700000 1545800
M2 2700000 1545800 1875000 1766600
M2 1875000 1766600 1569330 1766600
M2 1569330 1766600 1562850 1773080
Net25 5 
M2 3706270 1517000 3697630 1508360
M2 3697630 1508360 2700000 1508360
M2 2700000 1508360 1875000 1753640
M2 1875000 1753640 1197772 1753640
M2 1197772 1753640 1178332 1773080
Net29 5 
M2 3212637 1473800 3203997 1482440
M2 3203997 1482440 2700000 1482440
M2 2700000 1482440 1875000 1727720
M2 1875000 1727720 1293900 1727720
M2 1293900 1727720 1274460 1747160
Net33 5 
M2 3607540 1473800 3590260 1491080
M2 3590260 1491080 2700000 1491080
M2 2700000 1491080 1875000 1734200
M2 1875000 1734200 1543770 1734200
M2 1543770 1734200 1530810 1747160
Net34 5 
M2 3673360 1473800 3647440 1499720
M2 3647440 1499720 2700000 1499720
M2 2700000 1499720 1875000 1740680
M2 1875000 1740680 1601370 1740680
M2 1601370 1740680 1594890 1747160
Net37 5 
M2 3048090 1430600 3039450 1439240
M2 3039450 1439240 2700000 1439240
M2 2700000 1439240 1875000 1700504
M2 1875000 1700504 1391326 1700504
M2 1391326 1700504 1370590 1721240
Net41 5 
M2 3508817 1430600 3491537 1447880
M2 3491537 1447880 2700000 1447880
M2 2700000 1447880 1875000 1705688
M2 1875000 1705688 1450232 1705688
M2 1450232 1705688 1434680 1721240
Net42 5 
M2 3574630 1430600 3548710 1456520
M2 3548710 1456520 2700000 1456520
M2 2700000 1456520 1875000 1710872
M2 1875000 1710872 1509128 1710872
M2 1509128 1710872 1498760 1721240
Net43 5 
M2 3640450 1430600 3605890 1465160
M2 3605890 1465160 2700000 1465160
M2 2700000 1465160 1875000 1716056
M2 1875000 1716056 1568034 1716056
M2 1568034 1716056 1562850 1721240
Net44 5 
M2 3081000 1387400 3066600 1401800
M2 3066600 1401800 2700000 1401800
M2 2700000 1401800 1875000 1626200
M2 1875000 1626200 1291740 1626200
M2 1291740 1626200 1274460 1643480
Net50 5 
M2 3541722 1387400 3512922 1416200
M2 3512922 1416200 2700000 1416200
M2 2700000 1416200 1875000 1634840
M2 1875000 1634840 1475360 1634840
M2 1475360 1634840 1466720 1643480
Net57 5 
M2 3443000 1344200 3421400 1365800
M2 3421400 1365800 2700000 1365800
M2 2700000 1365800 1875000 1608920
M2 1875000 1608920 1571490 1608920
M2 1571490 1608920 1562850 1617560
Net67 5 
M2 3410090 1301000 3401450 1309640
M2 3401450 1309640 2700000 1309640
M2 2700000 1309640 1875000 1546280
M2 1875000 1546280 1454120 1546280
M2 1454120 1546280 1434680 1565720
Net68 5 
M2 3541722 1301000 3524442 1318280
M2 3524442 1318280 2700000 1318280
M2 2700000 1318280 1875000 1552760
M2 1875000 1552760 1511720 1552760
M2 1511720 1552760 1498760 1565720
Net69 5 
M2 3607540 1301000 3581620 1326920
M2 3581620 1326920 2700000 1326920
M2 2700000 1326920 1875000 1559240
M2 1875000 1559240 1569330 1559240
M2 1569330 1559240 1562850 1565720
Net70 5 
M2 3739180 1301000 3704620 1335560
M2 3704620 1335560 2700000 1335560
M2 2700000 1335560 1875000 1600280
M2 1875000 1600280 1195612 1600280
M2 1195612 1600280 1178332 1617560
Net74 5 
M2 3179730 1257800 3158130 1279400
M2 3158130 1279400 2700000 1279400
M2 2700000 1279400 1875000 1505240
M2 1875000 1505240 1379230 1505240
M2 1379230 1505240 1370590 1513880
Net84 5 
M2 3344270 1214600 3335630 1223240
M2 3335630 1223240 2700000 1223240
M2 2700000 1223240 1875000 1468520
M2 1875000 1468520 1357990 1468520
M2 1357990 1468520 1338550 1487960
Net85 5 
M2 3410090 1214600 3392810 1231880
M2 3392810 1231880 2700000 1231880
M2 2700000 1231880 1875000 1475000
M2 1875000 1475000 1479680 1475000
M2 1479680 1475000 1466720 1487960
Net86 5 
M2 3541722 1214600 3515802 1240520
M2 3515802 1240520 2700000 1240520
M2 2700000 1240520 1875000 1481480
M2 1875000 1481480 1601370 1481480
M2 1601370 1481480 1594890 1487960
Net87 5 
M2 3739180 1214600 3704620 1249160
M2 3704620 1249160 2700000 1249160
M2 2700000 1249160 1875000 1496600
M2 1875000 1496600 1195612 1496600
M2 1195612 1496600 1178332 1513880
