Nets 40
Net0 5 
V1 2954130 1612040 2948946 1617224
V1 2948946 1617224 2700000 1617224
V1 2700000 1617224 1875000 1850840
V1 1875000 1850840 1067837 1850840
V1 1067837 1850840 1033277 1885400
Net1 5 
V1 3040730 1612040 3030362 1622408
V1 3030362 1622408 2700000 1622408
V1 2700000 1622408 1875000 1859480
V1 1875000 1859480 1190830 1859480
V1 1190830 1859480 1164910 1885400
Net2 5 
V1 3127330 1612040 3111778 1627592
V1 3111778 1627592 2700000 1627592
V1 2700000 1627592 1875000 1868120
V1 1875000 1868120 1248010 1868120
V1 1248010 1868120 1230730 1885400
Net3 5 
V1 3170630 1612040 3149894 1632776
V1 3149894 1632776 2700000 1632776
V1 2700000 1632776 1875000 1876760
V1 1875000 1876760 1371002 1876760
V1 1371002 1876760 1362362 1885400
Net4 5 
V1 2975780 1586120 2970596 1591304
V1 2970596 1591304 2700000 1591304
V1 2700000 1591304 1875000 1823000
V1 1875000 1823000 1085382 1823000
V1 1085382 1823000 1066182 1842200
Net5 5 
V1 3019080 1586120 3008712 1596488
V1 3008712 1596488 2700000 1596488
V1 2700000 1596488 1875000 1827800
V1 1875000 1827800 1146400 1827800
V1 1146400 1827800 1132000 1842200
Net6 5 
V1 3062380 1586120 3046828 1601672
V1 3046828 1601672 2700000 1601672
V1 2700000 1601672 1875000 1832600
V1 1875000 1832600 1273240 1832600
V1 1273240 1832600 1263640 1842200
Net7 5 
V1 3105680 1586120 3084944 1606856
V1 3084944 1606856 2700000 1606856
V1 2700000 1606856 1875000 1837400
V1 1875000 1837400 1400070 1837400
V1 1400070 1837400 1395270 1842200
Net11 5 
V1 2954130 1560200 2945490 1568840
V1 2945490 1568840 2700000 1568840
V1 2700000 1568840 1875000 1813400
V1 1875000 1813400 963350 1813400
V1 963350 1813400 934550 1842200
Net12 5 
V1 2997430 1560200 2980150 1577480
V1 2980150 1577480 2700000 1577480
V1 2700000 1577480 1875000 1818200
V1 1875000 1818200 1024370 1818200
V1 1024370 1818200 1000370 1842200
Net17 5 
V1 3019080 1534280 3006120 1547240
V1 3006120 1547240 2700000 1547240
V1 2700000 1547240 1875000 1808600
V1 1875000 1808600 1042877 1808600
V1 1042877 1808600 1033277 1799000
Net20 5 
V1 3192280 1534280 3187960 1529960
V1 3187960 1529960 2700000 1529960
V1 2700000 1529960 1875000 1803800
V1 1875000 1803800 1432980 1803800
V1 1432980 1803800 1428180 1799000
Net22 5 
V1 2954130 1508360 2949810 1512680
V1 2949810 1512680 2700000 1512680
V1 2700000 1512680 1875000 1743456
V1 1875000 1743456 1210163 1743456
V1 1210163 1743456 1197820 1755800
Net23 5 
V1 3040730 1508360 3032090 1517000
V1 3032090 1517000 2700000 1517000
V1 2700000 1517000 1875000 1749627
V1 1875000 1749627 1269812 1749627
V1 1269812 1749627 1263640 1755800
Net25 5 
V1 3127330 1508360 3114370 1521320
V1 3114370 1521320 2700000 1521320
V1 2700000 1521320 1875000 1770200
V1 1875000 1770200 1391162 1770200
V1 1391162 1770200 1362362 1799000
Net26 5 
V1 3170630 1508360 3153350 1525640
V1 3153350 1525640 2700000 1525640
V1 2700000 1525640 1875000 1784600
V1 1875000 1784600 1574220 1784600
V1 1574220 1784600 1559820 1799000
Net28 5 
V1 3019080 1482440 3006120 1495400
V1 3006120 1495400 2700000 1495400
V1 2700000 1495400 1875000 1737285
V1 1875000 1737285 1084697 1737285
V1 1084697 1737285 1066182 1755800
Net34 5 
V1 2997430 1456520 2984470 1469480
V1 2984470 1469480 2700000 1469480
V1 2700000 1469480 1875000 1731113
V1 1875000 1731113 1025056 1731113
V1 1025056 1731113 1000370 1755800
Net36 5 
V1 3084030 1456520 3079710 1452200
V1 3079710 1452200 2700000 1452200
V1 2700000 1452200 1875000 1724942
V1 1875000 1724942 1374705 1724942
V1 1374705 1724942 1362362 1712600
Net37 5 
V1 3127330 1456520 3118690 1447880
V1 3118690 1447880 2700000 1447880
V1 2700000 1447880 1875000 1718771
V1 1875000 1718771 1434351 1718771
V1 1434351 1718771 1428180 1712600
Net38 5 
V1 3170630 1456520 3157670 1443560
V1 3157670 1443560 2700000 1443560
V1 2700000 1443560 1875000 1705400
V1 1875000 1705400 1501200 1705400
V1 1501200 1705400 1494000 1712600
Net40 5 
V1 3062380 1430600 3057196 1425416
V1 3057196 1425416 2700000 1425416
V1 2700000 1425416 1875000 1683800
V1 1875000 1683800 1127890 1683800
V1 1127890 1683800 1099090 1712600
Net41 5 
V1 3105680 1430600 3101360 1434920
V1 3101360 1434920 2700000 1434920
V1 2700000 1434920 1875000 1691000
V1 1875000 1691000 1186510 1691000
V1 1186510 1691000 1164910 1712600
Net42 5 
V1 3192280 1430600 3183640 1439240
V1 3183640 1439240 2700000 1439240
V1 2700000 1439240 1875000 1698200
V1 1875000 1698200 1310950 1698200
V1 1310950 1698200 1296550 1712600
Net45 5 
V1 3040730 1404680 3035546 1409864
V1 3035546 1409864 2700000 1409864
V1 2700000 1409864 1875000 1647800
V1 1875000 1647800 1285240 1647800
V1 1285240 1647800 1263640 1669400
Net46 5 
V1 3084030 1404680 3073662 1415048
V1 3073662 1415048 2700000 1415048
V1 2700000 1415048 1875000 1658600
V1 1875000 1658600 1406070 1658600
V1 1406070 1658600 1395270 1669400
Net47 5 
V1 3170630 1404680 3155078 1420232
V1 3155078 1420232 2700000 1420232
V1 2700000 1420232 1875000 1676600
V1 1875000 1676600 1599930 1676600
V1 1599930 1676600 1592730 1669400
Net53 5 
V1 3192280 1378760 3179320 1391720
V1 3179320 1391720 2700000 1391720
V1 2700000 1391720 1875000 1637000
V1 1875000 1637000 1570620 1637000
V1 1570620 1637000 1559820 1626200
Net54 5 
V1 3235582 1378760 3222622 1365800
V1 3222622 1365800 2700000 1365800
V1 2700000 1365800 1875000 1604600
V1 1875000 1604600 857420 1604600
V1 857420 1604600 835820 1626200
Net60 5 
V1 2975780 1326920 2969300 1333400
V1 2969300 1333400 2700000 1333400
V1 2700000 1333400 1875000 1566800
V1 1875000 1566800 950750 1566800
V1 950750 1566800 934550 1583000
Net61 5 
V1 3019080 1326920 3006120 1339880
V1 3006120 1339880 2700000 1339880
V1 2700000 1339880 1875000 1572200
V1 1875000 1572200 1142800 1572200
V1 1142800 1572200 1132000 1583000
Net62 5 
V1 3062380 1326920 3042940 1346360
V1 3042940 1346360 2700000 1346360
V1 2700000 1346360 1875000 1577600
V1 1875000 1577600 1203220 1577600
V1 1203220 1577600 1197820 1583000
Net72 5 
V1 3019080 1275080 3006120 1288040
V1 3006120 1288040 2700000 1288040
V1 2700000 1288040 1875000 1561400
V1 1875000 1561400 1054877 1561400
V1 1054877 1561400 1033277 1539800
Net73 5 
V1 3062380 1275080 3058060 1270760
V1 3058060 1270760 2700000 1270760
V1 2700000 1270760 1875000 1556000
V1 1875000 1556000 1115290 1556000
V1 1115290 1556000 1099090 1539800
Net74 5 
V1 3148980 1275080 3140340 1266440
V1 3140340 1266440 2700000 1266440
V1 2700000 1266440 1875000 1550600
V1 1875000 1550600 1504800 1550600
V1 1504800 1550600 1494000 1539800
Net75 5 
V1 3192280 1275080 3179320 1262120
V1 3179320 1262120 2700000 1262120
V1 2700000 1262120 1875000 1545200
V1 1875000 1545200 1565220 1545200
V1 1565220 1545200 1559820 1539800
Net76 5 
V1 3235582 1275080 3218302 1257800
V1 3218302 1257800 2700000 1257800
V1 2700000 1257800 1875000 1525400
V1 1875000 1525400 850220 1525400
V1 850220 1525400 835820 1539800
Net77 5 
V1 2954130 1249160 2945490 1240520
V1 2945490 1240520 2700000 1240520
V1 2700000 1240520 1875000 1482200
V1 1875000 1482200 1080582 1482200
V1 1080582 1482200 1066182 1496600
Net78 5 
V1 2997430 1249160 2993110 1253480
V1 2993110 1253480 2700000 1253480
V1 2700000 1253480 1875000 1511000
V1 1875000 1511000 1212220 1511000
V1 1212220 1511000 1197820 1496600
Net87 5 
V1 3235582 1223240 3226942 1231880
V1 3226942 1231880 2700000 1231880
V1 2700000 1231880 1875000 1467800
V1 1875000 1467800 897530 1467800
V1 897530 1467800 868730 1496600
