Nets 42
Net0 5 
V1 2997430 1603400 2988790 1612040
V1 2988790 1612040 2700000 1612040
V1 2700000 1612040 1875000 1859480
V1 1875000 1859480 1329850 1859480
V1 1329850 1859480 1312570 1876760
Net1 5 
V1 3153310 1603400 3136030 1620680
V1 3136030 1620680 2700000 1620680
V1 2700000 1620680 1875000 1863800
V1 1875000 1863800 1432917 1863800
V1 1432917 1863800 1419957 1876760
Net2 5 
V1 3231252 1603400 3205332 1629320
V1 3205332 1629320 2700000 1629320
V1 2700000 1629320 1875000 1868120
V1 1875000 1868120 1535980 1868120
V1 1535980 1868120 1527340 1876760
Net3 5 
V1 3387140 1603400 3352580 1637960
V1 3352580 1637960 2700000 1637960
V1 2700000 1637960 1875000 1872440
V1 1875000 1872440 1585360 1872440
V1 1585360 1872440 1581040 1876760
Net6 5 
V1 3854790 1603400 3848618 1597228
V1 3848618 1597228 2700000 1597228
V1 2700000 1597228 1875000 1855160
V1 1875000 1855160 1280472 1855160
V1 1280472 1855160 1258872 1876760
Net7 5 
V1 3036400 1560200 3030227 1566372
V1 3030227 1566372 2700000 1566372
V1 2700000 1566372 1875000 1829240
V1 1875000 1829240 1316890 1829240
V1 1316890 1829240 1312570 1824920
Net8 5 
V1 3114340 1560200 3105700 1551560
V1 3105700 1551560 2700000 1551560
V1 2700000 1551560 1875000 1811960
V1 1875000 1811960 1379220 1811960
V1 1379220 1811960 1366260 1824920
Net9 5 
V1 3192280 1560200 3179936 1572543
V1 3179936 1572543 2700000 1572543
V1 2700000 1572543 1875000 1833560
V1 1875000 1833560 1356697 1833560
V1 1356697 1833560 1339417 1850840
Net10 5 
V1 3270227 1560200 3251712 1578715
V1 3251712 1578715 2700000 1578715
V1 2700000 1578715 1875000 1837880
V1 1875000 1837880 1406070 1837880
V1 1406070 1837880 1393110 1850840
Net11 5 
V1 3348170 1560200 3323483 1584886
V1 3323483 1584886 2700000 1584886
V1 2700000 1584886 1875000 1842200
V1 1875000 1842200 1455440 1842200
V1 1455440 1842200 1446800 1850840
Net12 5 
V1 3504050 1560200 3473192 1591057
V1 3473192 1591057 2700000 1591057
V1 2700000 1591057 1875000 1846520
V1 1875000 1846520 1504817 1846520
V1 1504817 1846520 1500497 1850840
Net17 5 
V1 2997430 1517000 2990230 1509800
V1 2990230 1509800 2700000 1509800
V1 2700000 1509800 1875000 1778264
V1 1875000 1778264 1360153 1778264
V1 1360153 1778264 1339417 1799000
Net18 5 
V1 3075370 1517000 3066730 1525640
V1 3066730 1525640 2700000 1525640
V1 2700000 1525640 1875000 1783448
V1 1875000 1783448 1408662 1783448
V1 1408662 1783448 1393110 1799000
Net19 5 
V1 3231252 1517000 3213972 1534280
V1 3213972 1534280 2700000 1534280
V1 2700000 1534280 1875000 1788632
V1 1875000 1788632 1457168 1788632
V1 1457168 1788632 1446800 1799000
Net20 5 
V1 3387140 1517000 3361220 1542920
V1 3361220 1542920 2700000 1542920
V1 2700000 1542920 1875000 1793816
V1 1875000 1793816 1505681 1793816
V1 1505681 1793816 1500497 1799000
Net22 5 
V1 3543020 1517000 3528620 1502600
V1 3528620 1502600 2700000 1502600
V1 2700000 1502600 1875000 1764440
V1 1875000 1764440 1535980 1764440
V1 1535980 1764440 1527340 1773080
Net26 5 
V1 3036400 1473800 3025600 1463000
V1 3025600 1463000 2700000 1463000
V1 2700000 1463000 1875000 1703960
V1 1875000 1703960 1329850 1703960
V1 1329850 1703960 1312570 1721240
Net27 5 
V1 3114340 1473800 3107140 1481000
V1 3107140 1481000 2700000 1481000
V1 2700000 1481000 1875000 1712600
V1 1875000 1712600 1374900 1712600
V1 1374900 1712600 1366260 1721240
Net28 5 
V1 3192280 1473800 3177880 1488200
V1 3177880 1488200 2700000 1488200
V1 2700000 1488200 1875000 1734200
V1 1875000 1734200 1406070 1734200
V1 1406070 1734200 1393110 1747160
Net30 5 
V1 3426110 1473800 3404510 1495400
V1 3404510 1495400 2700000 1495400
V1 2700000 1495400 1875000 1755800
V1 1875000 1755800 1329850 1755800
V1 1329850 1755800 1312570 1773080
Net36 5 
V1 2997430 1430600 2990230 1423400
V1 2990230 1423400 2700000 1423400
V1 2700000 1423400 1875000 1675880
V1 1875000 1675880 1358857 1675880
V1 1358857 1675880 1339417 1695320
Net39 5 
V1 3387140 1430600 3376340 1441400
V1 3376340 1441400 2700000 1441400
V1 2700000 1441400 1875000 1682360
V1 1875000 1682360 1513457 1682360
V1 1513457 1682360 1500497 1695320
Net40 5 
V1 3543020 1430600 3521420 1452200
V1 3521420 1452200 2700000 1452200
V1 2700000 1452200 1875000 1688840
V1 1875000 1688840 1614360 1688840
V1 1614360 1688840 1607880 1695320
Net45 5 
V1 3192280 1387400 3185080 1394600
V1 3185080 1394600 2700000 1394600
V1 2700000 1394600 1875000 1626200
V1 1875000 1626200 1410390 1626200
V1 1410390 1626200 1393110 1643480
Net46 5 
V1 3270227 1387400 3255827 1401800
V1 3255827 1401800 2700000 1401800
V1 2700000 1401800 1875000 1634840
V1 1875000 1634840 1455440 1634840
V1 1455440 1634840 1446800 1643480
Net47 5 
V1 3348170 1387400 3326570 1409000
V1 3326570 1409000 2700000 1409000
V1 2700000 1409000 1875000 1652120
V1 1875000 1652120 1329850 1652120
V1 1329850 1652120 1312570 1669400
Net51 5 
V1 3815820 1387400 3787020 1416200
V1 3787020 1416200 2700000 1416200
V1 2700000 1416200 1875000 1660760
V1 1875000 1660760 1589680 1660760
V1 1589680 1660760 1581040 1669400
Net52 5 
V1 2997430 1344200 2988790 1352840
V1 2988790 1352840 2700000 1352840
V1 2700000 1352840 1875000 1596824
V1 1875000 1596824 1333306 1596824
V1 1333306 1596824 1312570 1617560
Net53 5 
V1 3075370 1344200 3058090 1361480
V1 3058090 1361480 2700000 1361480
V1 2700000 1361480 1875000 1602008
V1 1875000 1602008 1381812 1602008
V1 1381812 1602008 1366260 1617560
Net54 5 
V1 3231252 1344200 3205332 1370120
V1 3205332 1370120 2700000 1370120
V1 2700000 1370120 1875000 1607192
V1 1875000 1607192 1484018 1607192
V1 1484018 1607192 1473650 1617560
Net56 5 
V1 3465080 1344200 3454280 1333400
V1 3454280 1333400 2700000 1333400
V1 2700000 1333400 1875000 1578680
V1 1875000 1578680 1620840 1578680
V1 1620840 1578680 1607880 1591640
Net58 5 
V1 3620970 1344200 3586410 1378760
V1 3586410 1378760 2700000 1378760
V1 2700000 1378760 1875000 1612376
V1 1875000 1612376 1532524 1612376
V1 1532524 1612376 1527340 1617560
Net63 5 
V1 3192280 1301000 3181480 1311800
V1 3181480 1311800 2700000 1311800
V1 2700000 1311800 1875000 1552760
V1 1875000 1552760 1325530 1552760
V1 1325530 1552760 1312570 1565720
Net66 5 
V1 3426110 1301000 3404510 1322600
V1 3404510 1322600 2700000 1322600
V1 2700000 1322600 1875000 1559240
V1 1875000 1559240 1372740 1559240
V1 1372740 1559240 1366260 1565720
Net75 5 
V1 3387140 1257800 3380967 1263972
V1 3380967 1263972 2700000 1263972
V1 2700000 1263972 1875000 1500920
V1 1875000 1500920 1486610 1500920
V1 1486610 1500920 1473650 1513880
Net76 5 
V1 3543020 1257800 3530676 1270143
V1 3530676 1270143 2700000 1270143
V1 2700000 1270143 1875000 1505240
V1 1875000 1505240 1535980 1505240
V1 1535980 1505240 1527340 1513880
Net77 5 
V1 3620970 1257800 3602455 1276315
V1 3602455 1276315 2700000 1276315
V1 2700000 1276315 1875000 1509560
V1 1875000 1509560 1585360 1509560
V1 1585360 1509560 1581040 1513880
Net78 5 
V1 3698910 1257800 3674223 1282486
V1 3674223 1282486 2700000 1282486
V1 2700000 1282486 1875000 1522520
V1 1875000 1522520 1571470 1522520
V1 1571470 1522520 1554190 1539800
Net79 5 
V1 3776850 1257800 3745992 1288657
V1 3745992 1288657 2700000 1288657
V1 2700000 1288657 1875000 1531160
V1 1875000 1531160 1616520 1531160
V1 1616520 1531160 1607880 1539800
Net80 5 
V1 3854790 1257800 3817761 1294828
V1 3817761 1294828 2700000 1294828
V1 2700000 1294828 1875000 1546280
V1 1875000 1546280 1278312 1546280
V1 1278312 1546280 1258872 1565720
Net81 5 
V1 3036400 1214600 3022000 1229000
V1 3022000 1229000 2700000 1229000
V1 2700000 1229000 1875000 1492280
V1 1875000 1492280 1334170 1492280
V1 1334170 1492280 1312570 1513880
Net82 5 
V1 3192280 1214600 3163480 1243400
V1 3163480 1243400 2700000 1243400
V1 2700000 1243400 1875000 1496600
V1 1875000 1496600 1383540 1496600
V1 1383540 1496600 1366260 1513880
