Nets 26
Net4 5 
M2 3465080 1603400 3443480 1625000
M2 3443480 1625000 2700000 1625000
M2 2700000 1625000 1875000 1842200
M2 1875000 1842200 1562830 1842200
M2 1562830 1842200 1554190 1850840
Net14 5 
M2 3659940 1560200 3649140 1571000
M2 3649140 1571000 2700000 1571000
M2 2700000 1571000 1875000 1807640
M2 1875000 1807640 1544620 1807640
M2 1544620 1807640 1527340 1824920
Net15 5 
M2 3737880 1560200 3716280 1581800
M2 3716280 1581800 2700000 1581800
M2 2700000 1581800 1875000 1816280
M2 1875000 1816280 1589680 1816280
M2 1589680 1816280 1581040 1824920
Net16 5 
M2 3893762 1560200 3861362 1592600
M2 3861362 1592600 2700000 1592600
M2 2700000 1592600 1875000 1833560
M2 1875000 1833560 1267512 1833560
M2 1267512 1833560 1258872 1824920
Net21 5 
M2 3465080 1517000 3450680 1531400
M2 3450680 1531400 2700000 1531400
M2 2700000 1531400 1875000 1760120
M2 1875000 1760120 1486610 1760120
M2 1486610 1760120 1473650 1773080
Net24 5 
M2 3776850 1517000 3748050 1545800
M2 3748050 1545800 2700000 1545800
M2 2700000 1545800 1875000 1766600
M2 1875000 1766600 1587520 1766600
M2 1587520 1766600 1581040 1773080
Net25 5 
M2 3854790 1517000 3846150 1508360
M2 3846150 1508360 2700000 1508360
M2 2700000 1508360 1875000 1753640
M2 1875000 1753640 1278312 1753640
M2 1278312 1753640 1258872 1773080
Net29 5 
M2 3270227 1473800 3261587 1482440
M2 3261587 1482440 2700000 1482440
M2 2700000 1482440 1875000 1727720
M2 1875000 1727720 1358857 1727720
M2 1358857 1727720 1339417 1747160
Net33 5 
M2 3737880 1473800 3720600 1491080
M2 3720600 1491080 2700000 1491080
M2 2700000 1491080 1875000 1734200
M2 1875000 1734200 1567150 1734200
M2 1567150 1734200 1554190 1747160
Net34 5 
M2 3815820 1473800 3789900 1499720
M2 3789900 1499720 2700000 1499720
M2 2700000 1499720 1875000 1740680
M2 1875000 1740680 1614360 1740680
M2 1614360 1740680 1607880 1747160
Net37 5 
M2 3075370 1430600 3066730 1439240
M2 3066730 1439240 2700000 1439240
M2 2700000 1439240 1875000 1700504
M2 1875000 1700504 1440693 1700504
M2 1440693 1700504 1419957 1721240
Net41 5 
M2 3620970 1430600 3603690 1447880
M2 3603690 1447880 2700000 1447880
M2 2700000 1447880 1875000 1705688
M2 1875000 1705688 1489202 1705688
M2 1489202 1705688 1473650 1721240
Net42 5 
M2 3698910 1430600 3672990 1456520
M2 3672990 1456520 2700000 1456520
M2 2700000 1456520 1875000 1710872
M2 1875000 1710872 1537708 1710872
M2 1537708 1710872 1527340 1721240
Net43 5 
M2 3776850 1430600 3742290 1465160
M2 3742290 1465160 2700000 1465160
M2 2700000 1465160 1875000 1716056
M2 1875000 1716056 1586224 1716056
M2 1586224 1716056 1581040 1721240
Net44 5 
M2 3114340 1387400 3099940 1401800
M2 3099940 1401800 2700000 1401800
M2 2700000 1401800 1875000 1626200
M2 1875000 1626200 1356697 1626200
M2 1356697 1626200 1339417 1643480
Net50 5 
M2 3659940 1387400 3631140 1416200
M2 3631140 1416200 2700000 1416200
M2 2700000 1416200 1875000 1634840
M2 1875000 1634840 1509137 1634840
M2 1509137 1634840 1500497 1643480
Net57 5 
M2 3543020 1344200 3521420 1365800
M2 3521420 1365800 2700000 1365800
M2 2700000 1365800 1875000 1608920
M2 1875000 1608920 1589680 1608920
M2 1589680 1608920 1581040 1617560
Net67 5 
M2 3504050 1301000 3495410 1309640
M2 3495410 1309640 2700000 1309640
M2 2700000 1309640 1875000 1546280
M2 1875000 1546280 1493090 1546280
M2 1493090 1546280 1473650 1565720
Net68 5 
M2 3659940 1301000 3642660 1318280
M2 3642660 1318280 2700000 1318280
M2 2700000 1318280 1875000 1552760
M2 1875000 1552760 1540300 1552760
M2 1540300 1552760 1527340 1565720
Net69 5 
M2 3737880 1301000 3711960 1326920
M2 3711960 1326920 2700000 1326920
M2 2700000 1326920 1875000 1559240
M2 1875000 1559240 1587520 1559240
M2 1587520 1559240 1581040 1565720
Net70 5 
M2 3893762 1301000 3859202 1335560
M2 3859202 1335560 2700000 1335560
M2 2700000 1335560 1875000 1600280
M2 1875000 1600280 1276152 1600280
M2 1276152 1600280 1258872 1617560
Net74 5 
M2 3231252 1257800 3209652 1279400
M2 3209652 1279400 2700000 1279400
M2 2700000 1279400 1875000 1505240
M2 1875000 1505240 1428597 1505240
M2 1428597 1505240 1419957 1513880
Net84 5 
M2 3426110 1214600 3417470 1223240
M2 3417470 1223240 2700000 1223240
M2 2700000 1223240 1875000 1468520
M2 1875000 1468520 1412550 1468520
M2 1412550 1468520 1393110 1487960
Net85 5 
M2 3504050 1214600 3486770 1231880
M2 3486770 1231880 2700000 1231880
M2 2700000 1231880 1875000 1475000
M2 1875000 1475000 1513457 1475000
M2 1513457 1475000 1500497 1487960
Net86 5 
M2 3659940 1214600 3634020 1240520
M2 3634020 1240520 2700000 1240520
M2 2700000 1240520 1875000 1481480
M2 1875000 1481480 1614360 1481480
M2 1614360 1481480 1607880 1487960
Net87 5 
M2 3893762 1214600 3859202 1249160
M2 3859202 1249160 2700000 1249160
M2 2700000 1249160 1875000 1496600
M2 1875000 1496600 1276152 1496600
M2 1276152 1496600 1258872 1513880
