Nets 26
Net13 5 
V2 3172362 1560200 3165882 1566680
V2 3165882 1566680 2700000 1566680
V2 2700000 1566680 1875000 1858247
V2 1875000 1858247 1272283 1858247
V2 1272283 1858247 1238960 1891570
Net14 5 
V2 3236450 1560200 3223490 1573160
V2 3223490 1573160 2700000 1573160
V2 2700000 1573160 1875000 1869355
V2 1875000 1869355 1444764 1869355
V2 1444764 1869355 1422550 1891570
Net15 5 
V2 3364620 1560200 3345180 1579640
V2 3345180 1579640 2700000 1579640
V2 2700000 1579640 1875000 1880464
V2 1875000 1880464 1525456 1880464
V2 1525456 1880464 1514350 1891570
Net19 5 
V2 3268490 1534280 3262010 1540760
V2 3262010 1540760 2700000 1540760
V2 2700000 1540760 1875000 1799001
V2 1875000 1799001 1138288 1799001
V2 1138288 1799001 1101260 1836030
Net20 5 
V2 3332580 1534280 3319620 1547240
V2 3319620 1547240 2700000 1547240
V2 2700000 1547240 1875000 1817515
V2 1875000 1817515 1395167 1817515
V2 1395167 1817515 1376652 1836030
Net21 5 
V2 3396667 1534280 3377227 1553720
V2 3377227 1553720 2700000 1553720
V2 2700000 1553720 1875000 1847138
V2 1875000 1847138 365401 1847138
V2 365401 1847138 320970 1891570
Net22 5 
V2 2980110 1508360 2971470 1517000
V2 2971470 1517000 2700000 1517000
V2 2700000 1517000 1875000 1758265
V2 1875000 1758265 1077582 1758265
V2 1077582 1758265 1055360 1780487
Net23 5 
V2 3108280 1508360 3091000 1525640
V2 3091000 1525640 2700000 1525640
V2 2700000 1525640 1875000 1769374
V2 1875000 1769374 1250073 1769374
V2 1250073 1769374 1238960 1780487
Net27 5 
V2 3012150 1482440 2999190 1495400
V2 2999190 1495400 2700000 1495400
V2 2700000 1495400 1875000 1747157
V2 1875000 1747157 996890 1747157
V2 996890 1747157 963560 1780487
Net34 5 
V2 3044190 1456520 3031230 1469480
V2 3031230 1469480 2700000 1469480
V2 2700000 1469480 1875000 1736048
V2 1875000 1736048 824399 1736048
V2 824399 1736048 779960 1780487
Net35 5 
V2 3108280 1456520 3099640 1447880
V2 3099640 1447880 2700000 1447880
V2 2700000 1447880 1875000 1706428
V2 1875000 1706428 660774 1706428
V2 660774 1706428 642262 1724940
Net39 5 
V2 3012150 1430600 3003510 1439240
V2 3003510 1439240 2700000 1439240
V2 2700000 1439240 1875000 1687914
V2 1875000 1687914 587493 1687914
V2 587493 1687914 550467 1724940
Net51 5 
V2 3204410 1378760 3195770 1387400
V2 3195770 1387400 2700000 1387400
V2 2700000 1387400 1875000 1641631
V2 1875000 1641631 1266729 1641631
V2 1266729 1641631 1238960 1669400
Net53 5 
V2 3332580 1378760 3315300 1396040
V2 3315300 1396040 2700000 1396040
V2 2700000 1396040 1875000 1655516
V2 1875000 1655516 1528233 1655516
V2 1528233 1655516 1514350 1669400
Net61 5 
V2 3076240 1326920 3071920 1331240
V2 3071920 1331240 2700000 1331240
V2 2700000 1331240 1875000 1539798
V2 1875000 1539798 706677 1539798
V2 706677 1539798 688162 1558312
Net62 5 
V2 3140320 1326920 3131680 1335560
V2 3131680 1335560 2700000 1335560
V2 2700000 1335560 1875000 1549055
V2 1875000 1549055 789217 1549055
V2 789217 1549055 779960 1558312
Net63 5 
V2 3204410 1326920 3191450 1339880
V2 3191450 1339880 2700000 1339880
V2 2700000 1339880 1875000 1576826
V2 1875000 1576826 679296 1576826
V2 679296 1576826 642262 1613860
Net64 5 
V2 3332580 1326920 3315300 1344200
V2 3315300 1344200 2700000 1344200
V2 2700000 1344200 1875000 1595340
V2 1875000 1595340 844379 1595340
V2 844379 1595340 825860 1613860
Net65 5 
V2 3396667 1326920 3375067 1348520
V2 3375067 1348520 2700000 1348520
V2 2700000 1348520 1875000 1627745
V2 1875000 1627745 362624 1627745
V2 362624 1627745 320970 1669400
Net66 5 
V2 2980110 1301000 2967150 1313960
V2 2967150 1313960 2700000 1313960
V2 2700000 1313960 1875000 1530541
V2 1875000 1530541 624139 1530541
V2 624139 1530541 596367 1558312
Net77 5 
V2 2980110 1249160 2967150 1262120
V2 2967150 1262120 2700000 1262120
V2 2700000 1262120 1875000 1521284
V2 1875000 1521284 752574 1521284
V2 752574 1521284 734060 1502770
Net78 5 
V2 3044190 1249160 3039870 1244840
V2 3039870 1244840 2700000 1244840
V2 2700000 1244840 1875000 1512027
V2 1875000 1512027 835117 1512027
V2 835117 1512027 825860 1502770
Net83 5 
V2 3012150 1223240 3007830 1227560
V2 3007830 1227560 2700000 1227560
V2 2700000 1227560 1875000 1458336
V2 1875000 1458336 1145694 1458336
V2 1145694 1458336 1101260 1502770
Net84 5 
V2 3076240 1223240 3067600 1231880
V2 3067600 1231880 2700000 1231880
V2 2700000 1231880 1875000 1469444
V2 1875000 1469444 1318183 1469444
V2 1318183 1469444 1284857 1502770
Net85 5 
V2 3204410 1223240 3191450 1236200
V2 3191450 1236200 2700000 1236200
V2 2700000 1236200 1875000 1480553
V2 1875000 1480553 1398869 1480553
V2 1398869 1480553 1376652 1502770
Net86 5 
V2 3332580 1223240 3315300 1240520
V2 3315300 1240520 2700000 1240520
V2 2700000 1240520 1875000 1491661
V2 1875000 1491661 1571358 1491661
V2 1571358 1491661 1560250 1502770
