Nets 28
Net10 5 
M2 3235582 1586120 3222622 1599080
M2 3222622 1599080 2700000 1599080
M2 2700000 1599080 1875000 1863800
M2 1875000 1863800 857420 1863800
M2 857420 1863800 835820 1885400
Net13 5 
M2 3084030 1560200 3077550 1566680
M2 3077550 1566680 2700000 1566680
M2 2700000 1566680 1875000 1816280
M2 1875000 1816280 1487010 1816280
M2 1487010 1816280 1461090 1842200
Net14 5 
M2 3127330 1560200 3114370 1573160
M2 3114370 1573160 2700000 1573160
M2 2700000 1573160 1875000 1824920
M2 1875000 1824920 1544190 1824920
M2 1544190 1824920 1526910 1842200
Net15 5 
M2 3213932 1560200 3194492 1579640
M2 3194492 1579640 2700000 1579640
M2 2700000 1579640 1875000 1833560
M2 1875000 1833560 1601370 1833560
M2 1601370 1833560 1592730 1842200
Net16 5 
M2 2975780 1534280 2970596 1539464
M2 2970596 1539464 2700000 1539464
M2 2700000 1539464 1875000 1773080
M2 1875000 1773080 993380 1773080
M2 993380 1773080 967460 1799000
Net18 5 
M2 3062380 1534280 3052012 1544648
M2 3052012 1544648 2700000 1544648
M2 2700000 1544648 1875000 1781720
M2 1875000 1781720 1182190 1781720
M2 1182190 1781720 1164910 1799000
Net19 5 
M2 3148980 1534280 3133428 1549832
M2 3133428 1549832 2700000 1549832
M2 2700000 1549832 1875000 1790360
M2 1875000 1790360 1239370 1790360
M2 1239370 1790360 1230730 1799000
Net21 5 
M2 3235582 1534280 3214846 1555016
M2 3214846 1555016 2700000 1555016
M2 2700000 1555016 1875000 1807640
M2 1875000 1807640 903290 1807640
M2 903290 1807640 868730 1842200
Net29 5 
M2 3062380 1482440 3057196 1487624
M2 3057196 1487624 2700000 1487624
M2 2700000 1487624 1875000 1729880
M2 1875000 1729880 1421190 1729880
M2 1421190 1729880 1395270 1755800
Net30 5 
M2 3148980 1482440 3138612 1492808
M2 3138612 1492808 2700000 1492808
M2 2700000 1492808 1875000 1738520
M2 1875000 1738520 1544190 1738520
M2 1544190 1738520 1526910 1755800
Net31 5 
M2 3192280 1482440 3176728 1497992
M2 3176728 1497992 2700000 1497992
M2 2700000 1497992 1875000 1747160
M2 1875000 1747160 1601370 1747160
M2 1601370 1747160 1592730 1755800
Net32 5 
M2 3235582 1482440 3214846 1503176
M2 3214846 1503176 2700000 1503176
M2 2700000 1503176 1875000 1764440
M2 1875000 1764440 870380 1764440
M2 870380 1764440 835820 1799000
Net33 5 
M2 2954130 1456520 2941170 1469480
M2 2941170 1469480 2700000 1469480
M2 2700000 1469480 1875000 1721240
M2 1875000 1721240 969110 1721240
M2 969110 1721240 934550 1755800
Net35 5 
M2 3040730 1456520 3027770 1443560
M2 3027770 1443560 2700000 1443560
M2 2700000 1443560 1875000 1701800
M2 1875000 1701800 1044077 1701800
M2 1044077 1701800 1033277 1712600
Net39 5 
M2 2975780 1430600 2962820 1417640
M2 2962820 1417640 2700000 1417640
M2 2700000 1417640 1875000 1691000
M2 1875000 1691000 923240 1691000
M2 923240 1691000 901640 1712600
Net51 5 
M2 3105680 1378760 3092720 1391720
M2 3092720 1391720 2700000 1391720
M2 2700000 1391720 1875000 1680200
M2 1875000 1680200 1537710 1680200
M2 1537710 1680200 1526910 1669400
Net52 5 
M2 3148980 1378760 3136020 1365800
M2 3136020 1365800 2700000 1365800
M2 2700000 1365800 1875000 1620027
M2 1875000 1620027 1500172 1620027
M2 1500172 1620027 1494000 1626200
Net55 5 
M2 2954130 1352840 2941170 1339880
M2 2941170 1339880 2700000 1339880
M2 2700000 1339880 1875000 1613856
M2 1875000 1613856 913983 1613856
M2 913983 1613856 901640 1626200
Net66 5 
M2 2954130 1301000 2941170 1313960
M2 2941170 1313960 2700000 1313960
M2 2700000 1313960 1875000 1607685
M2 1875000 1607685 1025055 1607685
M2 1025055 1607685 1000370 1583000
Net67 5 
M2 3040730 1301000 3035546 1295816
M2 3035546 1295816 2700000 1295816
M2 2700000 1295816 1875000 1601513
M2 1875000 1601513 1282153 1601513
M2 1282153 1601513 1263640 1583000
Net68 5 
M2 3084030 1301000 3073662 1290632
M2 3073662 1290632 2700000 1290632
M2 2700000 1290632 1875000 1595342
M2 1875000 1595342 1407612 1595342
M2 1407612 1595342 1395270 1583000
Net69 5 
M2 3127330 1301000 3111778 1285448
M2 3111778 1285448 2700000 1285448
M2 2700000 1285448 1875000 1589171
M2 1875000 1589171 1533081 1589171
M2 1533081 1589171 1526910 1583000
Net70 5 
M2 3170630 1301000 3149894 1280264
M2 3149894 1280264 2700000 1280264
M2 2700000 1280264 1875000 1561400
M2 1875000 1561400 1614330 1561400
M2 1614330 1561400 1592730 1583000
Net79 5 
M2 3040730 1249160 3035546 1254344
M2 3035546 1254344 2700000 1254344
M2 2700000 1254344 1875000 1505240
M2 1875000 1505240 1199470 1505240
M2 1199470 1505240 1164910 1539800
Net80 5 
M2 3084030 1249160 3073662 1259528
M2 3073662 1259528 2700000 1259528
M2 2700000 1259528 1875000 1513880
M2 1875000 1513880 1322470 1513880
M2 1322470 1513880 1296550 1539800
Net81 5 
M2 3127330 1249160 3111778 1264712
M2 3111778 1264712 2700000 1264712
M2 2700000 1264712 1875000 1522520
M2 1875000 1522520 1379642 1522520
M2 1379642 1522520 1362362 1539800
Net82 5 
M2 3170630 1249160 3149894 1269896
M2 3149894 1269896 2700000 1269896
M2 2700000 1269896 1875000 1531160
M2 1875000 1531160 1436820 1531160
M2 1436820 1531160 1428180 1539800
Net83 5 
M2 2975780 1223240 2962820 1236200
M2 2962820 1236200 2700000 1236200
M2 2700000 1236200 1875000 1475000
M2 1875000 1475000 1285240 1475000
M2 1285240 1475000 1263640 1496600
