Nets 42
Net0 5 
V1 2982270 1603400 2973630 1612040
V1 2973630 1612040 2700000 1612040
V1 2700000 1612040 1875000 1859480
V1 1875000 1859480 1259700 1859480
V1 1259700 1859480 1242420 1876760
Net1 5 
V1 3113910 1603400 3096630 1620680
V1 3096630 1620680 2700000 1620680
V1 2700000 1620680 1875000 1863800
V1 1875000 1863800 1383550 1863800
V1 1383550 1863800 1370590 1876760
Net2 5 
V1 3179730 1603400 3153810 1629320
V1 3153810 1629320 2700000 1629320
V1 2700000 1629320 1875000 1868120
V1 1875000 1868120 1507400 1868120
V1 1507400 1868120 1498760 1876760
Net3 5 
V1 3311360 1603400 3276800 1637960
V1 3276800 1637960 2700000 1637960
V1 2700000 1637960 1875000 1872440
V1 1875000 1872440 1567170 1872440
V1 1567170 1872440 1562850 1876760
Net6 5 
V1 3706270 1603400 3700098 1597228
V1 3700098 1597228 2700000 1597228
V1 2700000 1597228 1875000 1855160
V1 1875000 1855160 1199932 1855160
V1 1199932 1855160 1178332 1876760
Net7 5 
V1 3015180 1560200 3009007 1566372
V1 3009007 1566372 2700000 1566372
V1 2700000 1566372 1875000 1829240
V1 1875000 1829240 1246740 1829240
V1 1246740 1829240 1242420 1824920
Net8 5 
V1 3081000 1560200 3072360 1551560
V1 3072360 1551560 2700000 1551560
V1 2700000 1551560 1875000 1811960
V1 1875000 1811960 1319470 1811960
V1 1319470 1811960 1306510 1824920
Net9 5 
V1 3146820 1560200 3134476 1572543
V1 3134476 1572543 2700000 1572543
V1 2700000 1572543 1875000 1833560
V1 1875000 1833560 1291740 1833560
V1 1291740 1833560 1274460 1850840
Net10 5 
V1 3212637 1560200 3194122 1578715
V1 3194122 1578715 2700000 1578715
V1 2700000 1578715 1875000 1837880
V1 1875000 1837880 1351510 1837880
V1 1351510 1837880 1338550 1850840
Net11 5 
V1 3278450 1560200 3253763 1584886
V1 3253763 1584886 2700000 1584886
V1 2700000 1584886 1875000 1842200
V1 1875000 1842200 1411277 1842200
V1 1411277 1842200 1402637 1850840
Net12 5 
V1 3410090 1560200 3379232 1591057
V1 3379232 1591057 2700000 1591057
V1 2700000 1591057 1875000 1846520
V1 1875000 1846520 1471040 1846520
V1 1471040 1846520 1466720 1850840
Net17 5 
V1 2982270 1517000 2975070 1509800
V1 2975070 1509800 2700000 1509800
V1 2700000 1509800 1875000 1778264
V1 1875000 1778264 1295196 1778264
V1 1295196 1778264 1274460 1799000
Net18 5 
V1 3048090 1517000 3039450 1525640
V1 3039450 1525640 2700000 1525640
V1 2700000 1525640 1875000 1783448
V1 1875000 1783448 1354102 1783448
V1 1354102 1783448 1338550 1799000
Net19 5 
V1 3179730 1517000 3162450 1534280
V1 3162450 1534280 2700000 1534280
V1 2700000 1534280 1875000 1788632
V1 1875000 1788632 1413005 1788632
V1 1413005 1788632 1402637 1799000
Net20 5 
V1 3311360 1517000 3285440 1542920
V1 3285440 1542920 2700000 1542920
V1 2700000 1542920 1875000 1793816
V1 1875000 1793816 1471904 1793816
V1 1471904 1793816 1466720 1799000
Net22 5 
V1 3443000 1517000 3428600 1502600
V1 3428600 1502600 2700000 1502600
V1 2700000 1502600 1875000 1764440
V1 1875000 1764440 1507400 1764440
V1 1507400 1764440 1498760 1773080
Net26 5 
V1 3015180 1473800 3004380 1463000
V1 3004380 1463000 2700000 1463000
V1 2700000 1463000 1875000 1703960
V1 1875000 1703960 1259700 1703960
V1 1259700 1703960 1242420 1721240
Net27 5 
V1 3081000 1473800 3073800 1481000
V1 3073800 1481000 2700000 1481000
V1 2700000 1481000 1875000 1712600
V1 1875000 1712600 1315150 1712600
V1 1315150 1712600 1306510 1721240
Net28 5 
V1 3146820 1473800 3132420 1488200
V1 3132420 1488200 2700000 1488200
V1 2700000 1488200 1875000 1734200
V1 1875000 1734200 1351510 1734200
V1 1351510 1734200 1338550 1747160
Net30 5 
V1 3344270 1473800 3322670 1495400
V1 3322670 1495400 2700000 1495400
V1 2700000 1495400 1875000 1755800
V1 1875000 1755800 1259700 1755800
V1 1259700 1755800 1242420 1773080
Net36 5 
V1 2982270 1430600 2975070 1423400
V1 2975070 1423400 2700000 1423400
V1 2700000 1423400 1875000 1675880
V1 1875000 1675880 1293900 1675880
V1 1293900 1675880 1274460 1695320
Net39 5 
V1 3311360 1430600 3300560 1441400
V1 3300560 1441400 2700000 1441400
V1 2700000 1441400 1875000 1682360
V1 1875000 1682360 1479680 1682360
V1 1479680 1682360 1466720 1695320
Net40 5 
V1 3443000 1430600 3421400 1452200
V1 3421400 1452200 2700000 1452200
V1 2700000 1452200 1875000 1688840
V1 1875000 1688840 1601370 1688840
V1 1601370 1688840 1594890 1695320
Net45 5 
V1 3146820 1387400 3139620 1394600
V1 3139620 1394600 2700000 1394600
V1 2700000 1394600 1875000 1626200
V1 1875000 1626200 1355830 1626200
V1 1355830 1626200 1338550 1643480
Net46 5 
V1 3212637 1387400 3198237 1401800
V1 3198237 1401800 2700000 1401800
V1 2700000 1401800 1875000 1634840
V1 1875000 1634840 1411277 1634840
V1 1411277 1634840 1402637 1643480
Net47 5 
V1 3278450 1387400 3256850 1409000
V1 3256850 1409000 2700000 1409000
V1 2700000 1409000 1875000 1652120
V1 1875000 1652120 1259700 1652120
V1 1259700 1652120 1242420 1669400
Net51 5 
V1 3673360 1387400 3644560 1416200
V1 3644560 1416200 2700000 1416200
V1 2700000 1416200 1875000 1660760
V1 1875000 1660760 1571490 1660760
V1 1571490 1660760 1562850 1669400
Net52 5 
V1 2982270 1344200 2973630 1352840
V1 2973630 1352840 2700000 1352840
V1 2700000 1352840 1875000 1596824
V1 1875000 1596824 1263156 1596824
V1 1263156 1596824 1242420 1617560
Net53 5 
V1 3048090 1344200 3030810 1361480
V1 3030810 1361480 2700000 1361480
V1 2700000 1361480 1875000 1602008
V1 1875000 1602008 1322062 1602008
V1 1322062 1602008 1306510 1617560
Net54 5 
V1 3179730 1344200 3153810 1370120
V1 3153810 1370120 2700000 1370120
V1 2700000 1370120 1875000 1607192
V1 1875000 1607192 1445048 1607192
V1 1445048 1607192 1434680 1617560
Net56 5 
V1 3377180 1344200 3366380 1333400
V1 3366380 1333400 2700000 1333400
V1 2700000 1333400 1875000 1578680
V1 1875000 1578680 1607850 1578680
V1 1607850 1578680 1594890 1591640
Net58 5 
V1 3508817 1344200 3474257 1378760
V1 3474257 1378760 2700000 1378760
V1 2700000 1378760 1875000 1612376
V1 1875000 1612376 1503944 1612376
V1 1503944 1612376 1498760 1617560
Net63 5 
V1 3146820 1301000 3136020 1311800
V1 3136020 1311800 2700000 1311800
V1 2700000 1311800 1875000 1552760
V1 1875000 1552760 1255380 1552760
V1 1255380 1552760 1242420 1565720
Net66 5 
V1 3344270 1301000 3322670 1322600
V1 3322670 1322600 2700000 1322600
V1 2700000 1322600 1875000 1559240
V1 1875000 1559240 1312990 1559240
V1 1312990 1559240 1306510 1565720
Net75 5 
V1 3311360 1257800 3305187 1263972
V1 3305187 1263972 2700000 1263972
V1 2700000 1263972 1875000 1500920
V1 1875000 1500920 1447640 1500920
V1 1447640 1500920 1434680 1513880
Net76 5 
V1 3443000 1257800 3430656 1270143
V1 3430656 1270143 2700000 1270143
V1 2700000 1270143 1875000 1505240
V1 1875000 1505240 1507400 1505240
V1 1507400 1505240 1498760 1513880
Net77 5 
V1 3508817 1257800 3490302 1276315
V1 3490302 1276315 2700000 1276315
V1 2700000 1276315 1875000 1509560
V1 1875000 1509560 1567170 1509560
V1 1567170 1509560 1562850 1513880
Net78 5 
V1 3574630 1257800 3549943 1282486
V1 3549943 1282486 2700000 1282486
V1 2700000 1282486 1875000 1522520
V1 1875000 1522520 1548090 1522520
V1 1548090 1522520 1530810 1539800
Net79 5 
V1 3640450 1257800 3609592 1288657
V1 3609592 1288657 2700000 1288657
V1 2700000 1288657 1875000 1531160
V1 1875000 1531160 1603530 1531160
V1 1603530 1531160 1594890 1539800
Net80 5 
V1 3706270 1257800 3669241 1294828
V1 3669241 1294828 2700000 1294828
V1 2700000 1294828 1875000 1546280
V1 1875000 1546280 1197772 1546280
V1 1197772 1546280 1178332 1565720
Net81 5 
V1 3015180 1214600 3000780 1229000
V1 3000780 1229000 2700000 1229000
V1 2700000 1229000 1875000 1492280
V1 1875000 1492280 1264020 1492280
V1 1264020 1492280 1242420 1513880
Net82 5 
V1 3146820 1214600 3118020 1243400
V1 3118020 1243400 2700000 1243400
V1 2700000 1243400 1875000 1496600
V1 1875000 1496600 1323790 1496600
V1 1323790 1496600 1306510 1513880
