Nets 22
Net4 5 
M2 2993960 1586120 2985320 1594760
M2 2985320 1594760 2700000 1594760
M2 2700000 1594760 1875000 1833560
M2 1875000 1833560 1356697 1833560
M2 1356697 1833560 1339417 1850840
Net5 5 
M2 3047660 1586120 3030380 1603400
M2 3030380 1603400 2700000 1603400
M2 2700000 1603400 1875000 1842200
M2 1875000 1842200 1401750 1842200
M2 1401750 1842200 1393110 1850840
Net16 5 
M2 2993960 1534280 2985320 1542920
M2 2985320 1542920 2700000 1542920
M2 2700000 1542920 1875000 1781720
M2 1875000 1781720 1356697 1781720
M2 1356697 1781720 1339417 1799000
Net17 5 
M2 3047660 1534280 3030380 1551560
M2 3030380 1551560 2700000 1551560
M2 2700000 1551560 1875000 1790360
M2 1875000 1790360 1401750 1790360
M2 1401750 1790360 1393110 1799000
Net23 5 
M2 3074502 1508360 3069318 1513544
M2 3069318 1513544 2700000 1513544
M2 2700000 1513544 1875000 1752344
M2 1875000 1752344 1440693 1752344
M2 1440693 1752344 1419957 1773080
Net24 5 
M2 3128200 1508360 3117832 1518728
M2 3117832 1518728 2700000 1518728
M2 2700000 1518728 1875000 1757528
M2 1875000 1757528 1489202 1757528
M2 1489202 1757528 1473650 1773080
Net25 5 
M2 3181890 1508360 3166338 1523912
M2 3166338 1523912 2700000 1523912
M2 2700000 1523912 1875000 1762712
M2 1875000 1762712 1537708 1762712
M2 1537708 1762712 1527340 1773080
Net26 5 
M2 3235582 1508360 3214846 1529096
M2 3214846 1529096 2700000 1529096
M2 2700000 1529096 1875000 1767896
M2 1875000 1767896 1586224 1767896
M2 1586224 1767896 1581040 1773080
Net30 5 
M2 3208740 1482440 3195780 1495400
M2 3195780 1495400 2700000 1495400
M2 2700000 1495400 1875000 1734200
M2 1875000 1734200 1567150 1734200
M2 1567150 1734200 1554190 1747160
Net34 5 
M2 3020810 1456520 3012170 1465160
M2 3012170 1465160 2700000 1465160
M2 2700000 1465160 1875000 1703960
M2 1875000 1703960 1383540 1703960
M2 1383540 1703960 1366260 1721240
Net37 5 
M2 3181890 1456520 3164610 1473800
M2 3164610 1473800 2700000 1473800
M2 2700000 1473800 1875000 1712600
M2 1875000 1712600 1535980 1712600
M2 1535980 1712600 1527340 1721240
Net44 5 
M2 2967120 1404680 2954160 1417640
M2 2954160 1417640 2700000 1417640
M2 2700000 1417640 1875000 1656440
M2 1875000 1656440 1325530 1656440
M2 1325530 1656440 1312570 1669400
Net48 5 
M2 2993960 1378760 2985320 1387400
M2 2985320 1387400 2700000 1387400
M2 2700000 1387400 1875000 1626200
M2 1875000 1626200 1356697 1626200
M2 1356697 1626200 1339417 1643480
Net51 5 
M2 3155042 1378760 3137762 1396040
M2 3137762 1396040 2700000 1396040
M2 2700000 1396040 1875000 1634840
M2 1875000 1634840 1509137 1634840
M2 1509137 1634840 1500497 1643480
Net58 5 
M2 3181890 1352840 3173250 1361480
M2 3173250 1361480 2700000 1361480
M2 2700000 1361480 1875000 1600280
M2 1875000 1600280 1544620 1600280
M2 1544620 1600280 1527340 1617560
Net59 5 
M2 3235582 1352840 3218302 1370120
M2 3218302 1370120 2700000 1370120
M2 2700000 1370120 1875000 1608920
M2 1875000 1608920 1589680 1608920
M2 1589680 1608920 1581040 1617560
Net61 5 
M2 3047660 1326920 3034700 1339880
M2 3034700 1339880 2700000 1339880
M2 2700000 1339880 1875000 1578680
M2 1875000 1578680 1406070 1578680
M2 1406070 1578680 1393110 1591640
Net68 5 
M2 3128200 1301000 3115240 1313960
M2 3115240 1313960 2700000 1313960
M2 2700000 1313960 1875000 1552760
M2 1875000 1552760 1486610 1552760
M2 1486610 1552760 1473650 1565720
Net71 5 
M2 2993960 1275080 2985320 1283720
M2 2985320 1283720 2700000 1283720
M2 2700000 1283720 1875000 1522520
M2 1875000 1522520 1303000 1522520
M2 1303000 1522520 1285720 1539800
Net72 5 
M2 3047660 1275080 3030380 1292360
M2 3030380 1292360 2700000 1292360
M2 2700000 1292360 1875000 1531160
M2 1875000 1531160 1401750 1531160
M2 1401750 1531160 1393110 1539800
Net78 5 
M2 3020810 1249160 3012170 1257800
M2 3012170 1257800 2700000 1257800
M2 2700000 1257800 1875000 1496600
M2 1875000 1496600 1383540 1496600
M2 1383540 1496600 1366260 1513880
Net81 5 
M2 3181890 1249160 3164610 1266440
M2 3164610 1266440 2700000 1266440
M2 2700000 1266440 1875000 1505240
M2 1875000 1505240 1535980 1505240
M2 1535980 1505240 1527340 1513880
