Nets 32
Net13 5 
V2 3075910 1810200 3065110 1821000
V2 3065110 1821000 2300000 1821000
V2 2300000 1821000 1875000 1874909
V2 1875000 1874909 1255620 1874909
V2 1255620 1874909 1238960 1891570
Net14 5 
V2 3141722 1810200 3120122 1831800
V2 3120122 1831800 2300000 1831800
V2 2300000 1831800 1875000 1880464
V2 1875000 1880464 1433656 1880464
V2 1433656 1880464 1422550 1891570
Net15 5 
V2 3207540 1810200 3175140 1842600
V2 3175140 1842600 2300000 1842600
V2 2300000 1842600 1875000 1886018
V2 1875000 1886018 1519901 1886018
V2 1519901 1886018 1514350 1891570
Net16 5 
V2 3339180 1810200 3324780 1795800
V2 3324780 1795800 2300000 1795800
V2 2300000 1795800 1875000 1869355
V2 1875000 1869355 343184 1869355
V2 343184 1869355 320970 1891570
Net20 5 
V2 2911360 1767000 2896960 1781400
V2 2896960 1781400 2300000 1781400
V2 2300000 1781400 1875000 1863801
V2 1875000 1863801 1129031 1863801
V2 1129031 1863801 1101260 1836030
Net21 5 
V2 2977180 1767000 2969980 1759800
V2 2969980 1759800 2300000 1759800
V2 2300000 1759800 1875000 1858247
V2 1875000 1858247 1215277 1858247
V2 1215277 1858247 1193060 1836030
Net22 5 
V2 3043000 1767000 3028600 1752600
V2 3028600 1752600 2300000 1752600
V2 2300000 1752600 1875000 1852692
V2 1875000 1852692 1301520 1852692
V2 1301520 1852692 1284857 1836030
Net23 5 
V2 3174630 1767000 3153030 1745400
V2 3153030 1745400 2300000 1745400
V2 2300000 1745400 1875000 1847138
V2 1875000 1847138 1387761 1847138
V2 1387761 1847138 1376652 1836030
Net24 5 
V2 3240450 1767000 3211650 1738200
V2 3211650 1738200 2300000 1738200
V2 2300000 1738200 1875000 1841584
V2 1875000 1841584 1474004 1841584
V2 1474004 1841584 1468450 1836030
Net27 5 
V2 2681000 1723800 2676680 1719480
V2 2676680 1719480 2300000 1719480
V2 2300000 1719480 1875000 1822144
V2 1875000 1822144 821616 1822144
V2 821616 1822144 779960 1780487
Net28 5 
V2 2746820 1723800 2738180 1715160
V2 2738180 1715160 2300000 1715160
V2 2300000 1715160 1875000 1815201
V2 1875000 1815201 906473 1815201
V2 906473 1815201 871760 1780487
Net29 5 
V2 2812637 1723800 2799677 1710840
V2 2799677 1710840 2300000 1710840
V2 2300000 1710840 1875000 1808258
V2 1875000 1808258 991331 1808258
V2 991331 1808258 963560 1780487
Net30 5 
V2 2944270 1723800 2926990 1706520
V2 2926990 1706520 2300000 1706520
V2 2300000 1706520 1875000 1801315
V2 1875000 1801315 1076188 1801315
V2 1076188 1801315 1055360 1780487
Net31 5 
V2 3010090 1723800 2988490 1702200
V2 2988490 1702200 2300000 1702200
V2 2300000 1702200 1875000 1794373
V2 1875000 1794373 1252845 1794373
V2 1252845 1794373 1238960 1780487
Net32 5 
V2 3075910 1723800 3049990 1697880
V2 3049990 1697880 2300000 1697880
V2 2300000 1697880 1875000 1787430
V2 1875000 1787430 1337695 1787430
V2 1337695 1787430 1330752 1780487
Net33 5 
V2 3207540 1723800 3177300 1693560
V2 3177300 1693560 2300000 1693560
V2 2300000 1693560 1875000 1761968
V2 1875000 1761968 1532869 1761968
V2 1532869 1761968 1514350 1780487
Net34 5 
V2 3273360 1723800 3266160 1731000
V2 3266160 1731000 2300000 1731000
V2 2300000 1731000 1875000 1829086
V2 1875000 1829086 1567193 1829086
V2 1567193 1829086 1560250 1836030
Net35 5 
V2 3339180 1723800 3304620 1689240
V2 3304620 1689240 2300000 1689240
V2 2300000 1689240 1875000 1743454
V2 1875000 1743454 358003 1743454
V2 358003 1743454 320970 1780487
Net36 5 
V2 2582270 1680600 2577950 1684920
V2 2577950 1684920 2300000 1684920
V2 2300000 1684920 1875000 1697171
V2 1875000 1697171 578236 1697171
V2 578236 1697171 550467 1724940
Net60 5 
V2 3240450 1594200 3218850 1615800
V2 3218850 1615800 2300000 1615800
V2 2300000 1615800 1875000 1650888
V2 1875000 1650888 1532862 1650888
V2 1532862 1650888 1514350 1669400
Net61 5 
V2 3306270 1594200 3291870 1579800
V2 3291870 1579800 2300000 1579800
V2 2300000 1579800 1875000 1632374
V2 1875000 1632374 293584 1632374
V2 293584 1632374 275070 1613860
Net64 5 
V2 2812637 1551000 2798237 1565400
V2 2798237 1565400 2300000 1565400
V2 2300000 1565400 1875000 1599969
V2 1875000 1599969 729819 1599969
V2 729819 1599969 688162 1558312
Net65 5 
V2 2878450 1551000 2874130 1546680
V2 2874130 1546680 2300000 1546680
V2 2300000 1546680 1875000 1586083
V2 1875000 1586083 807731 1586083
V2 807731 1586083 779960 1558312
Net66 5 
V2 2944270 1551000 2935630 1542360
V2 2935630 1542360 2300000 1542360
V2 2300000 1542360 1875000 1572198
V2 1875000 1572198 885645 1572198
V2 885645 1572198 871760 1558312
Net71 5 
V2 2582270 1507800 2577950 1512120
V2 2577950 1512120 2300000 1512120
V2 2300000 1512120 1875000 1484255
V2 1875000 1484255 385384 1484255
V2 385384 1484255 366870 1502770
Net74 5 
V2 2779730 1507800 2771090 1516440
V2 2771090 1516440 2300000 1516440
V2 2300000 1516440 1875000 1510704
V2 1875000 1510704 1011168 1510704
V2 1011168 1510704 963560 1558312
Net75 5 
V2 2911360 1507800 2898400 1520760
V2 2898400 1520760 2300000 1520760
V2 2300000 1520760 1875000 1518639
V2 1875000 1518639 1095033 1518639
V2 1095033 1518639 1055360 1558312
Net76 5 
V2 3043000 1507800 3025720 1525080
V2 3025720 1525080 2300000 1525080
V2 2300000 1525080 1875000 1526573
V2 1875000 1526573 1178899 1526573
V2 1178899 1526573 1147160 1558312
Net77 5 
V2 3108817 1507800 3087217 1529400
V2 3087217 1529400 2300000 1529400
V2 2300000 1529400 1875000 1534508
V2 1875000 1534508 1262764 1534508
V2 1262764 1534508 1238960 1558312
Net78 5 
V2 3174630 1507800 3148710 1533720
V2 3148710 1533720 2300000 1533720
V2 2300000 1533720 1875000 1542442
V2 1875000 1542442 1438420 1542442
V2 1438420 1542442 1422550 1558312
Net79 5 
V2 3240450 1507800 3210210 1538040
V2 3210210 1538040 2300000 1538040
V2 2300000 1538040 1875000 1550377
V2 1875000 1550377 1522285 1550377
V2 1522285 1550377 1514350 1558312
Net80 5 
V2 3306270 1507800 3284670 1486200
V2 3284670 1486200 2300000 1486200
V2 2300000 1486200 1875000 1465741
V2 1875000 1465741 312098 1465741
V2 312098 1465741 275070 1502770
