Nets 20
Net5 5 
V2 3220970 1853400 3199370 1875000
V2 3199370 1875000 2300000 1875000
V2 2300000 1875000 1875000 1837880
V2 1875000 1837880 1633830 1837880
V2 1633830 1837880 1620870 1850840
Net13 5 
V2 3181997 1810200 3160397 1831800
V2 3160397 1831800 2300000 1831800
V2 2300000 1831800 1875000 1811960
V2 1875000 1811960 1525580 1811960
V2 1525580 1811960 1512620 1824920
Net23 5 
V2 3298910 1767000 3277310 1788600
V2 3277310 1788600 2300000 1788600
V2 2300000 1788600 1875000 1786040
V2 1875000 1786040 1633830 1786040
V2 1633830 1786040 1620870 1799000
Net31 5 
V2 3104050 1723800 3082450 1745400
V2 3082450 1745400 2300000 1745400
V2 2300000 1745400 1875000 1760120
V2 1875000 1760120 1482280 1760120
V2 1482280 1760120 1469320 1773080
Net32 5 
V2 3181997 1723800 3171197 1713000
V2 3171197 1713000 2300000 1713000
V2 2300000 1713000 1875000 1734200
V2 1875000 1734200 1503930 1734200
V2 1503930 1734200 1490970 1747160
Net35 5 
V2 3493762 1723800 3472162 1702200
V2 3472162 1702200 2300000 1702200
V2 2300000 1702200 1875000 1708280
V2 1875000 1708280 1352377 1708280
V2 1352377 1708280 1339417 1721240
Net38 5 
V2 2831252 1680600 2820452 1691400
V2 2820452 1691400 2300000 1691400
V2 2300000 1691400 1875000 1682360
V2 1875000 1682360 1503930 1682360
V2 1503930 1682360 1490970 1695320
Net48 5 
V2 3104050 1637400 3089650 1651800
V2 3089650 1651800 2300000 1651800
V2 2300000 1651800 1875000 1656440
V2 1875000 1656440 1482280 1656440
V2 1482280 1656440 1469320 1669400
Net49 5 
V2 3181997 1637400 3153197 1666200
V2 3153197 1666200 2300000 1666200
V2 2300000 1666200 1875000 1662920
V2 1875000 1662920 1519100 1662920
V2 1519100 1662920 1512620 1669400
Net55 5 
V2 2987140 1594200 2978500 1602840
V2 2978500 1602840 2300000 1602840
V2 2300000 1602840 1875000 1586456
V2 1875000 1586456 1539454 1586456
V2 1539454 1586456 1534270 1591640
Net59 5 
V2 3298910 1594200 3281630 1611480
V2 3281630 1611480 2300000 1611480
V2 2300000 1611480 1875000 1626200
V2 1875000 1626200 1594850 1626200
V2 1594850 1626200 1577570 1643480
Net60 5 
V2 3376850 1594200 3350930 1620120
V2 3350930 1620120 2300000 1620120
V2 2300000 1620120 1875000 1634840
V2 1875000 1634840 1629510 1634840
V2 1629510 1634840 1620870 1643480
Net61 5 
V2 3454790 1594200 3420230 1628760
V2 3420230 1628760 2300000 1628760
V2 2300000 1628760 1875000 1649960
V2 1875000 1649960 1358857 1649960
V2 1358857 1649960 1339417 1669400
Net62 5 
V2 2636400 1551000 2625600 1561800
V2 2625600 1561800 2300000 1561800
V2 2300000 1561800 1875000 1570904
V2 1875000 1570904 1425106 1570904
V2 1425106 1570904 1404370 1591640
Net64 5 
V2 2870227 1551000 2848627 1572600
V2 2848627 1572600 2300000 1572600
V2 2300000 1572600 1875000 1576088
V2 1875000 1576088 1463222 1576088
V2 1463222 1576088 1447670 1591640
Net65 5 
V2 2948170 1551000 2915770 1583400
V2 2915770 1583400 2300000 1583400
V2 2300000 1583400 1875000 1581272
V2 1875000 1581272 1501338 1581272
V2 1501338 1581272 1490970 1591640
Net71 5 
V2 2597430 1507800 2586630 1518600
V2 2586630 1518600 2300000 1518600
V2 2300000 1518600 1875000 1520360
V2 1875000 1520360 1380507 1520360
V2 1380507 1520360 1361067 1539800
Net72 5 
V2 2675370 1507800 2653770 1529400
V2 2653770 1529400 2300000 1529400
V2 2300000 1529400 1875000 1526840
V2 1875000 1526840 1460630 1526840
V2 1460630 1526840 1447670 1539800
Net73 5 
V2 2753310 1507800 2720910 1540200
V2 2720910 1540200 2300000 1540200
V2 2300000 1540200 1875000 1533320
V2 1875000 1533320 1497450 1533320
V2 1497450 1533320 1490970 1539800
Net83 5 
V2 2870227 1464600 2848627 1486200
V2 2848627 1486200 2300000 1486200
V2 2300000 1486200 1875000 1475000
V2 1875000 1475000 1417330 1475000
V2 1417330 1475000 1404370 1487960
