Nets 21
Net6 5 
M2 3454790 1853400 3433190 1875000
M2 3433190 1875000 2300000 1875000
M2 2300000 1875000 1875000 1808258
M2 1875000 1808258 355671 1808258
M2 355671 1808258 327900 1836030
Net17 5 
M2 2597430 1767000 2575830 1788600
M2 2575830 1788600 2300000 1788600
M2 2300000 1788600 1875000 1752711
M2 1875000 1752711 488176 1752711
M2 488176 1752711 460400 1780487
Net25 5 
M2 3454790 1767000 3433190 1745400
M2 3433190 1745400 2300000 1745400
M2 2300000 1745400 1875000 1697171
M2 1875000 1697171 355668 1697171
M2 355668 1697171 327900 1724940
Net48 5 
M2 3104050 1637400 3095410 1646040
M2 3095410 1646040 2300000 1646040
M2 2300000 1646040 1875000 1624968
M2 1875000 1624968 1034841 1624968
M2 1034841 1624968 990410 1669400
Net49 5 
M2 3181997 1637400 3164717 1654680
M2 3164717 1654680 2300000 1654680
M2 2300000 1654680 1875000 1636077
M2 1875000 1636077 1112063 1636077
M2 1112063 1636077 1078740 1669400
Net50 5 
M2 3259940 1637400 3234020 1663320
M2 3234020 1663320 2300000 1663320
M2 2300000 1663320 1875000 1647185
M2 1875000 1647185 1277624 1647185
M2 1277624 1647185 1255410 1669400
Net51 5 
M2 3415820 1637400 3381260 1671960
M2 3381260 1671960 2300000 1671960
M2 2300000 1671960 1875000 1658294
M2 1875000 1658294 1354853 1658294
M2 1354853 1658294 1343747 1669400
Net52 5 
M2 2597430 1594200 2592630 1599000
M2 2592630 1599000 2300000 1599000
M2 2300000 1599000 1875000 1539798
M2 1875000 1539798 478914 1539798
M2 478914 1539798 460400 1558312
Net53 5 
M2 2675370 1594200 2665770 1603800
M2 2665770 1603800 2300000 1603800
M2 2300000 1603800 1875000 1565255
M2 1875000 1565255 464834 1565255
M2 464834 1565255 416230 1613860
Net54 5 
M2 2831252 1594200 2816852 1608600
M2 2816852 1608600 2300000 1608600
M2 2300000 1608600 1875000 1572198
M2 1875000 1572198 634562 1572198
M2 634562 1572198 592900 1613860
Net55 5 
M2 2987140 1594200 2967940 1613400
M2 2967940 1613400 2300000 1613400
M2 2300000 1613400 1875000 1579140
M2 1875000 1579140 715956 1579140
M2 715956 1579140 681237 1613860
Net56 5 
M2 3065080 1594200 3041080 1618200
M2 3041080 1618200 2300000 1618200
M2 2300000 1618200 1875000 1586083
M2 1875000 1586083 885684 1586083
M2 885684 1586083 857907 1613860
Net57 5 
M2 3143020 1594200 3114220 1623000
M2 3114220 1623000 2300000 1623000
M2 2300000 1623000 1875000 1593026
M2 1875000 1593026 967073 1593026
M2 967073 1593026 946240 1613860
Net58 5 
M2 3220970 1594200 3187370 1627800
M2 3187370 1627800 2300000 1627800
M2 2300000 1627800 1875000 1599969
M2 1875000 1599969 1136801 1599969
M2 1136801 1599969 1122910 1613860
Net59 5 
M2 3298910 1594200 3260510 1632600
M2 3260510 1632600 2300000 1632600
M2 2300000 1632600 1875000 1606911
M2 1875000 1606911 1218188 1606911
M2 1218188 1606911 1211240 1613860
Net82 5 
M2 2792280 1464600 2786107 1470772
M2 2786107 1470772 2300000 1470772
M2 2300000 1470772 1875000 1456484
M2 1875000 1456484 904193 1456484
M2 904193 1456484 857907 1502770
Net83 5 
M2 2870227 1464600 2857883 1476943
M2 2857883 1476943 2300000 1476943
M2 2300000 1476943 1875000 1465741
M2 1875000 1465741 1159938 1465741
M2 1159938 1465741 1122910 1502770
Net84 5 
M2 3026110 1464600 3007595 1483115
M2 3007595 1483115 2300000 1483115
M2 2300000 1483115 1875000 1474998
M2 1875000 1474998 1327351 1474998
M2 1327351 1474998 1299580 1502770
Net85 5 
M2 3104050 1464600 3079363 1489286
M2 3079363 1489286 2300000 1489286
M2 2300000 1489286 1875000 1484255
M2 1875000 1484255 1406424 1484255
M2 1406424 1484255 1387910 1502770
Net86 5 
M2 3259940 1464600 3229082 1495457
M2 3229082 1495457 2300000 1495457
M2 2300000 1495457 1875000 1493512
M2 1875000 1493512 1573837 1493512
M2 1573837 1493512 1564580 1502770
Net87 5 
M2 3493762 1464600 3456733 1501628
M2 3456733 1501628 2300000 1501628
M2 2300000 1501628 1875000 1521284
M2 1875000 1521284 409091 1521284
M2 409091 1521284 372062 1558312
