Nets 21
Net6 5 
M2 3306270 1853400 3284670 1875000
M2 3284670 1875000 2300000 1875000
M2 2300000 1875000 1875000 1808258
M2 1875000 1808258 355671 1808258
M2 355671 1808258 327900 1836030
Net17 5 
M2 2582270 1767000 2560670 1788600
M2 2560670 1788600 2300000 1788600
M2 2300000 1788600 1875000 1752711
M2 1875000 1752711 488176 1752711
M2 488176 1752711 460400 1780487
Net25 5 
M2 3306270 1767000 3284670 1745400
M2 3284670 1745400 2300000 1745400
M2 2300000 1745400 1875000 1697171
M2 1875000 1697171 355668 1697171
M2 355668 1697171 327900 1724940
Net48 5 
M2 3010090 1637400 3001450 1646040
M2 3001450 1646040 2300000 1646040
M2 2300000 1646040 1875000 1624968
M2 1875000 1624968 1034841 1624968
M2 1034841 1624968 990410 1669400
Net49 5 
M2 3075910 1637400 3058630 1654680
M2 3058630 1654680 2300000 1654680
M2 2300000 1654680 1875000 1636077
M2 1875000 1636077 1112063 1636077
M2 1112063 1636077 1078740 1669400
Net50 5 
M2 3141722 1637400 3115802 1663320
M2 3115802 1663320 2300000 1663320
M2 2300000 1663320 1875000 1647185
M2 1875000 1647185 1277624 1647185
M2 1277624 1647185 1255410 1669400
Net51 5 
M2 3273360 1637400 3238800 1671960
M2 3238800 1671960 2300000 1671960
M2 2300000 1671960 1875000 1658294
M2 1875000 1658294 1354853 1658294
M2 1354853 1658294 1343747 1669400
Net52 5 
M2 2582270 1594200 2577470 1599000
M2 2577470 1599000 2300000 1599000
M2 2300000 1599000 1875000 1539798
M2 1875000 1539798 478914 1539798
M2 478914 1539798 460400 1558312
Net53 5 
M2 2648090 1594200 2638490 1603800
M2 2638490 1603800 2300000 1603800
M2 2300000 1603800 1875000 1565255
M2 1875000 1565255 464834 1565255
M2 464834 1565255 416230 1613860
Net54 5 
M2 2779730 1594200 2765330 1608600
M2 2765330 1608600 2300000 1608600
M2 2300000 1608600 1875000 1572198
M2 1875000 1572198 634562 1572198
M2 634562 1572198 592900 1613860
Net55 5 
M2 2911360 1594200 2892160 1613400
M2 2892160 1613400 2300000 1613400
M2 2300000 1613400 1875000 1579140
M2 1875000 1579140 715956 1579140
M2 715956 1579140 681237 1613860
Net56 5 
M2 2977180 1594200 2953180 1618200
M2 2953180 1618200 2300000 1618200
M2 2300000 1618200 1875000 1586083
M2 1875000 1586083 885684 1586083
M2 885684 1586083 857907 1613860
Net57 5 
M2 3043000 1594200 3014200 1623000
M2 3014200 1623000 2300000 1623000
M2 2300000 1623000 1875000 1593026
M2 1875000 1593026 967073 1593026
M2 967073 1593026 946240 1613860
Net58 5 
M2 3108817 1594200 3075217 1627800
M2 3075217 1627800 2300000 1627800
M2 2300000 1627800 1875000 1599969
M2 1875000 1599969 1136801 1599969
M2 1136801 1599969 1122910 1613860
Net59 5 
M2 3174630 1594200 3136230 1632600
M2 3136230 1632600 2300000 1632600
M2 2300000 1632600 1875000 1606911
M2 1875000 1606911 1218188 1606911
M2 1218188 1606911 1211240 1613860
Net82 5 
M2 2746820 1464600 2740647 1470772
M2 2740647 1470772 2300000 1470772
M2 2300000 1470772 1875000 1456484
M2 1875000 1456484 904193 1456484
M2 904193 1456484 857907 1502770
Net83 5 
M2 2812637 1464600 2800293 1476943
M2 2800293 1476943 2300000 1476943
M2 2300000 1476943 1875000 1465741
M2 1875000 1465741 1159938 1465741
M2 1159938 1465741 1122910 1502770
Net84 5 
M2 2944270 1464600 2925755 1483115
M2 2925755 1483115 2300000 1483115
M2 2300000 1483115 1875000 1474998
M2 1875000 1474998 1327351 1474998
M2 1327351 1474998 1299580 1502770
Net85 5 
M2 3010090 1464600 2985403 1489286
M2 2985403 1489286 2300000 1489286
M2 2300000 1489286 1875000 1484255
M2 1875000 1484255 1406424 1484255
M2 1406424 1484255 1387910 1502770
Net86 5 
M2 3141722 1464600 3110865 1495457
M2 3110865 1495457 2300000 1495457
M2 2300000 1495457 1875000 1493512
M2 1875000 1493512 1573837 1493512
M2 1573837 1493512 1564580 1502770
Net87 5 
M2 3339180 1464600 3302151 1501628
M2 3302151 1501628 2300000 1501628
M2 2300000 1501628 1875000 1521284
M2 1875000 1521284 409091 1521284
M2 409091 1521284 372062 1558312
