Nets 66
Net0 5 
V1 2554130 1862040 2548946 1867224
V1 2548946 1867224 2300000 1867224
V1 2300000 1867224 1875000 1859480
V1 1875000 1859480 1329850 1859480
V1 1329850 1859480 1312570 1876760
Net1 5 
V1 2640730 1862040 2630362 1872408
V1 2630362 1872408 2300000 1872408
V1 2300000 1872408 1875000 1863800
V1 1875000 1863800 1432917 1863800
V1 1432917 1863800 1419957 1876760
Net2 5 
V1 2727330 1862040 2711778 1877592
V1 2711778 1877592 2300000 1877592
V1 2300000 1877592 1875000 1868120
V1 1875000 1868120 1535980 1868120
V1 1535980 1868120 1527340 1876760
Net3 5 
V1 2770630 1862040 2749894 1882776
V1 2749894 1882776 2300000 1882776
V1 2300000 1882776 1875000 1872440
V1 1875000 1872440 1585360 1872440
V1 1585360 1872440 1581040 1876760
Net6 5 
V1 2662380 1836120 2658060 1840440
V1 2658060 1840440 2300000 1840440
V1 2300000 1840440 1875000 1833560
V1 1875000 1833560 1464080 1833560
V1 1464080 1833560 1446800 1850840
Net7 5 
V1 2705680 1836120 2697040 1844760
V1 2697040 1844760 2300000 1844760
V1 2300000 1844760 1875000 1837880
V1 1875000 1837880 1513457 1837880
V1 1513457 1837880 1500497 1850840
Net8 5 
V1 2748980 1836120 2736020 1849080
V1 2736020 1849080 2300000 1849080
V1 2300000 1849080 1875000 1842200
V1 1875000 1842200 1562830 1842200
V1 1562830 1842200 1554190 1850840
Net9 5 
V1 2792280 1836120 2775000 1853400
V1 2775000 1853400 2300000 1853400
V1 2300000 1853400 1875000 1846520
V1 1875000 1846520 1612200 1846520
V1 1612200 1846520 1607880 1850840
Net10 5 
V1 2835582 1836120 2813982 1857720
V1 2813982 1857720 2300000 1857720
V1 2300000 1857720 1875000 1855160
V1 1875000 1855160 1280472 1855160
V1 1280472 1855160 1258872 1876760
Net11 5 
V1 2554130 1810200 2549810 1814520
V1 2549810 1814520 2300000 1814520
V1 2300000 1814520 1875000 1807640
V1 1875000 1807640 1329850 1807640
V1 1329850 1807640 1312570 1824920
Net12 5 
V1 2597430 1810200 2588790 1818840
V1 2588790 1818840 2300000 1818840
V1 2300000 1818840 1875000 1811960
V1 1875000 1811960 1379220 1811960
V1 1379220 1811960 1366260 1824920
Net13 5 
V1 2684030 1810200 2671070 1823160
V1 2671070 1823160 2300000 1823160
V1 2300000 1823160 1875000 1816280
V1 1875000 1816280 1482290 1816280
V1 1482290 1816280 1473650 1824920
Net14 5 
V1 2727330 1810200 2710050 1827480
V1 2710050 1827480 2300000 1827480
V1 2300000 1827480 1875000 1820600
V1 1875000 1820600 1531660 1820600
V1 1531660 1820600 1527340 1824920
Net15 5 
V1 2813932 1810200 2792332 1831800
V1 2792332 1831800 2300000 1831800
V1 2300000 1831800 1875000 1829240
V1 1875000 1829240 1585360 1829240
V1 1585360 1829240 1581040 1824920
Net18 5 
V1 2662380 1784280 2653740 1775640
V1 2653740 1775640 2300000 1775640
V1 2300000 1775640 1875000 1779560
V1 1875000 1779560 1466240 1779560
V1 1466240 1779560 1446800 1799000
Net19 5 
V1 2748980 1784280 2742500 1790760
V1 2742500 1790760 2300000 1790760
V1 2300000 1790760 1875000 1786040
V1 1875000 1786040 1513457 1786040
V1 1513457 1786040 1500497 1799000
Net20 5 
V1 2792280 1784280 2779320 1797240
V1 2779320 1797240 2300000 1797240
V1 2300000 1797240 1875000 1792520
V1 1875000 1792520 1614360 1792520
V1 1614360 1792520 1607880 1799000
Net21 5 
V1 2835582 1784280 2816142 1803720
V1 2816142 1803720 2300000 1803720
V1 2300000 1803720 1875000 1803320
V1 1875000 1803320 1280472 1803320
V1 1280472 1803320 1258872 1824920
Net22 5 
V1 2554130 1758360 2545490 1767000
V1 2545490 1767000 2300000 1767000
V1 2300000 1767000 1875000 1764440
V1 1875000 1764440 1321210 1764440
V1 1321210 1764440 1312570 1773080
Net27 5 
V1 2575780 1732440 2571460 1736760
V1 2571460 1736760 2300000 1736760
V1 2300000 1736760 1875000 1726424
V1 1875000 1726424 1360153 1726424
V1 1360153 1726424 1339417 1747160
Net28 5 
V1 2619080 1732440 2610440 1741080
V1 2610440 1741080 2300000 1741080
V1 2300000 1741080 1875000 1731608
V1 1875000 1731608 1408662 1731608
V1 1408662 1731608 1393110 1747160
Net29 5 
V1 2662380 1732440 2649420 1745400
V1 2649420 1745400 2300000 1745400
V1 2300000 1745400 1875000 1736792
V1 1875000 1736792 1457168 1736792
V1 1457168 1736792 1446800 1747160
Net31 5 
V1 2792280 1732440 2775000 1749720
V1 2775000 1749720 2300000 1749720
V1 2300000 1749720 1875000 1741976
V1 1875000 1741976 1613064 1741976
V1 1613064 1741976 1607880 1747160
Net32 5 
V1 2835582 1732440 2813982 1754040
V1 2813982 1754040 2300000 1754040
V1 2300000 1754040 1875000 1755800
V1 1875000 1755800 1276152 1755800
V1 1276152 1755800 1258872 1773080
Net33 5 
V1 2554130 1706520 2548946 1711704
V1 2548946 1711704 2300000 1711704
V1 2300000 1711704 1875000 1703960
V1 1875000 1703960 1329850 1703960
V1 1329850 1703960 1312570 1721240
Net35 5 
V1 2640730 1706520 2630362 1716888
V1 2630362 1716888 2300000 1716888
V1 2300000 1716888 1875000 1708280
V1 1875000 1708280 1432917 1708280
V1 1432917 1708280 1419957 1721240
Net36 5 
V1 2684030 1706520 2668478 1722072
V1 2668478 1722072 2300000 1722072
V1 2300000 1722072 1875000 1712600
V1 1875000 1712600 1482290 1712600
V1 1482290 1712600 1473650 1721240
Net38 5 
V1 2770630 1706520 2749894 1727256
V1 2749894 1727256 2300000 1727256
V1 2300000 1727256 1875000 1716920
V1 1875000 1716920 1585360 1716920
V1 1585360 1716920 1581040 1721240
Net39 5 
V1 2575780 1680600 2571460 1684920
V1 2571460 1684920 2300000 1684920
V1 2300000 1684920 1875000 1674584
V1 1875000 1674584 1360153 1674584
V1 1360153 1674584 1339417 1695320
Net40 5 
V1 2662380 1680600 2653740 1689240
V1 2653740 1689240 2300000 1689240
V1 2300000 1689240 1875000 1679768
V1 1875000 1679768 1462352 1679768
V1 1462352 1679768 1446800 1695320
Net41 5 
V1 2705680 1680600 2692720 1693560
V1 2692720 1693560 2300000 1693560
V1 2300000 1693560 1875000 1684952
V1 1875000 1684952 1510865 1684952
V1 1510865 1684952 1500497 1695320
Net42 5 
V1 2792280 1680600 2775000 1697880
V1 2775000 1697880 2300000 1697880
V1 2300000 1697880 1875000 1690136
V1 1875000 1690136 1613064 1690136
V1 1613064 1690136 1607880 1695320
Net43 5 
V1 2835582 1680600 2813982 1702200
V1 2813982 1702200 2300000 1702200
V1 2300000 1702200 1875000 1699640
V1 1875000 1699640 1280472 1699640
V1 1280472 1699640 1258872 1721240
Net45 5 
V1 2640730 1654680 2634250 1661160
V1 2634250 1661160 2300000 1661160
V1 2300000 1661160 1875000 1653848
V1 1875000 1653848 1435509 1653848
V1 1435509 1653848 1419957 1669400
Net46 5 
V1 2684030 1654680 2671070 1667640
V1 2671070 1667640 2300000 1667640
V1 2300000 1667640 1875000 1659032
V1 1875000 1659032 1484018 1659032
V1 1484018 1659032 1473650 1669400
Net47 5 
V1 2770630 1654680 2751190 1674120
V1 2751190 1674120 2300000 1674120
V1 2300000 1674120 1875000 1664216
V1 1875000 1664216 1586224 1664216
V1 1586224 1664216 1581040 1669400
Net49 5 
V1 2619080 1628760 2614760 1633080
V1 2614760 1633080 2300000 1633080
V1 2300000 1633080 1875000 1622744
V1 1875000 1622744 1413846 1622744
V1 1413846 1622744 1393110 1643480
Net50 5 
V1 2662380 1628760 2653740 1637400
V1 2653740 1637400 2300000 1637400
V1 2300000 1637400 1875000 1627928
V1 1875000 1627928 1462352 1627928
V1 1462352 1627928 1446800 1643480
Net52 5 
V1 2748980 1628760 2736020 1641720
V1 2736020 1641720 2300000 1641720
V1 2300000 1641720 1875000 1633112
V1 1875000 1633112 1564558 1633112
V1 1564558 1633112 1554190 1643480
Net53 5 
V1 2792280 1628760 2775000 1646040
V1 2775000 1646040 2300000 1646040
V1 2300000 1646040 1875000 1638296
V1 1875000 1638296 1613064 1638296
V1 1613064 1638296 1607880 1643480
Net54 5 
V1 2835582 1628760 2813982 1650360
V1 2813982 1650360 2300000 1650360
V1 2300000 1650360 1875000 1648664
V1 1875000 1648664 1279608 1648664
V1 1279608 1648664 1258872 1669400
Net55 5 
V1 2554130 1602840 2547650 1609320
V1 2547650 1609320 2300000 1609320
V1 2300000 1609320 1875000 1602008
V1 1875000 1602008 1328122 1602008
V1 1328122 1602008 1312570 1617560
Net56 5 
V1 2597430 1602840 2584470 1615800
V1 2584470 1615800 2300000 1615800
V1 2300000 1615800 1875000 1607192
V1 1875000 1607192 1376628 1607192
V1 1376628 1607192 1366260 1617560
Net57 5 
V1 2684030 1602840 2664590 1622280
V1 2664590 1622280 2300000 1622280
V1 2300000 1622280 1875000 1612376
V1 1875000 1612376 1478834 1612376
V1 1478834 1612376 1473650 1617560
Net60 5 
V1 2575780 1576920 2571460 1581240
V1 2571460 1581240 2300000 1581240
V1 2300000 1581240 1875000 1570904
V1 1875000 1570904 1360153 1570904
V1 1360153 1570904 1339417 1591640
Net62 5 
V1 2662380 1576920 2653740 1585560
V1 2653740 1585560 2300000 1585560
V1 2300000 1585560 1875000 1576088
V1 1875000 1576088 1462352 1576088
V1 1462352 1576088 1446800 1591640
Net63 5 
V1 2705680 1576920 2692720 1589880
V1 2692720 1589880 2300000 1589880
V1 2300000 1589880 1875000 1581272
V1 1875000 1581272 1510865 1581272
V1 1510865 1581272 1500497 1591640
Net64 5 
V1 2792280 1576920 2775000 1594200
V1 2775000 1594200 2300000 1594200
V1 2300000 1594200 1875000 1586456
V1 1875000 1586456 1613064 1586456
V1 1613064 1586456 1607880 1591640
Net65 5 
V1 2835582 1576920 2813982 1598520
V1 2813982 1598520 2300000 1598520
V1 2300000 1598520 1875000 1596824
V1 1875000 1596824 1279608 1596824
V1 1279608 1596824 1258872 1617560
Net66 5 
V1 2554130 1551000 2548946 1556184
V1 2548946 1556184 2300000 1556184
V1 2300000 1556184 1875000 1548440
V1 1875000 1548440 1329850 1548440
V1 1329850 1548440 1312570 1565720
Net67 5 
V1 2640730 1551000 2630362 1561368
V1 2630362 1561368 2300000 1561368
V1 2300000 1561368 1875000 1552760
V1 1875000 1552760 1379220 1552760
V1 1379220 1552760 1366260 1565720
Net69 5 
V1 2727330 1551000 2711778 1566552
V1 2711778 1566552 2300000 1566552
V1 2300000 1566552 1875000 1557080
V1 1875000 1557080 1535980 1557080
V1 1535980 1557080 1527340 1565720
Net70 5 
V1 2770630 1551000 2749894 1571736
V1 2749894 1571736 2300000 1571736
V1 2300000 1571736 1875000 1561400
V1 1875000 1561400 1585360 1561400
V1 1585360 1561400 1581040 1565720
Net73 5 
V1 2662380 1525080 2657196 1530264
V1 2657196 1530264 2300000 1530264
V1 2300000 1530264 1875000 1520360
V1 1875000 1520360 1466240 1520360
V1 1466240 1520360 1446800 1539800
Net74 5 
V1 2748980 1525080 2738612 1535448
V1 2738612 1535448 2300000 1535448
V1 2300000 1535448 1875000 1526840
V1 1875000 1526840 1567150 1526840
V1 1567150 1526840 1554190 1539800
Net75 5 
V1 2792280 1525080 2776728 1540632
V1 2776728 1540632 2300000 1540632
V1 2300000 1540632 1875000 1533320
V1 1875000 1533320 1614360 1533320
V1 1614360 1533320 1607880 1539800
Net76 5 
V1 2835582 1525080 2814846 1545816
V1 2814846 1545816 2300000 1545816
V1 2300000 1545816 1875000 1544120
V1 1875000 1544120 1280472 1544120
V1 1280472 1544120 1258872 1565720
Net77 5 
V1 2554130 1499160 2548946 1504344
V1 2548946 1504344 2300000 1504344
V1 2300000 1504344 1875000 1496600
V1 1875000 1496600 1329850 1496600
V1 1329850 1496600 1312570 1513880
Net79 5 
V1 2640730 1499160 2630362 1509528
V1 2630362 1509528 2300000 1509528
V1 2300000 1509528 1875000 1500920
V1 1875000 1500920 1432917 1500920
V1 1432917 1500920 1419957 1513880
Net80 5 
V1 2684030 1499160 2668478 1514712
V1 2668478 1514712 2300000 1514712
V1 2300000 1514712 1875000 1505240
V1 1875000 1505240 1482290 1505240
V1 1482290 1505240 1473650 1513880
Net82 5 
V1 2770630 1499160 2749894 1519896
V1 2749894 1519896 2300000 1519896
V1 2300000 1519896 1875000 1509560
V1 1875000 1509560 1585360 1509560
V1 1585360 1509560 1581040 1513880
Net83 5 
V1 2575780 1473240 2571460 1477560
V1 2571460 1477560 2300000 1477560
V1 2300000 1477560 1875000 1467224
V1 1875000 1467224 1360153 1467224
V1 1360153 1467224 1339417 1487960
Net84 5 
V1 2619080 1473240 2610440 1481880
V1 2610440 1481880 2300000 1481880
V1 2300000 1481880 1875000 1472408
V1 1875000 1472408 1408662 1472408
V1 1408662 1472408 1393110 1487960
Net85 5 
V1 2705680 1473240 2692720 1486200
V1 2692720 1486200 2300000 1486200
V1 2300000 1486200 1875000 1477592
V1 1875000 1477592 1510865 1477592
V1 1510865 1477592 1500497 1487960
Net86 5 
V1 2792280 1473240 2775000 1490520
V1 2775000 1490520 2300000 1490520
V1 2300000 1490520 1875000 1482776
V1 1875000 1482776 1613064 1482776
V1 1613064 1482776 1607880 1487960
Net87 5 
V1 2835582 1473240 2813982 1494840
V1 2813982 1494840 2300000 1494840
V1 2300000 1494840 1875000 1492280
V1 1875000 1492280 1280472 1492280
V1 1280472 1492280 1258872 1513880
