Nets 35
Net0 5 
V1 2597430 1853400 2591257 1859572
V1 2591257 1859572 2300000 1859572
V1 2300000 1859572 1875000 1863801
V1 1875000 1863801 440539 1863801
V1 440539 1863801 412770 1891570
Net1 5 
V1 2753310 1853400 2740966 1865743
V1 2740966 1865743 2300000 1865743
V1 2300000 1865743 1875000 1868429
V1 1875000 1868429 619508 1868429
V1 619508 1868429 596367 1891570
Net2 5 
V1 2831252 1853400 2812737 1871915
V1 2812737 1871915 2300000 1871915
V1 2300000 1871915 1875000 1873058
V1 1875000 1873058 706674 1873058
V1 706674 1873058 688162 1891570
Net3 5 
V1 2987140 1853400 2962453 1878086
V1 2962453 1878086 2300000 1878086
V1 2300000 1878086 1875000 1877686
V1 1875000 1877686 885643 1877686
V1 885643 1877686 871760 1891570
Net4 5 
V1 3065080 1853400 3034222 1884257
V1 3034222 1884257 2300000 1884257
V1 2300000 1884257 1875000 1882315
V1 1875000 1882315 972815 1882315
V1 972815 1882315 963560 1891570
Net5 5 
V1 3220970 1853400 3183941 1890428
V1 3183941 1890428 2300000 1890428
V1 2300000 1890428 1875000 1886943
V1 1875000 1886943 1151786 1886943
V1 1151786 1886943 1147160 1891570
Net7 5 
V1 2636400 1810200 2631600 1805400
V1 2631600 1805400 2300000 1805400
V1 2300000 1805400 1875000 1859172
V1 1875000 1859172 390012 1859172
V1 390012 1859172 366870 1836030
Net8 5 
V1 2714340 1810200 2704740 1800600
V1 2704740 1800600 2300000 1800600
V1 2300000 1800600 1875000 1854544
V1 1875000 1854544 477184 1854544
V1 477184 1854544 458670 1836030
Net9 5 
V1 2792280 1810200 2777880 1795800
V1 2777880 1795800 2300000 1795800
V1 2300000 1795800 1875000 1849915
V1 1875000 1849915 564353 1849915
V1 564353 1849915 550467 1836030
Net10 5 
V1 2870227 1810200 2851027 1791000
V1 2851027 1791000 2300000 1791000
V1 2300000 1791000 1875000 1845287
V1 1875000 1845287 651519 1845287
V1 651519 1845287 642262 1836030
Net11 5 
V1 2948170 1810200 2924170 1786200
V1 2924170 1786200 2300000 1786200
V1 2300000 1786200 1875000 1840658
V1 1875000 1840658 738688 1840658
V1 738688 1840658 734060 1836030
Net12 5 
V1 3104050 1810200 3075250 1781400
V1 3075250 1781400 2300000 1781400
V1 2300000 1781400 1875000 1817515
V1 1875000 1817515 844374 1817515
V1 844374 1817515 825860 1836030
Net18 5 
V1 2675370 1767000 2670570 1771800
V1 2670570 1771800 2300000 1771800
V1 2300000 1771800 1875000 1761968
V1 1875000 1761968 523089 1761968
V1 523089 1761968 504570 1780487
Net19 5 
V1 2831252 1767000 2821652 1776600
V1 2821652 1776600 2300000 1776600
V1 2300000 1776600 1875000 1799001
V1 1875000 1799001 706676 1799001
V1 706676 1799001 688162 1780487
Net26 5 
V1 2636400 1723800 2631600 1719000
V1 2631600 1719000 2300000 1719000
V1 2300000 1719000 1875000 1743454
V1 1875000 1743454 385384 1743454
V1 385384 1743454 366870 1724940
Net37 5 
V1 2675370 1680600 2670570 1685400
V1 2670570 1685400 2300000 1685400
V1 2300000 1685400 1875000 1681742
V1 1875000 1681742 685460 1681742
V1 685460 1681742 642262 1724940
Net38 5 
V1 2831252 1680600 2821652 1690200
V1 2821652 1690200 2300000 1690200
V1 2300000 1690200 1875000 1687913
V1 1875000 1687913 862886 1687913
V1 862886 1687913 825860 1724940
Net39 5 
V1 2987140 1680600 2972740 1695000
V1 2972740 1695000 2300000 1695000
V1 2300000 1695000 1875000 1694085
V1 1875000 1694085 948515 1694085
V1 948515 1694085 917660 1724940
Net40 5 
V1 3143020 1680600 3123820 1699800
V1 3123820 1699800 2300000 1699800
V1 2300000 1699800 1875000 1700256
V1 1875000 1700256 1125943 1700256
V1 1125943 1700256 1101260 1724940
Net41 5 
V1 3220970 1680600 3196970 1704600
V1 3196970 1704600 2300000 1704600
V1 2300000 1704600 1875000 1706427
V1 1875000 1706427 1211572 1706427
V1 1211572 1706427 1193060 1724940
Net42 5 
V1 3298910 1680600 3270110 1709400
V1 3270110 1709400 2300000 1709400
V1 2300000 1709400 1875000 1712598
V1 1875000 1712598 1388993 1712598
V1 1388993 1712598 1376652 1724940
Net43 5 
V1 3376850 1680600 3343250 1714200
V1 3343250 1714200 2300000 1714200
V1 2300000 1714200 1875000 1718770
V1 1875000 1718770 1474620 1718770
V1 1474620 1718770 1468450 1724940
Net44 5 
V1 2714340 1637400 2705700 1646040
V1 2705700 1646040 2300000 1646040
V1 2300000 1646040 1875000 1636077
V1 1875000 1636077 446093 1636077
V1 446093 1636077 412770 1669400
Net45 5 
V1 2792280 1637400 2775000 1654680
V1 2775000 1654680 2300000 1654680
V1 2300000 1654680 1875000 1647185
V1 1875000 1647185 526784 1647185
V1 526784 1647185 504570 1669400
Net46 5 
V1 2870227 1637400 2844307 1663320
V1 2844307 1663320 2300000 1663320
V1 2300000 1663320 1875000 1658294
V1 1875000 1658294 699268 1658294
V1 699268 1658294 688162 1669400
Net47 5 
V1 2948170 1637400 2913610 1671960
V1 2913610 1671960 2300000 1671960
V1 2300000 1671960 1875000 1675571
V1 1875000 1675571 786131 1675571
V1 786131 1675571 779960 1669400
Net62 5 
V1 2636400 1551000 2622000 1536600
V1 2622000 1536600 2300000 1536600
V1 2300000 1536600 1875000 1569421
V1 1875000 1569421 515678 1569421
V1 515678 1569421 504570 1558312
Net63 5 
V1 2792280 1551000 2763480 1522200
V1 2763480 1522200 2300000 1522200
V1 2300000 1522200 1875000 1547204
V1 1875000 1547204 607476 1547204
V1 607476 1547204 596367 1558312
Net67 5 
V1 3104050 1551000 3095410 1559640
V1 3095410 1559640 2300000 1559640
V1 2300000 1559640 1875000 1580529
V1 1875000 1580529 1318188 1580529
V1 1318188 1580529 1284857 1613860
Net68 5 
V1 3259940 1551000 3242660 1568280
V1 3242660 1568280 2300000 1568280
V1 2300000 1568280 1875000 1591638
V1 1875000 1591638 1398874 1591638
V1 1398874 1591638 1376652 1613860
Net69 5 
V1 3337880 1551000 3311960 1576920
V1 3311960 1576920 2300000 1576920
V1 2300000 1576920 1875000 1602746
V1 1875000 1602746 1479563 1602746
V1 1479563 1602746 1468450 1613860
Net70 5 
V1 3493762 1551000 3459202 1585560
V1 3459202 1585560 2300000 1585560
V1 2300000 1585560 1875000 1624968
V1 1875000 1624968 365401 1624968
V1 365401 1624968 320970 1669400
Net72 5 
V1 2675370 1507800 2664570 1497000
V1 2664570 1497000 2300000 1497000
V1 2300000 1497000 1875000 1536095
V1 1875000 1536095 491995 1536095
V1 491995 1536095 458670 1502770
Net73 5 
V1 2753310 1507800 2731710 1486200
V1 2731710 1486200 2300000 1486200
V1 2300000 1486200 1875000 1524987
V1 1875000 1524987 572684 1524987
V1 572684 1524987 550467 1502770
Net81 5 
V1 2636400 1464600 2625600 1475400
V1 2625600 1475400 2300000 1475400
V1 2300000 1475400 1875000 1513878
V1 1875000 1513878 745168 1513878
V1 745168 1513878 734060 1502770
