Nets 15
Net8 5 
M2 2748980 1836120 2740340 1844760
M2 2740340 1844760 2300000 1844760
M2 2300000 1844760 1875000 1863801
M2 1875000 1863801 991329 1863801
M2 991329 1863801 963560 1891570
Net9 5 
M2 2792280 1836120 2775000 1853400
M2 2775000 1853400 2300000 1853400
M2 2300000 1853400 1875000 1877686
M2 1875000 1877686 1161043 1877686
M2 1161043 1877686 1147160 1891570
Net10 5 
M2 2835582 1836120 2826942 1827480
M2 2826942 1827480 2300000 1827480
M2 2300000 1827480 1875000 1849915
M2 1875000 1849915 288955 1849915
M2 288955 1849915 275070 1836030
Net12 5 
M2 2597430 1810200 2588790 1818840
M2 2588790 1818840 2300000 1818840
M2 2300000 1818840 1875000 1817515
M2 1875000 1817515 477184 1817515
M2 477184 1817515 458670 1836030
Net16 5 
M2 2575780 1784280 2562820 1797240
M2 2562820 1797240 2300000 1797240
M2 2300000 1797240 1875000 1799001
M2 1875000 1799001 431284 1799001
M2 431284 1799001 412770 1780487
Net28 5 
M2 2619080 1732440 2612600 1738920
M2 2612600 1738920 2300000 1738920
M2 2300000 1738920 1875000 1738825
M2 1875000 1738825 913422 1738825
M2 913422 1738825 871760 1780487
Net29 5 
M2 2662380 1732440 2649420 1745400
M2 2649420 1745400 2300000 1745400
M2 2300000 1745400 1875000 1752711
M2 1875000 1752711 1358529 1752711
M2 1358529 1752711 1330752 1780487
Net30 5 
M2 2748980 1732440 2729540 1751880
M2 2729540 1751880 2300000 1751880
M2 2300000 1751880 1875000 1766596
M2 1875000 1766596 1528241 1766596
M2 1528241 1766596 1514350 1780487
Net32 5 
M2 2835582 1732440 2822622 1719480
M2 2822622 1719480 2300000 1719480
M2 2300000 1719480 1875000 1697171
M2 1875000 1697171 302838 1697171
M2 302838 1697171 275070 1724940
Net44 5 
M2 2554130 1654680 2541170 1667640
M2 2541170 1667640 2300000 1667640
M2 2300000 1667640 1875000 1641631
M2 1875000 1641631 807728 1641631
M2 807728 1641631 779960 1669400
Net52 5 
M2 2748980 1628760 2736020 1641720
M2 2736020 1641720 2300000 1641720
M2 2300000 1641720 1875000 1595340
M2 1875000 1595340 1211579 1595340
M2 1211579 1595340 1193060 1613860
Net54 5 
M2 2835582 1628760 2826942 1620120
M2 2826942 1620120 2300000 1620120
M2 2300000 1620120 1875000 1576826
M2 1875000 1576826 312103 1576826
M2 312103 1576826 275070 1613860
Net55 5 
M2 2554130 1602840 2545490 1611480
M2 2545490 1611480 2300000 1611480
M2 2300000 1611480 1875000 1539798
M2 1875000 1539798 431284 1539798
M2 431284 1539798 412770 1558312
Net71 5 
M2 2575780 1525080 2567140 1533720
M2 2567140 1533720 2300000 1533720
M2 2300000 1533720 1875000 1474998
M2 1875000 1474998 394641 1474998
M2 394641 1474998 366870 1502770
Net76 5 
M2 2835582 1525080 2818302 1542360
M2 2818302 1542360 2300000 1542360
M2 2300000 1542360 1875000 1521284
M2 1875000 1521284 293584 1521284
M2 293584 1521284 275070 1502770
