Nets 32
Net0 5 
V1 2554130 1862040 2548946 1867224
V1 2548946 1867224 2300000 1867224
V1 2300000 1867224 1875000 1854544
V1 1875000 1854544 449796 1854544
V1 449796 1854544 412770 1891570
Net1 5 
V1 2640730 1862040 2630362 1872408
V1 2630362 1872408 2300000 1872408
V1 2300000 1872408 1875000 1863801
V1 1875000 1863801 624136 1863801
V1 624136 1863801 596367 1891570
Net2 5 
V1 2727330 1862040 2711778 1877592
V1 2711778 1877592 2300000 1877592
V1 2300000 1877592 1875000 1873058
V1 1875000 1873058 706674 1873058
V1 706674 1873058 688162 1891570
Net3 5 
V1 2770630 1862040 2749894 1882776
V1 2749894 1882776 2300000 1882776
V1 2300000 1882776 1875000 1882315
V1 1875000 1882315 881015 1882315
V1 881015 1882315 871760 1891570
Net4 5 
V1 2575780 1836120 2570596 1841304
V1 2570596 1841304 2300000 1841304
V1 2300000 1841304 1875000 1802704
V1 1875000 1802704 583793 1802704
V1 583793 1802704 550467 1836030
Net5 5 
V1 2619080 1836120 2608712 1846488
V1 2608712 1846488 2300000 1846488
V1 2300000 1846488 1875000 1813813
V1 1875000 1813813 664479 1813813
V1 664479 1813813 642262 1836030
Net6 5 
V1 2662380 1836120 2646828 1851672
V1 2646828 1851672 2300000 1851672
V1 2300000 1851672 1875000 1824921
V1 1875000 1824921 745168 1824921
V1 745168 1824921 734060 1836030
Net7 5 
V1 2705680 1836120 2684944 1856856
V1 2684944 1856856 2300000 1856856
V1 2300000 1856856 1875000 1845287
V1 1875000 1845287 835117 1845287
V1 835117 1845287 825860 1836030
Net11 5 
V1 2554130 1810200 2547650 1803720
V1 2547650 1803720 2300000 1803720
V1 2300000 1803720 1875000 1791596
V1 1875000 1791596 411304 1791596
V1 411304 1791596 366870 1836030
Net17 5 
V1 2619080 1784280 2612600 1790760
V1 2612600 1790760 2300000 1790760
V1 2300000 1790760 1875000 1761968
V1 1875000 1761968 523089 1761968
V1 523089 1761968 504570 1780487
Net18 5 
V1 2662380 1784280 2649420 1797240
V1 2649420 1797240 2300000 1797240
V1 2300000 1797240 1875000 1771225
V1 1875000 1771225 697425 1771225
V1 697425 1771225 688162 1780487
Net33 5 
V1 2554130 1706520 2541170 1719480
V1 2541170 1719480 2300000 1719480
V1 2300000 1719480 1875000 1752711
V1 1875000 1752711 394641 1752711
V1 394641 1752711 366870 1724940
Net36 5 
V1 2684030 1706520 2679710 1702200
V1 2679710 1702200 2300000 1702200
V1 2300000 1702200 1875000 1743454
V1 1875000 1743454 1211574 1743454
V1 1211574 1743454 1193060 1724940
Net37 5 
V1 2727330 1706520 2718690 1697880
V1 2718690 1697880 2300000 1697880
V1 2300000 1697880 1875000 1734197
V1 1875000 1734197 1385909 1734197
V1 1385909 1734197 1376652 1724940
Net38 5 
V1 2770630 1706520 2757670 1693560
V1 2757670 1693560 2300000 1693560
V1 2300000 1693560 1875000 1713834
V1 1875000 1713834 1479556 1713834
V1 1479556 1713834 1468450 1724940
Net40 5 
V1 2662380 1680600 2657196 1675416
V1 2657196 1675416 2300000 1675416
V1 2300000 1675416 1875000 1680508
V1 1875000 1680508 870291 1680508
V1 870291 1680508 825860 1724940
Net41 5 
V1 2705680 1680600 2701360 1684920
V1 2701360 1684920 2300000 1684920
V1 2300000 1684920 1875000 1691617
V1 1875000 1691617 950983 1691617
V1 950983 1691617 917660 1724940
Net42 5 
V1 2792280 1680600 2783640 1689240
V1 2783640 1689240 2300000 1689240
V1 2300000 1689240 1875000 1702725
V1 1875000 1702725 1123474 1702725
V1 1123474 1702725 1101260 1724940
Net45 5 
V1 2640730 1654680 2635546 1659864
V1 2635546 1659864 2300000 1659864
V1 2300000 1659864 1875000 1648573
V1 1875000 1648573 984386 1648573
V1 984386 1648573 963560 1669400
Net46 5 
V1 2684030 1654680 2673662 1665048
V1 2673662 1665048 2300000 1665048
V1 2300000 1665048 1875000 1655516
V1 1875000 1655516 1069243 1655516
V1 1069243 1655516 1055360 1669400
Net47 5 
V1 2770630 1654680 2755078 1670232
V1 2755078 1670232 2300000 1670232
V1 2300000 1670232 1875000 1662459
V1 1875000 1662459 1337693 1662459
V1 1337693 1662459 1330752 1669400
Net48 5 
V1 2575780 1628760 2569300 1635240
V1 2569300 1635240 2300000 1635240
V1 2300000 1635240 1875000 1627745
V1 1875000 1627745 454424 1627745
V1 454424 1627745 412770 1669400
Net49 5 
V1 2619080 1628760 2606120 1641720
V1 2606120 1641720 2300000 1641720
V1 2300000 1641720 1875000 1634688
V1 1875000 1634688 539281 1634688
V1 539281 1634688 504570 1669400
Net50 5 
V1 2662380 1628760 2642940 1648200
V1 2642940 1648200 2300000 1648200
V1 2300000 1648200 1875000 1641631
V1 1875000 1641631 715931 1641631
V1 715931 1641631 688162 1669400
Net56 5 
V1 2597430 1602840 2592246 1608024
V1 2592246 1608024 2300000 1608024
V1 2300000 1608024 1875000 1580529
V1 1875000 1580529 400200 1580529
V1 400200 1580529 366870 1613860
Net57 5 
V1 2684030 1602840 2673662 1613208
V1 2673662 1613208 2300000 1613208
V1 2300000 1613208 1875000 1591638
V1 1875000 1591638 572689 1591638
V1 572689 1591638 550467 1613860
Net58 5 
V1 2727330 1602840 2711778 1618392
V1 2711778 1618392 2300000 1618392
V1 2300000 1618392 1875000 1602746
V1 1875000 1602746 1112373 1602746
V1 1112373 1602746 1101260 1613860
Net59 5 
V1 2770630 1602840 2749894 1623576
V1 2749894 1623576 2300000 1623576
V1 2300000 1623576 1875000 1620802
V1 1875000 1620802 924602 1620802
V1 924602 1620802 917660 1613860
Net60 5 
V1 2575780 1576920 2562820 1589880
V1 2562820 1589880 2300000 1589880
V1 2300000 1589880 1875000 1569421
V1 1875000 1569421 515678 1569421
V1 515678 1569421 504570 1558312
Net72 5 
V1 2619080 1525080 2612600 1531560
V1 2612600 1531560 2300000 1531560
V1 2300000 1531560 1875000 1465741
V1 1875000 1465741 495698 1465741
V1 495698 1465741 458670 1502770
Net73 5 
V1 2662380 1525080 2649420 1538040
V1 2649420 1538040 2300000 1538040
V1 2300000 1538040 1875000 1484255
V1 1875000 1484255 568982 1484255
V1 568982 1484255 550467 1502770
Net74 5 
V1 2748980 1525080 2729540 1544520
V1 2729540 1544520 2300000 1544520
V1 2300000 1544520 1875000 1530541
V1 1875000 1530541 1450321 1530541
V1 1450321 1530541 1422550 1558312
