Nets 28
Net6 5 
M2 3666970 1847230 3639198 1875001
M2 3639198 1875001 2300000 1875001
M2 2300000 1875001 1875000 1827800
M2 1875000 1827800 1475490 1827800
M2 1475490 1827800 1461090 1842200
Net9 5 
M2 3952760 1847230 3934246 1828716
M2 3934246 1828716 2300000 1828716
M2 2300000 1828716 1875000 1813400
M2 1875000 1813400 897530 1813400
M2 897530 1813400 868730 1842200
Net16 5 
M2 3333550 1791687 3315035 1810202
M2 3315035 1810202 2300000 1810202
M2 2300000 1810202 1875000 1777400
M2 1875000 1777400 1252330 1777400
M2 1252330 1777400 1230730 1799000
Net21 5 
M2 3809860 1791687 3791346 1773173
M2 3791346 1773173 2300000 1773173
M2 2300000 1773173 1875000 1741400
M2 1875000 1741400 1607130 1741400
M2 1607130 1741400 1592730 1755800
Net26 5 
M2 3000130 1736140 2981610 1754659
M2 2981610 1754659 2300000 1754659
M2 2300000 1754659 1875000 1727000
M2 1875000 1727000 1029170 1727000
M2 1029170 1727000 1000370 1755800
Net36 5 
M2 2952500 1680600 2945559 1687540
M2 2945559 1687540 2300000 1687540
M2 2300000 1687540 1875000 1674800
M2 1875000 1674800 1071077 1674800
M2 1071077 1674800 1033277 1712600
Net37 5 
M2 3143020 1680600 3129136 1694483
M2 3129136 1694483 2300000 1694483
M2 2300000 1694483 1875000 1680200
M2 1875000 1680200 1131490 1680200
M2 1131490 1680200 1099090 1712600
Net38 5 
M2 3238290 1680600 3217463 1701426
M2 3217463 1701426 2300000 1701426
M2 2300000 1701426 1875000 1685600
M2 1875000 1685600 1191910 1685600
M2 1191910 1685600 1164910 1712600
Net39 5 
M2 3428810 1680600 3401041 1708369
M2 3401041 1708369 2300000 1708369
M2 2300000 1708369 1875000 1691000
M2 1875000 1691000 1318150 1691000
M2 1318150 1691000 1296550 1712600
Net40 5 
M2 3524077 1680600 3489365 1715311
M2 3489365 1715311 2300000 1715311
M2 2300000 1715311 1875000 1696400
M2 1875000 1696400 1378562 1696400
M2 1378562 1696400 1362362 1712600
Net41 5 
M2 3714600 1680600 3672945 1722254
M2 3672945 1722254 2300000 1722254
M2 2300000 1722254 1875000 1701800
M2 1875000 1701800 1438980 1701800
M2 1438980 1701800 1428180 1712600
Net42 5 
M2 3809860 1680600 3761262 1729197
M2 3761262 1729197 2300000 1729197
M2 2300000 1729197 1875000 1707200
M2 1875000 1707200 1499400 1707200
M2 1499400 1707200 1494000 1712600
Net44 5 
M2 2714340 1625060 2686571 1652828
M2 2686571 1652828 2300000 1652828
M2 2300000 1652828 1875000 1647800
M2 1875000 1647800 956150 1647800
M2 956150 1647800 934550 1669400
Net52 5 
M2 3857492 1625060 3850549 1618117
M2 3850549 1618117 2300000 1618117
M2 2300000 1618117 1875000 1621400
M2 1875000 1621400 1564620 1621400
M2 1564620 1621400 1559820 1626200
Net55 5 
M2 2857237 1569512 2850289 1576460
M2 2850289 1576460 2300000 1576460
M2 2300000 1576460 1875000 1592600
M2 1875000 1592600 1132690 1592600
M2 1132690 1592600 1099090 1626200
Net56 5 
M2 2952500 1569512 2938609 1583403
M2 2938609 1583403 2300000 1583403
M2 2300000 1583403 1875000 1597400
M2 1875000 1597400 1193710 1597400
M2 1193710 1597400 1164910 1626200
Net57 5 
M2 3143020 1569512 3122186 1590346
M2 3122186 1590346 2300000 1590346
M2 2300000 1590346 1875000 1602200
M2 1875000 1602200 1254730 1602200
M2 1254730 1602200 1230730 1626200
Net58 5 
M2 3238290 1569512 3210513 1597289
M2 3210513 1597289 2300000 1597289
M2 2300000 1597289 1875000 1607000
M2 1875000 1607000 1381562 1607000
M2 1381562 1607000 1362362 1626200
Net59 5 
M2 3333550 1569512 3298830 1604231
M2 3298830 1604231 2300000 1604231
M2 2300000 1604231 1875000 1611800
M2 1875000 1611800 1442580 1611800
M2 1442580 1611800 1428180 1626200
Net60 5 
M2 3428810 1569512 3387148 1611174
M2 3387148 1611174 2300000 1611174
M2 2300000 1611174 1875000 1616600
M2 1875000 1616600 1503600 1616600
M2 1503600 1616600 1494000 1626200
Net65 5 
M2 2619080 1513970 2612908 1507798
M2 2612908 1507798 2300000 1507798
M2 2300000 1507798 1875000 1587800
M2 1875000 1587800 940040 1587800
M2 940040 1587800 901640 1626200
Net72 5 
M2 3476440 1513970 3464097 1501627
M2 3464097 1501627 2300000 1501627
M2 2300000 1501627 1875000 1525400
M2 1875000 1525400 1310950 1525400
M2 1310950 1525400 1296550 1539800
Net82 5 
M2 3238290 1458430 3232120 1464600
M2 3232120 1464600 2300000 1464600
M2 2300000 1464600 1875000 1460600
M2 1875000 1460600 1233820 1460600
M2 1233820 1460600 1197820 1496600
Net83 5 
M2 3333550 1458430 3321208 1470771
M2 3321208 1470771 2300000 1470771
M2 2300000 1470771 1875000 1467800
M2 1875000 1467800 1292440 1467800
M2 1292440 1467800 1263640 1496600
Net84 5 
M2 3524077 1458430 3505565 1476942
M2 3505565 1476942 2300000 1476942
M2 2300000 1476942 1875000 1475000
M2 1875000 1475000 1416870 1475000
M2 1416870 1475000 1395270 1496600
Net85 5 
M2 3619340 1458430 3594656 1483113
M2 3594656 1483113 2300000 1483113
M2 2300000 1483113 1875000 1482200
M2 1875000 1482200 1475490 1482200
M2 1475490 1482200 1461090 1496600
Net86 5 
M2 3809860 1458430 3779005 1489285
M2 3779005 1489285 2300000 1489285
M2 2300000 1489285 1875000 1489400
M2 1875000 1489400 1599930 1489400
M2 1599930 1489400 1592730 1496600
Net87 5 
M2 3905130 1458430 3868103 1495456
M2 3868103 1495456 2300000 1495456
M2 2300000 1495456 1875000 1511000
M2 1875000 1511000 864620 1511000
M2 864620 1511000 835820 1539800
