Nets 26
Net11 5 
V2 2761970 1791687 2754034 1799623
V2 2754034 1799623 2300000 1799623
V2 2300000 1799623 1875000 1806200
V2 1875000 1806200 823322 1806200
V2 823322 1806200 787322 1842200
Net12 5 
V2 2952500 1791687 2936630 1807557
V2 2936630 1807557 2300000 1807557
V2 2300000 1807557 1875000 1813400
V2 1875000 1813400 902730 1813400
V2 902730 1813400 873930 1842200
Net13 5 
V2 3047760 1791687 3023955 1815492
V2 3023955 1815492 2300000 1815492
V2 2300000 1815492 1875000 1820600
V2 1875000 1820600 982130 1820600
V2 982130 1820600 960530 1842200
Net14 5 
V2 3143020 1791687 3111281 1823426
V2 3111281 1823426 2300000 1823426
V2 2300000 1823426 1875000 1827800
V2 1875000 1827800 1148132 1827800
V2 1148132 1827800 1133732 1842200
Net15 5 
V2 3238290 1791687 3198616 1831361
V2 3198616 1831361 2300000 1831361
V2 2300000 1831361 1875000 1835000
V2 1875000 1835000 1314140 1835000
V2 1314140 1835000 1306940 1842200
Net22 5 
V2 3905130 1791687 3857522 1839295
V2 3857522 1839295 2300000 1839295
V2 2300000 1839295 1875000 1863800
V2 1875000 1863800 592420 1863800
V2 592420 1863800 570820 1885400
Net23 5 
V2 2714340 1736140 2686563 1763916
V2 2686563 1763916 2300000 1763916
V2 2300000 1763916 1875000 1784600
V2 1875000 1784600 758420 1784600
V2 758420 1784600 744020 1799000
Net34 5 
V2 2666710 1680600 2648198 1699112
V2 2648198 1699112 2300000 1699112
V2 2300000 1699112 1875000 1734200
V2 1875000 1734200 722320 1734200
V2 722320 1734200 700720 1755800
Net43 5 
V2 3905130 1680600 3868104 1717626
V2 3868104 1717626 2300000 1717626
V2 2300000 1717626 1875000 1770200
V2 1875000 1770200 599620 1770200
V2 599620 1770200 570820 1799000
Net54 5 
V2 2666710 1569512 2648190 1588032
V2 2648190 1588032 2300000 1588032
V2 2300000 1588032 1875000 1615400
V2 1875000 1615400 754820 1615400
V2 754820 1615400 744020 1626200
Net61 5 
V2 3524077 1569512 3517906 1563341
V2 3517906 1563341 2300000 1563341
V2 2300000 1563341 1875000 1604600
V2 1875000 1604600 1328540 1604600
V2 1328540 1604600 1306940 1583000
Net62 5 
V2 3714600 1569512 3702257 1557170
V2 3702257 1557170 2300000 1557170
V2 2300000 1557170 1875000 1593800
V2 1875000 1593800 1490942 1593800
V2 1490942 1593800 1480142 1583000
Net63 5 
V2 3809860 1569512 3791346 1550998
V2 3791346 1550998 2300000 1550998
V2 2300000 1550998 1875000 1578680
V2 1875000 1578680 1571070 1578680
V2 1571070 1578680 1566750 1583000
Net64 5 
V2 3905130 1569512 3868096 1606546
V2 3868096 1606546 2300000 1606546
V2 2300000 1606546 1875000 1647800
V2 1875000 1647800 592420 1647800
V2 592420 1647800 570820 1626200
Net66 5 
V2 2714340 1513970 2708167 1520142
V2 2708167 1520142 2300000 1520142
V2 2300000 1520142 1875000 1557080
V2 1875000 1557080 726640 1557080
V2 726640 1557080 700720 1583000
Net67 5 
V2 2809602 1513970 2797258 1526313
V2 2797258 1526313 2300000 1526313
V2 2300000 1526313 1875000 1561400
V2 1875000 1561400 808922 1561400
V2 808922 1561400 787322 1583000
Net68 5 
V2 2904870 1513970 2886355 1532485
V2 2886355 1532485 2300000 1532485
V2 2300000 1532485 1875000 1565720
V2 1875000 1565720 977810 1565720
V2 977810 1565720 960530 1583000
Net69 5 
V2 3000130 1513970 2975443 1538656
V2 2975443 1538656 2300000 1538656
V2 2300000 1538656 1875000 1570040
V2 1875000 1570040 1060090 1570040
V2 1060090 1570040 1047130 1583000
Net70 5 
V2 3095390 1513970 3064532 1544827
V2 3064532 1544827 2300000 1544827
V2 2300000 1544827 1875000 1574360
V2 1875000 1574360 1142372 1574360
V2 1142372 1574360 1133732 1583000
Net73 5 
V2 3571710 1513970 3564767 1507027
V2 3564767 1507027 2300000 1507027
V2 2300000 1507027 1875000 1552760
V2 1875000 1552760 1276600 1552760
V2 1276600 1552760 1263640 1539800
Net74 5 
V2 3666970 1513970 3653084 1500084
V2 3653084 1500084 2300000 1500084
V2 2300000 1500084 1875000 1548440
V2 1875000 1548440 1358880 1548440
V2 1358880 1548440 1350240 1539800
Net75 5 
V2 3762230 1513970 3741401 1493141
V2 3741401 1493141 2300000 1493141
V2 2300000 1493141 1875000 1544120
V2 1875000 1544120 1441160 1544120
V2 1441160 1544120 1436840 1539800
Net76 5 
V2 3857492 1513970 3829721 1486199
V2 3829721 1486199 2300000 1486199
V2 2300000 1486199 1875000 1531160
V2 1875000 1531160 1532087 1531160
V2 1532087 1531160 1523447 1539800
Net78 5 
V2 2666710 1458430 2659769 1465370
V2 2659769 1465370 2300000 1465370
V2 2300000 1465370 1875000 1505240
V2 1875000 1505240 778580 1505240
V2 778580 1505240 744020 1539800
Net79 5 
V2 2761970 1458430 2748086 1472313
V2 2748086 1472313 2300000 1472313
V2 2300000 1472313 1875000 1513880
V2 1875000 1513880 856547 1513880
V2 856547 1513880 830627 1539800
Net80 5 
V2 2952500 1458430 2931673 1479256
V2 2931673 1479256 2300000 1479256
V2 2300000 1479256 1875000 1522520
V2 1875000 1522520 934510 1522520
V2 934510 1522520 917230 1539800
