Nets 26
Net11 5 
V2 2761970 1791687 2754034 1799623
V2 2754034 1799623 2300000 1799623
V2 2300000 1799623 1875000 1806200
V2 1875000 1806200 1036370 1806200
V2 1036370 1806200 1000370 1842200
Net12 5 
V2 2952500 1791687 2936630 1807557
V2 2936630 1807557 2300000 1807557
V2 2300000 1807557 1875000 1813400
V2 1875000 1813400 1094982 1813400
V2 1094982 1813400 1066182 1842200
Net13 5 
V2 3047760 1791687 3023955 1815492
V2 3023955 1815492 2300000 1815492
V2 2300000 1815492 1875000 1820600
V2 1875000 1820600 1153600 1820600
V2 1153600 1820600 1132000 1842200
Net14 5 
V2 3143020 1791687 3111281 1823426
V2 3111281 1823426 2300000 1823426
V2 2300000 1823426 1875000 1827800
V2 1875000 1827800 1278040 1827800
V2 1278040 1827800 1263640 1842200
Net15 5 
V2 3238290 1791687 3198616 1831361
V2 3198616 1831361 2300000 1831361
V2 2300000 1831361 1875000 1835000
V2 1875000 1835000 1402470 1835000
V2 1402470 1835000 1395270 1842200
Net22 5 
V2 3905130 1791687 3857522 1839295
V2 3857522 1839295 2300000 1839295
V2 2300000 1839295 1875000 1863800
V2 1875000 1863800 857420 1863800
V2 857420 1863800 835820 1885400
Net23 5 
V2 2714340 1736140 2686563 1763916
V2 2686563 1763916 2300000 1763916
V2 2300000 1763916 1875000 1784600
V2 1875000 1784600 981860 1784600
V2 981860 1784600 967460 1799000
Net34 5 
V2 2666710 1680600 2648198 1699112
V2 2648198 1699112 2300000 1699112
V2 2300000 1699112 1875000 1734200
V2 1875000 1734200 956150 1734200
V2 956150 1734200 934550 1755800
Net43 5 
V2 3905130 1680600 3868104 1717626
V2 3868104 1717626 2300000 1717626
V2 2300000 1717626 1875000 1770200
V2 1875000 1770200 864620 1770200
V2 864620 1770200 835820 1799000
Net54 5 
V2 2666710 1569512 2648190 1588032
V2 2648190 1588032 2300000 1588032
V2 2300000 1588032 1875000 1615400
V2 1875000 1615400 978260 1615400
V2 978260 1615400 967460 1626200
Net61 5 
V2 3524077 1569512 3517906 1563341
V2 3517906 1563341 2300000 1563341
V2 2300000 1563341 1875000 1604600
V2 1875000 1604600 1416870 1604600
V2 1416870 1604600 1395270 1583000
Net62 5 
V2 3714600 1569512 3702257 1557170
V2 3702257 1557170 2300000 1557170
V2 2300000 1557170 1875000 1593800
V2 1875000 1593800 1537710 1593800
V2 1537710 1593800 1526910 1583000
Net63 5 
V2 3809860 1569512 3791346 1550998
V2 3791346 1550998 2300000 1550998
V2 2300000 1550998 1875000 1578680
V2 1875000 1578680 1597050 1578680
V2 1597050 1578680 1592730 1583000
Net64 5 
V2 3905130 1569512 3868096 1606546
V2 3868096 1606546 2300000 1606546
V2 2300000 1606546 1875000 1647800
V2 1875000 1647800 857420 1647800
V2 857420 1647800 835820 1626200
Net66 5 
V2 2714340 1513970 2708167 1520142
V2 2708167 1520142 2300000 1520142
V2 2300000 1520142 1875000 1557080
V2 1875000 1557080 960470 1557080
V2 960470 1557080 934550 1583000
Net67 5 
V2 2809602 1513970 2797258 1526313
V2 2797258 1526313 2300000 1526313
V2 2300000 1526313 1875000 1561400
V2 1875000 1561400 1021970 1561400
V2 1021970 1561400 1000370 1583000
Net68 5 
V2 2904870 1513970 2886355 1532485
V2 2886355 1532485 2300000 1532485
V2 2300000 1532485 1875000 1565720
V2 1875000 1565720 1149280 1565720
V2 1149280 1565720 1132000 1583000
Net69 5 
V2 3000130 1513970 2975443 1538656
V2 2975443 1538656 2300000 1538656
V2 2300000 1538656 1875000 1570040
V2 1875000 1570040 1210780 1570040
V2 1210780 1570040 1197820 1583000
Net70 5 
V2 3095390 1513970 3064532 1544827
V2 3064532 1544827 2300000 1544827
V2 2300000 1544827 1875000 1574360
V2 1875000 1574360 1272280 1574360
V2 1272280 1574360 1263640 1583000
Net73 5 
V2 3571710 1513970 3564767 1507027
V2 3564767 1507027 2300000 1507027
V2 2300000 1507027 1875000 1552760
V2 1875000 1552760 1375322 1552760
V2 1375322 1552760 1362362 1539800
Net74 5 
V2 3666970 1513970 3653084 1500084
V2 3653084 1500084 2300000 1500084
V2 2300000 1500084 1875000 1548440
V2 1875000 1548440 1436820 1548440
V2 1436820 1548440 1428180 1539800
Net75 5 
V2 3762230 1513970 3741401 1493141
V2 3741401 1493141 2300000 1493141
V2 2300000 1493141 1875000 1544120
V2 1875000 1544120 1498320 1544120
V2 1498320 1544120 1494000 1539800
Net76 5 
V2 3857492 1513970 3829721 1486199
V2 3829721 1486199 2300000 1486199
V2 2300000 1486199 1875000 1531160
V2 1875000 1531160 1568460 1531160
V2 1568460 1531160 1559820 1539800
Net78 5 
V2 2666710 1458430 2659769 1465370
V2 2659769 1465370 2300000 1465370
V2 2300000 1465370 1875000 1505240
V2 1875000 1505240 1002020 1505240
V2 1002020 1505240 967460 1539800
Net79 5 
V2 2761970 1458430 2748086 1472313
V2 2748086 1472313 2300000 1472313
V2 2300000 1472313 1875000 1513880
V2 1875000 1513880 1059197 1513880
V2 1059197 1513880 1033277 1539800
Net80 5 
V2 2952500 1458430 2931673 1479256
V2 2931673 1479256 2300000 1479256
V2 2300000 1479256 1875000 1522520
V2 1875000 1522520 1116370 1522520
V2 1116370 1522520 1099090 1539800
