Nets 48
Net6 5 
M2 3454790 1853400 3433190 1875000
M2 3433190 1875000 2300000 1875000
M2 2300000 1875000 1875000 1863800
M2 1875000 1863800 702837 1863800
M2 702837 1863800 681237 1885400
Net9 5 
M2 2792280 1810200 2786880 1815600
M2 2786880 1815600 2300000 1815600
M2 2300000 1815600 1875000 1804400
M2 1875000 1804400 991830 1804400
M2 991830 1804400 954030 1842200
Net10 5 
M2 2870227 1810200 2859427 1821000
M2 2859427 1821000 2300000 1821000
M2 2300000 1821000 1875000 1809800
M2 1875000 1809800 1064380 1809800
M2 1064380 1809800 1031980 1842200
Net11 5 
M2 2948170 1810200 2931970 1826400
M2 2931970 1826400 2300000 1826400
M2 2300000 1826400 1875000 1815200
M2 1875000 1815200 1214860 1815200
M2 1214860 1815200 1187860 1842200
Net12 5 
M2 3104050 1810200 3082450 1831800
M2 3082450 1831800 2300000 1831800
M2 2300000 1831800 1875000 1820600
M2 1875000 1820600 1365347 1820600
M2 1365347 1820600 1343747 1842200
Net13 5 
M2 3181997 1810200 3154997 1837200
M2 3154997 1837200 2300000 1837200
M2 2300000 1837200 1875000 1826000
M2 1875000 1826000 1437890 1826000
M2 1437890 1826000 1421690 1842200
Net14 5 
M2 3259940 1810200 3227540 1842600
M2 3227540 1842600 2300000 1842600
M2 2300000 1842600 1875000 1831400
M2 1875000 1831400 1510430 1831400
M2 1510430 1831400 1499630 1842200
Net15 5 
M2 3337880 1810200 3300080 1848000
M2 3300080 1848000 2300000 1848000
M2 2300000 1848000 1875000 1836800
M2 1875000 1836800 1582970 1836800
M2 1582970 1836800 1577570 1842200
Net19 5 
M2 2831252 1767000 2825080 1773172
M2 2825080 1773172 2300000 1773172
M2 2300000 1773172 1875000 1761971
M2 1875000 1761971 1107978 1761971
M2 1107978 1761971 1070950 1799000
Net20 5 
M2 2987140 1767000 2974796 1779343
M2 2974796 1779343 2300000 1779343
M2 2300000 1779343 1875000 1768142
M2 1875000 1768142 1179747 1768142
M2 1179747 1768142 1148890 1799000
Net21 5 
M2 3065080 1767000 3046565 1785515
M2 3046565 1785515 2300000 1785515
M2 2300000 1785515 1875000 1774313
M2 1875000 1774313 1251516 1774313
M2 1251516 1774313 1226830 1799000
Net22 5 
M2 3143020 1767000 3118333 1791686
M2 3118333 1791686 2300000 1791686
M2 2300000 1791686 1875000 1780485
M2 1875000 1780485 1323287 1780485
M2 1323287 1780485 1304772 1799000
Net23 5 
M2 3298910 1767000 3268052 1797857
M2 3268052 1797857 2300000 1797857
M2 2300000 1797857 1875000 1786656
M2 1875000 1786656 1395063 1786656
M2 1395063 1786656 1382720 1799000
Net24 5 
M2 3376850 1767000 3339821 1804028
M2 3339821 1804028 2300000 1804028
M2 2300000 1804028 1875000 1792827
M2 1875000 1792827 1544772 1792827
M2 1544772 1792827 1538600 1799000
Net28 5 
M2 2792280 1723800 2786880 1729200
M2 2786880 1729200 2300000 1729200
M2 2300000 1729200 1875000 1718000
M2 1875000 1718000 991830 1718000
M2 991830 1718000 954030 1755800
Net29 5 
M2 2870227 1723800 2859427 1734600
M2 2859427 1734600 2300000 1734600
M2 2300000 1734600 1875000 1723400
M2 1875000 1723400 1064380 1723400
M2 1064380 1723400 1031980 1755800
Net30 5 
M2 3026110 1723800 3009910 1740000
M2 3009910 1740000 2300000 1740000
M2 2300000 1740000 1875000 1728800
M2 1875000 1728800 1136920 1728800
M2 1136920 1728800 1109920 1755800
Net31 5 
M2 3104050 1723800 3082450 1745400
M2 3082450 1745400 2300000 1745400
M2 2300000 1745400 1875000 1734200
M2 1875000 1734200 1209460 1734200
M2 1209460 1734200 1187860 1755800
Net32 5 
M2 3181997 1723800 3154997 1750800
M2 3154997 1750800 2300000 1750800
M2 2300000 1750800 1875000 1739600
M2 1875000 1739600 1359947 1739600
M2 1359947 1739600 1343747 1755800
Net33 5 
M2 3337880 1723800 3305480 1756200
M2 3305480 1756200 2300000 1756200
M2 2300000 1756200 1875000 1745000
M2 1875000 1745000 1510430 1745000
M2 1510430 1745000 1499630 1755800
Net34 5 
M2 3415820 1723800 3378020 1761600
M2 3378020 1761600 2300000 1761600
M2 2300000 1761600 1875000 1750400
M2 1875000 1750400 1582970 1750400
M2 1582970 1750400 1577570 1755800
Net38 5 
M2 2831252 1680600 2825080 1686772
M2 2825080 1686772 2300000 1686772
M2 2300000 1686772 1875000 1675571
M2 1875000 1675571 1030031 1675571
M2 1030031 1675571 993002 1712600
Net39 5 
M2 2987140 1680600 2974796 1692943
M2 2974796 1692943 2300000 1692943
M2 2300000 1692943 1875000 1681742
M2 1875000 1681742 1101807 1681742
M2 1101807 1681742 1070950 1712600
Net40 5 
M2 3143020 1680600 3124505 1699115
M2 3124505 1699115 2300000 1699115
M2 2300000 1699115 1875000 1687913
M2 1875000 1687913 1251516 1687913
M2 1251516 1687913 1226830 1712600
Net41 5 
M2 3220970 1680600 3196283 1705286
M2 3196283 1705286 2300000 1705286
M2 2300000 1705286 1875000 1694085
M2 1875000 1694085 1323287 1694085
M2 1323287 1694085 1304772 1712600
Net42 5 
M2 3298910 1680600 3268052 1711457
M2 3268052 1711457 2300000 1711457
M2 2300000 1711457 1875000 1700256
M2 1875000 1700256 1395063 1700256
M2 1395063 1700256 1382720 1712600
Net43 5 
M2 3376850 1680600 3339821 1717628
M2 3339821 1717628 2300000 1717628
M2 2300000 1717628 1875000 1706427
M2 1875000 1706427 1466832 1706427
M2 1466832 1706427 1460660 1712600
Net55 5 
M2 2987140 1594200 2976340 1605000
M2 2976340 1605000 2300000 1605000
M2 2300000 1605000 1875000 1597400
M2 1875000 1597400 1099750 1597400
M2 1099750 1597400 1070950 1626200
Net56 5 
M2 3065080 1594200 3043480 1615800
M2 3043480 1615800 2300000 1615800
M2 2300000 1615800 1875000 1611800
M2 1875000 1611800 1163290 1611800
M2 1163290 1611800 1148890 1626200
Net61 5 
M2 3454790 1594200 3422390 1626600
M2 3422390 1626600 2300000 1626600
M2 2300000 1626600 1875000 1647800
M2 1875000 1647800 702837 1647800
M2 702837 1647800 681237 1626200
Net64 5 
M2 2870227 1551000 2864055 1557172
M2 2864055 1557172 2300000 1557172
M2 2300000 1557172 1875000 1545971
M2 1875000 1545971 1069008 1545971
M2 1069008 1545971 1031980 1583000
Net65 5 
M2 2948170 1551000 2935826 1563343
M2 2935826 1563343 2300000 1563343
M2 2300000 1563343 1875000 1552142
M2 1875000 1552142 1140777 1552142
M2 1140777 1552142 1109920 1583000
Net66 5 
M2 3026110 1551000 3007595 1569515
M2 3007595 1569515 2300000 1569515
M2 2300000 1569515 1875000 1558313
M2 1875000 1558313 1212546 1558313
M2 1212546 1558313 1187860 1583000
Net67 5 
M2 3104050 1551000 3079363 1575686
M2 3079363 1575686 2300000 1575686
M2 2300000 1575686 1875000 1564485
M2 1875000 1564485 1362262 1564485
M2 1362262 1564485 1343747 1583000
Net68 5 
M2 3259940 1551000 3229082 1581857
M2 3229082 1581857 2300000 1581857
M2 2300000 1581857 1875000 1570656
M2 1875000 1570656 1511973 1570656
M2 1511973 1570656 1499630 1583000
Net69 5 
M2 3337880 1551000 3300851 1588028
M2 3300851 1588028 2300000 1588028
M2 2300000 1588028 1875000 1576827
M2 1875000 1576827 1583742 1576827
M2 1583742 1576827 1577570 1583000
Net73 5 
M2 2753310 1507800 2747910 1513200
M2 2747910 1513200 2300000 1513200
M2 2300000 1513200 1875000 1502000
M2 1875000 1502000 1030802 1502000
M2 1030802 1502000 993002 1539800
Net74 5 
M2 2831252 1507800 2820452 1518600
M2 2820452 1518600 2300000 1518600
M2 2300000 1518600 1875000 1507400
M2 1875000 1507400 1103350 1507400
M2 1103350 1507400 1070950 1539800
Net75 5 
M2 2987140 1507800 2970940 1524000
M2 2970940 1524000 2300000 1524000
M2 2300000 1524000 1875000 1512800
M2 1875000 1512800 1253830 1512800
M2 1253830 1512800 1226830 1539800
Net76 5 
M2 3143020 1507800 3121420 1529400
M2 3121420 1529400 2300000 1529400
M2 2300000 1529400 1875000 1518200
M2 1875000 1518200 1326372 1518200
M2 1326372 1518200 1304772 1539800
Net77 5 
M2 3220970 1507800 3193970 1534800
M2 3193970 1534800 2300000 1534800
M2 2300000 1534800 1875000 1523600
M2 1875000 1523600 1398920 1523600
M2 1398920 1523600 1382720 1539800
Net78 5 
M2 3298910 1507800 3266510 1540200
M2 3266510 1540200 2300000 1540200
M2 2300000 1540200 1875000 1529000
M2 1875000 1529000 1471460 1529000
M2 1471460 1529000 1460660 1539800
Net79 5 
M2 3376850 1507800 3339050 1545600
M2 3339050 1545600 2300000 1545600
M2 2300000 1545600 1875000 1534400
M2 1875000 1534400 1544000 1534400
M2 1544000 1534400 1538600 1539800
Net82 5 
M2 2792280 1464600 2785080 1471800
M2 2785080 1471800 2300000 1471800
M2 2300000 1471800 1875000 1460600
M2 1875000 1460600 1145920 1460600
M2 1145920 1460600 1109920 1496600
Net83 5 
M2 2870227 1464600 2855827 1479000
M2 2855827 1479000 2300000 1479000
M2 2300000 1479000 1875000 1467800
M2 1875000 1467800 1216660 1467800
M2 1216660 1467800 1187860 1496600
Net84 5 
M2 3026110 1464600 3004510 1486200
M2 3004510 1486200 2300000 1486200
M2 2300000 1486200 1875000 1475000
M2 1875000 1475000 1365347 1475000
M2 1365347 1475000 1343747 1496600
Net85 5 
M2 3104050 1464600 3075250 1493400
M2 3075250 1493400 2300000 1493400
M2 2300000 1493400 1875000 1482200
M2 1875000 1482200 1436090 1482200
M2 1436090 1482200 1421690 1496600
Net86 5 
M2 3259940 1464600 3223940 1500600
M2 3223940 1500600 2300000 1500600
M2 2300000 1500600 1875000 1489400
M2 1875000 1489400 1584770 1489400
M2 1584770 1489400 1577570 1496600
