Nets 20
Net5 5 
V2 3301070 1853400 3279470 1875000
V2 3279470 1875000 2300000 1875000
V2 2300000 1875000 1875000 1837880
V2 1875000 1837880 1620840 1837880
V2 1620840 1837880 1607880 1850840
Net13 5 
V2 3257770 1810200 3236170 1831800
V2 3236170 1831800 2300000 1831800
V2 2300000 1831800 1875000 1811960
V2 1875000 1811960 1486610 1811960
V2 1486610 1811960 1473650 1824920
Net23 5 
V2 3387677 1767000 3366077 1788600
V2 3366077 1788600 2300000 1788600
V2 2300000 1788600 1875000 1786040
V2 1875000 1786040 1620840 1786040
V2 1620840 1786040 1607880 1799000
Net31 5 
V2 3171170 1723800 3149570 1745400
V2 3149570 1745400 2300000 1745400
V2 2300000 1745400 1875000 1760120
V2 1875000 1760120 1432917 1760120
V2 1432917 1760120 1419957 1773080
Net32 5 
V2 3257770 1723800 3246970 1713000
V2 3246970 1713000 2300000 1713000
V2 2300000 1713000 1875000 1734200
V2 1875000 1734200 1459760 1734200
V2 1459760 1734200 1446800 1747160
Net35 5 
V2 3604180 1723800 3582580 1702200
V2 3582580 1702200 2300000 1702200
V2 2300000 1702200 1875000 1708280
V2 1875000 1708280 1271832 1708280
V2 1271832 1708280 1258872 1721240
Net38 5 
V2 2868060 1680600 2857260 1691400
V2 2857260 1691400 2300000 1691400
V2 2300000 1691400 1875000 1682360
V2 1875000 1682360 1459760 1682360
V2 1459760 1682360 1446800 1695320
Net48 5 
V2 3171170 1637400 3156770 1651800
V2 3156770 1651800 2300000 1651800
V2 2300000 1651800 1875000 1656440
V2 1875000 1656440 1432917 1656440
V2 1432917 1656440 1419957 1669400
Net49 5 
V2 3257770 1637400 3228970 1666200
V2 3228970 1666200 2300000 1666200
V2 2300000 1666200 1875000 1662920
V2 1875000 1662920 1480130 1662920
V2 1480130 1662920 1473650 1669400
Net55 5 
V2 3041267 1594200 3032627 1602840
V2 3032627 1602840 2300000 1602840
V2 2300000 1602840 1875000 1586456
V2 1875000 1586456 1505681 1586456
V2 1505681 1586456 1500497 1591640
Net59 5 
V2 3387677 1594200 3370397 1611480
V2 3370397 1611480 2300000 1611480
V2 2300000 1611480 1875000 1626200
V2 1875000 1626200 1571470 1626200
V2 1571470 1626200 1554190 1643480
Net60 5 
V2 3474280 1594200 3448360 1620120
V2 3448360 1620120 2300000 1620120
V2 2300000 1620120 1875000 1634840
V2 1875000 1634840 1616520 1634840
V2 1616520 1634840 1607880 1643480
Net61 5 
V2 3560880 1594200 3526320 1628760
V2 3526320 1628760 2300000 1628760
V2 2300000 1628760 1875000 1649960
V2 1875000 1649960 1278312 1649960
V2 1278312 1649960 1258872 1669400
Net62 5 
V2 2651552 1551000 2640752 1561800
V2 2640752 1561800 2300000 1561800
V2 2300000 1561800 1875000 1570904
V2 1875000 1570904 1360153 1570904
V2 1360153 1570904 1339417 1591640
Net64 5 
V2 2911360 1551000 2889760 1572600
V2 2889760 1572600 2300000 1572600
V2 2300000 1572600 1875000 1576088
V2 1875000 1576088 1408662 1576088
V2 1408662 1576088 1393110 1591640
Net65 5 
V2 2997962 1551000 2965562 1583400
V2 2965562 1583400 2300000 1583400
V2 2300000 1583400 1875000 1581272
V2 1875000 1581272 1457168 1581272
V2 1457168 1581272 1446800 1591640
Net71 5 
V2 2608250 1507800 2597450 1518600
V2 2597450 1518600 2300000 1518600
V2 2300000 1518600 1875000 1520360
V2 1875000 1520360 1305160 1520360
V2 1305160 1520360 1285720 1539800
Net72 5 
V2 2694857 1507800 2673257 1529400
V2 2673257 1529400 2300000 1529400
V2 2300000 1529400 1875000 1526840
V2 1875000 1526840 1406070 1526840
V2 1406070 1526840 1393110 1539800
Net73 5 
V2 2781460 1507800 2749060 1540200
V2 2749060 1540200 2300000 1540200
V2 2300000 1540200 1875000 1533320
V2 1875000 1533320 1453280 1533320
V2 1453280 1533320 1446800 1539800
Net83 5 
V2 2911360 1464600 2889760 1486200
V2 2889760 1486200 2300000 1486200
V2 2300000 1486200 1875000 1475000
V2 1875000 1475000 1352377 1475000
V2 1352377 1475000 1339417 1487960
