Nets 40
Net0 5 
V1 2582270 1853400 2576097 1859572
V1 2576097 1859572 2300000 1859572
V1 2300000 1859572 1875000 1856600
V1 1875000 1856600 1062077 1856600
V1 1062077 1856600 1033277 1885400
Net1 5 
V1 2713910 1853400 2701566 1865743
V1 2701566 1865743 2300000 1865743
V1 2300000 1865743 1875000 1861400
V1 1875000 1861400 1188910 1861400
V1 1188910 1861400 1164910 1885400
Net2 5 
V1 2779730 1853400 2761215 1871915
V1 2761215 1871915 2300000 1871915
V1 2300000 1871915 1875000 1866200
V1 1875000 1866200 1249930 1866200
V1 1249930 1866200 1230730 1885400
Net3 5 
V1 2911360 1853400 2886673 1878086
V1 2886673 1878086 2300000 1878086
V1 2300000 1878086 1875000 1871000
V1 1875000 1871000 1376762 1871000
V1 1376762 1871000 1362362 1885400
Net4 5 
V1 2977180 1853400 2946322 1884257
V1 2946322 1884257 2300000 1884257
V1 2300000 1884257 1875000 1875800
V1 1875000 1875800 1437780 1875800
V1 1437780 1875800 1428180 1885400
Net5 5 
V1 3108817 1853400 3071788 1890428
V1 3071788 1890428 2300000 1890428
V1 2300000 1890428 1875000 1880600
V1 1875000 1880600 1564620 1880600
V1 1564620 1880600 1559820 1885400
Net7 5 
V1 2615180 1810200 2600780 1824600
V1 2600780 1824600 2300000 1824600
V1 2300000 1824600 1875000 1847000
V1 1875000 1847000 939350 1847000
V1 939350 1847000 934550 1842200
Net8 5 
V1 2681000 1810200 2666600 1795800
V1 2666600 1795800 2300000 1795800
V1 2300000 1795800 1875000 1827800
V1 1875000 1827800 1014770 1827800
V1 1014770 1827800 1000370 1842200
Net16 5 
V1 3339180 1810200 3310380 1839000
V1 3310380 1839000 2300000 1839000
V1 2300000 1839000 1875000 1851800
V1 1875000 1851800 878330 1851800
V1 878330 1851800 868730 1842200
Net17 5 
V1 2582270 1767000 2573630 1758360
V1 2573630 1758360 2300000 1758360
V1 2300000 1758360 1875000 1790360
V1 1875000 1790360 976100 1790360
V1 976100 1790360 967460 1799000
Net18 5 
V1 2648090 1767000 2633690 1781400
V1 2633690 1781400 2300000 1781400
V1 2300000 1781400 1875000 1813400
V1 1875000 1813400 1047677 1813400
V1 1047677 1813400 1033277 1799000
Net25 5 
V1 3306270 1767000 3288990 1749720
V1 3288990 1749720 2300000 1749720
V1 2300000 1749720 1875000 1781720
V1 1875000 1781720 853100 1781720
V1 853100 1781720 835820 1799000
Net26 5 
V1 2615180 1723800 2606540 1732440
V1 2606540 1732440 2300000 1732440
V1 2300000 1732440 1875000 1764440
V1 1875000 1764440 943190 1764440
V1 943190 1764440 934550 1755800
Net27 5 
V1 2681000 1723800 2666600 1709400
V1 2666600 1709400 2300000 1709400
V1 2300000 1709400 1875000 1741400
V1 1875000 1741400 1014770 1741400
V1 1014770 1741400 1000370 1755800
Net35 5 
V1 3339180 1723800 3321900 1741080
V1 3321900 1741080 2300000 1741080
V1 2300000 1741080 1875000 1773080
V1 1875000 1773080 886010 1773080
V1 886010 1773080 868730 1755800
Net36 5 
V1 2582270 1680600 2577470 1675800
V1 2577470 1675800 2300000 1675800
V1 2300000 1675800 1875000 1691000
V1 1875000 1691000 923240 1691000
V1 923240 1691000 901640 1712600
Net37 5 
V1 2648090 1680600 2633690 1695000
V1 2633690 1695000 2300000 1695000
V1 2300000 1695000 1875000 1727000
V1 1875000 1727000 1047677 1727000
V1 1047677 1727000 1033277 1712600
Net44 5 
V1 2681000 1637400 2676200 1632600
V1 2676200 1632600 2300000 1632600
V1 2300000 1632600 1875000 1631000
V1 1875000 1631000 972950 1631000
V1 972950 1631000 934550 1669400
Net45 5 
V1 2746820 1637400 2742020 1642200
V1 2742020 1642200 2300000 1642200
V1 2300000 1642200 1875000 1635800
V1 1875000 1635800 1033970 1635800
V1 1033970 1635800 1000370 1669400
Net46 5 
V1 2812637 1637400 2803037 1647000
V1 2803037 1647000 2300000 1647000
V1 2300000 1647000 1875000 1640600
V1 1875000 1640600 1094982 1640600
V1 1094982 1640600 1066182 1669400
Net47 5 
V1 2878450 1637400 2864050 1651800
V1 2864050 1651800 2300000 1651800
V1 2300000 1651800 1875000 1645400
V1 1875000 1645400 1156000 1645400
V1 1156000 1645400 1132000 1669400
Net48 5 
V1 3010090 1637400 2990890 1656600
V1 2990890 1656600 2300000 1656600
V1 2300000 1656600 1875000 1650200
V1 1875000 1650200 1282840 1650200
V1 1282840 1650200 1263640 1669400
Net49 5 
V1 3075910 1637400 3051910 1661400
V1 3051910 1661400 2300000 1661400
V1 2300000 1661400 1875000 1655000
V1 1875000 1655000 1409670 1655000
V1 1409670 1655000 1395270 1669400
Net50 5 
V1 3141722 1637400 3112922 1666200
V1 3112922 1666200 2300000 1666200
V1 2300000 1666200 1875000 1659800
V1 1875000 1659800 1536510 1659800
V1 1536510 1659800 1526910 1669400
Net51 5 
V1 3273360 1637400 3239760 1671000
V1 3239760 1671000 2300000 1671000
V1 2300000 1671000 1875000 1664600
V1 1875000 1664600 1597530 1664600
V1 1597530 1664600 1592730 1669400
Net52 5 
V1 2582270 1594200 2577470 1599000
V1 2577470 1599000 2300000 1599000
V1 2300000 1599000 1875000 1595960
V1 1875000 1595960 931880 1595960
V1 931880 1595960 901640 1626200
Net53 5 
V1 2648090 1594200 2638490 1603800
V1 2638490 1603800 2300000 1603800
V1 2300000 1603800 1875000 1600280
V1 1875000 1600280 993380 1600280
V1 993380 1600280 967460 1626200
Net54 5 
V1 2779730 1594200 2765330 1608600
V1 2765330 1608600 2300000 1608600
V1 2300000 1608600 1875000 1604600
V1 1875000 1604600 1120690 1604600
V1 1120690 1604600 1099090 1626200
Net57 5 
V1 3043000 1594200 3023800 1613400
V1 3023800 1613400 2300000 1613400
V1 2300000 1613400 1875000 1608920
V1 1875000 1608920 1379642 1608920
V1 1379642 1608920 1362362 1626200
Net58 5 
V1 3108817 1594200 3084817 1618200
V1 3084817 1618200 2300000 1618200
V1 2300000 1618200 1875000 1613240
V1 1875000 1613240 1441140 1613240
V1 1441140 1613240 1428180 1626200
Net59 5 
V1 3174630 1594200 3145830 1623000
V1 3145830 1623000 2300000 1623000
V1 2300000 1623000 1875000 1617560
V1 1875000 1617560 1502640 1617560
V1 1502640 1617560 1494000 1626200
Net60 5 
V1 3240450 1594200 3206850 1627800
V1 3206850 1627800 2300000 1627800
V1 2300000 1627800 1875000 1621880
V1 1875000 1621880 1564140 1621880
V1 1564140 1621880 1559820 1626200
Net62 5 
V1 2615180 1551000 2600780 1565400
V1 2600780 1565400 2300000 1565400
V1 2300000 1565400 1875000 1587320
V1 1875000 1587320 938870 1587320
V1 938870 1587320 934550 1583000
Net63 5 
V1 2746820 1551000 2732420 1536600
V1 2732420 1536600 2300000 1536600
V1 2300000 1536600 1875000 1568600
V1 1875000 1568600 1014770 1568600
V1 1014770 1568600 1000370 1583000
Net70 5 
V1 3339180 1551000 3310380 1579800
V1 3310380 1579800 2300000 1579800
V1 2300000 1579800 1875000 1591640
V1 1875000 1591640 877370 1591640
V1 877370 1591640 868730 1583000
Net71 5 
V1 2582270 1507800 2573630 1499160
V1 2573630 1499160 2300000 1499160
V1 2300000 1499160 1875000 1531160
V1 1875000 1531160 976100 1531160
V1 976100 1531160 967460 1539800
Net72 5 
V1 2648090 1507800 2633690 1522200
V1 2633690 1522200 2300000 1522200
V1 2300000 1522200 1875000 1554200
V1 1875000 1554200 1047677 1554200
V1 1047677 1554200 1033277 1539800
Net80 5 
V1 3306270 1507800 3288990 1490520
V1 3288990 1490520 2300000 1490520
V1 2300000 1490520 1875000 1522520
V1 1875000 1522520 853100 1522520
V1 853100 1522520 835820 1539800
Net81 5 
V1 2615180 1464600 2606540 1473240
V1 2606540 1473240 2300000 1473240
V1 2300000 1473240 1875000 1505240
V1 1875000 1505240 1074822 1505240
V1 1074822 1505240 1066182 1496600
Net87 5 
V1 3339180 1464600 3321900 1481880
V1 3321900 1481880 2300000 1481880
V1 2300000 1481880 1875000 1513880
V1 1875000 1513880 886010 1513880
V1 886010 1513880 868730 1496600
