Nets 40
Net0 5 
V1 2597430 1853400 2591257 1859572
V1 2591257 1859572 2300000 1859572
V1 2300000 1859572 1875000 1856600
V1 1875000 1856600 943860 1856600
V1 943860 1856600 915060 1885400
Net1 5 
V1 2753310 1853400 2740966 1865743
V1 2740966 1865743 2300000 1865743
V1 2300000 1865743 1875000 1861400
V1 1875000 1861400 1094950 1861400
V1 1094950 1861400 1070950 1885400
Net2 5 
V1 2831252 1853400 2812737 1871915
V1 2812737 1871915 2300000 1871915
V1 2300000 1871915 1875000 1866200
V1 1875000 1866200 1168090 1866200
V1 1168090 1866200 1148890 1885400
Net3 5 
V1 2987140 1853400 2962453 1878086
V1 2962453 1878086 2300000 1878086
V1 2300000 1878086 1875000 1871000
V1 1875000 1871000 1319172 1871000
V1 1319172 1871000 1304772 1885400
Net4 5 
V1 3065080 1853400 3034222 1884257
V1 3034222 1884257 2300000 1884257
V1 2300000 1884257 1875000 1875800
V1 1875000 1875800 1392320 1875800
V1 1392320 1875800 1382720 1885400
Net5 5 
V1 3220970 1853400 3183941 1890428
V1 3183941 1890428 2300000 1890428
V1 2300000 1890428 1875000 1880600
V1 1875000 1880600 1543400 1880600
V1 1543400 1880600 1538600 1885400
Net7 5 
V1 2636400 1810200 2622000 1824600
V1 2622000 1824600 2300000 1824600
V1 2300000 1824600 1875000 1847000
V1 1875000 1847000 802950 1847000
V1 802950 1847000 798150 1842200
Net8 5 
V1 2714340 1810200 2699940 1795800
V1 2699940 1795800 2300000 1795800
V1 2300000 1795800 1875000 1827800
V1 1875000 1827800 890490 1827800
V1 890490 1827800 876090 1842200
Net16 5 
V1 3493762 1810200 3464962 1839000
V1 3464962 1839000 2300000 1839000
V1 2300000 1839000 1875000 1851800
V1 1875000 1851800 729810 1851800
V1 729810 1851800 720210 1842200
Net17 5 
V1 2597430 1767000 2588790 1758360
V1 2588790 1758360 2300000 1758360
V1 2300000 1758360 1875000 1790360
V1 1875000 1790360 845760 1790360
V1 845760 1790360 837120 1799000
Net18 5 
V1 2675370 1767000 2660970 1781400
V1 2660970 1781400 2300000 1781400
V1 2300000 1781400 1875000 1813400
V1 1875000 1813400 929460 1813400
V1 929460 1813400 915060 1799000
Net25 5 
V1 3454790 1767000 3437510 1749720
V1 3437510 1749720 2300000 1749720
V1 2300000 1749720 1875000 1781720
V1 1875000 1781720 698517 1781720
V1 698517 1781720 681237 1799000
Net26 5 
V1 2636400 1723800 2627760 1732440
V1 2627760 1732440 2300000 1732440
V1 2300000 1732440 1875000 1764440
V1 1875000 1764440 806790 1764440
V1 806790 1764440 798150 1755800
Net27 5 
V1 2714340 1723800 2699940 1709400
V1 2699940 1709400 2300000 1709400
V1 2300000 1709400 1875000 1741400
V1 1875000 1741400 890490 1741400
V1 890490 1741400 876090 1755800
Net35 5 
V1 3493762 1723800 3476482 1741080
V1 3476482 1741080 2300000 1741080
V1 2300000 1741080 1875000 1773080
V1 1875000 1773080 737490 1773080
V1 737490 1773080 720210 1755800
Net36 5 
V1 2597430 1680600 2592630 1675800
V1 2592630 1675800 2300000 1675800
V1 2300000 1675800 1875000 1691000
V1 1875000 1691000 780780 1691000
V1 780780 1691000 759180 1712600
Net37 5 
V1 2675370 1680600 2660970 1695000
V1 2660970 1695000 2300000 1695000
V1 2300000 1695000 1875000 1727000
V1 1875000 1727000 929460 1727000
V1 929460 1727000 915060 1712600
Net44 5 
V1 2714340 1637400 2709540 1632600
V1 2709540 1632600 2300000 1632600
V1 2300000 1632600 1875000 1631000
V1 1875000 1631000 836550 1631000
V1 836550 1631000 798150 1669400
Net45 5 
V1 2792280 1637400 2787480 1642200
V1 2787480 1642200 2300000 1642200
V1 2300000 1642200 1875000 1635800
V1 1875000 1635800 909690 1635800
V1 909690 1635800 876090 1669400
Net46 5 
V1 2870227 1637400 2860627 1647000
V1 2860627 1647000 2300000 1647000
V1 2300000 1647000 1875000 1640600
V1 1875000 1640600 982830 1640600
V1 982830 1640600 954030 1669400
Net47 5 
V1 2948170 1637400 2933770 1651800
V1 2933770 1651800 2300000 1651800
V1 2300000 1651800 1875000 1645400
V1 1875000 1645400 1055980 1645400
V1 1055980 1645400 1031980 1669400
Net48 5 
V1 3104050 1637400 3084850 1656600
V1 3084850 1656600 2300000 1656600
V1 2300000 1656600 1875000 1650200
V1 1875000 1650200 1207060 1650200
V1 1207060 1650200 1187860 1669400
Net49 5 
V1 3181997 1637400 3157997 1661400
V1 3157997 1661400 2300000 1661400
V1 2300000 1661400 1875000 1655000
V1 1875000 1655000 1358147 1655000
V1 1358147 1655000 1343747 1669400
Net50 5 
V1 3259940 1637400 3231140 1666200
V1 3231140 1666200 2300000 1666200
V1 2300000 1666200 1875000 1659800
V1 1875000 1659800 1509230 1659800
V1 1509230 1659800 1499630 1669400
Net51 5 
V1 3415820 1637400 3382220 1671000
V1 3382220 1671000 2300000 1671000
V1 2300000 1671000 1875000 1664600
V1 1875000 1664600 1582370 1664600
V1 1582370 1664600 1577570 1669400
Net52 5 
V1 2597430 1594200 2592630 1599000
V1 2592630 1599000 2300000 1599000
V1 2300000 1599000 1875000 1595960
V1 1875000 1595960 789420 1595960
V1 789420 1595960 759180 1626200
Net53 5 
V1 2675370 1594200 2665770 1603800
V1 2665770 1603800 2300000 1603800
V1 2300000 1603800 1875000 1600280
V1 1875000 1600280 863040 1600280
V1 863040 1600280 837120 1626200
Net54 5 
V1 2831252 1594200 2816852 1608600
V1 2816852 1608600 2300000 1608600
V1 2300000 1608600 1875000 1604600
V1 1875000 1604600 1014602 1604600
V1 1014602 1604600 993002 1626200
Net57 5 
V1 3143020 1594200 3123820 1613400
V1 3123820 1613400 2300000 1613400
V1 2300000 1613400 1875000 1608920
V1 1875000 1608920 1322052 1608920
V1 1322052 1608920 1304772 1626200
Net58 5 
V1 3220970 1594200 3196970 1618200
V1 3196970 1618200 2300000 1618200
V1 2300000 1618200 1875000 1613240
V1 1875000 1613240 1395680 1613240
V1 1395680 1613240 1382720 1626200
Net59 5 
V1 3298910 1594200 3270110 1623000
V1 3270110 1623000 2300000 1623000
V1 2300000 1623000 1875000 1617560
V1 1875000 1617560 1469300 1617560
V1 1469300 1617560 1460660 1626200
Net60 5 
V1 3376850 1594200 3343250 1627800
V1 3343250 1627800 2300000 1627800
V1 2300000 1627800 1875000 1621880
V1 1875000 1621880 1542920 1621880
V1 1542920 1621880 1538600 1626200
Net62 5 
V1 2636400 1551000 2622000 1565400
V1 2622000 1565400 2300000 1565400
V1 2300000 1565400 1875000 1587320
V1 1875000 1587320 802470 1587320
V1 802470 1587320 798150 1583000
Net63 5 
V1 2792280 1551000 2777880 1536600
V1 2777880 1536600 2300000 1536600
V1 2300000 1536600 1875000 1568600
V1 1875000 1568600 890490 1568600
V1 890490 1568600 876090 1583000
Net70 5 
V1 3493762 1551000 3464962 1579800
V1 3464962 1579800 2300000 1579800
V1 2300000 1579800 1875000 1591640
V1 1875000 1591640 728850 1591640
V1 728850 1591640 720210 1583000
Net71 5 
V1 2597430 1507800 2588790 1499160
V1 2588790 1499160 2300000 1499160
V1 2300000 1499160 1875000 1531160
V1 1875000 1531160 845760 1531160
V1 845760 1531160 837120 1539800
Net72 5 
V1 2675370 1507800 2660970 1522200
V1 2660970 1522200 2300000 1522200
V1 2300000 1522200 1875000 1554200
V1 1875000 1554200 929460 1554200
V1 929460 1554200 915060 1539800
Net80 5 
V1 3454790 1507800 3437510 1490520
V1 3437510 1490520 2300000 1490520
V1 2300000 1490520 1875000 1522520
V1 1875000 1522520 698517 1522520
V1 698517 1522520 681237 1539800
Net81 5 
V1 2636400 1464600 2627760 1473240
V1 2627760 1473240 2300000 1473240
V1 2300000 1473240 1875000 1505240
V1 1875000 1505240 962670 1505240
V1 962670 1505240 954030 1496600
Net87 5 
V1 3493762 1464600 3476482 1481880
V1 3476482 1481880 2300000 1481880
V1 2300000 1481880 1875000 1513880
V1 1875000 1513880 737490 1513880
V1 737490 1513880 720210 1496600
