Nets 35
Net0 5 
V1 2597430 1853400 2591257 1859572
V1 2591257 1859572 2300000 1859572
V1 2300000 1859572 1875000 1863801
V1 1875000 1863801 392909 1863801
V1 392909 1863801 365140 1891570
Net1 5 
V1 2753310 1853400 2740966 1865743
V1 2740966 1865743 2300000 1865743
V1 2300000 1865743 1875000 1868429
V1 1875000 1868429 578800 1868429
V1 578800 1868429 555660 1891570
Net2 5 
V1 2831252 1853400 2812737 1871915
V1 2812737 1871915 2300000 1871915
V1 2300000 1871915 1875000 1873058
V1 1875000 1873058 669434 1873058
V1 669434 1873058 650922 1891570
Net3 5 
V1 2987140 1853400 2962453 1878086
V1 2962453 1878086 2300000 1878086
V1 2300000 1878086 1875000 1877686
V1 1875000 1877686 855333 1877686
V1 855333 1877686 841450 1891570
Net4 5 
V1 3065080 1853400 3034222 1884257
V1 3034222 1884257 2300000 1884257
V1 2300000 1884257 1875000 1882315
V1 1875000 1882315 945965 1882315
V1 945965 1882315 936710 1891570
Net5 5 
V1 3220970 1853400 3183941 1890428
V1 3183941 1890428 2300000 1890428
V1 2300000 1890428 1875000 1886943
V1 1875000 1886943 1131866 1886943
V1 1131866 1886943 1127240 1891570
Net7 5 
V1 2636400 1810200 2631600 1805400
V1 2631600 1805400 2300000 1805400
V1 2300000 1805400 1875000 1859172
V1 1875000 1859172 340650 1859172
V1 340650 1859172 317507 1836030
Net8 5 
V1 2714340 1810200 2704740 1800600
V1 2704740 1800600 2300000 1800600
V1 2300000 1800600 1875000 1854544
V1 1875000 1854544 431284 1854544
V1 431284 1854544 412770 1836030
Net9 5 
V1 2792280 1810200 2777880 1795800
V1 2777880 1795800 2300000 1795800
V1 2300000 1795800 1875000 1849915
V1 1875000 1849915 521915 1849915
V1 521915 1849915 508030 1836030
Net10 5 
V1 2870227 1810200 2851027 1791000
V1 2851027 1791000 2300000 1791000
V1 2300000 1791000 1875000 1845287
V1 1875000 1845287 612547 1845287
V1 612547 1845287 603290 1836030
Net11 5 
V1 2948170 1810200 2924170 1786200
V1 2924170 1786200 2300000 1786200
V1 2300000 1786200 1875000 1840658
V1 1875000 1840658 703188 1840658
V1 703188 1840658 698560 1836030
Net12 5 
V1 3104050 1810200 3075250 1781400
V1 3075250 1781400 2300000 1781400
V1 2300000 1781400 1875000 1817515
V1 1875000 1817515 812334 1817515
V1 812334 1817515 793820 1836030
Net18 5 
V1 2675370 1767000 2670570 1771800
V1 2670570 1771800 2300000 1771800
V1 2300000 1771800 1875000 1761968
V1 1875000 1761968 478919 1761968
V1 478919 1761968 460400 1780487
Net19 5 
V1 2831252 1767000 2821652 1776600
V1 2821652 1776600 2300000 1776600
V1 2300000 1776600 1875000 1799001
V1 1875000 1799001 669436 1799001
V1 669436 1799001 650922 1780487
Net26 5 
V1 2636400 1723800 2631600 1719000
V1 2631600 1719000 2300000 1719000
V1 2300000 1719000 1875000 1743454
V1 1875000 1743454 336021 1743454
V1 336021 1743454 317507 1724940
Net37 5 
V1 2675370 1680600 2670570 1685400
V1 2670570 1685400 2300000 1685400
V1 2300000 1685400 1875000 1681742
V1 1875000 1681742 646487 1681742
V1 646487 1681742 603290 1724940
Net38 5 
V1 2831252 1680600 2821652 1690200
V1 2821652 1690200 2300000 1690200
V1 2300000 1690200 1875000 1687913
V1 1875000 1687913 830846 1687913
V1 830846 1687913 793820 1724940
Net39 5 
V1 2987140 1680600 2972740 1695000
V1 2972740 1695000 2300000 1695000
V1 2300000 1695000 1875000 1694085
V1 1875000 1694085 919935 1694085
V1 919935 1694085 889080 1724940
Net40 5 
V1 3143020 1680600 3123820 1699800
V1 3123820 1699800 2300000 1699800
V1 2300000 1699800 1875000 1700256
V1 1875000 1700256 1104293 1700256
V1 1104293 1700256 1079610 1724940
Net41 5 
V1 3220970 1680600 3196970 1704600
V1 3196970 1704600 2300000 1704600
V1 2300000 1704600 1875000 1706427
V1 1875000 1706427 1193382 1706427
V1 1193382 1706427 1174870 1724940
Net42 5 
V1 3298910 1680600 3270110 1709400
V1 3270110 1709400 2300000 1709400
V1 2300000 1709400 1875000 1712598
V1 1875000 1712598 1377738 1712598
V1 1377738 1712598 1365397 1724940
Net43 5 
V1 3376850 1680600 3343250 1714200
V1 3343250 1714200 2300000 1714200
V1 2300000 1714200 1875000 1718770
V1 1875000 1718770 1466830 1718770
V1 1466830 1718770 1460660 1724940
Net44 5 
V1 2714340 1637400 2705700 1646040
V1 2705700 1646040 2300000 1646040
V1 2300000 1646040 1875000 1636077
V1 1875000 1636077 398463 1636077
V1 398463 1636077 365140 1669400
Net45 5 
V1 2792280 1637400 2775000 1654680
V1 2775000 1654680 2300000 1654680
V1 2300000 1654680 1875000 1647185
V1 1875000 1647185 482614 1647185
V1 482614 1647185 460400 1669400
Net46 5 
V1 2870227 1637400 2844307 1663320
V1 2844307 1663320 2300000 1663320
V1 2300000 1663320 1875000 1658294
V1 1875000 1658294 662028 1658294
V1 662028 1658294 650922 1669400
Net47 5 
V1 2948170 1637400 2913610 1671960
V1 2913610 1671960 2300000 1671960
V1 2300000 1671960 1875000 1675571
V1 1875000 1675571 752361 1675571
V1 752361 1675571 746190 1669400
Net62 5 
V1 2636400 1551000 2622000 1536600
V1 2622000 1536600 2300000 1536600
V1 2300000 1536600 1875000 1569421
V1 1875000 1569421 471508 1569421
V1 471508 1569421 460400 1558312
Net63 5 
V1 2792280 1551000 2763480 1522200
V1 2763480 1522200 2300000 1522200
V1 2300000 1522200 1875000 1547204
V1 1875000 1547204 566768 1547204
V1 566768 1547204 555660 1558312
Net67 5 
V1 3104050 1551000 3095410 1559640
V1 3095410 1559640 2300000 1559640
V1 2300000 1559640 1875000 1580529
V1 1875000 1580529 1303460 1580529
V1 1303460 1580529 1270130 1613860
Net68 5 
V1 3259940 1551000 3242660 1568280
V1 3242660 1568280 2300000 1568280
V1 2300000 1568280 1875000 1591638
V1 1875000 1591638 1387619 1591638
V1 1387619 1591638 1365397 1613860
Net69 5 
V1 3337880 1551000 3311960 1576920
V1 3311960 1576920 2300000 1576920
V1 2300000 1576920 1875000 1602746
V1 1875000 1602746 1471773 1602746
V1 1471773 1602746 1460660 1613860
Net70 5 
V1 3493762 1551000 3459202 1585560
V1 3459202 1585560 2300000 1585560
V1 2300000 1585560 1875000 1624968
V1 1875000 1624968 314301 1624968
V1 314301 1624968 269870 1669400
Net72 5 
V1 2675370 1507800 2664570 1497000
V1 2664570 1497000 2300000 1497000
V1 2300000 1497000 1875000 1536095
V1 1875000 1536095 446095 1536095
V1 446095 1536095 412770 1502770
Net73 5 
V1 2753310 1507800 2731710 1486200
V1 2731710 1486200 2300000 1486200
V1 2300000 1486200 1875000 1524987
V1 1875000 1524987 530247 1524987
V1 530247 1524987 508030 1502770
Net81 5 
V1 2636400 1464600 2625600 1475400
V1 2625600 1475400 2300000 1475400
V1 2300000 1475400 1875000 1513878
V1 1875000 1513878 709668 1513878
V1 709668 1513878 698560 1502770
