Nets 51
Net9 5 
M2 3952760 1847230 3924988 1875001
M2 3924988 1875001 2300000 1875001
M2 2300000 1875001 1875000 1863801
M2 1875000 1863801 297638 1863801
M2 297638 1863801 269870 1891570
Net12 5 
M2 2952500 1791687 2947450 1796737
M2 2947450 1796737 2300000 1796737
M2 2300000 1796737 1875000 1785536
M2 1875000 1785536 558523 1785536
M2 558523 1785536 508030 1836030
Net13 5 
M2 3047760 1791687 3037660 1801786
M2 3037660 1801786 2300000 1801786
M2 2300000 1801786 1875000 1790586
M2 1875000 1790586 648734 1790586
M2 648734 1790586 603290 1836030
Net14 5 
M2 3143020 1791687 3127871 1806836
M2 3127871 1806836 2300000 1806836
M2 2300000 1806836 1875000 1795635
M2 1875000 1795635 738954 1795635
M2 738954 1795635 698560 1836030
Net15 5 
M2 3238290 1791687 3218092 1811885
M2 3218092 1811885 2300000 1811885
M2 2300000 1811885 1875000 1800684
M2 1875000 1800684 829165 1800684
M2 829165 1800684 793820 1836030
Net16 5 
M2 3333550 1791687 3308303 1816934
M2 3308303 1816934 2300000 1816934
M2 2300000 1816934 1875000 1805733
M2 1875000 1805733 1109906 1805733
M2 1109906 1805733 1079610 1836030
Net17 5 
M2 3428810 1791687 3398513 1821983
M2 3398513 1821983 2300000 1821983
M2 2300000 1821983 1875000 1810783
M2 1875000 1810783 1200117 1810783
M2 1200117 1810783 1174870 1836030
Net18 5 
M2 3524077 1791687 3488732 1827033
M2 3488732 1827033 2300000 1827033
M2 2300000 1827033 1875000 1815832
M2 1875000 1815832 1290327 1815832
M2 1290327 1815832 1270130 1836030
Net19 5 
M2 3619340 1791687 3578945 1832082
M2 3578945 1832082 2300000 1832082
M2 2300000 1832082 1875000 1820881
M2 1875000 1820881 1380546 1820881
M2 1380546 1820881 1365397 1836030
Net20 5 
M2 3714600 1791687 3669156 1837131
M2 3669156 1837131 2300000 1837131
M2 2300000 1837131 1875000 1825930
M2 1875000 1825930 1470759 1825930
M2 1470759 1825930 1460660 1836030
Net21 5 
M2 3809860 1791687 3759366 1842180
M2 3759366 1842180 2300000 1842180
M2 2300000 1842180 1875000 1830980
M2 1875000 1830980 1560970 1830980
M2 1560970 1830980 1555920 1836030
Net25 5 
M2 2904870 1736140 2898692 1742317
M2 2898692 1742317 2300000 1742317
M2 2300000 1742317 1875000 1731111
M2 1875000 1731111 700298 1731111
M2 700298 1731111 650922 1780487
Net26 5 
M2 3000130 1736140 2987781 1748488
M2 2987781 1748488 2300000 1748488
M2 2300000 1748488 1875000 1737282
M2 1875000 1737282 789395 1737282
M2 789395 1737282 746190 1780487
Net27 5 
M2 3095390 1736140 3076870 1754660
M2 3076870 1754660 2300000 1754660
M2 2300000 1754660 1875000 1743453
M2 1875000 1743453 878483 1743453
M2 878483 1743453 841450 1780487
Net28 5 
M2 3285920 1736140 3261228 1760831
M2 3261228 1760831 2300000 1760831
M2 2300000 1760831 1875000 1749625
M2 1875000 1749625 967572 1749625
M2 967572 1749625 936710 1780487
Net29 5 
M2 3381180 1736140 3350317 1767002
M2 3350317 1767002 2300000 1767002
M2 2300000 1767002 1875000 1755796
M2 1875000 1755796 1056671 1755796
M2 1056671 1755796 1031980 1780487
Net30 5 
M2 3571710 1736140 3534676 1773173
M2 3534676 1773173 2300000 1773173
M2 2300000 1773173 1875000 1761967
M2 1875000 1761967 1241020 1761967
M2 1241020 1761967 1222500 1780487
Net31 5 
M2 3666970 1736140 3623765 1779345
M2 3623765 1779345 2300000 1779345
M2 2300000 1779345 1875000 1768138
M2 1875000 1768138 1330111 1768138
M2 1330111 1768138 1317762 1780487
Net32 5 
M2 3857492 1736140 3808116 1785516
M2 3808116 1785516 2300000 1785516
M2 2300000 1785516 1875000 1774310
M2 1875000 1774310 1514467 1774310
M2 1514467 1774310 1508290 1780487
Net36 5 
M2 2952500 1680600 2945559 1687540
M2 2945559 1687540 2300000 1687540
M2 2300000 1687540 1875000 1676342
M2 1875000 1676342 651887 1676342
M2 651887 1676342 603290 1724940
Net37 5 
M2 3143020 1680600 3129136 1694483
M2 3129136 1694483 2300000 1694483
M2 2300000 1694483 1875000 1683285
M2 1875000 1683285 835474 1683285
M2 835474 1683285 793820 1724940
Net38 5 
M2 3238290 1680600 3217463 1701426
M2 3217463 1701426 2300000 1701426
M2 2300000 1701426 1875000 1690228
M2 1875000 1690228 923791 1690228
M2 923791 1690228 889080 1724940
Net39 5 
M2 3428810 1680600 3401041 1708369
M2 3401041 1708369 2300000 1708369
M2 2300000 1708369 1875000 1697171
M2 1875000 1697171 1107379 1697171
M2 1107379 1697171 1079610 1724940
Net40 5 
M2 3524077 1680600 3489365 1715311
M2 3489365 1715311 2300000 1715311
M2 2300000 1715311 1875000 1704113
M2 1875000 1704113 1195696 1704113
M2 1195696 1704113 1174870 1724940
Net41 5 
M2 3714600 1680600 3672945 1722254
M2 3672945 1722254 2300000 1722254
M2 2300000 1722254 1875000 1711056
M2 1875000 1711056 1379281 1711056
M2 1379281 1711056 1365397 1724940
Net42 5 
M2 3809860 1680600 3761262 1729197
M2 3761262 1729197 2300000 1729197
M2 2300000 1729197 1875000 1717999
M2 1875000 1717999 1467600 1717999
M2 1467600 1717999 1460660 1724940
Net46 5 
M2 3000130 1625060 2993189 1632000
M2 2993189 1632000 2300000 1632000
M2 2300000 1632000 1875000 1620802
M2 1875000 1620802 699519 1620802
M2 699519 1620802 650922 1669400
Net47 5 
M2 3095390 1625060 3081506 1638943
M2 3081506 1638943 2300000 1638943
M2 2300000 1638943 1875000 1627745
M2 1875000 1627745 787844 1627745
M2 787844 1627745 746190 1669400
Net48 5 
M2 3285920 1625060 3265093 1645886
M2 3265093 1645886 2300000 1645886
M2 2300000 1645886 1875000 1634688
M2 1875000 1634688 971421 1634688
M2 971421 1634688 936710 1669400
Net49 5 
M2 3381180 1625060 3353411 1652829
M2 3353411 1652829 2300000 1652829
M2 2300000 1652829 1875000 1641631
M2 1875000 1641631 1059749 1641631
M2 1059749 1641631 1031980 1669400
Net50 5 
M2 3571710 1625060 3536998 1659771
M2 3536998 1659771 2300000 1659771
M2 2300000 1659771 1875000 1648573
M2 1875000 1648573 1243326 1648573
M2 1243326 1648573 1222500 1669400
Net51 5 
M2 3666970 1625060 3625315 1666714
M2 3625315 1666714 2300000 1666714
M2 2300000 1666714 1875000 1655516
M2 1875000 1655516 1331646 1655516
M2 1331646 1655516 1317762 1669400
Net52 5 
M2 3857492 1625060 3808895 1673657
M2 3808895 1673657 2300000 1673657
M2 2300000 1673657 1875000 1662459
M2 1875000 1662459 1515230 1662459
M2 1515230 1662459 1508290 1669400
Net56 5 
M2 2952500 1569512 2946322 1575690
M2 2946322 1575690 2300000 1575690
M2 2300000 1575690 1875000 1569421
M2 1875000 1569421 647729 1569421
M2 647729 1569421 603290 1613860
Net57 5 
M2 3143020 1569512 3130671 1581861
M2 3130671 1581861 2300000 1581861
M2 2300000 1581861 1875000 1574975
M2 1875000 1574975 832704 1574975
M2 832704 1574975 793820 1613860
Net58 5 
M2 3238290 1569512 3219770 1588032
M2 3219770 1588032 2300000 1588032
M2 2300000 1588032 1875000 1580529
M2 1875000 1580529 922410 1580529
M2 922410 1580529 889080 1613860
Net59 5 
M2 3333550 1569512 3308858 1594203
M2 3308858 1594203 2300000 1594203
M2 2300000 1594203 1875000 1586083
M2 1875000 1586083 1107386 1586083
M2 1107386 1586083 1079610 1613860
Net60 5 
M2 3428810 1569512 3397947 1600375
M2 3397947 1600375 2300000 1600375
M2 2300000 1600375 1875000 1591638
M2 1875000 1591638 1197092 1591638
M2 1197092 1591638 1174870 1613860
Net61 5 
M2 3524077 1569512 3487043 1606546
M2 3487043 1606546 2300000 1606546
M2 2300000 1606546 1875000 1597192
M2 1875000 1597192 1286797 1597192
M2 1286797 1597192 1270130 1613860
Net62 5 
M2 3714600 1569512 3671395 1612717
M2 3671395 1612717 2300000 1612717
M2 2300000 1612717 1875000 1602746
M2 1875000 1602746 1376511 1602746
M2 1376511 1602746 1365397 1613860
Net63 5 
M2 3809860 1569512 3760483 1618888
M2 3760483 1618888 2300000 1618888
M2 2300000 1618888 1875000 1608300
M2 1875000 1608300 1466219 1608300
M2 1466219 1608300 1460660 1613860
Net65 5 
M2 2619080 1513970 2591308 1541741
M2 2591308 1541741 2300000 1541741
M2 2300000 1541741 1875000 1563866
M2 1875000 1563866 370694 1563866
M2 370694 1563866 365140 1558312
Net78 5 
M2 2666710 1458430 2661158 1463981
M2 2661158 1463981 2300000 1463981
M2 2300000 1463981 1875000 1453398
M2 1875000 1453398 366878 1453398
M2 366878 1453398 317507 1502770
Net80 5 
M2 2952500 1458430 2941394 1469536
M2 2941394 1469536 2300000 1469536
M2 2300000 1469536 1875000 1459570
M2 1875000 1459570 551230 1459570
M2 551230 1459570 508030 1502770
Net81 5 
M2 3047760 1458430 3031099 1475090
M2 3031099 1475090 2300000 1475090
M2 2300000 1475090 1875000 1465741
M2 1875000 1465741 735588 1465741
M2 735588 1465741 698560 1502770
Net82 5 
M2 3238290 1458430 3216075 1480644
M2 3216075 1480644 2300000 1480644
M2 2300000 1480644 1875000 1471912
M2 1875000 1471912 824677 1471912
M2 824677 1471912 793820 1502770
Net83 5 
M2 3333550 1458430 3305781 1486198
M2 3305781 1486198 2300000 1486198
M2 2300000 1486198 1875000 1478083
M2 1875000 1478083 1104296 1478083
M2 1104296 1478083 1079610 1502770
Net84 5 
M2 3524077 1458430 3490754 1491753
M2 3490754 1491753 2300000 1491753
M2 2300000 1491753 1875000 1484255
M2 1875000 1484255 1288645 1484255
M2 1288645 1484255 1270130 1502770
Net85 5 
M2 3619340 1458430 3580462 1497307
M2 3580462 1497307 2300000 1497307
M2 2300000 1497307 1875000 1490426
M2 1875000 1490426 1377741 1490426
M2 1377741 1490426 1365397 1502770
Net86 5 
M2 3809860 1458430 3765428 1502861
M2 3765428 1502861 2300000 1502861
M2 2300000 1502861 1875000 1496597
M2 1875000 1496597 1562092 1496597
M2 1562092 1496597 1555920 1502770
Net87 5 
M2 3905130 1458430 3855144 1508415
M2 3855144 1508415 2300000 1508415
M2 2300000 1508415 1875000 1530541
M2 1875000 1530541 250011 1530541
M2 250011 1530541 222240 1502770
