Nets 37
Net0 5 
V1 2919080 1847230 2913525 1852784
V1 2913525 1852784 2600000 1852784
V1 2600000 1852784 1875000 1849915
V1 1875000 1849915 502054 1849915
V1 502054 1849915 460400 1891570
Net1 5 
V1 3109602 1847230 3098494 1858338
V1 3098494 1858338 2600000 1858338
V1 2600000 1858338 1875000 1854544
V1 1875000 1854544 674096 1854544
V1 674096 1854544 637070 1891570
Net2 5 
V1 3204870 1847230 3188207 1863892
V1 3188207 1863892 2600000 1863892
V1 2600000 1863892 1875000 1859172
V1 1875000 1859172 757797 1859172
V1 757797 1859172 725400 1891570
Net3 5 
V1 3395390 1847230 3373173 1869447
V1 3373173 1869447 2600000 1869447
V1 2600000 1869447 1875000 1863801
V1 1875000 1863801 929839 1863801
V1 929839 1863801 902070 1891570
Net4 5 
V1 3681180 1847230 3653408 1875001
V1 3653408 1875001 2600000 1875001
V1 2600000 1875001 1875000 1868429
V1 1875000 1868429 1013550 1868429
V1 1013550 1868429 990410 1891570
Net5 5 
V1 3776440 1847230 3743114 1880555
V1 3743114 1880555 2600000 1880555
V1 2600000 1880555 1875000 1873058
V1 1875000 1873058 1185592 1873058
V1 1185592 1873058 1167080 1891570
Net6 5 
V1 3966970 1847230 3928090 1886109
V1 3928090 1886109 2600000 1886109
V1 2600000 1886109 1875000 1877686
V1 1875000 1877686 1269293 1877686
V1 1269293 1877686 1255410 1891570
Net7 5 
V1 4062230 1847230 4017796 1891664
V1 4017796 1891664 2600000 1891664
V1 2600000 1891664 1875000 1882315
V1 1875000 1882315 1441335 1882315
V1 1441335 1882315 1432080 1891570
Net8 5 
V1 4157492 1847230 4107504 1897218
V1 4107504 1897218 2600000 1897218
V1 2600000 1897218 1875000 1886943
V1 1875000 1886943 1525039 1886943
V1 1525039 1886943 1520412 1891570
Net10 5 
V1 2966710 1791687 2948195 1810202
V1 2948195 1810202 2600000 1810202
V1 2600000 1810202 1875000 1840658
V1 1875000 1840658 420858 1840658
V1 420858 1840658 416230 1836030
Net11 5 
V1 3061970 1791687 3043456 1773173
V1 3043456 1773173 2600000 1773173
V1 2600000 1773173 1875000 1817515
V1 1875000 1817515 523084 1817515
V1 523084 1817515 504570 1836030
Net22 5 
V1 4205130 1791687 4168101 1828716
V1 4168101 1828716 2600000 1828716
V1 2600000 1828716 1875000 1845287
V1 1875000 1845287 337157 1845287
V1 337157 1845287 327900 1836030
Net23 5 
V1 3014340 1736140 3003231 1725031
V1 3003231 1725031 2600000 1725031
V1 2600000 1725031 1875000 1769374
V1 1875000 1769374 471513 1769374
V1 471513 1769374 460400 1780487
Net24 5 
V1 3109602 1736140 3091083 1754659
V1 3091083 1754659 2600000 1754659
V1 2600000 1754659 1875000 1799001
V1 1875000 1799001 567246 1799001
V1 567246 1799001 548732 1780487
Net33 5 
V1 4252760 1736140 4230543 1713923
V1 4230543 1713923 2600000 1713923
V1 2600000 1713923 1875000 1758265
V1 1875000 1758265 394284 1758265
V1 394284 1758265 372062 1780487
Net34 5 
V1 2966710 1680600 2955604 1691706
V1 2955604 1691706 2600000 1691706
V1 2600000 1691706 1875000 1736048
V1 1875000 1736048 427338 1736048
V1 427338 1736048 416230 1724940
Net35 5 
V1 3157237 1680600 3138723 1662086
V1 3138723 1662086 2600000 1662086
V1 2600000 1662086 1875000 1706428
V1 1875000 1706428 611412 1706428
V1 611412 1706428 592900 1724940
Net43 5 
V1 4205130 1680600 4182915 1702814
V1 4182915 1702814 2600000 1702814
V1 2600000 1702814 1875000 1747157
V1 1875000 1747157 350117 1747157
V1 350117 1747157 327900 1724940
Net44 5 
V1 3014340 1625060 3003231 1613951
V1 3003231 1613951 2600000 1613951
V1 2600000 1613951 1875000 1658294
V1 1875000 1658294 471506 1658294
V1 471506 1658294 460400 1669400
Net45 5 
V1 3109602 1625060 3091090 1643572
V1 3091090 1643572 2600000 1643572
V1 2600000 1643572 1875000 1687914
V1 1875000 1687914 567246 1687914
V1 567246 1687914 548732 1669400
Net53 5 
V1 4252760 1625060 4230543 1602843
V1 4230543 1602843 2600000 1602843
V1 2600000 1602843 1875000 1647185
V1 1875000 1647185 394277 1647185
V1 394277 1647185 372062 1669400
Net54 5 
V1 2966710 1569512 2955596 1580626
V1 2955596 1580626 2600000 1580626
V1 2600000 1580626 1875000 1624968
V1 1875000 1624968 427338 1624968
V1 427338 1624968 416230 1613860
Net55 5 
V1 3157237 1569512 3152965 1565240
V1 3152965 1565240 2600000 1565240
V1 2600000 1565240 1875000 1595340
V1 1875000 1595340 611419 1595340
V1 611419 1595340 592900 1613860
Net64 5 
V1 4205130 1569512 4182908 1591734
V1 4182908 1591734 2600000 1591734
V1 2600000 1591734 1875000 1636077
V1 1875000 1636077 350117 1636077
V1 350117 1636077 327900 1613860
Net66 5 
V1 3014340 1513970 2995826 1495456
V1 2995826 1495456 2600000 1495456
V1 2600000 1495456 1875000 1511315
V1 1875000 1511315 595730 1511315
V1 595730 1511315 548732 1558312
Net67 5 
V1 3109602 1513970 3105330 1518242
V1 3105330 1518242 2600000 1518242
V1 2600000 1518242 1875000 1515587
V1 1875000 1515587 679795 1515587
V1 679795 1515587 637070 1558312
Net68 5 
V1 3204870 1513970 3196325 1522515
V1 3196325 1522515 2600000 1522515
V1 2600000 1522515 1875000 1519860
V1 1875000 1519860 763852 1519860
V1 763852 1519860 725400 1558312
Net69 5 
V1 3300130 1513970 3287312 1526787
V1 3287312 1526787 2600000 1526787
V1 2600000 1526787 1875000 1524132
V1 1875000 1524132 847920 1524132
V1 847920 1524132 813740 1558312
Net70 5 
V1 3395390 1513970 3378300 1531060
V1 3378300 1531060 2600000 1531060
V1 2600000 1531060 1875000 1528405
V1 1875000 1528405 931977 1528405
V1 931977 1528405 902070 1558312
Net71 5 
V1 3681180 1513970 3659817 1535332
V1 3659817 1535332 2600000 1535332
V1 2600000 1535332 1875000 1532677
V1 1875000 1532677 1016045 1532677
V1 1016045 1532677 990410 1558312
Net72 5 
V1 3776440 1513970 3750805 1539605
V1 3750805 1539605 2600000 1539605
V1 2600000 1539605 1875000 1536950
V1 1875000 1536950 1100102 1536950
V1 1100102 1536950 1078740 1558312
Net73 5 
V1 3871710 1513970 3841802 1543877
V1 3841802 1543877 2600000 1543877
V1 2600000 1543877 1875000 1541222
V1 1875000 1541222 1184170 1541222
V1 1184170 1541222 1167080 1558312
Net74 5 
V1 3966970 1513970 3932790 1548150
V1 3932790 1548150 2600000 1548150
V1 2600000 1548150 1875000 1545495
V1 1875000 1545495 1268227 1545495
V1 1268227 1545495 1255410 1558312
Net75 5 
V1 4062230 1513970 4023777 1552422
V1 4023777 1552422 2600000 1552422
V1 2600000 1552422 1875000 1549767
V1 1875000 1549767 1440625 1549767
V1 1440625 1549767 1432080 1558312
Net76 5 
V1 4157492 1513970 4114767 1556695
V1 4114767 1556695 2600000 1556695
V1 2600000 1556695 1875000 1554040
V1 1875000 1554040 1524685 1554040
V1 1524685 1554040 1520412 1558312
Net77 5 
V1 4252760 1513970 4205762 1560967
V1 4205762 1560967 2600000 1560967
V1 2600000 1560967 1875000 1576826
V1 1875000 1576826 390576 1576826
V1 390576 1576826 372062 1558312
Net79 5 
V1 3061970 1458430 3043458 1476942
V1 3043458 1476942 2600000 1476942
V1 2600000 1476942 1875000 1507042
V1 1875000 1507042 508842 1507042
V1 508842 1507042 504570 1502770
