Nets 22
Net12 5 
V2 3252500 1791687 3243242 1800945
V2 3243242 1800945 2600000 1800945
V2 2600000 1800945 1875000 1830104
V2 1875000 1830104 1295196 1830104
V2 1295196 1830104 1274460 1850840
Net13 5 
V2 3347760 1791687 3329245 1810202
V2 3329245 1810202 2600000 1810202
V2 2600000 1810202 1875000 1835288
V2 1875000 1835288 1354102 1835288
V2 1354102 1835288 1338550 1850840
Net14 5 
V2 3443020 1791687 3415248 1819459
V2 3415248 1819459 2600000 1819459
V2 2600000 1819459 1875000 1840472
V2 1875000 1840472 1413005 1840472
V2 1413005 1840472 1402637 1850840
Net15 5 
V2 3538290 1791687 3501261 1828716
V2 3501261 1828716 2600000 1828716
V2 2600000 1828716 1875000 1845656
V2 1875000 1845656 1471904 1845656
V2 1471904 1845656 1466720 1850840
Net19 5 
V2 3919340 1791687 3908231 1780579
V2 3908231 1780579 2600000 1780579
V2 2600000 1780579 1875000 1793816
V2 1875000 1793816 1600074 1793816
V2 1600074 1793816 1594890 1799000
Net22 5 
V2 4205130 1791687 4158844 1837973
V2 4158844 1837973 2600000 1837973
V2 2600000 1837973 1875000 1863800
V2 1875000 1863800 1191292 1863800
V2 1191292 1863800 1178332 1876760
Net23 5 
V2 3014340 1736140 3003226 1747253
V2 3003226 1747253 2600000 1747253
V2 2600000 1747253 1875000 1778264
V2 1875000 1778264 1295196 1778264
V2 1295196 1778264 1274460 1799000
Net24 5 
V2 3109602 1736140 3087380 1758362
V2 3087380 1758362 2600000 1758362
V2 2600000 1758362 1875000 1783448
V2 1875000 1783448 1354102 1783448
V2 1354102 1783448 1338550 1799000
Net25 5 
V2 3204870 1736140 3171539 1769470
V2 3171539 1769470 2600000 1769470
V2 2600000 1769470 1875000 1788632
V2 1875000 1788632 1413005 1788632
V2 1413005 1788632 1402637 1799000
Net28 5 
V2 3585920 1736140 3567406 1717626
V2 3567406 1717626 2600000 1717626
V2 2600000 1717626 1875000 1760120
V2 1875000 1760120 1287420 1760120
V2 1287420 1760120 1274460 1747160
Net36 5 
V2 3252500 1680600 3233988 1699112
V2 3233988 1699112 2600000 1699112
V2 2600000 1699112 1875000 1708280
V2 1875000 1708280 1383550 1708280
V2 1383550 1708280 1370590 1721240
Net58 5 
V2 3538290 1569512 3524399 1583403
V2 3524399 1583403 2600000 1583403
V2 2600000 1583403 1875000 1612376
V2 1875000 1612376 1568034 1612376
V2 1568034 1612376 1562850 1617560
Net60 5 
V2 3728810 1569512 3701033 1597289
V2 3701033 1597289 2600000 1597289
V2 2600000 1597289 1875000 1652120
V2 1875000 1652120 1539450 1652120
V2 1539450 1652120 1530810 1643480
Net64 5 
V2 4205130 1569512 4163468 1611174
V2 4163468 1611174 2600000 1611174
V2 2600000 1611174 1875000 1660760
V2 1875000 1660760 1186972 1660760
V2 1186972 1660760 1178332 1669400
Net65 5 
V2 2919080 1513970 2891308 1541741
V2 2891308 1541741 2600000 1541741
V2 2600000 1541741 1875000 1607192
V2 1875000 1607192 1252788 1607192
V2 1252788 1607192 1242420 1617560
Net66 5 
V2 3014340 1513970 3007397 1507027
V2 3007397 1507027 2600000 1507027
V2 2600000 1507027 1875000 1602008
V2 1875000 1602008 1284828 1602008
V2 1284828 1602008 1274460 1591640
Net68 5 
V2 3204870 1513970 3190984 1500084
V2 3190984 1500084 2600000 1500084
V2 2600000 1500084 1875000 1596824
V2 1875000 1596824 1343734 1596824
V2 1343734 1596824 1338550 1591640
Net69 5 
V2 3300130 1513970 3279301 1493141
V2 3279301 1493141 2600000 1493141
V2 2600000 1493141 1875000 1578680
V2 1875000 1578680 1415597 1578680
V2 1415597 1578680 1402637 1591640
Net78 5 
V2 2966710 1458430 2959769 1465370
V2 2959769 1465370 2600000 1465370
V2 2600000 1465370 1875000 1520360
V2 1875000 1520360 1229820 1520360
V2 1229820 1520360 1210380 1539800
Net79 5 
V2 3061970 1458430 3048086 1472313
V2 3048086 1472313 2600000 1472313
V2 2600000 1472313 1875000 1526840
V2 1875000 1526840 1351510 1526840
V2 1351510 1526840 1338550 1539800
Net80 5 
V2 3252500 1458430 3231673 1479256
V2 3231673 1479256 2600000 1479256
V2 2600000 1479256 1875000 1533320
V2 1875000 1533320 1409117 1533320
V2 1409117 1533320 1402637 1539800
Net87 5 
V2 4205130 1458430 4177361 1486199
V2 4177361 1486199 2600000 1486199
V2 2600000 1486199 1875000 1552760
V2 1875000 1552760 1191292 1552760
V2 1191292 1552760 1178332 1565720
