Nets 15
Net24 5 
M3 3072362 1758360 3059402 1771320
M3 3059402 1771320 2600000 1771320
M3 2600000 1771320 1875000 1877686
M3 1875000 1877686 1252896 1877686
M3 1252896 1877686 1211240 1836030
Net25 5 
M3 3136450 1758360 3129970 1751880
M3 3129970 1751880 2600000 1751880
M3 2600000 1751880 1875000 1863801
M3 1875000 1863801 1327351 1863801
M3 1327351 1863801 1299580 1836030
Net26 5 
M3 3200540 1758360 3187580 1745400
M3 3187580 1745400 2600000 1745400
M3 2600000 1745400 1875000 1849915
M3 1875000 1849915 1490135 1849915
M3 1490135 1849915 1476250 1836030
Net31 5 
M3 3232580 1732440 3226100 1738920
M3 3226100 1738920 2600000 1738920
M3 2600000 1738920 1875000 1808258
M3 1875000 1808258 1592351 1808258
M3 1592351 1808258 1564580 1836030
Net43 5 
M3 3296667 1680600 3283707 1693560
M3 3283707 1693560 2600000 1693560
M3 2600000 1693560 1875000 1752711
M3 1875000 1752711 399838 1752711
M3 399838 1752711 372062 1780487
Net67 5 
M3 3008280 1551000 3003096 1556184
M3 3003096 1556184 2600000 1556184
M3 2600000 1556184 1875000 1569421
M3 1875000 1569421 913178 1569421
M3 913178 1569421 902070 1558312
Net68 5 
M3 3072362 1551000 3061994 1561368
M3 3061994 1561368 2600000 1561368
M3 2600000 1561368 1875000 1580529
M3 1875000 1580529 1332910 1580529
M3 1332910 1580529 1299580 1613860
Net69 5 
M3 3136450 1551000 3120898 1566552
M3 3120898 1566552 2600000 1566552
M3 2600000 1566552 1875000 1591638
M3 1875000 1591638 1410132 1591638
M3 1410132 1591638 1387910 1613860
Net70 5 
M3 3200540 1551000 3179804 1571736
M3 3179804 1571736 2600000 1571736
M3 2600000 1571736 1875000 1602746
M3 1875000 1602746 1487363 1602746
M3 1487363 1602746 1476250 1613860
Net75 5 
M3 3232580 1525080 3219620 1538040
M3 3219620 1538040 2600000 1538040
M3 2600000 1538040 1875000 1550377
M3 1875000 1550377 1528348 1550377
M3 1528348 1550377 1520412 1558312
Net79 5 
M3 3008280 1499160 3003096 1504344
M3 3003096 1504344 2600000 1504344
M3 2600000 1504344 1875000 1518639
M3 1875000 1518639 1030083 1518639
M3 1030083 1518639 990410 1558312
Net80 5 
M3 3072362 1499160 3061994 1509528
M3 3061994 1509528 2600000 1509528
M3 2600000 1509528 1875000 1526573
M3 1875000 1526573 1110479 1526573
M3 1110479 1526573 1078740 1558312
Net81 5 
M3 3136450 1499160 3120898 1514712
M3 3120898 1514712 2600000 1514712
M3 2600000 1514712 1875000 1534508
M3 1875000 1534508 1190884 1534508
M3 1190884 1534508 1167080 1558312
Net82 5 
M3 3200540 1499160 3179804 1519896
M3 3179804 1519896 2600000 1519896
M3 2600000 1519896 1875000 1542442
M3 1875000 1542442 1271280 1542442
M3 1271280 1542442 1255410 1558312
Net87 5 
M3 3296667 1473240 3283707 1486200
M3 3283707 1486200 2600000 1486200
M3 2600000 1486200 1875000 1510704
M3 1875000 1510704 419670 1510704
M3 419670 1510704 372062 1558312
