Nets 48
Net6 5 
M2 3860880 1853400 3839280 1875000
M2 3839280 1875000 2600000 1875000
M2 2600000 1875000 1875000 1863800
M2 1875000 1863800 592420 1863800
M2 592420 1863800 570820 1885400
Net9 5 
M2 3124760 1810200 3119360 1815600
M2 3119360 1815600 2600000 1815600
M2 2600000 1815600 1875000 1804400
M2 1875000 1804400 911730 1804400
M2 911730 1804400 873930 1842200
Net10 5 
M2 3211360 1810200 3200560 1821000
M2 3200560 1821000 2600000 1821000
M2 2600000 1821000 1875000 1809800
M2 1875000 1809800 992930 1809800
M2 992930 1809800 960530 1842200
Net11 5 
M2 3297962 1810200 3281762 1826400
M2 3281762 1826400 2600000 1826400
M2 2600000 1826400 1875000 1815200
M2 1875000 1815200 1160732 1815200
M2 1160732 1815200 1133732 1842200
Net12 5 
M2 3471170 1810200 3449570 1831800
M2 3449570 1831800 2600000 1831800
M2 2600000 1831800 1875000 1820600
M2 1875000 1820600 1328540 1820600
M2 1328540 1820600 1306940 1842200
Net13 5 
M2 3557770 1810200 3530770 1837200
M2 3530770 1837200 2600000 1837200
M2 2600000 1837200 1875000 1826000
M2 1875000 1826000 1409740 1826000
M2 1409740 1826000 1393540 1842200
Net14 5 
M2 3644372 1810200 3611972 1842600
M2 3611972 1842600 2600000 1842600
M2 2600000 1842600 1875000 1831400
M2 1875000 1831400 1490942 1831400
M2 1490942 1831400 1480142 1842200
Net15 5 
M2 3730980 1810200 3693180 1848000
M2 3693180 1848000 2600000 1848000
M2 2600000 1848000 1875000 1836800
M2 1875000 1836800 1572150 1836800
M2 1572150 1836800 1566750 1842200
Net19 5 
M2 3168060 1767000 3161887 1773172
M2 3161887 1773172 2600000 1773172
M2 2600000 1773172 1875000 1761971
M2 1875000 1761971 1040858 1761971
M2 1040858 1761971 1003830 1799000
Net20 5 
M2 3341267 1767000 3328923 1779343
M2 3328923 1779343 2600000 1779343
M2 2600000 1779343 1875000 1768142
M2 1875000 1768142 1121287 1768142
M2 1121287 1768142 1090430 1799000
Net21 5 
M2 3427870 1767000 3409355 1785515
M2 3409355 1785515 2600000 1785515
M2 2600000 1785515 1875000 1774313
M2 1875000 1774313 1201723 1774313
M2 1201723 1774313 1177037 1799000
Net22 5 
M2 3514470 1767000 3489783 1791686
M2 3489783 1791686 2600000 1791686
M2 2600000 1791686 1875000 1780485
M2 1875000 1780485 1282155 1780485
M2 1282155 1780485 1263640 1799000
Net23 5 
M2 3687677 1767000 3656820 1797857
M2 3656820 1797857 2600000 1797857
M2 2600000 1797857 1875000 1786656
M2 1875000 1786656 1362583 1786656
M2 1362583 1786656 1350240 1799000
Net24 5 
M2 3774280 1767000 3737251 1804028
M2 3737251 1804028 2600000 1804028
M2 2600000 1804028 1875000 1792827
M2 1875000 1792827 1529620 1792827
M2 1529620 1792827 1523447 1799000
Net28 5 
M2 3124760 1723800 3119360 1729200
M2 3119360 1729200 2600000 1729200
M2 2600000 1729200 1875000 1718000
M2 1875000 1718000 911730 1718000
M2 911730 1718000 873930 1755800
Net29 5 
M2 3211360 1723800 3200560 1734600
M2 3200560 1734600 2600000 1734600
M2 2600000 1734600 1875000 1723400
M2 1875000 1723400 992930 1723400
M2 992930 1723400 960530 1755800
Net30 5 
M2 3384570 1723800 3368370 1740000
M2 3368370 1740000 2600000 1740000
M2 2600000 1740000 1875000 1728800
M2 1875000 1728800 1074130 1728800
M2 1074130 1728800 1047130 1755800
Net31 5 
M2 3471170 1723800 3449570 1745400
M2 3449570 1745400 2600000 1745400
M2 2600000 1745400 1875000 1734200
M2 1875000 1734200 1155332 1734200
M2 1155332 1734200 1133732 1755800
Net32 5 
M2 3557770 1723800 3530770 1750800
M2 3530770 1750800 2600000 1750800
M2 2600000 1750800 1875000 1739600
M2 1875000 1739600 1323140 1739600
M2 1323140 1739600 1306940 1755800
Net33 5 
M2 3730980 1723800 3698580 1756200
M2 3698580 1756200 2600000 1756200
M2 2600000 1756200 1875000 1745000
M2 1875000 1745000 1490942 1745000
M2 1490942 1745000 1480142 1755800
Net34 5 
M2 3817580 1723800 3779780 1761600
M2 3779780 1761600 2600000 1761600
M2 2600000 1761600 1875000 1750400
M2 1875000 1750400 1572150 1750400
M2 1572150 1750400 1566750 1755800
Net38 5 
M2 3168060 1680600 3161887 1686772
M2 3161887 1686772 2600000 1686772
M2 2600000 1686772 1875000 1675571
M2 1875000 1675571 954258 1675571
M2 954258 1675571 917230 1712600
Net39 5 
M2 3341267 1680600 3328923 1692943
M2 3328923 1692943 2600000 1692943
M2 2600000 1692943 1875000 1681742
M2 1875000 1681742 1034687 1681742
M2 1034687 1681742 1003830 1712600
Net40 5 
M2 3514470 1680600 3495955 1699115
M2 3495955 1699115 2600000 1699115
M2 2600000 1699115 1875000 1687913
M2 1875000 1687913 1201723 1687913
M2 1201723 1687913 1177037 1712600
Net41 5 
M2 3601070 1680600 3576383 1705286
M2 3576383 1705286 2600000 1705286
M2 2600000 1705286 1875000 1694085
M2 1875000 1694085 1282155 1694085
M2 1282155 1694085 1263640 1712600
Net42 5 
M2 3687677 1680600 3656820 1711457
M2 3656820 1711457 2600000 1711457
M2 2600000 1711457 1875000 1700256
M2 1875000 1700256 1362583 1700256
M2 1362583 1700256 1350240 1712600
Net43 5 
M2 3774280 1680600 3737251 1717628
M2 3737251 1717628 2600000 1717628
M2 2600000 1717628 1875000 1706427
M2 1875000 1706427 1443012 1706427
M2 1443012 1706427 1436840 1712600
Net55 5 
M2 3341267 1594200 3330467 1605000
M2 3330467 1605000 2600000 1605000
M2 2600000 1605000 1875000 1597400
M2 1875000 1597400 1032630 1597400
M2 1032630 1597400 1003830 1626200
Net56 5 
M2 3427870 1594200 3406270 1615800
M2 3406270 1615800 2600000 1615800
M2 2600000 1615800 1875000 1611800
M2 1875000 1611800 1104830 1611800
M2 1104830 1611800 1090430 1626200
Net61 5 
M2 3860880 1594200 3828480 1626600
M2 3828480 1626600 2600000 1626600
M2 2600000 1626600 1875000 1647800
M2 1875000 1647800 592420 1647800
M2 592420 1647800 570820 1626200
Net64 5 
M2 3211360 1551000 3205187 1557172
M2 3205187 1557172 2600000 1557172
M2 2600000 1557172 1875000 1545971
M2 1875000 1545971 997558 1545971
M2 997558 1545971 960530 1583000
Net65 5 
M2 3297962 1551000 3285618 1563343
M2 3285618 1563343 2600000 1563343
M2 2600000 1563343 1875000 1552142
M2 1875000 1552142 1077987 1552142
M2 1077987 1552142 1047130 1583000
Net66 5 
M2 3384570 1551000 3366055 1569515
M2 3366055 1569515 2600000 1569515
M2 2600000 1569515 1875000 1558313
M2 1875000 1558313 1158418 1558313
M2 1158418 1558313 1133732 1583000
Net67 5 
M2 3471170 1551000 3446483 1575686
M2 3446483 1575686 2600000 1575686
M2 2600000 1575686 1875000 1564485
M2 1875000 1564485 1325455 1564485
M2 1325455 1564485 1306940 1583000
Net68 5 
M2 3644372 1551000 3613515 1581857
M2 3613515 1581857 2600000 1581857
M2 2600000 1581857 1875000 1570656
M2 1875000 1570656 1492486 1570656
M2 1492486 1570656 1480142 1583000
Net69 5 
M2 3730980 1551000 3693951 1588028
M2 3693951 1588028 2600000 1588028
M2 2600000 1588028 1875000 1576827
M2 1875000 1576827 1572922 1576827
M2 1572922 1576827 1566750 1583000
Net73 5 
M2 3081460 1507800 3076060 1513200
M2 3076060 1513200 2600000 1513200
M2 2600000 1513200 1875000 1502000
M2 1875000 1502000 955030 1502000
M2 955030 1502000 917230 1539800
Net74 5 
M2 3168060 1507800 3157260 1518600
M2 3157260 1518600 2600000 1518600
M2 2600000 1518600 1875000 1507400
M2 1875000 1507400 1036230 1507400
M2 1036230 1507400 1003830 1539800
Net75 5 
M2 3341267 1507800 3325067 1524000
M2 3325067 1524000 2600000 1524000
M2 2600000 1524000 1875000 1512800
M2 1875000 1512800 1204037 1512800
M2 1204037 1512800 1177037 1539800
Net76 5 
M2 3514470 1507800 3492870 1529400
M2 3492870 1529400 2600000 1529400
M2 2600000 1529400 1875000 1518200
M2 1875000 1518200 1285240 1518200
M2 1285240 1518200 1263640 1539800
Net77 5 
M2 3601070 1507800 3574070 1534800
M2 3574070 1534800 2600000 1534800
M2 2600000 1534800 1875000 1523600
M2 1875000 1523600 1366440 1523600
M2 1366440 1523600 1350240 1539800
Net78 5 
M2 3687677 1507800 3655277 1540200
M2 3655277 1540200 2600000 1540200
M2 2600000 1540200 1875000 1529000
M2 1875000 1529000 1447640 1529000
M2 1447640 1529000 1436840 1539800
Net79 5 
M2 3774280 1507800 3736480 1545600
M2 3736480 1545600 2600000 1545600
M2 2600000 1545600 1875000 1534400
M2 1875000 1534400 1528847 1534400
M2 1528847 1534400 1523447 1539800
Net82 5 
M2 3124760 1464600 3117560 1471800
M2 3117560 1471800 2600000 1471800
M2 2600000 1471800 1875000 1460600
M2 1875000 1460600 1083130 1460600
M2 1083130 1460600 1047130 1496600
Net83 5 
M2 3211360 1464600 3196960 1479000
M2 3196960 1479000 2600000 1479000
M2 2600000 1479000 1875000 1467800
M2 1875000 1467800 1162532 1467800
M2 1162532 1467800 1133732 1496600
Net84 5 
M2 3384570 1464600 3362970 1486200
M2 3362970 1486200 2600000 1486200
M2 2600000 1486200 1875000 1475000
M2 1875000 1475000 1328540 1475000
M2 1328540 1475000 1306940 1496600
Net85 5 
M2 3471170 1464600 3442370 1493400
M2 3442370 1493400 2600000 1493400
M2 2600000 1493400 1875000 1482200
M2 1875000 1482200 1407940 1482200
M2 1407940 1482200 1393540 1496600
Net86 5 
M2 3644372 1464600 3608372 1500600
M2 3608372 1500600 2600000 1500600
M2 2600000 1500600 1875000 1489400
M2 1875000 1489400 1573950 1489400
M2 1573950 1489400 1566750 1496600
