Nets 26
Net4 5 
M2 3277180 1853400 3255580 1875000
M2 3255580 1875000 2600000 1875000
M2 2600000 1875000 1875000 1842200
M2 1875000 1842200 1562830 1842200
M2 1562830 1842200 1554190 1850840
Net14 5 
M2 3441722 1810200 3430922 1821000
M2 3430922 1821000 2600000 1821000
M2 2600000 1821000 1875000 1807640
M2 1875000 1807640 1544620 1807640
M2 1544620 1807640 1527340 1824920
Net15 5 
M2 3507540 1810200 3485940 1831800
M2 3485940 1831800 2600000 1831800
M2 2600000 1831800 1875000 1816280
M2 1875000 1816280 1589680 1816280
M2 1589680 1816280 1581040 1824920
Net16 5 
M2 3639180 1810200 3606780 1842600
M2 3606780 1842600 2600000 1842600
M2 2600000 1842600 1875000 1833560
M2 1875000 1833560 1267512 1833560
M2 1267512 1833560 1258872 1824920
Net21 5 
M2 3277180 1767000 3262780 1781400
M2 3262780 1781400 2600000 1781400
M2 2600000 1781400 1875000 1760120
M2 1875000 1760120 1486610 1760120
M2 1486610 1760120 1473650 1773080
Net24 5 
M2 3540450 1767000 3511650 1795800
M2 3511650 1795800 2600000 1795800
M2 2600000 1795800 1875000 1766600
M2 1875000 1766600 1587520 1766600
M2 1587520 1766600 1581040 1773080
Net25 5 
M2 3606270 1767000 3597630 1758360
M2 3597630 1758360 2600000 1758360
M2 2600000 1758360 1875000 1753640
M2 1875000 1753640 1278312 1753640
M2 1278312 1753640 1258872 1773080
Net29 5 
M2 3112637 1723800 3103997 1732440
M2 3103997 1732440 2600000 1732440
M2 2600000 1732440 1875000 1727720
M2 1875000 1727720 1358857 1727720
M2 1358857 1727720 1339417 1747160
Net33 5 
M2 3507540 1723800 3490260 1741080
M2 3490260 1741080 2600000 1741080
M2 2600000 1741080 1875000 1734200
M2 1875000 1734200 1567150 1734200
M2 1567150 1734200 1554190 1747160
Net34 5 
M2 3573360 1723800 3547440 1749720
M2 3547440 1749720 2600000 1749720
M2 2600000 1749720 1875000 1740680
M2 1875000 1740680 1614360 1740680
M2 1614360 1740680 1607880 1747160
Net37 5 
M2 2948090 1680600 2939450 1689240
M2 2939450 1689240 2600000 1689240
M2 2600000 1689240 1875000 1700504
M2 1875000 1700504 1440693 1700504
M2 1440693 1700504 1419957 1721240
Net41 5 
M2 3408817 1680600 3391537 1697880
M2 3391537 1697880 2600000 1697880
M2 2600000 1697880 1875000 1705688
M2 1875000 1705688 1489202 1705688
M2 1489202 1705688 1473650 1721240
Net42 5 
M2 3474630 1680600 3448710 1706520
M2 3448710 1706520 2600000 1706520
M2 2600000 1706520 1875000 1710872
M2 1875000 1710872 1537708 1710872
M2 1537708 1710872 1527340 1721240
Net43 5 
M2 3540450 1680600 3505890 1715160
M2 3505890 1715160 2600000 1715160
M2 2600000 1715160 1875000 1716056
M2 1875000 1716056 1586224 1716056
M2 1586224 1716056 1581040 1721240
Net44 5 
M2 2981000 1637400 2966600 1651800
M2 2966600 1651800 2600000 1651800
M2 2600000 1651800 1875000 1626200
M2 1875000 1626200 1356697 1626200
M2 1356697 1626200 1339417 1643480
Net50 5 
M2 3441722 1637400 3412922 1666200
M2 3412922 1666200 2600000 1666200
M2 2600000 1666200 1875000 1634840
M2 1875000 1634840 1509137 1634840
M2 1509137 1634840 1500497 1643480
Net57 5 
M2 3343000 1594200 3321400 1615800
M2 3321400 1615800 2600000 1615800
M2 2600000 1615800 1875000 1608920
M2 1875000 1608920 1589680 1608920
M2 1589680 1608920 1581040 1617560
Net67 5 
M2 3310090 1551000 3301450 1559640
M2 3301450 1559640 2600000 1559640
M2 2600000 1559640 1875000 1546280
M2 1875000 1546280 1493090 1546280
M2 1493090 1546280 1473650 1565720
Net68 5 
M2 3441722 1551000 3424442 1568280
M2 3424442 1568280 2600000 1568280
M2 2600000 1568280 1875000 1552760
M2 1875000 1552760 1540300 1552760
M2 1540300 1552760 1527340 1565720
Net69 5 
M2 3507540 1551000 3481620 1576920
M2 3481620 1576920 2600000 1576920
M2 2600000 1576920 1875000 1559240
M2 1875000 1559240 1587520 1559240
M2 1587520 1559240 1581040 1565720
Net70 5 
M2 3639180 1551000 3604620 1585560
M2 3604620 1585560 2600000 1585560
M2 2600000 1585560 1875000 1600280
M2 1875000 1600280 1276152 1600280
M2 1276152 1600280 1258872 1617560
Net74 5 
M2 3079730 1507800 3058130 1529400
M2 3058130 1529400 2600000 1529400
M2 2600000 1529400 1875000 1505240
M2 1875000 1505240 1428597 1505240
M2 1428597 1505240 1419957 1513880
Net84 5 
M2 3244270 1464600 3235630 1473240
M2 3235630 1473240 2600000 1473240
M2 2600000 1473240 1875000 1468520
M2 1875000 1468520 1412550 1468520
M2 1412550 1468520 1393110 1487960
Net85 5 
M2 3310090 1464600 3292810 1481880
M2 3292810 1481880 2600000 1481880
M2 2600000 1481880 1875000 1475000
M2 1875000 1475000 1513457 1475000
M2 1513457 1475000 1500497 1487960
Net86 5 
M2 3441722 1464600 3415802 1490520
M2 3415802 1490520 2600000 1490520
M2 2600000 1490520 1875000 1481480
M2 1875000 1481480 1614360 1481480
M2 1614360 1481480 1607880 1487960
Net87 5 
M2 3639180 1464600 3604620 1499160
M2 3604620 1499160 2600000 1499160
M2 2600000 1499160 1875000 1496600
M2 1875000 1496600 1276152 1496600
M2 1276152 1496600 1258872 1513880
