Nets 20
Net5 5 
V2 3601070 1853400 3579470 1875000
V2 3579470 1875000 2600000 1875000
V2 2600000 1875000 1875000 1837880
V2 1875000 1837880 1607850 1837880
V2 1607850 1837880 1594890 1850840
Net13 5 
V2 3557770 1810200 3536170 1831800
V2 3536170 1831800 2600000 1831800
V2 2600000 1831800 1875000 1811960
V2 1875000 1811960 1447640 1811960
V2 1447640 1811960 1434680 1824920
Net23 5 
V2 3687677 1767000 3666077 1788600
V2 3666077 1788600 2600000 1788600
V2 2600000 1788600 1875000 1786040
V2 1875000 1786040 1607850 1786040
V2 1607850 1786040 1594890 1799000
Net31 5 
V2 3471170 1723800 3449570 1745400
V2 3449570 1745400 2600000 1745400
V2 2600000 1745400 1875000 1760120
V2 1875000 1760120 1383550 1760120
V2 1383550 1760120 1370590 1773080
Net32 5 
V2 3557770 1723800 3546970 1713000
V2 3546970 1713000 2600000 1713000
V2 2600000 1713000 1875000 1734200
V2 1875000 1734200 1415597 1734200
V2 1415597 1734200 1402637 1747160
Net35 5 
V2 3904180 1723800 3882580 1702200
V2 3882580 1702200 2600000 1702200
V2 2600000 1702200 1875000 1708280
V2 1875000 1708280 1191292 1708280
V2 1191292 1708280 1178332 1721240
Net38 5 
V2 3168060 1680600 3157260 1691400
V2 3157260 1691400 2600000 1691400
V2 2600000 1691400 1875000 1682360
V2 1875000 1682360 1415597 1682360
V2 1415597 1682360 1402637 1695320
Net48 5 
V2 3471170 1637400 3456770 1651800
V2 3456770 1651800 2600000 1651800
V2 2600000 1651800 1875000 1656440
V2 1875000 1656440 1383550 1656440
V2 1383550 1656440 1370590 1669400
Net49 5 
V2 3557770 1637400 3528970 1666200
V2 3528970 1666200 2600000 1666200
V2 2600000 1666200 1875000 1662920
V2 1875000 1662920 1441160 1662920
V2 1441160 1662920 1434680 1669400
Net55 5 
V2 3341267 1594200 3332627 1602840
V2 3332627 1602840 2600000 1602840
V2 2600000 1602840 1875000 1586456
V2 1875000 1586456 1471904 1586456
V2 1471904 1586456 1466720 1591640
Net59 5 
V2 3687677 1594200 3670397 1611480
V2 3670397 1611480 2600000 1611480
V2 2600000 1611480 1875000 1626200
V2 1875000 1626200 1548090 1626200
V2 1548090 1626200 1530810 1643480
Net60 5 
V2 3774280 1594200 3748360 1620120
V2 3748360 1620120 2600000 1620120
V2 2600000 1620120 1875000 1634840
V2 1875000 1634840 1603530 1634840
V2 1603530 1634840 1594890 1643480
Net61 5 
V2 3860880 1594200 3826320 1628760
V2 3826320 1628760 2600000 1628760
V2 2600000 1628760 1875000 1649960
V2 1875000 1649960 1197772 1649960
V2 1197772 1649960 1178332 1669400
Net62 5 
V2 2951552 1551000 2940752 1561800
V2 2940752 1561800 2600000 1561800
V2 2600000 1561800 1875000 1570904
V2 1875000 1570904 1295196 1570904
V2 1295196 1570904 1274460 1591640
Net64 5 
V2 3211360 1551000 3189760 1572600
V2 3189760 1572600 2600000 1572600
V2 2600000 1572600 1875000 1576088
V2 1875000 1576088 1354102 1576088
V2 1354102 1576088 1338550 1591640
Net65 5 
V2 3297962 1551000 3265562 1583400
V2 3265562 1583400 2600000 1583400
V2 2600000 1583400 1875000 1581272
V2 1875000 1581272 1413005 1581272
V2 1413005 1581272 1402637 1591640
Net71 5 
V2 2908250 1507800 2897450 1518600
V2 2897450 1518600 2600000 1518600
V2 2600000 1518600 1875000 1520360
V2 1875000 1520360 1229820 1520360
V2 1229820 1520360 1210380 1539800
Net72 5 
V2 2994857 1507800 2973257 1529400
V2 2973257 1529400 2600000 1529400
V2 2600000 1529400 1875000 1526840
V2 1875000 1526840 1351510 1526840
V2 1351510 1526840 1338550 1539800
Net73 5 
V2 3081460 1507800 3049060 1540200
V2 3049060 1540200 2600000 1540200
V2 2600000 1540200 1875000 1533320
V2 1875000 1533320 1409117 1533320
V2 1409117 1533320 1402637 1539800
Net83 5 
V2 3211360 1464600 3189760 1486200
V2 3189760 1486200 2600000 1486200
V2 2600000 1486200 1875000 1475000
V2 1875000 1475000 1287420 1475000
V2 1287420 1475000 1274460 1487960
