Nets 32
Net13 5 
V2 3375910 1810200 3365110 1821000
V2 3365110 1821000 2600000 1821000
V2 2600000 1821000 1875000 1874909
V2 1875000 1874909 1255620 1874909
V2 1255620 1874909 1238960 1891570
Net14 5 
V2 3441722 1810200 3420122 1831800
V2 3420122 1831800 2600000 1831800
V2 2600000 1831800 1875000 1880464
V2 1875000 1880464 1433656 1880464
V2 1433656 1880464 1422550 1891570
Net15 5 
V2 3507540 1810200 3475140 1842600
V2 3475140 1842600 2600000 1842600
V2 2600000 1842600 1875000 1886018
V2 1875000 1886018 1519901 1886018
V2 1519901 1886018 1514350 1891570
Net16 5 
V2 3639180 1810200 3624780 1795800
V2 3624780 1795800 2600000 1795800
V2 2600000 1795800 1875000 1869355
V2 1875000 1869355 343184 1869355
V2 343184 1869355 320970 1891570
Net20 5 
V2 3211360 1767000 3196960 1781400
V2 3196960 1781400 2600000 1781400
V2 2600000 1781400 1875000 1863801
V2 1875000 1863801 1129031 1863801
V2 1129031 1863801 1101260 1836030
Net21 5 
V2 3277180 1767000 3269980 1759800
V2 3269980 1759800 2600000 1759800
V2 2600000 1759800 1875000 1858247
V2 1875000 1858247 1215277 1858247
V2 1215277 1858247 1193060 1836030
Net22 5 
V2 3343000 1767000 3328600 1752600
V2 3328600 1752600 2600000 1752600
V2 2600000 1752600 1875000 1852692
V2 1875000 1852692 1301520 1852692
V2 1301520 1852692 1284857 1836030
Net23 5 
V2 3474630 1767000 3453030 1745400
V2 3453030 1745400 2600000 1745400
V2 2600000 1745400 1875000 1847138
V2 1875000 1847138 1387761 1847138
V2 1387761 1847138 1376652 1836030
Net24 5 
V2 3540450 1767000 3511650 1738200
V2 3511650 1738200 2600000 1738200
V2 2600000 1738200 1875000 1841584
V2 1875000 1841584 1474004 1841584
V2 1474004 1841584 1468450 1836030
Net27 5 
V2 2981000 1723800 2976680 1719480
V2 2976680 1719480 2600000 1719480
V2 2600000 1719480 1875000 1822144
V2 1875000 1822144 821616 1822144
V2 821616 1822144 779960 1780487
Net28 5 
V2 3046820 1723800 3038180 1715160
V2 3038180 1715160 2600000 1715160
V2 2600000 1715160 1875000 1815201
V2 1875000 1815201 906473 1815201
V2 906473 1815201 871760 1780487
Net29 5 
V2 3112637 1723800 3099677 1710840
V2 3099677 1710840 2600000 1710840
V2 2600000 1710840 1875000 1808258
V2 1875000 1808258 991331 1808258
V2 991331 1808258 963560 1780487
Net30 5 
V2 3244270 1723800 3226990 1706520
V2 3226990 1706520 2600000 1706520
V2 2600000 1706520 1875000 1801315
V2 1875000 1801315 1076188 1801315
V2 1076188 1801315 1055360 1780487
Net31 5 
V2 3310090 1723800 3288490 1702200
V2 3288490 1702200 2600000 1702200
V2 2600000 1702200 1875000 1794373
V2 1875000 1794373 1252845 1794373
V2 1252845 1794373 1238960 1780487
Net32 5 
V2 3375910 1723800 3349990 1697880
V2 3349990 1697880 2600000 1697880
V2 2600000 1697880 1875000 1787430
V2 1875000 1787430 1337695 1787430
V2 1337695 1787430 1330752 1780487
Net33 5 
V2 3507540 1723800 3477300 1693560
V2 3477300 1693560 2600000 1693560
V2 2600000 1693560 1875000 1761968
V2 1875000 1761968 1532869 1761968
V2 1532869 1761968 1514350 1780487
Net34 5 
V2 3573360 1723800 3566160 1731000
V2 3566160 1731000 2600000 1731000
V2 2600000 1731000 1875000 1829086
V2 1875000 1829086 1567193 1829086
V2 1567193 1829086 1560250 1836030
Net35 5 
V2 3639180 1723800 3604620 1689240
V2 3604620 1689240 2600000 1689240
V2 2600000 1689240 1875000 1743454
V2 1875000 1743454 358003 1743454
V2 358003 1743454 320970 1780487
Net36 5 
V2 2882270 1680600 2877950 1684920
V2 2877950 1684920 2600000 1684920
V2 2600000 1684920 1875000 1697171
V2 1875000 1697171 578236 1697171
V2 578236 1697171 550467 1724940
Net60 5 
V2 3540450 1594200 3518850 1615800
V2 3518850 1615800 2600000 1615800
V2 2600000 1615800 1875000 1650888
V2 1875000 1650888 1532862 1650888
V2 1532862 1650888 1514350 1669400
Net61 5 
V2 3606270 1594200 3591870 1579800
V2 3591870 1579800 2600000 1579800
V2 2600000 1579800 1875000 1632374
V2 1875000 1632374 293584 1632374
V2 293584 1632374 275070 1613860
Net64 5 
V2 3112637 1551000 3098237 1565400
V2 3098237 1565400 2600000 1565400
V2 2600000 1565400 1875000 1599969
V2 1875000 1599969 729819 1599969
V2 729819 1599969 688162 1558312
Net65 5 
V2 3178450 1551000 3174130 1546680
V2 3174130 1546680 2600000 1546680
V2 2600000 1546680 1875000 1586083
V2 1875000 1586083 807731 1586083
V2 807731 1586083 779960 1558312
Net66 5 
V2 3244270 1551000 3235630 1542360
V2 3235630 1542360 2600000 1542360
V2 2600000 1542360 1875000 1572198
V2 1875000 1572198 885645 1572198
V2 885645 1572198 871760 1558312
Net71 5 
V2 2882270 1507800 2877950 1512120
V2 2877950 1512120 2600000 1512120
V2 2600000 1512120 1875000 1484255
V2 1875000 1484255 385384 1484255
V2 385384 1484255 366870 1502770
Net74 5 
V2 3079730 1507800 3071090 1516440
V2 3071090 1516440 2600000 1516440
V2 2600000 1516440 1875000 1510704
V2 1875000 1510704 1011168 1510704
V2 1011168 1510704 963560 1558312
Net75 5 
V2 3211360 1507800 3198400 1520760
V2 3198400 1520760 2600000 1520760
V2 2600000 1520760 1875000 1518639
V2 1875000 1518639 1095033 1518639
V2 1095033 1518639 1055360 1558312
Net76 5 
V2 3343000 1507800 3325720 1525080
V2 3325720 1525080 2600000 1525080
V2 2600000 1525080 1875000 1526573
V2 1875000 1526573 1178899 1526573
V2 1178899 1526573 1147160 1558312
Net77 5 
V2 3408817 1507800 3387217 1529400
V2 3387217 1529400 2600000 1529400
V2 2600000 1529400 1875000 1534508
V2 1875000 1534508 1262764 1534508
V2 1262764 1534508 1238960 1558312
Net78 5 
V2 3474630 1507800 3448710 1533720
V2 3448710 1533720 2600000 1533720
V2 2600000 1533720 1875000 1542442
V2 1875000 1542442 1438420 1542442
V2 1438420 1542442 1422550 1558312
Net79 5 
V2 3540450 1507800 3510210 1538040
V2 3510210 1538040 2600000 1538040
V2 2600000 1538040 1875000 1550377
V2 1875000 1550377 1522285 1550377
V2 1522285 1550377 1514350 1558312
Net80 5 
V2 3606270 1507800 3584670 1486200
V2 3584670 1486200 2600000 1486200
V2 2600000 1486200 1875000 1465741
V2 1875000 1465741 312098 1465741
V2 312098 1465741 275070 1502770
