Nets 26
Net11 5 
V2 3061970 1791687 3054034 1799623
V2 3054034 1799623 2600000 1799623
V2 2600000 1799623 1875000 1806200
V2 1875000 1806200 823322 1806200
V2 823322 1806200 787322 1842200
Net12 5 
V2 3252500 1791687 3236630 1807557
V2 3236630 1807557 2600000 1807557
V2 2600000 1807557 1875000 1813400
V2 1875000 1813400 902730 1813400
V2 902730 1813400 873930 1842200
Net13 5 
V2 3347760 1791687 3323955 1815492
V2 3323955 1815492 2600000 1815492
V2 2600000 1815492 1875000 1820600
V2 1875000 1820600 982130 1820600
V2 982130 1820600 960530 1842200
Net14 5 
V2 3443020 1791687 3411281 1823426
V2 3411281 1823426 2600000 1823426
V2 2600000 1823426 1875000 1827800
V2 1875000 1827800 1148132 1827800
V2 1148132 1827800 1133732 1842200
Net15 5 
V2 3538290 1791687 3498616 1831361
V2 3498616 1831361 2600000 1831361
V2 2600000 1831361 1875000 1835000
V2 1875000 1835000 1314140 1835000
V2 1314140 1835000 1306940 1842200
Net22 5 
V2 4205130 1791687 4157522 1839295
V2 4157522 1839295 2600000 1839295
V2 2600000 1839295 1875000 1863800
V2 1875000 1863800 592420 1863800
V2 592420 1863800 570820 1885400
Net23 5 
V2 3014340 1736140 2986563 1763916
V2 2986563 1763916 2600000 1763916
V2 2600000 1763916 1875000 1784600
V2 1875000 1784600 758420 1784600
V2 758420 1784600 744020 1799000
Net34 5 
V2 2966710 1680600 2948198 1699112
V2 2948198 1699112 2600000 1699112
V2 2600000 1699112 1875000 1734200
V2 1875000 1734200 722320 1734200
V2 722320 1734200 700720 1755800
Net43 5 
V2 4205130 1680600 4168104 1717626
V2 4168104 1717626 2600000 1717626
V2 2600000 1717626 1875000 1770200
V2 1875000 1770200 599620 1770200
V2 599620 1770200 570820 1799000
Net54 5 
V2 2966710 1569512 2948190 1588032
V2 2948190 1588032 2600000 1588032
V2 2600000 1588032 1875000 1615400
V2 1875000 1615400 754820 1615400
V2 754820 1615400 744020 1626200
Net61 5 
V2 3824077 1569512 3817906 1563341
V2 3817906 1563341 2600000 1563341
V2 2600000 1563341 1875000 1604600
V2 1875000 1604600 1328540 1604600
V2 1328540 1604600 1306940 1583000
Net62 5 
V2 4014600 1569512 4002257 1557170
V2 4002257 1557170 2600000 1557170
V2 2600000 1557170 1875000 1593800
V2 1875000 1593800 1490942 1593800
V2 1490942 1593800 1480142 1583000
Net63 5 
V2 4109860 1569512 4091346 1550998
V2 4091346 1550998 2600000 1550998
V2 2600000 1550998 1875000 1578680
V2 1875000 1578680 1571070 1578680
V2 1571070 1578680 1566750 1583000
Net64 5 
V2 4205130 1569512 4168096 1606546
V2 4168096 1606546 2600000 1606546
V2 2600000 1606546 1875000 1647800
V2 1875000 1647800 592420 1647800
V2 592420 1647800 570820 1626200
Net66 5 
V2 3014340 1513970 3008167 1520142
V2 3008167 1520142 2600000 1520142
V2 2600000 1520142 1875000 1557080
V2 1875000 1557080 726640 1557080
V2 726640 1557080 700720 1583000
Net67 5 
V2 3109602 1513970 3097258 1526313
V2 3097258 1526313 2600000 1526313
V2 2600000 1526313 1875000 1561400
V2 1875000 1561400 808922 1561400
V2 808922 1561400 787322 1583000
Net68 5 
V2 3204870 1513970 3186355 1532485
V2 3186355 1532485 2600000 1532485
V2 2600000 1532485 1875000 1565720
V2 1875000 1565720 977810 1565720
V2 977810 1565720 960530 1583000
Net69 5 
V2 3300130 1513970 3275443 1538656
V2 3275443 1538656 2600000 1538656
V2 2600000 1538656 1875000 1570040
V2 1875000 1570040 1060090 1570040
V2 1060090 1570040 1047130 1583000
Net70 5 
V2 3395390 1513970 3364532 1544827
V2 3364532 1544827 2600000 1544827
V2 2600000 1544827 1875000 1574360
V2 1875000 1574360 1142372 1574360
V2 1142372 1574360 1133732 1583000
Net73 5 
V2 3871710 1513970 3864767 1507027
V2 3864767 1507027 2600000 1507027
V2 2600000 1507027 1875000 1552760
V2 1875000 1552760 1276600 1552760
V2 1276600 1552760 1263640 1539800
Net74 5 
V2 3966970 1513970 3953084 1500084
V2 3953084 1500084 2600000 1500084
V2 2600000 1500084 1875000 1548440
V2 1875000 1548440 1358880 1548440
V2 1358880 1548440 1350240 1539800
Net75 5 
V2 4062230 1513970 4041401 1493141
V2 4041401 1493141 2600000 1493141
V2 2600000 1493141 1875000 1544120
V2 1875000 1544120 1441160 1544120
V2 1441160 1544120 1436840 1539800
Net76 5 
V2 4157492 1513970 4129721 1486199
V2 4129721 1486199 2600000 1486199
V2 2600000 1486199 1875000 1531160
V2 1875000 1531160 1532087 1531160
V2 1532087 1531160 1523447 1539800
Net78 5 
V2 2966710 1458430 2959769 1465370
V2 2959769 1465370 2600000 1465370
V2 2600000 1465370 1875000 1505240
V2 1875000 1505240 778580 1505240
V2 778580 1505240 744020 1539800
Net79 5 
V2 3061970 1458430 3048086 1472313
V2 3048086 1472313 2600000 1472313
V2 2600000 1472313 1875000 1513880
V2 1875000 1513880 856547 1513880
V2 856547 1513880 830627 1539800
Net80 5 
V2 3252500 1458430 3231673 1479256
V2 3231673 1479256 2600000 1479256
V2 2600000 1479256 1875000 1522520
V2 1875000 1522520 934510 1522520
V2 934510 1522520 917230 1539800
