Nets 22
Net4 5 
M2 2875780 1836120 2867140 1844760
M2 2867140 1844760 2600000 1844760
M2 2600000 1844760 1875000 1833560
M2 1875000 1833560 1291740 1833560
M2 1291740 1833560 1274460 1850840
Net5 5 
M2 2919080 1836120 2901800 1853400
M2 2901800 1853400 2600000 1853400
M2 2600000 1853400 1875000 1842200
M2 1875000 1842200 1347190 1842200
M2 1347190 1842200 1338550 1850840
Net16 5 
M2 2875780 1784280 2867140 1792920
M2 2867140 1792920 2600000 1792920
M2 2600000 1792920 1875000 1781720
M2 1875000 1781720 1291740 1781720
M2 1291740 1781720 1274460 1799000
Net17 5 
M2 2919080 1784280 2901800 1801560
M2 2901800 1801560 2600000 1801560
M2 2600000 1801560 1875000 1790360
M2 1875000 1790360 1347190 1790360
M2 1347190 1790360 1338550 1799000
Net23 5 
M2 2940730 1758360 2935546 1763544
M2 2935546 1763544 2600000 1763544
M2 2600000 1763544 1875000 1752344
M2 1875000 1752344 1391326 1752344
M2 1391326 1752344 1370590 1773080
Net24 5 
M2 2984030 1758360 2973662 1768728
M2 2973662 1768728 2600000 1768728
M2 2600000 1768728 1875000 1757528
M2 1875000 1757528 1450232 1757528
M2 1450232 1757528 1434680 1773080
Net25 5 
M2 3027330 1758360 3011778 1773912
M2 3011778 1773912 2600000 1773912
M2 2600000 1773912 1875000 1762712
M2 1875000 1762712 1509128 1762712
M2 1509128 1762712 1498760 1773080
Net26 5 
M2 3070630 1758360 3049894 1779096
M2 3049894 1779096 2600000 1779096
M2 2600000 1779096 1875000 1767896
M2 1875000 1767896 1568034 1767896
M2 1568034 1767896 1562850 1773080
Net30 5 
M2 3048980 1732440 3036020 1745400
M2 3036020 1745400 2600000 1745400
M2 2600000 1745400 1875000 1734200
M2 1875000 1734200 1543770 1734200
M2 1543770 1734200 1530810 1747160
Net34 5 
M2 2897430 1706520 2888790 1715160
M2 2888790 1715160 2600000 1715160
M2 2600000 1715160 1875000 1703960
M2 1875000 1703960 1323790 1703960
M2 1323790 1703960 1306510 1721240
Net37 5 
M2 3027330 1706520 3010050 1723800
M2 3010050 1723800 2600000 1723800
M2 2600000 1723800 1875000 1712600
M2 1875000 1712600 1507400 1712600
M2 1507400 1712600 1498760 1721240
Net44 5 
M2 2854130 1654680 2841170 1667640
M2 2841170 1667640 2600000 1667640
M2 2600000 1667640 1875000 1656440
M2 1875000 1656440 1255380 1656440
M2 1255380 1656440 1242420 1669400
Net48 5 
M2 2875780 1628760 2867140 1637400
M2 2867140 1637400 2600000 1637400
M2 2600000 1637400 1875000 1626200
M2 1875000 1626200 1291740 1626200
M2 1291740 1626200 1274460 1643480
Net51 5 
M2 3005680 1628760 2988400 1646040
M2 2988400 1646040 2600000 1646040
M2 2600000 1646040 1875000 1634840
M2 1875000 1634840 1475360 1634840
M2 1475360 1634840 1466720 1643480
Net58 5 
M2 3027330 1602840 3018690 1611480
M2 3018690 1611480 2600000 1611480
M2 2600000 1611480 1875000 1600280
M2 1875000 1600280 1516040 1600280
M2 1516040 1600280 1498760 1617560
Net59 5 
M2 3070630 1602840 3053350 1620120
M2 3053350 1620120 2600000 1620120
M2 2600000 1620120 1875000 1608920
M2 1875000 1608920 1571490 1608920
M2 1571490 1608920 1562850 1617560
Net61 5 
M2 2919080 1576920 2906120 1589880
M2 2906120 1589880 2600000 1589880
M2 2600000 1589880 1875000 1578680
M2 1875000 1578680 1351510 1578680
M2 1351510 1578680 1338550 1591640
Net68 5 
M2 2984030 1551000 2971070 1563960
M2 2971070 1563960 2600000 1563960
M2 2600000 1563960 1875000 1552760
M2 1875000 1552760 1447640 1552760
M2 1447640 1552760 1434680 1565720
Net71 5 
M2 2875780 1525080 2867140 1533720
M2 2867140 1533720 2600000 1533720
M2 2600000 1533720 1875000 1522520
M2 1875000 1522520 1227660 1522520
M2 1227660 1522520 1210380 1539800
Net72 5 
M2 2919080 1525080 2901800 1542360
M2 2901800 1542360 2600000 1542360
M2 2600000 1542360 1875000 1531160
M2 1875000 1531160 1347190 1531160
M2 1347190 1531160 1338550 1539800
Net78 5 
M2 2897430 1499160 2888790 1507800
M2 2888790 1507800 2600000 1507800
M2 2600000 1507800 1875000 1496600
M2 1875000 1496600 1323790 1496600
M2 1323790 1496600 1306510 1513880
Net81 5 
M2 3027330 1499160 3010050 1516440
M2 3010050 1516440 2600000 1516440
M2 2600000 1516440 1875000 1505240
M2 1875000 1505240 1507400 1505240
M2 1507400 1505240 1498760 1513880
