Nets 21
Net6 5 
M2 3606270 1853400 3584670 1875000
M2 3584670 1875000 2600000 1875000
M2 2600000 1875000 1875000 1808258
M2 1875000 1808258 302841 1808258
M2 302841 1808258 275070 1836030
Net17 5 
M2 2882270 1767000 2860670 1788600
M2 2860670 1788600 2600000 1788600
M2 2600000 1788600 1875000 1752711
M2 1875000 1752711 440546 1752711
M2 440546 1752711 412770 1780487
Net25 5 
M2 3606270 1767000 3584670 1745400
M2 3584670 1745400 2600000 1745400
M2 2600000 1745400 1875000 1697171
M2 1875000 1697171 302838 1697171
M2 302838 1697171 275070 1724940
Net48 5 
M2 3310090 1637400 3301450 1646040
M2 3301450 1646040 2600000 1646040
M2 2600000 1646040 1875000 1624968
M2 1875000 1624968 1007991 1624968
M2 1007991 1624968 963560 1669400
Net49 5 
M2 3375910 1637400 3358630 1654680
M2 3358630 1654680 2600000 1654680
M2 2600000 1654680 1875000 1636077
M2 1875000 1636077 1088683 1636077
M2 1088683 1636077 1055360 1669400
Net50 5 
M2 3441722 1637400 3415802 1663320
M2 3415802 1663320 2600000 1663320
M2 2600000 1663320 1875000 1647185
M2 1875000 1647185 1261174 1647185
M2 1261174 1647185 1238960 1669400
Net51 5 
M2 3573360 1637400 3538800 1671960
M2 3538800 1671960 2600000 1671960
M2 2600000 1671960 1875000 1658294
M2 1875000 1658294 1341858 1658294
M2 1341858 1658294 1330752 1669400
Net52 5 
M2 2882270 1594200 2877470 1599000
M2 2877470 1599000 2600000 1599000
M2 2600000 1599000 1875000 1539798
M2 1875000 1539798 431284 1539798
M2 431284 1539798 412770 1558312
Net53 5 
M2 2948090 1594200 2938490 1603800
M2 2938490 1603800 2600000 1603800
M2 2600000 1603800 1875000 1565255
M2 1875000 1565255 415474 1565255
M2 415474 1565255 366870 1613860
Net54 5 
M2 3079730 1594200 3065330 1608600
M2 3065330 1608600 2600000 1608600
M2 2600000 1608600 1875000 1572198
M2 1875000 1572198 592129 1572198
M2 592129 1572198 550467 1613860
Net55 5 
M2 3211360 1594200 3192160 1613400
M2 3192160 1613400 2600000 1613400
M2 2600000 1613400 1875000 1579140
M2 1875000 1579140 676981 1579140
M2 676981 1579140 642262 1613860
Net56 5 
M2 3277180 1594200 3253180 1618200
M2 3253180 1618200 2600000 1618200
M2 2600000 1618200 1875000 1586083
M2 1875000 1586083 853636 1586083
M2 853636 1586083 825860 1613860
Net57 5 
M2 3343000 1594200 3314200 1623000
M2 3314200 1623000 2600000 1623000
M2 2600000 1623000 1875000 1593026
M2 1875000 1593026 938493 1593026
M2 938493 1593026 917660 1613860
Net58 5 
M2 3408817 1594200 3375217 1627800
M2 3375217 1627800 2600000 1627800
M2 2600000 1627800 1875000 1599969
M2 1875000 1599969 1115151 1599969
M2 1115151 1599969 1101260 1613860
Net59 5 
M2 3474630 1594200 3436230 1632600
M2 3436230 1632600 2600000 1632600
M2 2600000 1632600 1875000 1606911
M2 1875000 1606911 1200008 1606911
M2 1200008 1606911 1193060 1613860
Net82 5 
M2 3046820 1464600 3040647 1470772
M2 3040647 1470772 2600000 1470772
M2 2600000 1470772 1875000 1456484
M2 1875000 1456484 872145 1456484
M2 872145 1456484 825860 1502770
Net83 5 
M2 3112637 1464600 3100293 1476943
M2 3100293 1476943 2600000 1476943
M2 2600000 1476943 1875000 1465741
M2 1875000 1465741 1138288 1465741
M2 1138288 1465741 1101260 1502770
Net84 5 
M2 3244270 1464600 3225755 1483115
M2 3225755 1483115 2600000 1483115
M2 2600000 1483115 1875000 1474998
M2 1875000 1474998 1312629 1474998
M2 1312629 1474998 1284857 1502770
Net85 5 
M2 3310090 1464600 3285403 1489286
M2 3285403 1489286 2600000 1489286
M2 2600000 1489286 1875000 1484255
M2 1875000 1484255 1395167 1484255
M2 1395167 1484255 1376652 1502770
Net86 5 
M2 3441722 1464600 3410865 1495457
M2 3410865 1495457 2600000 1495457
M2 2600000 1495457 1875000 1493512
M2 1875000 1493512 1569507 1493512
M2 1569507 1493512 1560250 1502770
Net87 5 
M2 3639180 1464600 3602151 1501628
M2 3602151 1501628 2600000 1501628
M2 2600000 1501628 1875000 1521284
M2 1875000 1521284 357998 1521284
M2 357998 1521284 320970 1558312
