Nets 26
Net13 5 
V2 3028200 1810200 3021720 1816680
V2 3021720 1816680 2600000 1816680
V2 2600000 1816680 1875000 1858247
V2 1875000 1858247 1272283 1858247
V2 1272283 1858247 1238960 1891570
Net14 5 
V2 3081890 1810200 3068930 1823160
V2 3068930 1823160 2600000 1823160
V2 2600000 1823160 1875000 1869355
V2 1875000 1869355 1444764 1869355
V2 1444764 1869355 1422550 1891570
Net15 5 
V2 3189280 1810200 3169840 1829640
V2 3169840 1829640 2600000 1829640
V2 2600000 1829640 1875000 1880464
V2 1875000 1880464 1525456 1880464
V2 1525456 1880464 1514350 1891570
Net19 5 
V2 3108740 1784280 3102260 1790760
V2 3102260 1790760 2600000 1790760
V2 2600000 1790760 1875000 1799001
V2 1875000 1799001 1138288 1799001
V2 1138288 1799001 1101260 1836030
Net20 5 
V2 3162430 1784280 3149470 1797240
V2 3149470 1797240 2600000 1797240
V2 2600000 1797240 1875000 1817515
V2 1875000 1817515 1395167 1817515
V2 1395167 1817515 1376652 1836030
Net21 5 
V2 3216127 1784280 3196687 1803720
V2 3196687 1803720 2600000 1803720
V2 2600000 1803720 1875000 1847138
V2 1875000 1847138 365401 1847138
V2 365401 1847138 320970 1891570
Net22 5 
V2 2867120 1758360 2858480 1767000
V2 2858480 1767000 2600000 1767000
V2 2600000 1767000 1875000 1758265
V2 1875000 1758265 1077582 1758265
V2 1077582 1758265 1055360 1780487
Net23 5 
V2 2974502 1758360 2957222 1775640
V2 2957222 1775640 2600000 1775640
V2 2600000 1775640 1875000 1769374
V2 1875000 1769374 1250073 1769374
V2 1250073 1769374 1238960 1780487
Net27 5 
V2 2893960 1732440 2881000 1745400
V2 2881000 1745400 2600000 1745400
V2 2600000 1745400 1875000 1747157
V2 1875000 1747157 996890 1747157
V2 996890 1747157 963560 1780487
Net34 5 
V2 2920810 1706520 2907850 1719480
V2 2907850 1719480 2600000 1719480
V2 2600000 1719480 1875000 1736048
V2 1875000 1736048 824399 1736048
V2 824399 1736048 779960 1780487
Net35 5 
V2 2974502 1706520 2965862 1697880
V2 2965862 1697880 2600000 1697880
V2 2600000 1697880 1875000 1706428
V2 1875000 1706428 660774 1706428
V2 660774 1706428 642262 1724940
Net39 5 
V2 2893960 1680600 2885320 1689240
V2 2885320 1689240 2600000 1689240
V2 2600000 1689240 1875000 1687914
V2 1875000 1687914 587493 1687914
V2 587493 1687914 550467 1724940
Net51 5 
V2 3055042 1628760 3046402 1637400
V2 3046402 1637400 2600000 1637400
V2 2600000 1637400 1875000 1641631
V2 1875000 1641631 1266729 1641631
V2 1266729 1641631 1238960 1669400
Net53 5 
V2 3162430 1628760 3145150 1646040
V2 3145150 1646040 2600000 1646040
V2 2600000 1646040 1875000 1655516
V2 1875000 1655516 1528233 1655516
V2 1528233 1655516 1514350 1669400
Net61 5 
V2 2947660 1576920 2943340 1581240
V2 2943340 1581240 2600000 1581240
V2 2600000 1581240 1875000 1539798
V2 1875000 1539798 706677 1539798
V2 706677 1539798 688162 1558312
Net62 5 
V2 3001350 1576920 2992710 1585560
V2 2992710 1585560 2600000 1585560
V2 2600000 1585560 1875000 1549055
V2 1875000 1549055 789217 1549055
V2 789217 1549055 779960 1558312
Net63 5 
V2 3055042 1576920 3042082 1589880
V2 3042082 1589880 2600000 1589880
V2 2600000 1589880 1875000 1576826
V2 1875000 1576826 679296 1576826
V2 679296 1576826 642262 1613860
Net64 5 
V2 3162430 1576920 3145150 1594200
V2 3145150 1594200 2600000 1594200
V2 2600000 1594200 1875000 1595340
V2 1875000 1595340 844379 1595340
V2 844379 1595340 825860 1613860
Net65 5 
V2 3216127 1576920 3194527 1598520
V2 3194527 1598520 2600000 1598520
V2 2600000 1598520 1875000 1627745
V2 1875000 1627745 362624 1627745
V2 362624 1627745 320970 1669400
Net66 5 
V2 2867120 1551000 2854160 1563960
V2 2854160 1563960 2600000 1563960
V2 2600000 1563960 1875000 1530541
V2 1875000 1530541 624139 1530541
V2 624139 1530541 596367 1558312
Net77 5 
V2 2867120 1499160 2854160 1512120
V2 2854160 1512120 2600000 1512120
V2 2600000 1512120 1875000 1521284
V2 1875000 1521284 752574 1521284
V2 752574 1521284 734060 1502770
Net78 5 
V2 2920810 1499160 2916490 1494840
V2 2916490 1494840 2600000 1494840
V2 2600000 1494840 1875000 1512027
V2 1875000 1512027 835117 1512027
V2 835117 1512027 825860 1502770
Net83 5 
V2 2893960 1473240 2889640 1477560
V2 2889640 1477560 2600000 1477560
V2 2600000 1477560 1875000 1458336
V2 1875000 1458336 1145694 1458336
V2 1145694 1458336 1101260 1502770
Net84 5 
V2 2947660 1473240 2939020 1481880
V2 2939020 1481880 2600000 1481880
V2 2600000 1481880 1875000 1469444
V2 1875000 1469444 1318183 1469444
V2 1318183 1469444 1284857 1502770
Net85 5 
V2 3055042 1473240 3042082 1486200
V2 3042082 1486200 2600000 1486200
V2 2600000 1486200 1875000 1480553
V2 1875000 1480553 1398869 1480553
V2 1398869 1480553 1376652 1502770
Net86 5 
V2 3162430 1473240 3145150 1490520
V2 3145150 1490520 2600000 1490520
V2 2600000 1490520 1875000 1491661
V2 1875000 1491661 1571358 1491661
V2 1571358 1491661 1560250 1502770
