Nets 40
Net0 5 
V1 2882270 1853400 2876097 1859572
V1 2876097 1859572 2600000 1859572
V1 2600000 1859572 1875000 1856600
V1 1875000 1856600 1062077 1856600
V1 1062077 1856600 1033277 1885400
Net1 5 
V1 3013910 1853400 3001566 1865743
V1 3001566 1865743 2600000 1865743
V1 2600000 1865743 1875000 1861400
V1 1875000 1861400 1188910 1861400
V1 1188910 1861400 1164910 1885400
Net2 5 
V1 3079730 1853400 3061215 1871915
V1 3061215 1871915 2600000 1871915
V1 2600000 1871915 1875000 1866200
V1 1875000 1866200 1249930 1866200
V1 1249930 1866200 1230730 1885400
Net3 5 
V1 3211360 1853400 3186673 1878086
V1 3186673 1878086 2600000 1878086
V1 2600000 1878086 1875000 1871000
V1 1875000 1871000 1376762 1871000
V1 1376762 1871000 1362362 1885400
Net4 5 
V1 3277180 1853400 3246322 1884257
V1 3246322 1884257 2600000 1884257
V1 2600000 1884257 1875000 1875800
V1 1875000 1875800 1437780 1875800
V1 1437780 1875800 1428180 1885400
Net5 5 
V1 3408817 1853400 3371788 1890428
V1 3371788 1890428 2600000 1890428
V1 2600000 1890428 1875000 1880600
V1 1875000 1880600 1564620 1880600
V1 1564620 1880600 1559820 1885400
Net7 5 
V1 2915180 1810200 2900780 1824600
V1 2900780 1824600 2600000 1824600
V1 2600000 1824600 1875000 1847000
V1 1875000 1847000 939350 1847000
V1 939350 1847000 934550 1842200
Net8 5 
V1 2981000 1810200 2966600 1795800
V1 2966600 1795800 2600000 1795800
V1 2600000 1795800 1875000 1827800
V1 1875000 1827800 1014770 1827800
V1 1014770 1827800 1000370 1842200
Net16 5 
V1 3639180 1810200 3610380 1839000
V1 3610380 1839000 2600000 1839000
V1 2600000 1839000 1875000 1851800
V1 1875000 1851800 878330 1851800
V1 878330 1851800 868730 1842200
Net17 5 
V1 2882270 1767000 2873630 1758360
V1 2873630 1758360 2600000 1758360
V1 2600000 1758360 1875000 1790360
V1 1875000 1790360 976100 1790360
V1 976100 1790360 967460 1799000
Net18 5 
V1 2948090 1767000 2933690 1781400
V1 2933690 1781400 2600000 1781400
V1 2600000 1781400 1875000 1813400
V1 1875000 1813400 1047677 1813400
V1 1047677 1813400 1033277 1799000
Net25 5 
V1 3606270 1767000 3588990 1749720
V1 3588990 1749720 2600000 1749720
V1 2600000 1749720 1875000 1781720
V1 1875000 1781720 853100 1781720
V1 853100 1781720 835820 1799000
Net26 5 
V1 2915180 1723800 2906540 1732440
V1 2906540 1732440 2600000 1732440
V1 2600000 1732440 1875000 1764440
V1 1875000 1764440 943190 1764440
V1 943190 1764440 934550 1755800
Net27 5 
V1 2981000 1723800 2966600 1709400
V1 2966600 1709400 2600000 1709400
V1 2600000 1709400 1875000 1741400
V1 1875000 1741400 1014770 1741400
V1 1014770 1741400 1000370 1755800
Net35 5 
V1 3639180 1723800 3621900 1741080
V1 3621900 1741080 2600000 1741080
V1 2600000 1741080 1875000 1773080
V1 1875000 1773080 886010 1773080
V1 886010 1773080 868730 1755800
Net36 5 
V1 2882270 1680600 2877470 1675800
V1 2877470 1675800 2600000 1675800
V1 2600000 1675800 1875000 1691000
V1 1875000 1691000 923240 1691000
V1 923240 1691000 901640 1712600
Net37 5 
V1 2948090 1680600 2933690 1695000
V1 2933690 1695000 2600000 1695000
V1 2600000 1695000 1875000 1727000
V1 1875000 1727000 1047677 1727000
V1 1047677 1727000 1033277 1712600
Net44 5 
V1 2981000 1637400 2976200 1632600
V1 2976200 1632600 2600000 1632600
V1 2600000 1632600 1875000 1631000
V1 1875000 1631000 972950 1631000
V1 972950 1631000 934550 1669400
Net45 5 
V1 3046820 1637400 3042020 1642200
V1 3042020 1642200 2600000 1642200
V1 2600000 1642200 1875000 1635800
V1 1875000 1635800 1033970 1635800
V1 1033970 1635800 1000370 1669400
Net46 5 
V1 3112637 1637400 3103037 1647000
V1 3103037 1647000 2600000 1647000
V1 2600000 1647000 1875000 1640600
V1 1875000 1640600 1094982 1640600
V1 1094982 1640600 1066182 1669400
Net47 5 
V1 3178450 1637400 3164050 1651800
V1 3164050 1651800 2600000 1651800
V1 2600000 1651800 1875000 1645400
V1 1875000 1645400 1156000 1645400
V1 1156000 1645400 1132000 1669400
Net48 5 
V1 3310090 1637400 3290890 1656600
V1 3290890 1656600 2600000 1656600
V1 2600000 1656600 1875000 1650200
V1 1875000 1650200 1282840 1650200
V1 1282840 1650200 1263640 1669400
Net49 5 
V1 3375910 1637400 3351910 1661400
V1 3351910 1661400 2600000 1661400
V1 2600000 1661400 1875000 1655000
V1 1875000 1655000 1409670 1655000
V1 1409670 1655000 1395270 1669400
Net50 5 
V1 3441722 1637400 3412922 1666200
V1 3412922 1666200 2600000 1666200
V1 2600000 1666200 1875000 1659800
V1 1875000 1659800 1536510 1659800
V1 1536510 1659800 1526910 1669400
Net51 5 
V1 3573360 1637400 3539760 1671000
V1 3539760 1671000 2600000 1671000
V1 2600000 1671000 1875000 1664600
V1 1875000 1664600 1597530 1664600
V1 1597530 1664600 1592730 1669400
Net52 5 
V1 2882270 1594200 2877470 1599000
V1 2877470 1599000 2600000 1599000
V1 2600000 1599000 1875000 1595960
V1 1875000 1595960 931880 1595960
V1 931880 1595960 901640 1626200
Net53 5 
V1 2948090 1594200 2938490 1603800
V1 2938490 1603800 2600000 1603800
V1 2600000 1603800 1875000 1600280
V1 1875000 1600280 993380 1600280
V1 993380 1600280 967460 1626200
Net54 5 
V1 3079730 1594200 3065330 1608600
V1 3065330 1608600 2600000 1608600
V1 2600000 1608600 1875000 1604600
V1 1875000 1604600 1120690 1604600
V1 1120690 1604600 1099090 1626200
Net57 5 
V1 3343000 1594200 3323800 1613400
V1 3323800 1613400 2600000 1613400
V1 2600000 1613400 1875000 1608920
V1 1875000 1608920 1379642 1608920
V1 1379642 1608920 1362362 1626200
Net58 5 
V1 3408817 1594200 3384817 1618200
V1 3384817 1618200 2600000 1618200
V1 2600000 1618200 1875000 1613240
V1 1875000 1613240 1441140 1613240
V1 1441140 1613240 1428180 1626200
Net59 5 
V1 3474630 1594200 3445830 1623000
V1 3445830 1623000 2600000 1623000
V1 2600000 1623000 1875000 1617560
V1 1875000 1617560 1502640 1617560
V1 1502640 1617560 1494000 1626200
Net60 5 
V1 3540450 1594200 3506850 1627800
V1 3506850 1627800 2600000 1627800
V1 2600000 1627800 1875000 1621880
V1 1875000 1621880 1564140 1621880
V1 1564140 1621880 1559820 1626200
Net62 5 
V1 2915180 1551000 2900780 1565400
V1 2900780 1565400 2600000 1565400
V1 2600000 1565400 1875000 1587320
V1 1875000 1587320 938870 1587320
V1 938870 1587320 934550 1583000
Net63 5 
V1 3046820 1551000 3032420 1536600
V1 3032420 1536600 2600000 1536600
V1 2600000 1536600 1875000 1568600
V1 1875000 1568600 1014770 1568600
V1 1014770 1568600 1000370 1583000
Net70 5 
V1 3639180 1551000 3610380 1579800
V1 3610380 1579800 2600000 1579800
V1 2600000 1579800 1875000 1591640
V1 1875000 1591640 877370 1591640
V1 877370 1591640 868730 1583000
Net71 5 
V1 2882270 1507800 2873630 1499160
V1 2873630 1499160 2600000 1499160
V1 2600000 1499160 1875000 1531160
V1 1875000 1531160 976100 1531160
V1 976100 1531160 967460 1539800
Net72 5 
V1 2948090 1507800 2933690 1522200
V1 2933690 1522200 2600000 1522200
V1 2600000 1522200 1875000 1554200
V1 1875000 1554200 1047677 1554200
V1 1047677 1554200 1033277 1539800
Net80 5 
V1 3606270 1507800 3588990 1490520
V1 3588990 1490520 2600000 1490520
V1 2600000 1490520 1875000 1522520
V1 1875000 1522520 853100 1522520
V1 853100 1522520 835820 1539800
Net81 5 
V1 2915180 1464600 2906540 1473240
V1 2906540 1473240 2600000 1473240
V1 2600000 1473240 1875000 1505240
V1 1875000 1505240 1074822 1505240
V1 1074822 1505240 1066182 1496600
Net87 5 
V1 3639180 1464600 3621900 1481880
V1 3621900 1481880 2600000 1481880
V1 2600000 1481880 1875000 1513880
V1 1875000 1513880 886010 1513880
V1 886010 1513880 868730 1496600
