Nets 40
Net0 5 
V1 2854130 1862040 2848946 1867224
V1 2848946 1867224 2600000 1867224
V1 2600000 1867224 1875000 1850840
V1 1875000 1850840 1067837 1850840
V1 1067837 1850840 1033277 1885400
Net1 5 
V1 2940730 1862040 2930362 1872408
V1 2930362 1872408 2600000 1872408
V1 2600000 1872408 1875000 1859480
V1 1875000 1859480 1190830 1859480
V1 1190830 1859480 1164910 1885400
Net2 5 
V1 3027330 1862040 3011778 1877592
V1 3011778 1877592 2600000 1877592
V1 2600000 1877592 1875000 1868120
V1 1875000 1868120 1248010 1868120
V1 1248010 1868120 1230730 1885400
Net3 5 
V1 3070630 1862040 3049894 1882776
V1 3049894 1882776 2600000 1882776
V1 2600000 1882776 1875000 1876760
V1 1875000 1876760 1371002 1876760
V1 1371002 1876760 1362362 1885400
Net4 5 
V1 2875780 1836120 2870596 1841304
V1 2870596 1841304 2600000 1841304
V1 2600000 1841304 1875000 1823000
V1 1875000 1823000 1085382 1823000
V1 1085382 1823000 1066182 1842200
Net5 5 
V1 2919080 1836120 2908712 1846488
V1 2908712 1846488 2600000 1846488
V1 2600000 1846488 1875000 1827800
V1 1875000 1827800 1146400 1827800
V1 1146400 1827800 1132000 1842200
Net6 5 
V1 2962380 1836120 2946828 1851672
V1 2946828 1851672 2600000 1851672
V1 2600000 1851672 1875000 1832600
V1 1875000 1832600 1273240 1832600
V1 1273240 1832600 1263640 1842200
Net7 5 
V1 3005680 1836120 2984944 1856856
V1 2984944 1856856 2600000 1856856
V1 2600000 1856856 1875000 1837400
V1 1875000 1837400 1400070 1837400
V1 1400070 1837400 1395270 1842200
Net11 5 
V1 2854130 1810200 2845490 1818840
V1 2845490 1818840 2600000 1818840
V1 2600000 1818840 1875000 1813400
V1 1875000 1813400 963350 1813400
V1 963350 1813400 934550 1842200
Net12 5 
V1 2897430 1810200 2880150 1827480
V1 2880150 1827480 2600000 1827480
V1 2600000 1827480 1875000 1818200
V1 1875000 1818200 1024370 1818200
V1 1024370 1818200 1000370 1842200
Net17 5 
V1 2919080 1784280 2906120 1797240
V1 2906120 1797240 2600000 1797240
V1 2600000 1797240 1875000 1808600
V1 1875000 1808600 1042877 1808600
V1 1042877 1808600 1033277 1799000
Net20 5 
V1 3092280 1784280 3087960 1779960
V1 3087960 1779960 2600000 1779960
V1 2600000 1779960 1875000 1803800
V1 1875000 1803800 1432980 1803800
V1 1432980 1803800 1428180 1799000
Net22 5 
V1 2854130 1758360 2849810 1762680
V1 2849810 1762680 2600000 1762680
V1 2600000 1762680 1875000 1743456
V1 1875000 1743456 1210163 1743456
V1 1210163 1743456 1197820 1755800
Net23 5 
V1 2940730 1758360 2932090 1767000
V1 2932090 1767000 2600000 1767000
V1 2600000 1767000 1875000 1749627
V1 1875000 1749627 1269812 1749627
V1 1269812 1749627 1263640 1755800
Net25 5 
V1 3027330 1758360 3014370 1771320
V1 3014370 1771320 2600000 1771320
V1 2600000 1771320 1875000 1770200
V1 1875000 1770200 1391162 1770200
V1 1391162 1770200 1362362 1799000
Net26 5 
V1 3070630 1758360 3053350 1775640
V1 3053350 1775640 2600000 1775640
V1 2600000 1775640 1875000 1784600
V1 1875000 1784600 1574220 1784600
V1 1574220 1784600 1559820 1799000
Net28 5 
V1 2919080 1732440 2906120 1745400
V1 2906120 1745400 2600000 1745400
V1 2600000 1745400 1875000 1737285
V1 1875000 1737285 1084697 1737285
V1 1084697 1737285 1066182 1755800
Net34 5 
V1 2897430 1706520 2884470 1719480
V1 2884470 1719480 2600000 1719480
V1 2600000 1719480 1875000 1731113
V1 1875000 1731113 1025056 1731113
V1 1025056 1731113 1000370 1755800
Net36 5 
V1 2984030 1706520 2979710 1702200
V1 2979710 1702200 2600000 1702200
V1 2600000 1702200 1875000 1724942
V1 1875000 1724942 1374705 1724942
V1 1374705 1724942 1362362 1712600
Net37 5 
V1 3027330 1706520 3018690 1697880
V1 3018690 1697880 2600000 1697880
V1 2600000 1697880 1875000 1718771
V1 1875000 1718771 1434351 1718771
V1 1434351 1718771 1428180 1712600
Net38 5 
V1 3070630 1706520 3057670 1693560
V1 3057670 1693560 2600000 1693560
V1 2600000 1693560 1875000 1705400
V1 1875000 1705400 1501200 1705400
V1 1501200 1705400 1494000 1712600
Net40 5 
V1 2962380 1680600 2957196 1675416
V1 2957196 1675416 2600000 1675416
V1 2600000 1675416 1875000 1683800
V1 1875000 1683800 1127890 1683800
V1 1127890 1683800 1099090 1712600
Net41 5 
V1 3005680 1680600 3001360 1684920
V1 3001360 1684920 2600000 1684920
V1 2600000 1684920 1875000 1691000
V1 1875000 1691000 1186510 1691000
V1 1186510 1691000 1164910 1712600
Net42 5 
V1 3092280 1680600 3083640 1689240
V1 3083640 1689240 2600000 1689240
V1 2600000 1689240 1875000 1698200
V1 1875000 1698200 1310950 1698200
V1 1310950 1698200 1296550 1712600
Net45 5 
V1 2940730 1654680 2935546 1659864
V1 2935546 1659864 2600000 1659864
V1 2600000 1659864 1875000 1647800
V1 1875000 1647800 1285240 1647800
V1 1285240 1647800 1263640 1669400
Net46 5 
V1 2984030 1654680 2973662 1665048
V1 2973662 1665048 2600000 1665048
V1 2600000 1665048 1875000 1658600
V1 1875000 1658600 1406070 1658600
V1 1406070 1658600 1395270 1669400
Net47 5 
V1 3070630 1654680 3055078 1670232
V1 3055078 1670232 2600000 1670232
V1 2600000 1670232 1875000 1676600
V1 1875000 1676600 1599930 1676600
V1 1599930 1676600 1592730 1669400
Net53 5 
V1 3092280 1628760 3079320 1641720
V1 3079320 1641720 2600000 1641720
V1 2600000 1641720 1875000 1637000
V1 1875000 1637000 1570620 1637000
V1 1570620 1637000 1559820 1626200
Net54 5 
V1 3135582 1628760 3122622 1615800
V1 3122622 1615800 2600000 1615800
V1 2600000 1615800 1875000 1604600
V1 1875000 1604600 857420 1604600
V1 857420 1604600 835820 1626200
Net60 5 
V1 2875780 1576920 2869300 1583400
V1 2869300 1583400 2600000 1583400
V1 2600000 1583400 1875000 1566800
V1 1875000 1566800 950750 1566800
V1 950750 1566800 934550 1583000
Net61 5 
V1 2919080 1576920 2906120 1589880
V1 2906120 1589880 2600000 1589880
V1 2600000 1589880 1875000 1572200
V1 1875000 1572200 1142800 1572200
V1 1142800 1572200 1132000 1583000
Net62 5 
V1 2962380 1576920 2942940 1596360
V1 2942940 1596360 2600000 1596360
V1 2600000 1596360 1875000 1577600
V1 1875000 1577600 1203220 1577600
V1 1203220 1577600 1197820 1583000
Net72 5 
V1 2919080 1525080 2906120 1538040
V1 2906120 1538040 2600000 1538040
V1 2600000 1538040 1875000 1561400
V1 1875000 1561400 1054877 1561400
V1 1054877 1561400 1033277 1539800
Net73 5 
V1 2962380 1525080 2958060 1520760
V1 2958060 1520760 2600000 1520760
V1 2600000 1520760 1875000 1556000
V1 1875000 1556000 1115290 1556000
V1 1115290 1556000 1099090 1539800
Net74 5 
V1 3048980 1525080 3040340 1516440
V1 3040340 1516440 2600000 1516440
V1 2600000 1516440 1875000 1550600
V1 1875000 1550600 1504800 1550600
V1 1504800 1550600 1494000 1539800
Net75 5 
V1 3092280 1525080 3079320 1512120
V1 3079320 1512120 2600000 1512120
V1 2600000 1512120 1875000 1545200
V1 1875000 1545200 1565220 1545200
V1 1565220 1545200 1559820 1539800
Net76 5 
V1 3135582 1525080 3118302 1507800
V1 3118302 1507800 2600000 1507800
V1 2600000 1507800 1875000 1525400
V1 1875000 1525400 850220 1525400
V1 850220 1525400 835820 1539800
Net77 5 
V1 2854130 1499160 2845490 1490520
V1 2845490 1490520 2600000 1490520
V1 2600000 1490520 1875000 1482200
V1 1875000 1482200 1080582 1482200
V1 1080582 1482200 1066182 1496600
Net78 5 
V1 2897430 1499160 2893110 1503480
V1 2893110 1503480 2600000 1503480
V1 2600000 1503480 1875000 1511000
V1 1875000 1511000 1212220 1511000
V1 1212220 1511000 1197820 1496600
Net87 5 
V1 3135582 1473240 3126942 1481880
V1 3126942 1481880 2600000 1481880
V1 2600000 1481880 1875000 1467800
V1 1875000 1467800 897530 1467800
V1 897530 1467800 868730 1496600
