Nets 21
Net6 5 
M2 3754790 1853400 3733190 1875000
M2 3733190 1875000 2600000 1875000
M2 2600000 1875000 1875000 1808258
M2 1875000 1808258 250011 1808258
M2 250011 1808258 222240 1836030
Net17 5 
M2 2897430 1767000 2875830 1788600
M2 2875830 1788600 2600000 1788600
M2 2600000 1788600 1875000 1752711
M2 1875000 1752711 392916 1752711
M2 392916 1752711 365140 1780487
Net25 5 
M2 3754790 1767000 3733190 1745400
M2 3733190 1745400 2600000 1745400
M2 2600000 1745400 1875000 1697171
M2 1875000 1697171 250008 1697171
M2 250008 1697171 222240 1724940
Net48 5 
M2 3404050 1637400 3395410 1646040
M2 3395410 1646040 2600000 1646040
M2 2600000 1646040 1875000 1624968
M2 1875000 1624968 981141 1624968
M2 981141 1624968 936710 1669400
Net49 5 
M2 3481997 1637400 3464717 1654680
M2 3464717 1654680 2600000 1654680
M2 2600000 1654680 1875000 1636077
M2 1875000 1636077 1065303 1636077
M2 1065303 1636077 1031980 1669400
Net50 5 
M2 3559940 1637400 3534020 1663320
M2 3534020 1663320 2600000 1663320
M2 2600000 1663320 1875000 1647185
M2 1875000 1647185 1244714 1647185
M2 1244714 1647185 1222500 1669400
Net51 5 
M2 3715820 1637400 3681260 1671960
M2 3681260 1671960 2600000 1671960
M2 2600000 1671960 1875000 1658294
M2 1875000 1658294 1328868 1658294
M2 1328868 1658294 1317762 1669400
Net52 5 
M2 2897430 1594200 2892630 1599000
M2 2892630 1599000 2600000 1599000
M2 2600000 1599000 1875000 1539798
M2 1875000 1539798 383654 1539798
M2 383654 1539798 365140 1558312
Net53 5 
M2 2975370 1594200 2965770 1603800
M2 2965770 1603800 2600000 1603800
M2 2600000 1603800 1875000 1565255
M2 1875000 1565255 366112 1565255
M2 366112 1565255 317507 1613860
Net54 5 
M2 3131252 1594200 3116852 1608600
M2 3116852 1608600 2600000 1608600
M2 2600000 1608600 1875000 1572198
M2 1875000 1572198 549692 1572198
M2 549692 1572198 508030 1613860
Net55 5 
M2 3287140 1594200 3267940 1613400
M2 3267940 1613400 2600000 1613400
M2 2600000 1613400 1875000 1579140
M2 1875000 1579140 638009 1579140
M2 638009 1579140 603290 1613860
Net56 5 
M2 3365080 1594200 3341080 1618200
M2 3341080 1618200 2600000 1618200
M2 2600000 1618200 1875000 1586083
M2 1875000 1586083 821596 1586083
M2 821596 1586083 793820 1613860
Net57 5 
M2 3443020 1594200 3414220 1623000
M2 3414220 1623000 2600000 1623000
M2 2600000 1623000 1875000 1593026
M2 1875000 1593026 909913 1593026
M2 909913 1593026 889080 1613860
Net58 5 
M2 3520970 1594200 3487370 1627800
M2 3487370 1627800 2600000 1627800
M2 2600000 1627800 1875000 1599969
M2 1875000 1599969 1093501 1599969
M2 1093501 1599969 1079610 1613860
Net59 5 
M2 3598910 1594200 3560510 1632600
M2 3560510 1632600 2600000 1632600
M2 2600000 1632600 1875000 1606911
M2 1875000 1606911 1181818 1606911
M2 1181818 1606911 1174870 1613860
Net82 5 
M2 3092280 1464600 3086107 1470772
M2 3086107 1470772 2600000 1470772
M2 2600000 1470772 1875000 1456484
M2 1875000 1456484 840105 1456484
M2 840105 1456484 793820 1502770
Net83 5 
M2 3170227 1464600 3157883 1476943
M2 3157883 1476943 2600000 1476943
M2 2600000 1476943 1875000 1465741
M2 1875000 1465741 1116638 1465741
M2 1116638 1465741 1079610 1502770
Net84 5 
M2 3326110 1464600 3307595 1483115
M2 3307595 1483115 2600000 1483115
M2 2600000 1483115 1875000 1474998
M2 1875000 1474998 1297901 1474998
M2 1297901 1474998 1270130 1502770
Net85 5 
M2 3404050 1464600 3379363 1489286
M2 3379363 1489286 2600000 1489286
M2 2600000 1489286 1875000 1484255
M2 1875000 1484255 1383912 1484255
M2 1383912 1484255 1365397 1502770
Net86 5 
M2 3559940 1464600 3529082 1495457
M2 3529082 1495457 2600000 1495457
M2 2600000 1495457 1875000 1493512
M2 1875000 1493512 1565177 1493512
M2 1565177 1493512 1555920 1502770
Net87 5 
M2 3793762 1464600 3756733 1501628
M2 3756733 1501628 2600000 1501628
M2 2600000 1501628 1875000 1521284
M2 1875000 1521284 306898 1521284
M2 306898 1521284 269870 1558312
