Nets 28
Net6 5 
M2 3966970 1847230 3939198 1875001
M2 3939198 1875001 2600000 1875001
M2 2600000 1875001 1875000 1827800
M2 1875000 1827800 1407940 1827800
M2 1407940 1827800 1393540 1842200
Net9 5 
M2 4252760 1847230 4234246 1828716
M2 4234246 1828716 2600000 1828716
M2 2600000 1828716 1875000 1813400
M2 1875000 1813400 642920 1813400
M2 642920 1813400 614120 1842200
Net16 5 
M2 3633550 1791687 3615035 1810202
M2 3615035 1810202 2600000 1810202
M2 2600000 1810202 1875000 1777400
M2 1875000 1777400 1112030 1777400
M2 1112030 1777400 1090430 1799000
Net21 5 
M2 4109860 1791687 4091346 1773173
M2 4091346 1773173 2600000 1773173
M2 2600000 1773173 1875000 1741400
M2 1875000 1741400 1581150 1741400
M2 1581150 1741400 1566750 1755800
Net26 5 
M2 3300130 1736140 3281610 1754659
M2 3281610 1754659 2600000 1754659
M2 2600000 1754659 1875000 1727000
M2 1875000 1727000 816122 1727000
M2 816122 1727000 787322 1755800
Net36 5 
M2 3252500 1680600 3245559 1687540
M2 3245559 1687540 2600000 1687540
M2 2600000 1687540 1875000 1674800
M2 1875000 1674800 868427 1674800
M2 868427 1674800 830627 1712600
Net37 5 
M2 3443020 1680600 3429136 1694483
M2 3429136 1694483 2600000 1694483
M2 2600000 1694483 1875000 1680200
M2 1875000 1680200 949630 1680200
M2 949630 1680200 917230 1712600
Net38 5 
M2 3538290 1680600 3517463 1701426
M2 3517463 1701426 2600000 1701426
M2 2600000 1701426 1875000 1685600
M2 1875000 1685600 1030830 1685600
M2 1030830 1685600 1003830 1712600
Net39 5 
M2 3728810 1680600 3701041 1708369
M2 3701041 1708369 2600000 1708369
M2 2600000 1708369 1875000 1691000
M2 1875000 1691000 1198637 1691000
M2 1198637 1691000 1177037 1712600
Net40 5 
M2 3824077 1680600 3789365 1715311
M2 3789365 1715311 2600000 1715311
M2 2600000 1715311 1875000 1696400
M2 1875000 1696400 1279840 1696400
M2 1279840 1696400 1263640 1712600
Net41 5 
M2 4014600 1680600 3972945 1722254
M2 3972945 1722254 2600000 1722254
M2 2600000 1722254 1875000 1701800
M2 1875000 1701800 1361040 1701800
M2 1361040 1701800 1350240 1712600
Net42 5 
M2 4109860 1680600 4061262 1729197
M2 4061262 1729197 2600000 1729197
M2 2600000 1729197 1875000 1707200
M2 1875000 1707200 1442240 1707200
M2 1442240 1707200 1436840 1712600
Net44 5 
M2 3014340 1625060 2986571 1652828
M2 2986571 1652828 2600000 1652828
M2 2600000 1652828 1875000 1647800
M2 1875000 1647800 722320 1647800
M2 722320 1647800 700720 1669400
Net52 5 
M2 4157492 1625060 4150549 1618117
M2 4150549 1618117 2600000 1618117
M2 2600000 1618117 1875000 1621400
M2 1875000 1621400 1528247 1621400
M2 1528247 1621400 1523447 1626200
Net55 5 
M2 3157237 1569512 3150289 1576460
M2 3150289 1576460 2600000 1576460
M2 2600000 1576460 1875000 1592600
M2 1875000 1592600 950830 1592600
M2 950830 1592600 917230 1626200
Net56 5 
M2 3252500 1569512 3238609 1583403
M2 3238609 1583403 2600000 1583403
M2 2600000 1583403 1875000 1597400
M2 1875000 1597400 1032630 1597400
M2 1032630 1597400 1003830 1626200
Net57 5 
M2 3443020 1569512 3422186 1590346
M2 3422186 1590346 2600000 1590346
M2 2600000 1590346 1875000 1602200
M2 1875000 1602200 1114430 1602200
M2 1114430 1602200 1090430 1626200
Net58 5 
M2 3538290 1569512 3510513 1597289
M2 3510513 1597289 2600000 1597289
M2 2600000 1597289 1875000 1607000
M2 1875000 1607000 1282840 1607000
M2 1282840 1607000 1263640 1626200
Net59 5 
M2 3633550 1569512 3598830 1604231
M2 3598830 1604231 2600000 1604231
M2 2600000 1604231 1875000 1611800
M2 1875000 1611800 1364640 1611800
M2 1364640 1611800 1350240 1626200
Net60 5 
M2 3728810 1569512 3687148 1611174
M2 3687148 1611174 2600000 1611174
M2 2600000 1611174 1875000 1616600
M2 1875000 1616600 1446440 1616600
M2 1446440 1616600 1436840 1626200
Net65 5 
M2 2919080 1513970 2912908 1507798
M2 2912908 1507798 2600000 1507798
M2 2600000 1507798 1875000 1587800
M2 1875000 1587800 695820 1587800
M2 695820 1587800 657420 1626200
Net72 5 
M2 3776440 1513970 3764097 1501627
M2 3764097 1501627 2600000 1501627
M2 2600000 1501627 1875000 1525400
M2 1875000 1525400 1191437 1525400
M2 1191437 1525400 1177037 1539800
Net82 5 
M2 3538290 1458430 3532120 1464600
M2 3532120 1464600 2600000 1464600
M2 2600000 1464600 1875000 1460600
M2 1875000 1460600 1083130 1460600
M2 1083130 1460600 1047130 1496600
Net83 5 
M2 3633550 1458430 3621208 1470771
M2 3621208 1470771 2600000 1470771
M2 2600000 1470771 1875000 1467800
M2 1875000 1467800 1162532 1467800
M2 1162532 1467800 1133732 1496600
Net84 5 
M2 3824077 1458430 3805565 1476942
M2 3805565 1476942 2600000 1476942
M2 2600000 1476942 1875000 1475000
M2 1875000 1475000 1328540 1475000
M2 1328540 1475000 1306940 1496600
Net85 5 
M2 3919340 1458430 3894656 1483113
M2 3894656 1483113 2600000 1483113
M2 2600000 1483113 1875000 1482200
M2 1875000 1482200 1407940 1482200
M2 1407940 1482200 1393540 1496600
Net86 5 
M2 4109860 1458430 4079005 1489285
M2 4079005 1489285 2600000 1489285
M2 2600000 1489285 1875000 1489400
M2 1875000 1489400 1573950 1489400
M2 1573950 1489400 1566750 1496600
Net87 5 
M2 4205130 1458430 4168103 1495456
M2 4168103 1495456 2600000 1495456
M2 2600000 1495456 1875000 1511000
M2 1875000 1511000 599620 1511000
M2 599620 1511000 570820 1539800
