Nets 35
Net0 5 
V1 2882270 1853400 2876097 1859572
V1 2876097 1859572 2600000 1859572
V1 2600000 1859572 1875000 1863801
V1 1875000 1863801 488169 1863801
V1 488169 1863801 460400 1891570
Net1 5 
V1 3013910 1853400 3001566 1865743
V1 3001566 1865743 2600000 1865743
V1 2600000 1865743 1875000 1868429
V1 1875000 1868429 660210 1868429
V1 660210 1868429 637070 1891570
Net2 5 
V1 3079730 1853400 3061215 1871915
V1 3061215 1871915 2600000 1871915
V1 2600000 1871915 1875000 1873058
V1 1875000 1873058 743912 1873058
V1 743912 1873058 725400 1891570
Net3 5 
V1 3211360 1853400 3186673 1878086
V1 3186673 1878086 2600000 1878086
V1 2600000 1878086 1875000 1877686
V1 1875000 1877686 915953 1877686
V1 915953 1877686 902070 1891570
Net4 5 
V1 3277180 1853400 3246322 1884257
V1 3246322 1884257 2600000 1884257
V1 2600000 1884257 1875000 1882315
V1 1875000 1882315 999665 1882315
V1 999665 1882315 990410 1891570
Net5 5 
V1 3408817 1853400 3371788 1890428
V1 3371788 1890428 2600000 1890428
V1 2600000 1890428 1875000 1886943
V1 1875000 1886943 1171706 1886943
V1 1171706 1886943 1167080 1891570
Net7 5 
V1 2915180 1810200 2910380 1805400
V1 2910380 1805400 2600000 1805400
V1 2600000 1805400 1875000 1859172
V1 1875000 1859172 439372 1859172
V1 439372 1859172 416230 1836030
Net8 5 
V1 2981000 1810200 2971400 1800600
V1 2971400 1800600 2600000 1800600
V1 2600000 1800600 1875000 1854544
V1 1875000 1854544 523084 1854544
V1 523084 1854544 504570 1836030
Net9 5 
V1 3046820 1810200 3032420 1795800
V1 3032420 1795800 2600000 1795800
V1 2600000 1795800 1875000 1849915
V1 1875000 1849915 606785 1849915
V1 606785 1849915 592900 1836030
Net10 5 
V1 3112637 1810200 3093437 1791000
V1 3093437 1791000 2600000 1791000
V1 2600000 1791000 1875000 1845287
V1 1875000 1845287 690494 1845287
V1 690494 1845287 681237 1836030
Net11 5 
V1 3178450 1810200 3154450 1786200
V1 3154450 1786200 2600000 1786200
V1 2600000 1786200 1875000 1840658
V1 1875000 1840658 774198 1840658
V1 774198 1840658 769570 1836030
Net12 5 
V1 3310090 1810200 3281290 1781400
V1 3281290 1781400 2600000 1781400
V1 2600000 1781400 1875000 1817515
V1 1875000 1817515 876422 1817515
V1 876422 1817515 857907 1836030
Net18 5 
V1 2948090 1767000 2943290 1771800
V1 2943290 1771800 2600000 1771800
V1 2600000 1771800 1875000 1761968
V1 1875000 1761968 567252 1761968
V1 567252 1761968 548732 1780487
Net19 5 
V1 3079730 1767000 3070130 1776600
V1 3070130 1776600 2600000 1776600
V1 2600000 1776600 1875000 1799001
V1 1875000 1799001 743914 1799001
V1 743914 1799001 725400 1780487
Net26 5 
V1 2915180 1723800 2910380 1719000
V1 2910380 1719000 2600000 1719000
V1 2600000 1719000 1875000 1743454
V1 1875000 1743454 434744 1743454
V1 434744 1743454 416230 1724940
Net37 5 
V1 2948090 1680600 2943290 1685400
V1 2943290 1685400 2600000 1685400
V1 2600000 1685400 1875000 1681742
V1 1875000 1681742 724435 1681742
V1 724435 1681742 681237 1724940
Net38 5 
V1 3079730 1680600 3070130 1690200
V1 3070130 1690200 2600000 1690200
V1 2600000 1690200 1875000 1687913
V1 1875000 1687913 894933 1687913
V1 894933 1687913 857907 1724940
Net39 5 
V1 3211360 1680600 3196960 1695000
V1 3196960 1695000 2600000 1695000
V1 2600000 1695000 1875000 1694085
V1 1875000 1694085 977095 1694085
V1 977095 1694085 946240 1724940
Net40 5 
V1 3343000 1680600 3323800 1699800
V1 3323800 1699800 2600000 1699800
V1 2600000 1699800 1875000 1700256
V1 1875000 1700256 1147593 1700256
V1 1147593 1700256 1122910 1724940
Net41 5 
V1 3408817 1680600 3384817 1704600
V1 3384817 1704600 2600000 1704600
V1 2600000 1704600 1875000 1706427
V1 1875000 1706427 1229752 1706427
V1 1229752 1706427 1211240 1724940
Net42 5 
V1 3474630 1680600 3445830 1709400
V1 3445830 1709400 2600000 1709400
V1 2600000 1709400 1875000 1712598
V1 1875000 1712598 1400251 1712598
V1 1400251 1712598 1387910 1724940
Net43 5 
V1 3540450 1680600 3506850 1714200
V1 3506850 1714200 2600000 1714200
V1 2600000 1714200 1875000 1718770
V1 1875000 1718770 1482420 1718770
V1 1482420 1718770 1476250 1724940
Net44 5 
V1 2981000 1637400 2972360 1646040
V1 2972360 1646040 2600000 1646040
V1 2600000 1646040 1875000 1636077
V1 1875000 1636077 493723 1636077
V1 493723 1636077 460400 1669400
Net45 5 
V1 3046820 1637400 3029540 1654680
V1 3029540 1654680 2600000 1654680
V1 2600000 1654680 1875000 1647185
V1 1875000 1647185 570947 1647185
V1 570947 1647185 548732 1669400
Net46 5 
V1 3112637 1637400 3086717 1663320
V1 3086717 1663320 2600000 1663320
V1 2600000 1663320 1875000 1658294
V1 1875000 1658294 736506 1658294
V1 736506 1658294 725400 1669400
Net47 5 
V1 3178450 1637400 3143890 1671960
V1 3143890 1671960 2600000 1671960
V1 2600000 1671960 1875000 1675571
V1 1875000 1675571 819911 1675571
V1 819911 1675571 813740 1669400
Net62 5 
V1 2915180 1551000 2900780 1536600
V1 2900780 1536600 2600000 1536600
V1 2600000 1536600 1875000 1569421
V1 1875000 1569421 559841 1569421
V1 559841 1569421 548732 1558312
Net63 5 
V1 3046820 1551000 3018020 1522200
V1 3018020 1522200 2600000 1522200
V1 2600000 1522200 1875000 1547204
V1 1875000 1547204 648178 1547204
V1 648178 1547204 637070 1558312
Net67 5 
V1 3310090 1551000 3301450 1559640
V1 3301450 1559640 2600000 1559640
V1 2600000 1559640 1875000 1580529
V1 1875000 1580529 1332910 1580529
V1 1332910 1580529 1299580 1613860
Net68 5 
V1 3441722 1551000 3424442 1568280
V1 3424442 1568280 2600000 1568280
V1 2600000 1568280 1875000 1591638
V1 1875000 1591638 1410132 1591638
V1 1410132 1591638 1387910 1613860
Net69 5 
V1 3507540 1551000 3481620 1576920
V1 3481620 1576920 2600000 1576920
V1 2600000 1576920 1875000 1602746
V1 1875000 1602746 1487363 1602746
V1 1487363 1602746 1476250 1613860
Net70 5 
V1 3639180 1551000 3604620 1585560
V1 3604620 1585560 2600000 1585560
V1 2600000 1585560 1875000 1624968
V1 1875000 1624968 416494 1624968
V1 416494 1624968 372062 1669400
Net72 5 
V1 2948090 1507800 2937290 1497000
V1 2937290 1497000 2600000 1497000
V1 2600000 1497000 1875000 1536095
V1 1875000 1536095 537895 1536095
V1 537895 1536095 504570 1502770
Net73 5 
V1 3013910 1507800 2992310 1486200
V1 2992310 1486200 2600000 1486200
V1 2600000 1486200 1875000 1524987
V1 1875000 1524987 615117 1524987
V1 615117 1524987 592900 1502770
Net81 5 
V1 2915180 1464600 2904380 1475400
V1 2904380 1475400 2600000 1475400
V1 2600000 1475400 1875000 1513878
V1 1875000 1513878 780678 1513878
V1 780678 1513878 769570 1502770
