Nets 32
Net0 5 
V1 2680110 2112040 2674926 2117224
V1 2674926 2117224 2400000 2117224
V1 2400000 2117224 1875000 1854544
V1 1875000 1854544 497426 1854544
V1 497426 1854544 460400 1891570
Net1 5 
V1 2808280 2112040 2797912 2122408
V1 2797912 2122408 2400000 2122408
V1 2400000 2122408 1875000 1863801
V1 1875000 1863801 664839 1863801
V1 664839 1863801 637070 1891570
Net2 5 
V1 2936450 2112040 2920898 2127592
V1 2920898 2127592 2400000 2127592
V1 2400000 2127592 1875000 1873058
V1 1875000 1873058 743912 1873058
V1 743912 1873058 725400 1891570
Net3 5 
V1 3000540 2112040 2979804 2132776
V1 2979804 2132776 2400000 2132776
V1 2400000 2132776 1875000 1882315
V1 1875000 1882315 911325 1882315
V1 911325 1882315 902070 1891570
Net4 5 
V1 2712150 2086120 2706966 2091304
V1 2706966 2091304 2400000 2091304
V1 2400000 2091304 1875000 1802704
V1 1875000 1802704 626225 1802704
V1 626225 1802704 592900 1836030
Net5 5 
V1 2776240 2086120 2765872 2096488
V1 2765872 2096488 2400000 2096488
V1 2400000 2096488 1875000 1813813
V1 1875000 1813813 703454 1813813
V1 703454 1813813 681237 1836030
Net6 5 
V1 2840320 2086120 2824768 2101672
V1 2824768 2101672 2400000 2101672
V1 2400000 2101672 1875000 1824921
V1 1875000 1824921 780678 1824921
V1 780678 1824921 769570 1836030
Net7 5 
V1 2904410 2086120 2883674 2106856
V1 2883674 2106856 2400000 2106856
V1 2400000 2106856 1875000 1845287
V1 1875000 1845287 867164 1845287
V1 867164 1845287 857907 1836030
Net11 5 
V1 2680110 2060200 2673630 2053720
V1 2673630 2053720 2400000 2053720
V1 2400000 2053720 1875000 1791596
V1 1875000 1791596 460664 1791596
V1 460664 1791596 416230 1836030
Net17 5 
V1 2776240 2034280 2769760 2040760
V1 2769760 2040760 2400000 2040760
V1 2400000 2040760 1875000 1761968
V1 1875000 1761968 567252 1761968
V1 567252 1761968 548732 1780487
Net18 5 
V1 2840320 2034280 2827360 2047240
V1 2827360 2047240 2400000 2047240
V1 2400000 2047240 1875000 1771225
V1 1875000 1771225 734662 1771225
V1 734662 1771225 725400 1780487
Net33 5 
V1 2680110 1956520 2667150 1969480
V1 2667150 1969480 2400000 1969480
V1 2400000 1969480 1875000 1752711
V1 1875000 1752711 444001 1752711
V1 444001 1752711 416230 1724940
Net36 5 
V1 2872362 1956520 2868042 1952200
V1 2868042 1952200 2400000 1952200
V1 2400000 1952200 1875000 1743454
V1 1875000 1743454 1229754 1743454
V1 1229754 1743454 1211240 1724940
Net37 5 
V1 2936450 1956520 2927810 1947880
V1 2927810 1947880 2400000 1947880
V1 2400000 1947880 1875000 1734197
V1 1875000 1734197 1397167 1734197
V1 1397167 1734197 1387910 1724940
Net38 5 
V1 3000540 1956520 2987580 1943560
V1 2987580 1943560 2400000 1943560
V1 2400000 1943560 1875000 1713834
V1 1875000 1713834 1487356 1713834
V1 1487356 1713834 1476250 1724940
Net40 5 
V1 2840320 1930600 2835136 1925416
V1 2835136 1925416 2400000 1925416
V1 2400000 1925416 1875000 1680508
V1 1875000 1680508 902339 1680508
V1 902339 1680508 857907 1724940
Net41 5 
V1 2904410 1930600 2900090 1934920
V1 2900090 1934920 2400000 1934920
V1 2400000 1934920 1875000 1691617
V1 1875000 1691617 979563 1691617
V1 979563 1691617 946240 1724940
Net42 5 
V1 3032580 1930600 3023940 1939240
V1 3023940 1939240 2400000 1939240
V1 2400000 1939240 1875000 1702725
V1 1875000 1702725 1145124 1702725
V1 1145124 1702725 1122910 1724940
Net45 5 
V1 2808280 1904680 2803096 1909864
V1 2803096 1909864 2400000 1909864
V1 2400000 1909864 1875000 1648573
V1 1875000 1648573 1011236 1648573
V1 1011236 1648573 990410 1669400
Net46 5 
V1 2872362 1904680 2861994 1915048
V1 2861994 1915048 2400000 1915048
V1 2400000 1915048 1875000 1655516
V1 1875000 1655516 1092623 1655516
V1 1092623 1655516 1078740 1669400
Net47 5 
V1 3000540 1904680 2984988 1920232
V1 2984988 1920232 2400000 1920232
V1 2400000 1920232 1875000 1662459
V1 1875000 1662459 1350688 1662459
V1 1350688 1662459 1343747 1669400
Net48 5 
V1 2712150 1878760 2705670 1885240
V1 2705670 1885240 2400000 1885240
V1 2400000 1885240 1875000 1627745
V1 1875000 1627745 502054 1627745
V1 502054 1627745 460400 1669400
Net49 5 
V1 2776240 1878760 2763280 1891720
V1 2763280 1891720 2400000 1891720
V1 2400000 1891720 1875000 1634688
V1 1875000 1634688 583444 1634688
V1 583444 1634688 548732 1669400
Net50 5 
V1 2840320 1878760 2820880 1898200
V1 2820880 1898200 2400000 1898200
V1 2400000 1898200 1875000 1641631
V1 1875000 1641631 753169 1641631
V1 753169 1641631 725400 1669400
Net56 5 
V1 2744190 1852840 2739006 1858024
V1 2739006 1858024 2400000 1858024
V1 2400000 1858024 1875000 1580529
V1 1875000 1580529 449560 1580529
V1 449560 1580529 416230 1613860
Net57 5 
V1 2872362 1852840 2861994 1863208
V1 2861994 1863208 2400000 1863208
V1 2400000 1863208 1875000 1591638
V1 1875000 1591638 615122 1591638
V1 615122 1591638 592900 1613860
Net58 5 
V1 2936450 1852840 2920898 1868392
V1 2920898 1868392 2400000 1868392
V1 2400000 1868392 1875000 1602746
V1 1875000 1602746 1134023 1602746
V1 1134023 1602746 1122910 1613860
Net59 5 
V1 3000540 1852840 2979804 1873576
V1 2979804 1873576 2400000 1873576
V1 2400000 1873576 1875000 1620802
V1 1875000 1620802 953182 1620802
V1 953182 1620802 946240 1613860
Net60 5 
V1 2712150 1826920 2699190 1839880
V1 2699190 1839880 2400000 1839880
V1 2400000 1839880 1875000 1569421
V1 1875000 1569421 559841 1569421
V1 559841 1569421 548732 1558312
Net72 5 
V1 2776240 1775080 2769760 1781560
V1 2769760 1781560 2400000 1781560
V1 2400000 1781560 1875000 1465741
V1 1875000 1465741 541598 1465741
V1 541598 1465741 504570 1502770
Net73 5 
V1 2840320 1775080 2827360 1788040
V1 2827360 1788040 2400000 1788040
V1 2400000 1788040 1875000 1484255
V1 1875000 1484255 611414 1484255
V1 611414 1484255 592900 1502770
Net74 5 
V1 2968490 1775080 2949050 1794520
V1 2949050 1794520 2400000 1794520
V1 2400000 1794520 1875000 1530541
V1 1875000 1530541 1459851 1530541
V1 1459851 1530541 1432080 1558312
