Nets 26
Net13 5 
V2 2784030 2060200 2777550 2066680
V2 2777550 2066680 2400000 2066680
V2 2400000 2066680 1875000 1858247
V2 1875000 1858247 1255823 1858247
V2 1255823 1858247 1222500 1891570
Net14 5 
V2 2827330 2060200 2814370 2073160
V2 2814370 2073160 2400000 2073160
V2 2400000 2073160 1875000 1869355
V2 1875000 1869355 1435244 1869355
V2 1435244 1869355 1413030 1891570
Net15 5 
V2 2913932 2060200 2894492 2079640
V2 2894492 2079640 2400000 2079640
V2 2400000 2079640 1875000 1880464
V2 1875000 1880464 1519396 1880464
V2 1519396 1880464 1508290 1891570
Net19 5 
V2 2848980 2034280 2842500 2040760
V2 2842500 2040760 2400000 2040760
V2 2400000 2040760 1875000 1799001
V2 1875000 1799001 1116638 1799001
V2 1116638 1799001 1079610 1836030
Net20 5 
V2 2892280 2034280 2879320 2047240
V2 2879320 2047240 2400000 2047240
V2 2400000 2047240 1875000 1817515
V2 1875000 1817515 1383912 1817515
V2 1383912 1817515 1365397 1836030
Net21 5 
V2 2935582 2034280 2916142 2053720
V2 2916142 2053720 2400000 2053720
V2 2400000 2053720 1875000 1847138
V2 1875000 1847138 314301 1847138
V2 314301 1847138 269870 1891570
Net22 5 
V2 2654130 2008360 2645490 2017000
V2 2645490 2017000 2400000 2017000
V2 2400000 2017000 1875000 1758265
V2 1875000 1758265 1054202 1758265
V2 1054202 1758265 1031980 1780487
Net23 5 
V2 2740730 2008360 2723450 2025640
V2 2723450 2025640 2400000 2025640
V2 2400000 2025640 1875000 1769374
V2 1875000 1769374 1233613 1769374
V2 1233613 1769374 1222500 1780487
Net27 5 
V2 2675780 1982440 2662820 1995400
V2 2662820 1995400 2400000 1995400
V2 2400000 1995400 1875000 1747157
V2 1875000 1747157 970040 1747157
V2 970040 1747157 936710 1780487
Net34 5 
V2 2697430 1956520 2684470 1969480
V2 2684470 1969480 2400000 1969480
V2 2400000 1969480 1875000 1736048
V2 1875000 1736048 790629 1736048
V2 790629 1736048 746190 1780487
Net35 5 
V2 2740730 1956520 2732090 1947880
V2 2732090 1947880 2400000 1947880
V2 2400000 1947880 1875000 1706428
V2 1875000 1706428 621802 1706428
V2 621802 1706428 603290 1724940
Net39 5 
V2 2675780 1930600 2667140 1939240
V2 2667140 1939240 2400000 1939240
V2 2400000 1939240 1875000 1687914
V2 1875000 1687914 545056 1687914
V2 545056 1687914 508030 1724940
Net51 5 
V2 2805680 1878760 2797040 1887400
V2 2797040 1887400 2400000 1887400
V2 2400000 1887400 1875000 1641631
V2 1875000 1641631 1250269 1641631
V2 1250269 1641631 1222500 1669400
Net53 5 
V2 2892280 1878760 2875000 1896040
V2 2875000 1896040 2400000 1896040
V2 2400000 1896040 1875000 1655516
V2 1875000 1655516 1522173 1655516
V2 1522173 1655516 1508290 1669400
Net61 5 
V2 2719080 1826920 2714760 1831240
V2 2714760 1831240 2400000 1831240
V2 2400000 1831240 1875000 1539798
V2 1875000 1539798 669437 1539798
V2 669437 1539798 650922 1558312
Net62 5 
V2 2762380 1826920 2753740 1835560
V2 2753740 1835560 2400000 1835560
V2 2400000 1835560 1875000 1549055
V2 1875000 1549055 755447 1549055
V2 755447 1549055 746190 1558312
Net63 5 
V2 2805680 1826920 2792720 1839880
V2 2792720 1839880 2400000 1839880
V2 2400000 1839880 1875000 1576826
V2 1875000 1576826 640323 1576826
V2 640323 1576826 603290 1613860
Net64 5 
V2 2892280 1826920 2875000 1844200
V2 2875000 1844200 2400000 1844200
V2 2400000 1844200 1875000 1595340
V2 1875000 1595340 812339 1595340
V2 812339 1595340 793820 1613860
Net65 5 
V2 2935582 1826920 2913982 1848520
V2 2913982 1848520 2400000 1848520
V2 2400000 1848520 1875000 1627745
V2 1875000 1627745 311524 1627745
V2 311524 1627745 269870 1669400
Net66 5 
V2 2654130 1801000 2641170 1813960
V2 2641170 1813960 2400000 1813960
V2 2400000 1813960 1875000 1530541
V2 1875000 1530541 583431 1530541
V2 583431 1530541 555660 1558312
Net77 5 
V2 2654130 1749160 2641170 1762120
V2 2641170 1762120 2400000 1762120
V2 2400000 1762120 1875000 1521284
V2 1875000 1521284 717074 1521284
V2 717074 1521284 698560 1502770
Net78 5 
V2 2697430 1749160 2693110 1744840
V2 2693110 1744840 2400000 1744840
V2 2400000 1744840 1875000 1512027
V2 1875000 1512027 803077 1512027
V2 803077 1512027 793820 1502770
Net83 5 
V2 2675780 1723240 2671460 1727560
V2 2671460 1727560 2400000 1727560
V2 2400000 1727560 1875000 1458336
V2 1875000 1458336 1124044 1458336
V2 1124044 1458336 1079610 1502770
Net84 5 
V2 2719080 1723240 2710440 1731880
V2 2710440 1731880 2400000 1731880
V2 2400000 1731880 1875000 1469444
V2 1875000 1469444 1303455 1469444
V2 1303455 1469444 1270130 1502770
Net85 5 
V2 2805680 1723240 2792720 1736200
V2 2792720 1736200 2400000 1736200
V2 2400000 1736200 1875000 1480553
V2 1875000 1480553 1387614 1480553
V2 1387614 1480553 1365397 1502770
Net86 5 
V2 2892280 1723240 2875000 1740520
V2 2875000 1740520 2400000 1740520
V2 2400000 1740520 1875000 1491661
V2 1875000 1491661 1567028 1491661
V2 1567028 1491661 1555920 1502770
