Nets 51
Net9 5 
M2 4052760 2097230 4024988 2125001
M2 4024988 2125001 2400000 2125001
M2 2400000 2125001 1875000 1863801
M2 1875000 1863801 297638 1863801
M2 297638 1863801 269870 1891570
Net12 5 
M2 3052500 2041687 3047450 2046737
M2 3047450 2046737 2400000 2046737
M2 2400000 2046737 1875000 1785536
M2 1875000 1785536 558523 1785536
M2 558523 1785536 508030 1836030
Net13 5 
M2 3147760 2041687 3137660 2051786
M2 3137660 2051786 2400000 2051786
M2 2400000 2051786 1875000 1790586
M2 1875000 1790586 648734 1790586
M2 648734 1790586 603290 1836030
Net14 5 
M2 3243020 2041687 3227871 2056836
M2 3227871 2056836 2400000 2056836
M2 2400000 2056836 1875000 1795635
M2 1875000 1795635 738954 1795635
M2 738954 1795635 698560 1836030
Net15 5 
M2 3338290 2041687 3318092 2061885
M2 3318092 2061885 2400000 2061885
M2 2400000 2061885 1875000 1800684
M2 1875000 1800684 829165 1800684
M2 829165 1800684 793820 1836030
Net16 5 
M2 3433550 2041687 3408303 2066934
M2 3408303 2066934 2400000 2066934
M2 2400000 2066934 1875000 1805733
M2 1875000 1805733 1109906 1805733
M2 1109906 1805733 1079610 1836030
Net17 5 
M2 3528810 2041687 3498513 2071983
M2 3498513 2071983 2400000 2071983
M2 2400000 2071983 1875000 1810783
M2 1875000 1810783 1200117 1810783
M2 1200117 1810783 1174870 1836030
Net18 5 
M2 3624077 2041687 3588732 2077033
M2 3588732 2077033 2400000 2077033
M2 2400000 2077033 1875000 1815832
M2 1875000 1815832 1290327 1815832
M2 1290327 1815832 1270130 1836030
Net19 5 
M2 3719340 2041687 3678945 2082082
M2 3678945 2082082 2400000 2082082
M2 2400000 2082082 1875000 1820881
M2 1875000 1820881 1380546 1820881
M2 1380546 1820881 1365397 1836030
Net20 5 
M2 3814600 2041687 3769156 2087131
M2 3769156 2087131 2400000 2087131
M2 2400000 2087131 1875000 1825930
M2 1875000 1825930 1470759 1825930
M2 1470759 1825930 1460660 1836030
Net21 5 
M2 3909860 2041687 3859366 2092180
M2 3859366 2092180 2400000 2092180
M2 2400000 2092180 1875000 1830980
M2 1875000 1830980 1560970 1830980
M2 1560970 1830980 1555920 1836030
Net25 5 
M2 3004870 1986140 2998692 1992317
M2 2998692 1992317 2400000 1992317
M2 2400000 1992317 1875000 1731111
M2 1875000 1731111 700298 1731111
M2 700298 1731111 650922 1780487
Net26 5 
M2 3100130 1986140 3087781 1998488
M2 3087781 1998488 2400000 1998488
M2 2400000 1998488 1875000 1737282
M2 1875000 1737282 789395 1737282
M2 789395 1737282 746190 1780487
Net27 5 
M2 3195390 1986140 3176870 2004660
M2 3176870 2004660 2400000 2004660
M2 2400000 2004660 1875000 1743453
M2 1875000 1743453 878483 1743453
M2 878483 1743453 841450 1780487
Net28 5 
M2 3385920 1986140 3361228 2010831
M2 3361228 2010831 2400000 2010831
M2 2400000 2010831 1875000 1749625
M2 1875000 1749625 967572 1749625
M2 967572 1749625 936710 1780487
Net29 5 
M2 3481180 1986140 3450317 2017002
M2 3450317 2017002 2400000 2017002
M2 2400000 2017002 1875000 1755796
M2 1875000 1755796 1056671 1755796
M2 1056671 1755796 1031980 1780487
Net30 5 
M2 3671710 1986140 3634676 2023173
M2 3634676 2023173 2400000 2023173
M2 2400000 2023173 1875000 1761967
M2 1875000 1761967 1241020 1761967
M2 1241020 1761967 1222500 1780487
Net31 5 
M2 3766970 1986140 3723765 2029345
M2 3723765 2029345 2400000 2029345
M2 2400000 2029345 1875000 1768138
M2 1875000 1768138 1330111 1768138
M2 1330111 1768138 1317762 1780487
Net32 5 
M2 3957492 1986140 3908116 2035516
M2 3908116 2035516 2400000 2035516
M2 2400000 2035516 1875000 1774310
M2 1875000 1774310 1514467 1774310
M2 1514467 1774310 1508290 1780487
Net36 5 
M2 3052500 1930600 3045559 1937540
M2 3045559 1937540 2400000 1937540
M2 2400000 1937540 1875000 1676342
M2 1875000 1676342 651887 1676342
M2 651887 1676342 603290 1724940
Net37 5 
M2 3243020 1930600 3229136 1944483
M2 3229136 1944483 2400000 1944483
M2 2400000 1944483 1875000 1683285
M2 1875000 1683285 835474 1683285
M2 835474 1683285 793820 1724940
Net38 5 
M2 3338290 1930600 3317463 1951426
M2 3317463 1951426 2400000 1951426
M2 2400000 1951426 1875000 1690228
M2 1875000 1690228 923791 1690228
M2 923791 1690228 889080 1724940
Net39 5 
M2 3528810 1930600 3501041 1958369
M2 3501041 1958369 2400000 1958369
M2 2400000 1958369 1875000 1697171
M2 1875000 1697171 1107379 1697171
M2 1107379 1697171 1079610 1724940
Net40 5 
M2 3624077 1930600 3589365 1965311
M2 3589365 1965311 2400000 1965311
M2 2400000 1965311 1875000 1704113
M2 1875000 1704113 1195696 1704113
M2 1195696 1704113 1174870 1724940
Net41 5 
M2 3814600 1930600 3772945 1972254
M2 3772945 1972254 2400000 1972254
M2 2400000 1972254 1875000 1711056
M2 1875000 1711056 1379281 1711056
M2 1379281 1711056 1365397 1724940
Net42 5 
M2 3909860 1930600 3861262 1979197
M2 3861262 1979197 2400000 1979197
M2 2400000 1979197 1875000 1717999
M2 1875000 1717999 1467600 1717999
M2 1467600 1717999 1460660 1724940
Net46 5 
M2 3100130 1875060 3093189 1882000
M2 3093189 1882000 2400000 1882000
M2 2400000 1882000 1875000 1620802
M2 1875000 1620802 699519 1620802
M2 699519 1620802 650922 1669400
Net47 5 
M2 3195390 1875060 3181506 1888943
M2 3181506 1888943 2400000 1888943
M2 2400000 1888943 1875000 1627745
M2 1875000 1627745 787844 1627745
M2 787844 1627745 746190 1669400
Net48 5 
M2 3385920 1875060 3365093 1895886
M2 3365093 1895886 2400000 1895886
M2 2400000 1895886 1875000 1634688
M2 1875000 1634688 971421 1634688
M2 971421 1634688 936710 1669400
Net49 5 
M2 3481180 1875060 3453411 1902829
M2 3453411 1902829 2400000 1902829
M2 2400000 1902829 1875000 1641631
M2 1875000 1641631 1059749 1641631
M2 1059749 1641631 1031980 1669400
Net50 5 
M2 3671710 1875060 3636998 1909771
M2 3636998 1909771 2400000 1909771
M2 2400000 1909771 1875000 1648573
M2 1875000 1648573 1243326 1648573
M2 1243326 1648573 1222500 1669400
Net51 5 
M2 3766970 1875060 3725315 1916714
M2 3725315 1916714 2400000 1916714
M2 2400000 1916714 1875000 1655516
M2 1875000 1655516 1331646 1655516
M2 1331646 1655516 1317762 1669400
Net52 5 
M2 3957492 1875060 3908895 1923657
M2 3908895 1923657 2400000 1923657
M2 2400000 1923657 1875000 1662459
M2 1875000 1662459 1515230 1662459
M2 1515230 1662459 1508290 1669400
Net56 5 
M2 3052500 1819512 3046322 1825690
M2 3046322 1825690 2400000 1825690
M2 2400000 1825690 1875000 1569421
M2 1875000 1569421 647729 1569421
M2 647729 1569421 603290 1613860
Net57 5 
M2 3243020 1819512 3230671 1831861
M2 3230671 1831861 2400000 1831861
M2 2400000 1831861 1875000 1574975
M2 1875000 1574975 832704 1574975
M2 832704 1574975 793820 1613860
Net58 5 
M2 3338290 1819512 3319770 1838032
M2 3319770 1838032 2400000 1838032
M2 2400000 1838032 1875000 1580529
M2 1875000 1580529 922410 1580529
M2 922410 1580529 889080 1613860
Net59 5 
M2 3433550 1819512 3408858 1844203
M2 3408858 1844203 2400000 1844203
M2 2400000 1844203 1875000 1586083
M2 1875000 1586083 1107386 1586083
M2 1107386 1586083 1079610 1613860
Net60 5 
M2 3528810 1819512 3497947 1850375
M2 3497947 1850375 2400000 1850375
M2 2400000 1850375 1875000 1591638
M2 1875000 1591638 1197092 1591638
M2 1197092 1591638 1174870 1613860
Net61 5 
M2 3624077 1819512 3587043 1856546
M2 3587043 1856546 2400000 1856546
M2 2400000 1856546 1875000 1597192
M2 1875000 1597192 1286797 1597192
M2 1286797 1597192 1270130 1613860
Net62 5 
M2 3814600 1819512 3771395 1862717
M2 3771395 1862717 2400000 1862717
M2 2400000 1862717 1875000 1602746
M2 1875000 1602746 1376511 1602746
M2 1376511 1602746 1365397 1613860
Net63 5 
M2 3909860 1819512 3860483 1868888
M2 3860483 1868888 2400000 1868888
M2 2400000 1868888 1875000 1608300
M2 1875000 1608300 1466219 1608300
M2 1466219 1608300 1460660 1613860
Net65 5 
M2 2719080 1763970 2691308 1791741
M2 2691308 1791741 2400000 1791741
M2 2400000 1791741 1875000 1563866
M2 1875000 1563866 370694 1563866
M2 370694 1563866 365140 1558312
Net78 5 
M2 2766710 1708430 2761158 1713981
M2 2761158 1713981 2400000 1713981
M2 2400000 1713981 1875000 1453398
M2 1875000 1453398 366878 1453398
M2 366878 1453398 317507 1502770
Net80 5 
M2 3052500 1708430 3041394 1719536
M2 3041394 1719536 2400000 1719536
M2 2400000 1719536 1875000 1459570
M2 1875000 1459570 551230 1459570
M2 551230 1459570 508030 1502770
Net81 5 
M2 3147760 1708430 3131099 1725090
M2 3131099 1725090 2400000 1725090
M2 2400000 1725090 1875000 1465741
M2 1875000 1465741 735588 1465741
M2 735588 1465741 698560 1502770
Net82 5 
M2 3338290 1708430 3316075 1730644
M2 3316075 1730644 2400000 1730644
M2 2400000 1730644 1875000 1471912
M2 1875000 1471912 824677 1471912
M2 824677 1471912 793820 1502770
Net83 5 
M2 3433550 1708430 3405781 1736198
M2 3405781 1736198 2400000 1736198
M2 2400000 1736198 1875000 1478083
M2 1875000 1478083 1104296 1478083
M2 1104296 1478083 1079610 1502770
Net84 5 
M2 3624077 1708430 3590754 1741753
M2 3590754 1741753 2400000 1741753
M2 2400000 1741753 1875000 1484255
M2 1875000 1484255 1288645 1484255
M2 1288645 1484255 1270130 1502770
Net85 5 
M2 3719340 1708430 3680462 1747307
M2 3680462 1747307 2400000 1747307
M2 2400000 1747307 1875000 1490426
M2 1875000 1490426 1377741 1490426
M2 1377741 1490426 1365397 1502770
Net86 5 
M2 3909860 1708430 3865428 1752861
M2 3865428 1752861 2400000 1752861
M2 2400000 1752861 1875000 1496597
M2 1875000 1496597 1562092 1496597
M2 1562092 1496597 1555920 1502770
Net87 5 
M2 4005130 1708430 3955144 1758415
M2 3955144 1758415 2400000 1758415
M2 2400000 1758415 1875000 1530541
M2 1875000 1530541 250011 1530541
M2 250011 1530541 222240 1502770
