Nets 32
Net0 5 
V1 2680110 2112040 2674926 2117224
V1 2674926 2117224 2400000 2117224
V1 2400000 2117224 1875000 1854544
V1 1875000 1854544 449796 1854544
V1 449796 1854544 412770 1891570
Net1 5 
V1 2808280 2112040 2797912 2122408
V1 2797912 2122408 2400000 2122408
V1 2400000 2122408 1875000 1863801
V1 1875000 1863801 624136 1863801
V1 624136 1863801 596367 1891570
Net2 5 
V1 2936450 2112040 2920898 2127592
V1 2920898 2127592 2400000 2127592
V1 2400000 2127592 1875000 1873058
V1 1875000 1873058 706674 1873058
V1 706674 1873058 688162 1891570
Net3 5 
V1 3000540 2112040 2979804 2132776
V1 2979804 2132776 2400000 2132776
V1 2400000 2132776 1875000 1882315
V1 1875000 1882315 881015 1882315
V1 881015 1882315 871760 1891570
Net4 5 
V1 2712150 2086120 2706966 2091304
V1 2706966 2091304 2400000 2091304
V1 2400000 2091304 1875000 1802704
V1 1875000 1802704 583793 1802704
V1 583793 1802704 550467 1836030
Net5 5 
V1 2776240 2086120 2765872 2096488
V1 2765872 2096488 2400000 2096488
V1 2400000 2096488 1875000 1813813
V1 1875000 1813813 664479 1813813
V1 664479 1813813 642262 1836030
Net6 5 
V1 2840320 2086120 2824768 2101672
V1 2824768 2101672 2400000 2101672
V1 2400000 2101672 1875000 1824921
V1 1875000 1824921 745168 1824921
V1 745168 1824921 734060 1836030
Net7 5 
V1 2904410 2086120 2883674 2106856
V1 2883674 2106856 2400000 2106856
V1 2400000 2106856 1875000 1845287
V1 1875000 1845287 835117 1845287
V1 835117 1845287 825860 1836030
Net11 5 
V1 2680110 2060200 2673630 2053720
V1 2673630 2053720 2400000 2053720
V1 2400000 2053720 1875000 1791596
V1 1875000 1791596 411304 1791596
V1 411304 1791596 366870 1836030
Net17 5 
V1 2776240 2034280 2769760 2040760
V1 2769760 2040760 2400000 2040760
V1 2400000 2040760 1875000 1761968
V1 1875000 1761968 523089 1761968
V1 523089 1761968 504570 1780487
Net18 5 
V1 2840320 2034280 2827360 2047240
V1 2827360 2047240 2400000 2047240
V1 2400000 2047240 1875000 1771225
V1 1875000 1771225 697425 1771225
V1 697425 1771225 688162 1780487
Net33 5 
V1 2680110 1956520 2667150 1969480
V1 2667150 1969480 2400000 1969480
V1 2400000 1969480 1875000 1752711
V1 1875000 1752711 394641 1752711
V1 394641 1752711 366870 1724940
Net36 5 
V1 2872362 1956520 2868042 1952200
V1 2868042 1952200 2400000 1952200
V1 2400000 1952200 1875000 1743454
V1 1875000 1743454 1211574 1743454
V1 1211574 1743454 1193060 1724940
Net37 5 
V1 2936450 1956520 2927810 1947880
V1 2927810 1947880 2400000 1947880
V1 2400000 1947880 1875000 1734197
V1 1875000 1734197 1385909 1734197
V1 1385909 1734197 1376652 1724940
Net38 5 
V1 3000540 1956520 2987580 1943560
V1 2987580 1943560 2400000 1943560
V1 2400000 1943560 1875000 1713834
V1 1875000 1713834 1479556 1713834
V1 1479556 1713834 1468450 1724940
Net40 5 
V1 2840320 1930600 2835136 1925416
V1 2835136 1925416 2400000 1925416
V1 2400000 1925416 1875000 1680508
V1 1875000 1680508 870291 1680508
V1 870291 1680508 825860 1724940
Net41 5 
V1 2904410 1930600 2900090 1934920
V1 2900090 1934920 2400000 1934920
V1 2400000 1934920 1875000 1691617
V1 1875000 1691617 950983 1691617
V1 950983 1691617 917660 1724940
Net42 5 
V1 3032580 1930600 3023940 1939240
V1 3023940 1939240 2400000 1939240
V1 2400000 1939240 1875000 1702725
V1 1875000 1702725 1123474 1702725
V1 1123474 1702725 1101260 1724940
Net45 5 
V1 2808280 1904680 2803096 1909864
V1 2803096 1909864 2400000 1909864
V1 2400000 1909864 1875000 1648573
V1 1875000 1648573 984386 1648573
V1 984386 1648573 963560 1669400
Net46 5 
V1 2872362 1904680 2861994 1915048
V1 2861994 1915048 2400000 1915048
V1 2400000 1915048 1875000 1655516
V1 1875000 1655516 1069243 1655516
V1 1069243 1655516 1055360 1669400
Net47 5 
V1 3000540 1904680 2984988 1920232
V1 2984988 1920232 2400000 1920232
V1 2400000 1920232 1875000 1662459
V1 1875000 1662459 1337693 1662459
V1 1337693 1662459 1330752 1669400
Net48 5 
V1 2712150 1878760 2705670 1885240
V1 2705670 1885240 2400000 1885240
V1 2400000 1885240 1875000 1627745
V1 1875000 1627745 454424 1627745
V1 454424 1627745 412770 1669400
Net49 5 
V1 2776240 1878760 2763280 1891720
V1 2763280 1891720 2400000 1891720
V1 2400000 1891720 1875000 1634688
V1 1875000 1634688 539281 1634688
V1 539281 1634688 504570 1669400
Net50 5 
V1 2840320 1878760 2820880 1898200
V1 2820880 1898200 2400000 1898200
V1 2400000 1898200 1875000 1641631
V1 1875000 1641631 715931 1641631
V1 715931 1641631 688162 1669400
Net56 5 
V1 2744190 1852840 2739006 1858024
V1 2739006 1858024 2400000 1858024
V1 2400000 1858024 1875000 1580529
V1 1875000 1580529 400200 1580529
V1 400200 1580529 366870 1613860
Net57 5 
V1 2872362 1852840 2861994 1863208
V1 2861994 1863208 2400000 1863208
V1 2400000 1863208 1875000 1591638
V1 1875000 1591638 572689 1591638
V1 572689 1591638 550467 1613860
Net58 5 
V1 2936450 1852840 2920898 1868392
V1 2920898 1868392 2400000 1868392
V1 2400000 1868392 1875000 1602746
V1 1875000 1602746 1112373 1602746
V1 1112373 1602746 1101260 1613860
Net59 5 
V1 3000540 1852840 2979804 1873576
V1 2979804 1873576 2400000 1873576
V1 2400000 1873576 1875000 1620802
V1 1875000 1620802 924602 1620802
V1 924602 1620802 917660 1613860
Net60 5 
V1 2712150 1826920 2699190 1839880
V1 2699190 1839880 2400000 1839880
V1 2400000 1839880 1875000 1569421
V1 1875000 1569421 515678 1569421
V1 515678 1569421 504570 1558312
Net72 5 
V1 2776240 1775080 2769760 1781560
V1 2769760 1781560 2400000 1781560
V1 2400000 1781560 1875000 1465741
V1 1875000 1465741 495698 1465741
V1 495698 1465741 458670 1502770
Net73 5 
V1 2840320 1775080 2827360 1788040
V1 2827360 1788040 2400000 1788040
V1 2400000 1788040 1875000 1484255
V1 1875000 1484255 568982 1484255
V1 568982 1484255 550467 1502770
Net74 5 
V1 2968490 1775080 2949050 1794520
V1 2949050 1794520 2400000 1794520
V1 2400000 1794520 1875000 1530541
V1 1875000 1530541 1450321 1530541
V1 1450321 1530541 1422550 1558312
