Nets 26
Net4 5 
M2 3227870 2103400 3206270 2125000
M2 3206270 2125000 2400000 2125000
M2 2400000 2125000 1875000 1842200
M2 1875000 1842200 1539450 1842200
M2 1539450 1842200 1530810 1850840
Net14 5 
M2 3444372 2060200 3433572 2071000
M2 3433572 2071000 2400000 2071000
M2 2400000 2071000 1875000 1807640
M2 1875000 1807640 1516040 1807640
M2 1516040 1807640 1498760 1824920
Net15 5 
M2 3530980 2060200 3509380 2081800
M2 3509380 2081800 2400000 2081800
M2 2400000 2081800 1875000 1816280
M2 1875000 1816280 1571490 1816280
M2 1571490 1816280 1562850 1824920
Net16 5 
M2 3704180 2060200 3671780 2092600
M2 3671780 2092600 2400000 2092600
M2 2400000 2092600 1875000 1833560
M2 1875000 1833560 1186972 1833560
M2 1186972 1833560 1178332 1824920
Net21 5 
M2 3227870 2017000 3213470 2031400
M2 3213470 2031400 2400000 2031400
M2 2400000 2031400 1875000 1760120
M2 1875000 1760120 1447640 1760120
M2 1447640 1760120 1434680 1773080
Net24 5 
M2 3574280 2017000 3545480 2045800
M2 3545480 2045800 2400000 2045800
M2 2400000 2045800 1875000 1766600
M2 1875000 1766600 1569330 1766600
M2 1569330 1766600 1562850 1773080
Net25 5 
M2 3660880 2017000 3652240 2008360
M2 3652240 2008360 2400000 2008360
M2 2400000 2008360 1875000 1753640
M2 1875000 1753640 1197772 1753640
M2 1197772 1753640 1178332 1773080
Net29 5 
M2 3011360 1973800 3002720 1982440
M2 3002720 1982440 2400000 1982440
M2 2400000 1982440 1875000 1727720
M2 1875000 1727720 1293900 1727720
M2 1293900 1727720 1274460 1747160
Net33 5 
M2 3530980 1973800 3513700 1991080
M2 3513700 1991080 2400000 1991080
M2 2400000 1991080 1875000 1734200
M2 1875000 1734200 1543770 1734200
M2 1543770 1734200 1530810 1747160
Net34 5 
M2 3617580 1973800 3591660 1999720
M2 3591660 1999720 2400000 1999720
M2 2400000 1999720 1875000 1740680
M2 1875000 1740680 1601370 1740680
M2 1601370 1740680 1594890 1747160
Net37 5 
M2 2794857 1930600 2786217 1939240
M2 2786217 1939240 2400000 1939240
M2 2400000 1939240 1875000 1700504
M2 1875000 1700504 1391326 1700504
M2 1391326 1700504 1370590 1721240
Net41 5 
M2 3401070 1930600 3383790 1947880
M2 3383790 1947880 2400000 1947880
M2 2400000 1947880 1875000 1705688
M2 1875000 1705688 1450232 1705688
M2 1450232 1705688 1434680 1721240
Net42 5 
M2 3487677 1930600 3461757 1956520
M2 3461757 1956520 2400000 1956520
M2 2400000 1956520 1875000 1710872
M2 1875000 1710872 1509128 1710872
M2 1509128 1710872 1498760 1721240
Net43 5 
M2 3574280 1930600 3539720 1965160
M2 3539720 1965160 2400000 1965160
M2 2400000 1965160 1875000 1716056
M2 1875000 1716056 1568034 1716056
M2 1568034 1716056 1562850 1721240
Net44 5 
M2 2838160 1887400 2823760 1901800
M2 2823760 1901800 2400000 1901800
M2 2400000 1901800 1875000 1626200
M2 1875000 1626200 1291740 1626200
M2 1291740 1626200 1274460 1643480
Net50 5 
M2 3444372 1887400 3415572 1916200
M2 3415572 1916200 2400000 1916200
M2 2400000 1916200 1875000 1634840
M2 1875000 1634840 1475360 1634840
M2 1475360 1634840 1466720 1643480
Net57 5 
M2 3314470 1844200 3292870 1865800
M2 3292870 1865800 2400000 1865800
M2 2400000 1865800 1875000 1608920
M2 1875000 1608920 1571490 1608920
M2 1571490 1608920 1562850 1617560
Net67 5 
M2 3271170 1801000 3262530 1809640
M2 3262530 1809640 2400000 1809640
M2 2400000 1809640 1875000 1546280
M2 1875000 1546280 1454120 1546280
M2 1454120 1546280 1434680 1565720
Net68 5 
M2 3444372 1801000 3427092 1818280
M2 3427092 1818280 2400000 1818280
M2 2400000 1818280 1875000 1552760
M2 1875000 1552760 1511720 1552760
M2 1511720 1552760 1498760 1565720
Net69 5 
M2 3530980 1801000 3505060 1826920
M2 3505060 1826920 2400000 1826920
M2 2400000 1826920 1875000 1559240
M2 1875000 1559240 1569330 1559240
M2 1569330 1559240 1562850 1565720
Net70 5 
M2 3704180 1801000 3669620 1835560
M2 3669620 1835560 2400000 1835560
M2 2400000 1835560 1875000 1600280
M2 1875000 1600280 1195612 1600280
M2 1195612 1600280 1178332 1617560
Net74 5 
M2 2968060 1757800 2946460 1779400
M2 2946460 1779400 2400000 1779400
M2 2400000 1779400 1875000 1505240
M2 1875000 1505240 1379230 1505240
M2 1379230 1505240 1370590 1513880
Net84 5 
M2 3184570 1714600 3175930 1723240
M2 3175930 1723240 2400000 1723240
M2 2400000 1723240 1875000 1468520
M2 1875000 1468520 1357990 1468520
M2 1357990 1468520 1338550 1487960
Net85 5 
M2 3271170 1714600 3253890 1731880
M2 3253890 1731880 2400000 1731880
M2 2400000 1731880 1875000 1475000
M2 1875000 1475000 1479680 1475000
M2 1479680 1475000 1466720 1487960
Net86 5 
M2 3444372 1714600 3418452 1740520
M2 3418452 1740520 2400000 1740520
M2 2400000 1740520 1875000 1481480
M2 1875000 1481480 1601370 1481480
M2 1601370 1481480 1594890 1487960
Net87 5 
M2 3704180 1714600 3669620 1749160
M2 3669620 1749160 2400000 1749160
M2 2400000 1749160 1875000 1496600
M2 1875000 1496600 1195612 1496600
M2 1195612 1496600 1178332 1513880
