Nets 48
Net6 5 
M2 3660880 2103400 3639280 2125000
M2 3639280 2125000 2400000 2125000
M2 2400000 2125000 1875000 1863800
M2 1875000 1863800 592420 1863800
M2 592420 1863800 570820 1885400
Net9 5 
M2 2924760 2060200 2919360 2065600
M2 2919360 2065600 2400000 2065600
M2 2400000 2065600 1875000 1804400
M2 1875000 1804400 911730 1804400
M2 911730 1804400 873930 1842200
Net10 5 
M2 3011360 2060200 3000560 2071000
M2 3000560 2071000 2400000 2071000
M2 2400000 2071000 1875000 1809800
M2 1875000 1809800 992930 1809800
M2 992930 1809800 960530 1842200
Net11 5 
M2 3097962 2060200 3081762 2076400
M2 3081762 2076400 2400000 2076400
M2 2400000 2076400 1875000 1815200
M2 1875000 1815200 1160732 1815200
M2 1160732 1815200 1133732 1842200
Net12 5 
M2 3271170 2060200 3249570 2081800
M2 3249570 2081800 2400000 2081800
M2 2400000 2081800 1875000 1820600
M2 1875000 1820600 1328540 1820600
M2 1328540 1820600 1306940 1842200
Net13 5 
M2 3357770 2060200 3330770 2087200
M2 3330770 2087200 2400000 2087200
M2 2400000 2087200 1875000 1826000
M2 1875000 1826000 1409740 1826000
M2 1409740 1826000 1393540 1842200
Net14 5 
M2 3444372 2060200 3411972 2092600
M2 3411972 2092600 2400000 2092600
M2 2400000 2092600 1875000 1831400
M2 1875000 1831400 1490942 1831400
M2 1490942 1831400 1480142 1842200
Net15 5 
M2 3530980 2060200 3493180 2098000
M2 3493180 2098000 2400000 2098000
M2 2400000 2098000 1875000 1836800
M2 1875000 1836800 1572150 1836800
M2 1572150 1836800 1566750 1842200
Net19 5 
M2 2968060 2017000 2961887 2023172
M2 2961887 2023172 2400000 2023172
M2 2400000 2023172 1875000 1761971
M2 1875000 1761971 1040858 1761971
M2 1040858 1761971 1003830 1799000
Net20 5 
M2 3141267 2017000 3128923 2029343
M2 3128923 2029343 2400000 2029343
M2 2400000 2029343 1875000 1768142
M2 1875000 1768142 1121287 1768142
M2 1121287 1768142 1090430 1799000
Net21 5 
M2 3227870 2017000 3209355 2035515
M2 3209355 2035515 2400000 2035515
M2 2400000 2035515 1875000 1774313
M2 1875000 1774313 1201723 1774313
M2 1201723 1774313 1177037 1799000
Net22 5 
M2 3314470 2017000 3289783 2041686
M2 3289783 2041686 2400000 2041686
M2 2400000 2041686 1875000 1780485
M2 1875000 1780485 1282155 1780485
M2 1282155 1780485 1263640 1799000
Net23 5 
M2 3487677 2017000 3456820 2047857
M2 3456820 2047857 2400000 2047857
M2 2400000 2047857 1875000 1786656
M2 1875000 1786656 1362583 1786656
M2 1362583 1786656 1350240 1799000
Net24 5 
M2 3574280 2017000 3537251 2054028
M2 3537251 2054028 2400000 2054028
M2 2400000 2054028 1875000 1792827
M2 1875000 1792827 1529620 1792827
M2 1529620 1792827 1523447 1799000
Net28 5 
M2 2924760 1973800 2919360 1979200
M2 2919360 1979200 2400000 1979200
M2 2400000 1979200 1875000 1718000
M2 1875000 1718000 911730 1718000
M2 911730 1718000 873930 1755800
Net29 5 
M2 3011360 1973800 3000560 1984600
M2 3000560 1984600 2400000 1984600
M2 2400000 1984600 1875000 1723400
M2 1875000 1723400 992930 1723400
M2 992930 1723400 960530 1755800
Net30 5 
M2 3184570 1973800 3168370 1990000
M2 3168370 1990000 2400000 1990000
M2 2400000 1990000 1875000 1728800
M2 1875000 1728800 1074130 1728800
M2 1074130 1728800 1047130 1755800
Net31 5 
M2 3271170 1973800 3249570 1995400
M2 3249570 1995400 2400000 1995400
M2 2400000 1995400 1875000 1734200
M2 1875000 1734200 1155332 1734200
M2 1155332 1734200 1133732 1755800
Net32 5 
M2 3357770 1973800 3330770 2000800
M2 3330770 2000800 2400000 2000800
M2 2400000 2000800 1875000 1739600
M2 1875000 1739600 1323140 1739600
M2 1323140 1739600 1306940 1755800
Net33 5 
M2 3530980 1973800 3498580 2006200
M2 3498580 2006200 2400000 2006200
M2 2400000 2006200 1875000 1745000
M2 1875000 1745000 1490942 1745000
M2 1490942 1745000 1480142 1755800
Net34 5 
M2 3617580 1973800 3579780 2011600
M2 3579780 2011600 2400000 2011600
M2 2400000 2011600 1875000 1750400
M2 1875000 1750400 1572150 1750400
M2 1572150 1750400 1566750 1755800
Net38 5 
M2 2968060 1930600 2961887 1936772
M2 2961887 1936772 2400000 1936772
M2 2400000 1936772 1875000 1675571
M2 1875000 1675571 954258 1675571
M2 954258 1675571 917230 1712600
Net39 5 
M2 3141267 1930600 3128923 1942943
M2 3128923 1942943 2400000 1942943
M2 2400000 1942943 1875000 1681742
M2 1875000 1681742 1034687 1681742
M2 1034687 1681742 1003830 1712600
Net40 5 
M2 3314470 1930600 3295955 1949115
M2 3295955 1949115 2400000 1949115
M2 2400000 1949115 1875000 1687913
M2 1875000 1687913 1201723 1687913
M2 1201723 1687913 1177037 1712600
Net41 5 
M2 3401070 1930600 3376383 1955286
M2 3376383 1955286 2400000 1955286
M2 2400000 1955286 1875000 1694085
M2 1875000 1694085 1282155 1694085
M2 1282155 1694085 1263640 1712600
Net42 5 
M2 3487677 1930600 3456820 1961457
M2 3456820 1961457 2400000 1961457
M2 2400000 1961457 1875000 1700256
M2 1875000 1700256 1362583 1700256
M2 1362583 1700256 1350240 1712600
Net43 5 
M2 3574280 1930600 3537251 1967628
M2 3537251 1967628 2400000 1967628
M2 2400000 1967628 1875000 1706427
M2 1875000 1706427 1443012 1706427
M2 1443012 1706427 1436840 1712600
Net55 5 
M2 3141267 1844200 3130467 1855000
M2 3130467 1855000 2400000 1855000
M2 2400000 1855000 1875000 1597400
M2 1875000 1597400 1032630 1597400
M2 1032630 1597400 1003830 1626200
Net56 5 
M2 3227870 1844200 3206270 1865800
M2 3206270 1865800 2400000 1865800
M2 2400000 1865800 1875000 1611800
M2 1875000 1611800 1104830 1611800
M2 1104830 1611800 1090430 1626200
Net61 5 
M2 3660880 1844200 3628480 1876600
M2 3628480 1876600 2400000 1876600
M2 2400000 1876600 1875000 1647800
M2 1875000 1647800 592420 1647800
M2 592420 1647800 570820 1626200
Net64 5 
M2 3011360 1801000 3005187 1807172
M2 3005187 1807172 2400000 1807172
M2 2400000 1807172 1875000 1545971
M2 1875000 1545971 997558 1545971
M2 997558 1545971 960530 1583000
Net65 5 
M2 3097962 1801000 3085618 1813343
M2 3085618 1813343 2400000 1813343
M2 2400000 1813343 1875000 1552142
M2 1875000 1552142 1077987 1552142
M2 1077987 1552142 1047130 1583000
Net66 5 
M2 3184570 1801000 3166055 1819515
M2 3166055 1819515 2400000 1819515
M2 2400000 1819515 1875000 1558313
M2 1875000 1558313 1158418 1558313
M2 1158418 1558313 1133732 1583000
Net67 5 
M2 3271170 1801000 3246483 1825686
M2 3246483 1825686 2400000 1825686
M2 2400000 1825686 1875000 1564485
M2 1875000 1564485 1325455 1564485
M2 1325455 1564485 1306940 1583000
Net68 5 
M2 3444372 1801000 3413515 1831857
M2 3413515 1831857 2400000 1831857
M2 2400000 1831857 1875000 1570656
M2 1875000 1570656 1492486 1570656
M2 1492486 1570656 1480142 1583000
Net69 5 
M2 3530980 1801000 3493951 1838028
M2 3493951 1838028 2400000 1838028
M2 2400000 1838028 1875000 1576827
M2 1875000 1576827 1572922 1576827
M2 1572922 1576827 1566750 1583000
Net73 5 
M2 2881460 1757800 2876060 1763200
M2 2876060 1763200 2400000 1763200
M2 2400000 1763200 1875000 1502000
M2 1875000 1502000 955030 1502000
M2 955030 1502000 917230 1539800
Net74 5 
M2 2968060 1757800 2957260 1768600
M2 2957260 1768600 2400000 1768600
M2 2400000 1768600 1875000 1507400
M2 1875000 1507400 1036230 1507400
M2 1036230 1507400 1003830 1539800
Net75 5 
M2 3141267 1757800 3125067 1774000
M2 3125067 1774000 2400000 1774000
M2 2400000 1774000 1875000 1512800
M2 1875000 1512800 1204037 1512800
M2 1204037 1512800 1177037 1539800
Net76 5 
M2 3314470 1757800 3292870 1779400
M2 3292870 1779400 2400000 1779400
M2 2400000 1779400 1875000 1518200
M2 1875000 1518200 1285240 1518200
M2 1285240 1518200 1263640 1539800
Net77 5 
M2 3401070 1757800 3374070 1784800
M2 3374070 1784800 2400000 1784800
M2 2400000 1784800 1875000 1523600
M2 1875000 1523600 1366440 1523600
M2 1366440 1523600 1350240 1539800
Net78 5 
M2 3487677 1757800 3455277 1790200
M2 3455277 1790200 2400000 1790200
M2 2400000 1790200 1875000 1529000
M2 1875000 1529000 1447640 1529000
M2 1447640 1529000 1436840 1539800
Net79 5 
M2 3574280 1757800 3536480 1795600
M2 3536480 1795600 2400000 1795600
M2 2400000 1795600 1875000 1534400
M2 1875000 1534400 1528847 1534400
M2 1528847 1534400 1523447 1539800
Net82 5 
M2 2924760 1714600 2917560 1721800
M2 2917560 1721800 2400000 1721800
M2 2400000 1721800 1875000 1460600
M2 1875000 1460600 1083130 1460600
M2 1083130 1460600 1047130 1496600
Net83 5 
M2 3011360 1714600 2996960 1729000
M2 2996960 1729000 2400000 1729000
M2 2400000 1729000 1875000 1467800
M2 1875000 1467800 1162532 1467800
M2 1162532 1467800 1133732 1496600
Net84 5 
M2 3184570 1714600 3162970 1736200
M2 3162970 1736200 2400000 1736200
M2 2400000 1736200 1875000 1475000
M2 1875000 1475000 1328540 1475000
M2 1328540 1475000 1306940 1496600
Net85 5 
M2 3271170 1714600 3242370 1743400
M2 3242370 1743400 2400000 1743400
M2 2400000 1743400 1875000 1482200
M2 1875000 1482200 1407940 1482200
M2 1407940 1482200 1393540 1496600
Net86 5 
M2 3444372 1714600 3408372 1750600
M2 3408372 1750600 2400000 1750600
M2 2400000 1750600 1875000 1489400
M2 1875000 1489400 1573950 1489400
M2 1573950 1489400 1566750 1496600
