Nets 42
Net0 5 
V1 2697430 2103400 2688790 2112040
V1 2688790 2112040 2400000 2112040
V1 2400000 2112040 1875000 1859480
V1 1875000 1859480 1400000 1859480
V1 1400000 1859480 1382720 1876760
Net1 5 
V1 2853310 2103400 2836030 2120680
V1 2836030 2120680 2400000 2120680
V1 2400000 2120680 1875000 1863800
V1 1875000 1863800 1482280 1863800
V1 1482280 1863800 1469320 1876760
Net2 5 
V1 2931252 2103400 2905332 2129320
V1 2905332 2129320 2400000 2129320
V1 2400000 2129320 1875000 1868120
V1 1875000 1868120 1564560 1868120
V1 1564560 1868120 1555920 1876760
Net3 5 
V1 3087140 2103400 3052580 2137960
V1 3052580 2137960 2400000 2137960
V1 2400000 2137960 1875000 1872440
V1 1875000 1872440 1603540 1872440
V1 1603540 1872440 1599220 1876760
Net6 5 
V1 3554790 2103400 3548618 2097228
V1 3548618 2097228 2400000 2097228
V1 2400000 2097228 1875000 1855160
V1 1875000 1855160 1361017 1855160
V1 1361017 1855160 1339417 1876760
Net7 5 
V1 2736400 2060200 2730227 2066372
V1 2730227 2066372 2400000 2066372
V1 2400000 2066372 1875000 1829240
V1 1875000 1829240 1387040 1829240
V1 1387040 1829240 1382720 1824920
Net8 5 
V1 2814340 2060200 2805700 2051560
V1 2805700 2051560 2400000 2051560
V1 2400000 2051560 1875000 1811960
V1 1875000 1811960 1438980 1811960
V1 1438980 1811960 1426020 1824920
Net9 5 
V1 2892280 2060200 2879936 2072543
V1 2879936 2072543 2400000 2072543
V1 2400000 2072543 1875000 1833560
V1 1875000 1833560 1421650 1833560
V1 1421650 1833560 1404370 1850840
Net10 5 
V1 2970227 2060200 2951712 2078715
V1 2951712 2078715 2400000 2078715
V1 2400000 2078715 1875000 1837880
V1 1875000 1837880 1460630 1837880
V1 1460630 1837880 1447670 1850840
Net11 5 
V1 3048170 2060200 3023483 2084886
V1 3023483 2084886 2400000 2084886
V1 2400000 2084886 1875000 1842200
V1 1875000 1842200 1499610 1842200
V1 1499610 1842200 1490970 1850840
Net12 5 
V1 3204050 2060200 3173192 2091057
V1 3173192 2091057 2400000 2091057
V1 2400000 2091057 1875000 1846520
V1 1875000 1846520 1538590 1846520
V1 1538590 1846520 1534270 1850840
Net17 5 
V1 2697430 2017000 2690230 2009800
V1 2690230 2009800 2400000 2009800
V1 2400000 2009800 1875000 1778264
V1 1875000 1778264 1425106 1778264
V1 1425106 1778264 1404370 1799000
Net18 5 
V1 2775370 2017000 2766730 2025640
V1 2766730 2025640 2400000 2025640
V1 2400000 2025640 1875000 1783448
V1 1875000 1783448 1463222 1783448
V1 1463222 1783448 1447670 1799000
Net19 5 
V1 2931252 2017000 2913972 2034280
V1 2913972 2034280 2400000 2034280
V1 2400000 2034280 1875000 1788632
V1 1875000 1788632 1501338 1788632
V1 1501338 1788632 1490970 1799000
Net20 5 
V1 3087140 2017000 3061220 2042920
V1 3061220 2042920 2400000 2042920
V1 2400000 2042920 1875000 1793816
V1 1875000 1793816 1539454 1793816
V1 1539454 1793816 1534270 1799000
Net22 5 
V1 3243020 2017000 3228620 2002600
V1 3228620 2002600 2400000 2002600
V1 2400000 2002600 1875000 1764440
V1 1875000 1764440 1564560 1764440
V1 1564560 1764440 1555920 1773080
Net26 5 
V1 2736400 1973800 2725600 1963000
V1 2725600 1963000 2400000 1963000
V1 2400000 1963000 1875000 1703960
V1 1875000 1703960 1400000 1703960
V1 1400000 1703960 1382720 1721240
Net27 5 
V1 2814340 1973800 2807140 1981000
V1 2807140 1981000 2400000 1981000
V1 2400000 1981000 1875000 1712600
V1 1875000 1712600 1434660 1712600
V1 1434660 1712600 1426020 1721240
Net28 5 
V1 2892280 1973800 2877880 1988200
V1 2877880 1988200 2400000 1988200
V1 2400000 1988200 1875000 1734200
V1 1875000 1734200 1460630 1734200
V1 1460630 1734200 1447670 1747160
Net30 5 
V1 3126110 1973800 3104510 1995400
V1 3104510 1995400 2400000 1995400
V1 2400000 1995400 1875000 1755800
V1 1875000 1755800 1400000 1755800
V1 1400000 1755800 1382720 1773080
Net36 5 
V1 2697430 1930600 2690230 1923400
V1 2690230 1923400 2400000 1923400
V1 2400000 1923400 1875000 1675880
V1 1875000 1675880 1423810 1675880
V1 1423810 1675880 1404370 1695320
Net39 5 
V1 3087140 1930600 3076340 1941400
V1 3076340 1941400 2400000 1941400
V1 2400000 1941400 1875000 1682360
V1 1875000 1682360 1547230 1682360
V1 1547230 1682360 1534270 1695320
Net40 5 
V1 3243020 1930600 3221420 1952200
V1 3221420 1952200 2400000 1952200
V1 2400000 1952200 1875000 1688840
V1 1875000 1688840 1627350 1688840
V1 1627350 1688840 1620870 1695320
Net45 5 
V1 2892280 1887400 2885080 1894600
V1 2885080 1894600 2400000 1894600
V1 2400000 1894600 1875000 1626200
V1 1875000 1626200 1464950 1626200
V1 1464950 1626200 1447670 1643480
Net46 5 
V1 2970227 1887400 2955827 1901800
V1 2955827 1901800 2400000 1901800
V1 2400000 1901800 1875000 1634840
V1 1875000 1634840 1499610 1634840
V1 1499610 1634840 1490970 1643480
Net47 5 
V1 3048170 1887400 3026570 1909000
V1 3026570 1909000 2400000 1909000
V1 2400000 1909000 1875000 1652120
V1 1875000 1652120 1400000 1652120
V1 1400000 1652120 1382720 1669400
Net51 5 
V1 3515820 1887400 3487020 1916200
V1 3487020 1916200 2400000 1916200
V1 2400000 1916200 1875000 1660760
V1 1875000 1660760 1607860 1660760
V1 1607860 1660760 1599220 1669400
Net52 5 
V1 2697430 1844200 2688790 1852840
V1 2688790 1852840 2400000 1852840
V1 2400000 1852840 1875000 1596824
V1 1875000 1596824 1403456 1596824
V1 1403456 1596824 1382720 1617560
Net53 5 
V1 2775370 1844200 2758090 1861480
V1 2758090 1861480 2400000 1861480
V1 2400000 1861480 1875000 1602008
V1 1875000 1602008 1441572 1602008
V1 1441572 1602008 1426020 1617560
Net54 5 
V1 2931252 1844200 2905332 1870120
V1 2905332 1870120 2400000 1870120
V1 2400000 1870120 1875000 1607192
V1 1875000 1607192 1522988 1607192
V1 1522988 1607192 1512620 1617560
Net56 5 
V1 3165080 1844200 3154280 1833400
V1 3154280 1833400 2400000 1833400
V1 2400000 1833400 1875000 1578680
V1 1875000 1578680 1633830 1578680
V1 1633830 1578680 1620870 1591640
Net58 5 
V1 3320970 1844200 3286410 1878760
V1 3286410 1878760 2400000 1878760
V1 2400000 1878760 1875000 1612376
V1 1875000 1612376 1561104 1612376
V1 1561104 1612376 1555920 1617560
Net63 5 
V1 2892280 1801000 2881480 1811800
V1 2881480 1811800 2400000 1811800
V1 2400000 1811800 1875000 1552760
V1 1875000 1552760 1395680 1552760
V1 1395680 1552760 1382720 1565720
Net66 5 
V1 3126110 1801000 3104510 1822600
V1 3104510 1822600 2400000 1822600
V1 2400000 1822600 1875000 1559240
V1 1875000 1559240 1432500 1559240
V1 1432500 1559240 1426020 1565720
Net75 5 
V1 3087140 1757800 3080967 1763972
V1 3080967 1763972 2400000 1763972
V1 2400000 1763972 1875000 1500920
V1 1875000 1500920 1525580 1500920
V1 1525580 1500920 1512620 1513880
Net76 5 
V1 3243020 1757800 3230676 1770143
V1 3230676 1770143 2400000 1770143
V1 2400000 1770143 1875000 1505240
V1 1875000 1505240 1564560 1505240
V1 1564560 1505240 1555920 1513880
Net77 5 
V1 3320970 1757800 3302455 1776315
V1 3302455 1776315 2400000 1776315
V1 2400000 1776315 1875000 1509560
V1 1875000 1509560 1603540 1509560
V1 1603540 1509560 1599220 1513880
Net78 5 
V1 3398910 1757800 3374223 1782486
V1 3374223 1782486 2400000 1782486
V1 2400000 1782486 1875000 1522520
V1 1875000 1522520 1594850 1522520
V1 1594850 1522520 1577570 1539800
Net79 5 
V1 3476850 1757800 3445992 1788657
V1 3445992 1788657 2400000 1788657
V1 2400000 1788657 1875000 1531160
V1 1875000 1531160 1629510 1531160
V1 1629510 1531160 1620870 1539800
Net80 5 
V1 3554790 1757800 3517761 1794828
V1 3517761 1794828 2400000 1794828
V1 2400000 1794828 1875000 1546280
V1 1875000 1546280 1358857 1546280
V1 1358857 1546280 1339417 1565720
Net81 5 
V1 2736400 1714600 2722000 1729000
V1 2722000 1729000 2400000 1729000
V1 2400000 1729000 1875000 1492280
V1 1875000 1492280 1404320 1492280
V1 1404320 1492280 1382720 1513880
Net82 5 
V1 2892280 1714600 2863480 1743400
V1 2863480 1743400 2400000 1743400
V1 2400000 1743400 1875000 1496600
V1 1875000 1496600 1443300 1496600
V1 1443300 1496600 1426020 1513880
