Nets 40
Net0 5 
V1 2654130 2112040 2648946 2117224
V1 2648946 2117224 2400000 2117224
V1 2400000 2117224 1875000 1850840
V1 1875000 1850840 865187 1850840
V1 865187 1850840 830627 1885400
Net1 5 
V1 2740730 2112040 2730362 2122408
V1 2730362 2122408 2400000 2122408
V1 2400000 2122408 1875000 1859480
V1 1875000 1859480 1029750 1859480
V1 1029750 1859480 1003830 1885400
Net2 5 
V1 2827330 2112040 2811778 2127592
V1 2811778 2127592 2400000 2127592
V1 2400000 2127592 1875000 1868120
V1 1875000 1868120 1107710 1868120
V1 1107710 1868120 1090430 1885400
Net3 5 
V1 2870630 2112040 2849894 2132776
V1 2849894 2132776 2400000 2132776
V1 2400000 2132776 1875000 1876760
V1 1875000 1876760 1272280 1876760
V1 1272280 1876760 1263640 1885400
Net4 5 
V1 2675780 2086120 2670596 2091304
V1 2670596 2091304 2400000 2091304
V1 2400000 2091304 1875000 1823000
V1 1875000 1823000 893130 1823000
V1 893130 1823000 873930 1842200
Net5 5 
V1 2719080 2086120 2708712 2096488
V1 2708712 2096488 2400000 2096488
V1 2400000 2096488 1875000 1827800
V1 1875000 1827800 974930 1827800
V1 974930 1827800 960530 1842200
Net6 5 
V1 2762380 2086120 2746828 2101672
V1 2746828 2101672 2400000 2101672
V1 2400000 2101672 1875000 1832600
V1 1875000 1832600 1143332 1832600
V1 1143332 1832600 1133732 1842200
Net7 5 
V1 2805680 2086120 2784944 2106856
V1 2784944 2106856 2400000 2106856
V1 2400000 2106856 1875000 1837400
V1 1875000 1837400 1311740 1837400
V1 1311740 1837400 1306940 1842200
Net11 5 
V1 2654130 2060200 2645490 2068840
V1 2645490 2068840 2400000 2068840
V1 2400000 2068840 1875000 1813400
V1 1875000 1813400 729520 1813400
V1 729520 1813400 700720 1842200
Net12 5 
V1 2697430 2060200 2680150 2077480
V1 2680150 2077480 2400000 2077480
V1 2400000 2077480 1875000 1818200
V1 1875000 1818200 811322 1818200
V1 811322 1818200 787322 1842200
Net17 5 
V1 2719080 2034280 2706120 2047240
V1 2706120 2047240 2400000 2047240
V1 2400000 2047240 1875000 1808600
V1 1875000 1808600 840227 1808600
V1 840227 1808600 830627 1799000
Net20 5 
V1 2892280 2034280 2887960 2029960
V1 2887960 2029960 2400000 2029960
V1 2400000 2029960 1875000 1803800
V1 1875000 1803800 1355040 1803800
V1 1355040 1803800 1350240 1799000
Net22 5 
V1 2654130 2008360 2649810 2012680
V1 2649810 2012680 2400000 2012680
V1 2400000 2012680 1875000 1743456
V1 1875000 1743456 1059473 1743456
V1 1059473 1743456 1047130 1755800
Net23 5 
V1 2740730 2008360 2732090 2017000
V1 2732090 2017000 2400000 2017000
V1 2400000 2017000 1875000 1749627
V1 1875000 1749627 1139905 1749627
V1 1139905 1749627 1133732 1755800
Net25 5 
V1 2827330 2008360 2814370 2021320
V1 2814370 2021320 2400000 2021320
V1 2400000 2021320 1875000 1770200
V1 1875000 1770200 1292440 1770200
V1 1292440 1770200 1263640 1799000
Net26 5 
V1 2870630 2008360 2853350 2025640
V1 2853350 2025640 2400000 2025640
V1 2400000 2025640 1875000 1784600
V1 1875000 1784600 1537847 1784600
V1 1537847 1784600 1523447 1799000
Net28 5 
V1 2719080 1982440 2706120 1995400
V1 2706120 1995400 2400000 1995400
V1 2400000 1995400 1875000 1737285
V1 1875000 1737285 892445 1737285
V1 892445 1737285 873930 1755800
Net34 5 
V1 2697430 1956520 2684470 1969480
V1 2684470 1969480 2400000 1969480
V1 2400000 1969480 1875000 1731113
V1 1875000 1731113 812008 1731113
V1 812008 1731113 787322 1755800
Net36 5 
V1 2784030 1956520 2779710 1952200
V1 2779710 1952200 2400000 1952200
V1 2400000 1952200 1875000 1724942
V1 1875000 1724942 1275982 1724942
V1 1275982 1724942 1263640 1712600
Net37 5 
V1 2827330 1956520 2818690 1947880
V1 2818690 1947880 2400000 1947880
V1 2400000 1947880 1875000 1718771
V1 1875000 1718771 1356411 1718771
V1 1356411 1718771 1350240 1712600
Net38 5 
V1 2870630 1956520 2857670 1943560
V1 2857670 1943560 2400000 1943560
V1 2400000 1943560 1875000 1705400
V1 1875000 1705400 1444040 1705400
V1 1444040 1705400 1436840 1712600
Net40 5 
V1 2762380 1930600 2757196 1925416
V1 2757196 1925416 2400000 1925416
V1 2400000 1925416 1875000 1683800
V1 1875000 1683800 946030 1683800
V1 946030 1683800 917230 1712600
Net41 5 
V1 2805680 1930600 2801360 1934920
V1 2801360 1934920 2400000 1934920
V1 2400000 1934920 1875000 1691000
V1 1875000 1691000 1025430 1691000
V1 1025430 1691000 1003830 1712600
Net42 5 
V1 2892280 1930600 2883640 1939240
V1 2883640 1939240 2400000 1939240
V1 2400000 1939240 1875000 1698200
V1 1875000 1698200 1191437 1698200
V1 1191437 1698200 1177037 1712600
Net45 5 
V1 2740730 1904680 2735546 1909864
V1 2735546 1909864 2400000 1909864
V1 2400000 1909864 1875000 1647800
V1 1875000 1647800 1155332 1647800
V1 1155332 1647800 1133732 1669400
Net46 5 
V1 2784030 1904680 2773662 1915048
V1 2773662 1915048 2400000 1915048
V1 2400000 1915048 1875000 1658600
V1 1875000 1658600 1317740 1658600
V1 1317740 1658600 1306940 1669400
Net47 5 
V1 2870630 1904680 2855078 1920232
V1 2855078 1920232 2400000 1920232
V1 2400000 1920232 1875000 1676600
V1 1875000 1676600 1573950 1676600
V1 1573950 1676600 1566750 1669400
Net53 5 
V1 2892280 1878760 2879320 1891720
V1 2879320 1891720 2400000 1891720
V1 2400000 1891720 1875000 1637000
V1 1875000 1637000 1534247 1637000
V1 1534247 1637000 1523447 1626200
Net54 5 
V1 2935582 1878760 2922622 1865800
V1 2922622 1865800 2400000 1865800
V1 2400000 1865800 1875000 1604600
V1 1875000 1604600 592420 1604600
V1 592420 1604600 570820 1626200
Net60 5 
V1 2675780 1826920 2669300 1833400
V1 2669300 1833400 2400000 1833400
V1 2400000 1833400 1875000 1566800
V1 1875000 1566800 716920 1566800
V1 716920 1566800 700720 1583000
Net61 5 
V1 2719080 1826920 2706120 1839880
V1 2706120 1839880 2400000 1839880
V1 2400000 1839880 1875000 1572200
V1 1875000 1572200 971330 1572200
V1 971330 1572200 960530 1583000
Net62 5 
V1 2762380 1826920 2742940 1846360
V1 2742940 1846360 2400000 1846360
V1 2400000 1846360 1875000 1577600
V1 1875000 1577600 1052530 1577600
V1 1052530 1577600 1047130 1583000
Net72 5 
V1 2719080 1775080 2706120 1788040
V1 2706120 1788040 2400000 1788040
V1 2400000 1788040 1875000 1561400
V1 1875000 1561400 852227 1561400
V1 852227 1561400 830627 1539800
Net73 5 
V1 2762380 1775080 2758060 1770760
V1 2758060 1770760 2400000 1770760
V1 2400000 1770760 1875000 1556000
V1 1875000 1556000 933430 1556000
V1 933430 1556000 917230 1539800
Net74 5 
V1 2848980 1775080 2840340 1766440
V1 2840340 1766440 2400000 1766440
V1 2400000 1766440 1875000 1550600
V1 1875000 1550600 1447640 1550600
V1 1447640 1550600 1436840 1539800
Net75 5 
V1 2892280 1775080 2879320 1762120
V1 2879320 1762120 2400000 1762120
V1 2400000 1762120 1875000 1545200
V1 1875000 1545200 1528847 1545200
V1 1528847 1545200 1523447 1539800
Net76 5 
V1 2935582 1775080 2918302 1757800
V1 2918302 1757800 2400000 1757800
V1 2400000 1757800 1875000 1525400
V1 1875000 1525400 585220 1525400
V1 585220 1525400 570820 1539800
Net77 5 
V1 2654130 1749160 2645490 1740520
V1 2645490 1740520 2400000 1740520
V1 2400000 1740520 1875000 1482200
V1 1875000 1482200 888330 1482200
V1 888330 1482200 873930 1496600
Net78 5 
V1 2697430 1749160 2693110 1753480
V1 2693110 1753480 2400000 1753480
V1 2400000 1753480 1875000 1511000
V1 1875000 1511000 1061530 1511000
V1 1061530 1511000 1047130 1496600
Net87 5 
V1 2935582 1723240 2926942 1731880
V1 2926942 1731880 2400000 1731880
V1 2400000 1731880 1875000 1467800
V1 1875000 1467800 642920 1467800
V1 642920 1467800 614120 1496600
