Nets 22
Net12 5 
V2 3052500 2041687 3043242 2050945
V2 3043242 2050945 2400000 2050945
V2 2400000 2050945 1875000 1830104
V2 1875000 1830104 1360153 1830104
V2 1360153 1830104 1339417 1850840
Net13 5 
V2 3147760 2041687 3129245 2060202
V2 3129245 2060202 2400000 2060202
V2 2400000 2060202 1875000 1835288
V2 1875000 1835288 1408662 1835288
V2 1408662 1835288 1393110 1850840
Net14 5 
V2 3243020 2041687 3215248 2069459
V2 3215248 2069459 2400000 2069459
V2 2400000 2069459 1875000 1840472
V2 1875000 1840472 1457168 1840472
V2 1457168 1840472 1446800 1850840
Net15 5 
V2 3338290 2041687 3301261 2078716
V2 3301261 2078716 2400000 2078716
V2 2400000 2078716 1875000 1845656
V2 1875000 1845656 1505681 1845656
V2 1505681 1845656 1500497 1850840
Net19 5 
V2 3719340 2041687 3708231 2030579
V2 3708231 2030579 2400000 2030579
V2 2400000 2030579 1875000 1793816
V2 1875000 1793816 1613064 1793816
V2 1613064 1793816 1607880 1799000
Net22 5 
V2 4005130 2041687 3958844 2087973
V2 3958844 2087973 2400000 2087973
V2 2400000 2087973 1875000 1863800
V2 1875000 1863800 1271832 1863800
V2 1271832 1863800 1258872 1876760
Net23 5 
V2 2814340 1986140 2803226 1997253
V2 2803226 1997253 2400000 1997253
V2 2400000 1997253 1875000 1778264
V2 1875000 1778264 1360153 1778264
V2 1360153 1778264 1339417 1799000
Net24 5 
V2 2909602 1986140 2887380 2008362
V2 2887380 2008362 2400000 2008362
V2 2400000 2008362 1875000 1783448
V2 1875000 1783448 1408662 1783448
V2 1408662 1783448 1393110 1799000
Net25 5 
V2 3004870 1986140 2971539 2019470
V2 2971539 2019470 2400000 2019470
V2 2400000 2019470 1875000 1788632
V2 1875000 1788632 1457168 1788632
V2 1457168 1788632 1446800 1799000
Net28 5 
V2 3385920 1986140 3367406 1967626
V2 3367406 1967626 2400000 1967626
V2 2400000 1967626 1875000 1760120
V2 1875000 1760120 1352377 1760120
V2 1352377 1760120 1339417 1747160
Net36 5 
V2 3052500 1930600 3033988 1949112
V2 3033988 1949112 2400000 1949112
V2 2400000 1949112 1875000 1708280
V2 1875000 1708280 1432917 1708280
V2 1432917 1708280 1419957 1721240
Net58 5 
V2 3338290 1819512 3324399 1833403
V2 3324399 1833403 2400000 1833403
V2 2400000 1833403 1875000 1612376
V2 1875000 1612376 1586224 1612376
V2 1586224 1612376 1581040 1617560
Net60 5 
V2 3528810 1819512 3501033 1847289
V2 3501033 1847289 2400000 1847289
V2 2400000 1847289 1875000 1652120
V2 1875000 1652120 1562830 1652120
V2 1562830 1652120 1554190 1643480
Net64 5 
V2 4005130 1819512 3963468 1861174
V2 3963468 1861174 2400000 1861174
V2 2400000 1861174 1875000 1660760
V2 1875000 1660760 1267512 1660760
V2 1267512 1660760 1258872 1669400
Net65 5 
V2 2719080 1763970 2691308 1791741
V2 2691308 1791741 2400000 1791741
V2 2400000 1791741 1875000 1607192
V2 1875000 1607192 1322938 1607192
V2 1322938 1607192 1312570 1617560
Net66 5 
V2 2814340 1763970 2807397 1757027
V2 2807397 1757027 2400000 1757027
V2 2400000 1757027 1875000 1602008
V2 1875000 1602008 1349785 1602008
V2 1349785 1602008 1339417 1591640
Net68 5 
V2 3004870 1763970 2990984 1750084
V2 2990984 1750084 2400000 1750084
V2 2400000 1750084 1875000 1596824
V2 1875000 1596824 1398294 1596824
V2 1398294 1596824 1393110 1591640
Net69 5 
V2 3100130 1763970 3079301 1743141
V2 3079301 1743141 2400000 1743141
V2 2400000 1743141 1875000 1578680
V2 1875000 1578680 1459760 1578680
V2 1459760 1578680 1446800 1591640
Net78 5 
V2 2766710 1708430 2759769 1715370
V2 2759769 1715370 2400000 1715370
V2 2400000 1715370 1875000 1520360
V2 1875000 1520360 1305160 1520360
V2 1305160 1520360 1285720 1539800
Net79 5 
V2 2861970 1708430 2848086 1722313
V2 2848086 1722313 2400000 1722313
V2 2400000 1722313 1875000 1526840
V2 1875000 1526840 1406070 1526840
V2 1406070 1526840 1393110 1539800
Net80 5 
V2 3052500 1708430 3031673 1729256
V2 3031673 1729256 2400000 1729256
V2 2400000 1729256 1875000 1533320
V2 1875000 1533320 1453280 1533320
V2 1453280 1533320 1446800 1539800
Net87 5 
V2 4005130 1708430 3977361 1736199
V2 3977361 1736199 2400000 1736199
V2 2400000 1736199 1875000 1552760
V2 1875000 1552760 1271832 1552760
V2 1271832 1552760 1258872 1565720
