Nets 40
Net0 5 
V1 2697430 2103400 2691257 2109572
V1 2691257 2109572 2400000 2109572
V1 2400000 2109572 1875000 1856600
V1 1875000 1856600 1062077 1856600
V1 1062077 1856600 1033277 1885400
Net1 5 
V1 2853310 2103400 2840966 2115743
V1 2840966 2115743 2400000 2115743
V1 2400000 2115743 1875000 1861400
V1 1875000 1861400 1188910 1861400
V1 1188910 1861400 1164910 1885400
Net2 5 
V1 2931252 2103400 2912737 2121915
V1 2912737 2121915 2400000 2121915
V1 2400000 2121915 1875000 1866200
V1 1875000 1866200 1249930 1866200
V1 1249930 1866200 1230730 1885400
Net3 5 
V1 3087140 2103400 3062453 2128086
V1 3062453 2128086 2400000 2128086
V1 2400000 2128086 1875000 1871000
V1 1875000 1871000 1376762 1871000
V1 1376762 1871000 1362362 1885400
Net4 5 
V1 3165080 2103400 3134222 2134257
V1 3134222 2134257 2400000 2134257
V1 2400000 2134257 1875000 1875800
V1 1875000 1875800 1437780 1875800
V1 1437780 1875800 1428180 1885400
Net5 5 
V1 3320970 2103400 3283941 2140428
V1 3283941 2140428 2400000 2140428
V1 2400000 2140428 1875000 1880600
V1 1875000 1880600 1564620 1880600
V1 1564620 1880600 1559820 1885400
Net7 5 
V1 2736400 2060200 2722000 2074600
V1 2722000 2074600 2400000 2074600
V1 2400000 2074600 1875000 1847000
V1 1875000 1847000 939350 1847000
V1 939350 1847000 934550 1842200
Net8 5 
V1 2814340 2060200 2799940 2045800
V1 2799940 2045800 2400000 2045800
V1 2400000 2045800 1875000 1827800
V1 1875000 1827800 1014770 1827800
V1 1014770 1827800 1000370 1842200
Net16 5 
V1 3593762 2060200 3564962 2089000
V1 3564962 2089000 2400000 2089000
V1 2400000 2089000 1875000 1851800
V1 1875000 1851800 878330 1851800
V1 878330 1851800 868730 1842200
Net17 5 
V1 2697430 2017000 2688790 2008360
V1 2688790 2008360 2400000 2008360
V1 2400000 2008360 1875000 1790360
V1 1875000 1790360 976100 1790360
V1 976100 1790360 967460 1799000
Net18 5 
V1 2775370 2017000 2760970 2031400
V1 2760970 2031400 2400000 2031400
V1 2400000 2031400 1875000 1813400
V1 1875000 1813400 1047677 1813400
V1 1047677 1813400 1033277 1799000
Net25 5 
V1 3554790 2017000 3537510 1999720
V1 3537510 1999720 2400000 1999720
V1 2400000 1999720 1875000 1781720
V1 1875000 1781720 853100 1781720
V1 853100 1781720 835820 1799000
Net26 5 
V1 2736400 1973800 2727760 1982440
V1 2727760 1982440 2400000 1982440
V1 2400000 1982440 1875000 1764440
V1 1875000 1764440 943190 1764440
V1 943190 1764440 934550 1755800
Net27 5 
V1 2814340 1973800 2799940 1959400
V1 2799940 1959400 2400000 1959400
V1 2400000 1959400 1875000 1741400
V1 1875000 1741400 1014770 1741400
V1 1014770 1741400 1000370 1755800
Net35 5 
V1 3593762 1973800 3576482 1991080
V1 3576482 1991080 2400000 1991080
V1 2400000 1991080 1875000 1773080
V1 1875000 1773080 886010 1773080
V1 886010 1773080 868730 1755800
Net36 5 
V1 2697430 1930600 2692630 1925800
V1 2692630 1925800 2400000 1925800
V1 2400000 1925800 1875000 1691000
V1 1875000 1691000 923240 1691000
V1 923240 1691000 901640 1712600
Net37 5 
V1 2775370 1930600 2760970 1945000
V1 2760970 1945000 2400000 1945000
V1 2400000 1945000 1875000 1727000
V1 1875000 1727000 1047677 1727000
V1 1047677 1727000 1033277 1712600
Net44 5 
V1 2814340 1887400 2809540 1882600
V1 2809540 1882600 2400000 1882600
V1 2400000 1882600 1875000 1631000
V1 1875000 1631000 972950 1631000
V1 972950 1631000 934550 1669400
Net45 5 
V1 2892280 1887400 2887480 1892200
V1 2887480 1892200 2400000 1892200
V1 2400000 1892200 1875000 1635800
V1 1875000 1635800 1033970 1635800
V1 1033970 1635800 1000370 1669400
Net46 5 
V1 2970227 1887400 2960627 1897000
V1 2960627 1897000 2400000 1897000
V1 2400000 1897000 1875000 1640600
V1 1875000 1640600 1094982 1640600
V1 1094982 1640600 1066182 1669400
Net47 5 
V1 3048170 1887400 3033770 1901800
V1 3033770 1901800 2400000 1901800
V1 2400000 1901800 1875000 1645400
V1 1875000 1645400 1156000 1645400
V1 1156000 1645400 1132000 1669400
Net48 5 
V1 3204050 1887400 3184850 1906600
V1 3184850 1906600 2400000 1906600
V1 2400000 1906600 1875000 1650200
V1 1875000 1650200 1282840 1650200
V1 1282840 1650200 1263640 1669400
Net49 5 
V1 3281997 1887400 3257997 1911400
V1 3257997 1911400 2400000 1911400
V1 2400000 1911400 1875000 1655000
V1 1875000 1655000 1409670 1655000
V1 1409670 1655000 1395270 1669400
Net50 5 
V1 3359940 1887400 3331140 1916200
V1 3331140 1916200 2400000 1916200
V1 2400000 1916200 1875000 1659800
V1 1875000 1659800 1536510 1659800
V1 1536510 1659800 1526910 1669400
Net51 5 
V1 3515820 1887400 3482220 1921000
V1 3482220 1921000 2400000 1921000
V1 2400000 1921000 1875000 1664600
V1 1875000 1664600 1597530 1664600
V1 1597530 1664600 1592730 1669400
Net52 5 
V1 2697430 1844200 2692630 1849000
V1 2692630 1849000 2400000 1849000
V1 2400000 1849000 1875000 1595960
V1 1875000 1595960 931880 1595960
V1 931880 1595960 901640 1626200
Net53 5 
V1 2775370 1844200 2765770 1853800
V1 2765770 1853800 2400000 1853800
V1 2400000 1853800 1875000 1600280
V1 1875000 1600280 993380 1600280
V1 993380 1600280 967460 1626200
Net54 5 
V1 2931252 1844200 2916852 1858600
V1 2916852 1858600 2400000 1858600
V1 2400000 1858600 1875000 1604600
V1 1875000 1604600 1120690 1604600
V1 1120690 1604600 1099090 1626200
Net57 5 
V1 3243020 1844200 3223820 1863400
V1 3223820 1863400 2400000 1863400
V1 2400000 1863400 1875000 1608920
V1 1875000 1608920 1379642 1608920
V1 1379642 1608920 1362362 1626200
Net58 5 
V1 3320970 1844200 3296970 1868200
V1 3296970 1868200 2400000 1868200
V1 2400000 1868200 1875000 1613240
V1 1875000 1613240 1441140 1613240
V1 1441140 1613240 1428180 1626200
Net59 5 
V1 3398910 1844200 3370110 1873000
V1 3370110 1873000 2400000 1873000
V1 2400000 1873000 1875000 1617560
V1 1875000 1617560 1502640 1617560
V1 1502640 1617560 1494000 1626200
Net60 5 
V1 3476850 1844200 3443250 1877800
V1 3443250 1877800 2400000 1877800
V1 2400000 1877800 1875000 1621880
V1 1875000 1621880 1564140 1621880
V1 1564140 1621880 1559820 1626200
Net62 5 
V1 2736400 1801000 2722000 1815400
V1 2722000 1815400 2400000 1815400
V1 2400000 1815400 1875000 1587320
V1 1875000 1587320 938870 1587320
V1 938870 1587320 934550 1583000
Net63 5 
V1 2892280 1801000 2877880 1786600
V1 2877880 1786600 2400000 1786600
V1 2400000 1786600 1875000 1568600
V1 1875000 1568600 1014770 1568600
V1 1014770 1568600 1000370 1583000
Net70 5 
V1 3593762 1801000 3564962 1829800
V1 3564962 1829800 2400000 1829800
V1 2400000 1829800 1875000 1591640
V1 1875000 1591640 877370 1591640
V1 877370 1591640 868730 1583000
Net71 5 
V1 2697430 1757800 2688790 1749160
V1 2688790 1749160 2400000 1749160
V1 2400000 1749160 1875000 1531160
V1 1875000 1531160 976100 1531160
V1 976100 1531160 967460 1539800
Net72 5 
V1 2775370 1757800 2760970 1772200
V1 2760970 1772200 2400000 1772200
V1 2400000 1772200 1875000 1554200
V1 1875000 1554200 1047677 1554200
V1 1047677 1554200 1033277 1539800
Net80 5 
V1 3554790 1757800 3537510 1740520
V1 3537510 1740520 2400000 1740520
V1 2400000 1740520 1875000 1522520
V1 1875000 1522520 853100 1522520
V1 853100 1522520 835820 1539800
Net81 5 
V1 2736400 1714600 2727760 1723240
V1 2727760 1723240 2400000 1723240
V1 2400000 1723240 1875000 1505240
V1 1875000 1505240 1074822 1505240
V1 1074822 1505240 1066182 1496600
Net87 5 
V1 3593762 1714600 3576482 1731880
V1 3576482 1731880 2400000 1731880
V1 2400000 1731880 1875000 1513880
V1 1875000 1513880 886010 1513880
V1 886010 1513880 868730 1496600
