Nets 20
Net5 5 
V2 3320970 2103400 3299370 2125000
V2 3299370 2125000 2400000 2125000
V2 2400000 2125000 1875000 1837880
V2 1875000 1837880 1607850 1837880
V2 1607850 1837880 1594890 1850840
Net13 5 
V2 3281997 2060200 3260397 2081800
V2 3260397 2081800 2400000 2081800
V2 2400000 2081800 1875000 1811960
V2 1875000 1811960 1447640 1811960
V2 1447640 1811960 1434680 1824920
Net23 5 
V2 3398910 2017000 3377310 2038600
V2 3377310 2038600 2400000 2038600
V2 2400000 2038600 1875000 1786040
V2 1875000 1786040 1607850 1786040
V2 1607850 1786040 1594890 1799000
Net31 5 
V2 3204050 1973800 3182450 1995400
V2 3182450 1995400 2400000 1995400
V2 2400000 1995400 1875000 1760120
V2 1875000 1760120 1383550 1760120
V2 1383550 1760120 1370590 1773080
Net32 5 
V2 3281997 1973800 3271197 1963000
V2 3271197 1963000 2400000 1963000
V2 2400000 1963000 1875000 1734200
V2 1875000 1734200 1415597 1734200
V2 1415597 1734200 1402637 1747160
Net35 5 
V2 3593762 1973800 3572162 1952200
V2 3572162 1952200 2400000 1952200
V2 2400000 1952200 1875000 1708280
V2 1875000 1708280 1191292 1708280
V2 1191292 1708280 1178332 1721240
Net38 5 
V2 2931252 1930600 2920452 1941400
V2 2920452 1941400 2400000 1941400
V2 2400000 1941400 1875000 1682360
V2 1875000 1682360 1415597 1682360
V2 1415597 1682360 1402637 1695320
Net48 5 
V2 3204050 1887400 3189650 1901800
V2 3189650 1901800 2400000 1901800
V2 2400000 1901800 1875000 1656440
V2 1875000 1656440 1383550 1656440
V2 1383550 1656440 1370590 1669400
Net49 5 
V2 3281997 1887400 3253197 1916200
V2 3253197 1916200 2400000 1916200
V2 2400000 1916200 1875000 1662920
V2 1875000 1662920 1441160 1662920
V2 1441160 1662920 1434680 1669400
Net55 5 
V2 3087140 1844200 3078500 1852840
V2 3078500 1852840 2400000 1852840
V2 2400000 1852840 1875000 1586456
V2 1875000 1586456 1471904 1586456
V2 1471904 1586456 1466720 1591640
Net59 5 
V2 3398910 1844200 3381630 1861480
V2 3381630 1861480 2400000 1861480
V2 2400000 1861480 1875000 1626200
V2 1875000 1626200 1548090 1626200
V2 1548090 1626200 1530810 1643480
Net60 5 
V2 3476850 1844200 3450930 1870120
V2 3450930 1870120 2400000 1870120
V2 2400000 1870120 1875000 1634840
V2 1875000 1634840 1603530 1634840
V2 1603530 1634840 1594890 1643480
Net61 5 
V2 3554790 1844200 3520230 1878760
V2 3520230 1878760 2400000 1878760
V2 2400000 1878760 1875000 1649960
V2 1875000 1649960 1197772 1649960
V2 1197772 1649960 1178332 1669400
Net62 5 
V2 2736400 1801000 2725600 1811800
V2 2725600 1811800 2400000 1811800
V2 2400000 1811800 1875000 1570904
V2 1875000 1570904 1295196 1570904
V2 1295196 1570904 1274460 1591640
Net64 5 
V2 2970227 1801000 2948627 1822600
V2 2948627 1822600 2400000 1822600
V2 2400000 1822600 1875000 1576088
V2 1875000 1576088 1354102 1576088
V2 1354102 1576088 1338550 1591640
Net65 5 
V2 3048170 1801000 3015770 1833400
V2 3015770 1833400 2400000 1833400
V2 2400000 1833400 1875000 1581272
V2 1875000 1581272 1413005 1581272
V2 1413005 1581272 1402637 1591640
Net71 5 
V2 2697430 1757800 2686630 1768600
V2 2686630 1768600 2400000 1768600
V2 2400000 1768600 1875000 1520360
V2 1875000 1520360 1229820 1520360
V2 1229820 1520360 1210380 1539800
Net72 5 
V2 2775370 1757800 2753770 1779400
V2 2753770 1779400 2400000 1779400
V2 2400000 1779400 1875000 1526840
V2 1875000 1526840 1351510 1526840
V2 1351510 1526840 1338550 1539800
Net73 5 
V2 2853310 1757800 2820910 1790200
V2 2820910 1790200 2400000 1790200
V2 2400000 1790200 1875000 1533320
V2 1875000 1533320 1409117 1533320
V2 1409117 1533320 1402637 1539800
Net83 5 
V2 2970227 1714600 2948627 1736200
V2 2948627 1736200 2400000 1736200
V2 2400000 1736200 1875000 1475000
V2 1875000 1475000 1287420 1475000
V2 1287420 1475000 1274460 1487960
