Nets 15
Net24 5 
M3 2784030 2008360 2771070 2021320
M3 2771070 2021320 2400000 2021320
M3 2400000 2021320 1875000 1877686
M3 1875000 1877686 1252896 1877686
M3 1252896 1877686 1211240 1836030
Net25 5 
M3 2827330 2008360 2820850 2001880
M3 2820850 2001880 2400000 2001880
M3 2400000 2001880 1875000 1863801
M3 1875000 1863801 1327351 1863801
M3 1327351 1863801 1299580 1836030
Net26 5 
M3 2870630 2008360 2857670 1995400
M3 2857670 1995400 2400000 1995400
M3 2400000 1995400 1875000 1849915
M3 1875000 1849915 1490135 1849915
M3 1490135 1849915 1476250 1836030
Net31 5 
M3 2892280 1982440 2885800 1988920
M3 2885800 1988920 2400000 1988920
M3 2400000 1988920 1875000 1808258
M3 1875000 1808258 1592351 1808258
M3 1592351 1808258 1564580 1836030
Net43 5 
M3 2935582 1930600 2922622 1943560
M3 2922622 1943560 2400000 1943560
M3 2400000 1943560 1875000 1752711
M3 1875000 1752711 399838 1752711
M3 399838 1752711 372062 1780487
Net67 5 
M3 2740730 1801000 2735546 1806184
M3 2735546 1806184 2400000 1806184
M3 2400000 1806184 1875000 1569421
M3 1875000 1569421 913178 1569421
M3 913178 1569421 902070 1558312
Net68 5 
M3 2784030 1801000 2773662 1811368
M3 2773662 1811368 2400000 1811368
M3 2400000 1811368 1875000 1580529
M3 1875000 1580529 1332910 1580529
M3 1332910 1580529 1299580 1613860
Net69 5 
M3 2827330 1801000 2811778 1816552
M3 2811778 1816552 2400000 1816552
M3 2400000 1816552 1875000 1591638
M3 1875000 1591638 1410132 1591638
M3 1410132 1591638 1387910 1613860
Net70 5 
M3 2870630 1801000 2849894 1821736
M3 2849894 1821736 2400000 1821736
M3 2400000 1821736 1875000 1602746
M3 1875000 1602746 1487363 1602746
M3 1487363 1602746 1476250 1613860
Net75 5 
M3 2892280 1775080 2879320 1788040
M3 2879320 1788040 2400000 1788040
M3 2400000 1788040 1875000 1550377
M3 1875000 1550377 1528348 1550377
M3 1528348 1550377 1520412 1558312
Net79 5 
M3 2740730 1749160 2735546 1754344
M3 2735546 1754344 2400000 1754344
M3 2400000 1754344 1875000 1518639
M3 1875000 1518639 1030083 1518639
M3 1030083 1518639 990410 1558312
Net80 5 
M3 2784030 1749160 2773662 1759528
M3 2773662 1759528 2400000 1759528
M3 2400000 1759528 1875000 1526573
M3 1875000 1526573 1110479 1526573
M3 1110479 1526573 1078740 1558312
Net81 5 
M3 2827330 1749160 2811778 1764712
M3 2811778 1764712 2400000 1764712
M3 2400000 1764712 1875000 1534508
M3 1875000 1534508 1190884 1534508
M3 1190884 1534508 1167080 1558312
Net82 5 
M3 2870630 1749160 2849894 1769896
M3 2849894 1769896 2400000 1769896
M3 2400000 1769896 1875000 1542442
M3 1875000 1542442 1271280 1542442
M3 1271280 1542442 1255410 1558312
Net87 5 
M3 2935582 1723240 2922622 1736200
M3 2922622 1736200 2400000 1736200
M3 2400000 1736200 1875000 1510704
M3 1875000 1510704 419670 1510704
M3 419670 1510704 372062 1558312
