Nets 26
Net4 5 
M2 3165080 2103400 3143480 2125000
M2 3143480 2125000 2400000 2125000
M2 2400000 2125000 1875000 1842200
M2 1875000 1842200 1562830 1842200
M2 1562830 1842200 1554190 1850840
Net14 5 
M2 3359940 2060200 3349140 2071000
M2 3349140 2071000 2400000 2071000
M2 2400000 2071000 1875000 1807640
M2 1875000 1807640 1544620 1807640
M2 1544620 1807640 1527340 1824920
Net15 5 
M2 3437880 2060200 3416280 2081800
M2 3416280 2081800 2400000 2081800
M2 2400000 2081800 1875000 1816280
M2 1875000 1816280 1589680 1816280
M2 1589680 1816280 1581040 1824920
Net16 5 
M2 3593762 2060200 3561362 2092600
M2 3561362 2092600 2400000 2092600
M2 2400000 2092600 1875000 1833560
M2 1875000 1833560 1267512 1833560
M2 1267512 1833560 1258872 1824920
Net21 5 
M2 3165080 2017000 3150680 2031400
M2 3150680 2031400 2400000 2031400
M2 2400000 2031400 1875000 1760120
M2 1875000 1760120 1486610 1760120
M2 1486610 1760120 1473650 1773080
Net24 5 
M2 3476850 2017000 3448050 2045800
M2 3448050 2045800 2400000 2045800
M2 2400000 2045800 1875000 1766600
M2 1875000 1766600 1587520 1766600
M2 1587520 1766600 1581040 1773080
Net25 5 
M2 3554790 2017000 3546150 2008360
M2 3546150 2008360 2400000 2008360
M2 2400000 2008360 1875000 1753640
M2 1875000 1753640 1278312 1753640
M2 1278312 1753640 1258872 1773080
Net29 5 
M2 2970227 1973800 2961587 1982440
M2 2961587 1982440 2400000 1982440
M2 2400000 1982440 1875000 1727720
M2 1875000 1727720 1358857 1727720
M2 1358857 1727720 1339417 1747160
Net33 5 
M2 3437880 1973800 3420600 1991080
M2 3420600 1991080 2400000 1991080
M2 2400000 1991080 1875000 1734200
M2 1875000 1734200 1567150 1734200
M2 1567150 1734200 1554190 1747160
Net34 5 
M2 3515820 1973800 3489900 1999720
M2 3489900 1999720 2400000 1999720
M2 2400000 1999720 1875000 1740680
M2 1875000 1740680 1614360 1740680
M2 1614360 1740680 1607880 1747160
Net37 5 
M2 2775370 1930600 2766730 1939240
M2 2766730 1939240 2400000 1939240
M2 2400000 1939240 1875000 1700504
M2 1875000 1700504 1440693 1700504
M2 1440693 1700504 1419957 1721240
Net41 5 
M2 3320970 1930600 3303690 1947880
M2 3303690 1947880 2400000 1947880
M2 2400000 1947880 1875000 1705688
M2 1875000 1705688 1489202 1705688
M2 1489202 1705688 1473650 1721240
Net42 5 
M2 3398910 1930600 3372990 1956520
M2 3372990 1956520 2400000 1956520
M2 2400000 1956520 1875000 1710872
M2 1875000 1710872 1537708 1710872
M2 1537708 1710872 1527340 1721240
Net43 5 
M2 3476850 1930600 3442290 1965160
M2 3442290 1965160 2400000 1965160
M2 2400000 1965160 1875000 1716056
M2 1875000 1716056 1586224 1716056
M2 1586224 1716056 1581040 1721240
Net44 5 
M2 2814340 1887400 2799940 1901800
M2 2799940 1901800 2400000 1901800
M2 2400000 1901800 1875000 1626200
M2 1875000 1626200 1356697 1626200
M2 1356697 1626200 1339417 1643480
Net50 5 
M2 3359940 1887400 3331140 1916200
M2 3331140 1916200 2400000 1916200
M2 2400000 1916200 1875000 1634840
M2 1875000 1634840 1509137 1634840
M2 1509137 1634840 1500497 1643480
Net57 5 
M2 3243020 1844200 3221420 1865800
M2 3221420 1865800 2400000 1865800
M2 2400000 1865800 1875000 1608920
M2 1875000 1608920 1589680 1608920
M2 1589680 1608920 1581040 1617560
Net67 5 
M2 3204050 1801000 3195410 1809640
M2 3195410 1809640 2400000 1809640
M2 2400000 1809640 1875000 1546280
M2 1875000 1546280 1493090 1546280
M2 1493090 1546280 1473650 1565720
Net68 5 
M2 3359940 1801000 3342660 1818280
M2 3342660 1818280 2400000 1818280
M2 2400000 1818280 1875000 1552760
M2 1875000 1552760 1540300 1552760
M2 1540300 1552760 1527340 1565720
Net69 5 
M2 3437880 1801000 3411960 1826920
M2 3411960 1826920 2400000 1826920
M2 2400000 1826920 1875000 1559240
M2 1875000 1559240 1587520 1559240
M2 1587520 1559240 1581040 1565720
Net70 5 
M2 3593762 1801000 3559202 1835560
M2 3559202 1835560 2400000 1835560
M2 2400000 1835560 1875000 1600280
M2 1875000 1600280 1276152 1600280
M2 1276152 1600280 1258872 1617560
Net74 5 
M2 2931252 1757800 2909652 1779400
M2 2909652 1779400 2400000 1779400
M2 2400000 1779400 1875000 1505240
M2 1875000 1505240 1428597 1505240
M2 1428597 1505240 1419957 1513880
Net84 5 
M2 3126110 1714600 3117470 1723240
M2 3117470 1723240 2400000 1723240
M2 2400000 1723240 1875000 1468520
M2 1875000 1468520 1412550 1468520
M2 1412550 1468520 1393110 1487960
Net85 5 
M2 3204050 1714600 3186770 1731880
M2 3186770 1731880 2400000 1731880
M2 2400000 1731880 1875000 1475000
M2 1875000 1475000 1513457 1475000
M2 1513457 1475000 1500497 1487960
Net86 5 
M2 3359940 1714600 3334020 1740520
M2 3334020 1740520 2400000 1740520
M2 2400000 1740520 1875000 1481480
M2 1875000 1481480 1614360 1481480
M2 1614360 1481480 1607880 1487960
Net87 5 
M2 3593762 1714600 3559202 1749160
M2 3559202 1749160 2400000 1749160
M2 2400000 1749160 1875000 1496600
M2 1875000 1496600 1276152 1496600
M2 1276152 1496600 1258872 1513880
