Nets 26
Net4 5 
M2 3077180 2103400 3055580 2125000
M2 3055580 2125000 2400000 2125000
M2 2400000 2125000 1875000 1842200
M2 1875000 1842200 1539450 1842200
M2 1539450 1842200 1530810 1850840
Net14 5 
M2 3241722 2060200 3230922 2071000
M2 3230922 2071000 2400000 2071000
M2 2400000 2071000 1875000 1807640
M2 1875000 1807640 1516040 1807640
M2 1516040 1807640 1498760 1824920
Net15 5 
M2 3307540 2060200 3285940 2081800
M2 3285940 2081800 2400000 2081800
M2 2400000 2081800 1875000 1816280
M2 1875000 1816280 1571490 1816280
M2 1571490 1816280 1562850 1824920
Net16 5 
M2 3439180 2060200 3406780 2092600
M2 3406780 2092600 2400000 2092600
M2 2400000 2092600 1875000 1833560
M2 1875000 1833560 1186972 1833560
M2 1186972 1833560 1178332 1824920
Net21 5 
M2 3077180 2017000 3062780 2031400
M2 3062780 2031400 2400000 2031400
M2 2400000 2031400 1875000 1760120
M2 1875000 1760120 1447640 1760120
M2 1447640 1760120 1434680 1773080
Net24 5 
M2 3340450 2017000 3311650 2045800
M2 3311650 2045800 2400000 2045800
M2 2400000 2045800 1875000 1766600
M2 1875000 1766600 1569330 1766600
M2 1569330 1766600 1562850 1773080
Net25 5 
M2 3406270 2017000 3397630 2008360
M2 3397630 2008360 2400000 2008360
M2 2400000 2008360 1875000 1753640
M2 1875000 1753640 1197772 1753640
M2 1197772 1753640 1178332 1773080
Net29 5 
M2 2912637 1973800 2903997 1982440
M2 2903997 1982440 2400000 1982440
M2 2400000 1982440 1875000 1727720
M2 1875000 1727720 1293900 1727720
M2 1293900 1727720 1274460 1747160
Net33 5 
M2 3307540 1973800 3290260 1991080
M2 3290260 1991080 2400000 1991080
M2 2400000 1991080 1875000 1734200
M2 1875000 1734200 1543770 1734200
M2 1543770 1734200 1530810 1747160
Net34 5 
M2 3373360 1973800 3347440 1999720
M2 3347440 1999720 2400000 1999720
M2 2400000 1999720 1875000 1740680
M2 1875000 1740680 1601370 1740680
M2 1601370 1740680 1594890 1747160
Net37 5 
M2 2748090 1930600 2739450 1939240
M2 2739450 1939240 2400000 1939240
M2 2400000 1939240 1875000 1700504
M2 1875000 1700504 1391326 1700504
M2 1391326 1700504 1370590 1721240
Net41 5 
M2 3208817 1930600 3191537 1947880
M2 3191537 1947880 2400000 1947880
M2 2400000 1947880 1875000 1705688
M2 1875000 1705688 1450232 1705688
M2 1450232 1705688 1434680 1721240
Net42 5 
M2 3274630 1930600 3248710 1956520
M2 3248710 1956520 2400000 1956520
M2 2400000 1956520 1875000 1710872
M2 1875000 1710872 1509128 1710872
M2 1509128 1710872 1498760 1721240
Net43 5 
M2 3340450 1930600 3305890 1965160
M2 3305890 1965160 2400000 1965160
M2 2400000 1965160 1875000 1716056
M2 1875000 1716056 1568034 1716056
M2 1568034 1716056 1562850 1721240
Net44 5 
M2 2781000 1887400 2766600 1901800
M2 2766600 1901800 2400000 1901800
M2 2400000 1901800 1875000 1626200
M2 1875000 1626200 1291740 1626200
M2 1291740 1626200 1274460 1643480
Net50 5 
M2 3241722 1887400 3212922 1916200
M2 3212922 1916200 2400000 1916200
M2 2400000 1916200 1875000 1634840
M2 1875000 1634840 1475360 1634840
M2 1475360 1634840 1466720 1643480
Net57 5 
M2 3143000 1844200 3121400 1865800
M2 3121400 1865800 2400000 1865800
M2 2400000 1865800 1875000 1608920
M2 1875000 1608920 1571490 1608920
M2 1571490 1608920 1562850 1617560
Net67 5 
M2 3110090 1801000 3101450 1809640
M2 3101450 1809640 2400000 1809640
M2 2400000 1809640 1875000 1546280
M2 1875000 1546280 1454120 1546280
M2 1454120 1546280 1434680 1565720
Net68 5 
M2 3241722 1801000 3224442 1818280
M2 3224442 1818280 2400000 1818280
M2 2400000 1818280 1875000 1552760
M2 1875000 1552760 1511720 1552760
M2 1511720 1552760 1498760 1565720
Net69 5 
M2 3307540 1801000 3281620 1826920
M2 3281620 1826920 2400000 1826920
M2 2400000 1826920 1875000 1559240
M2 1875000 1559240 1569330 1559240
M2 1569330 1559240 1562850 1565720
Net70 5 
M2 3439180 1801000 3404620 1835560
M2 3404620 1835560 2400000 1835560
M2 2400000 1835560 1875000 1600280
M2 1875000 1600280 1195612 1600280
M2 1195612 1600280 1178332 1617560
Net74 5 
M2 2879730 1757800 2858130 1779400
M2 2858130 1779400 2400000 1779400
M2 2400000 1779400 1875000 1505240
M2 1875000 1505240 1379230 1505240
M2 1379230 1505240 1370590 1513880
Net84 5 
M2 3044270 1714600 3035630 1723240
M2 3035630 1723240 2400000 1723240
M2 2400000 1723240 1875000 1468520
M2 1875000 1468520 1357990 1468520
M2 1357990 1468520 1338550 1487960
Net85 5 
M2 3110090 1714600 3092810 1731880
M2 3092810 1731880 2400000 1731880
M2 2400000 1731880 1875000 1475000
M2 1875000 1475000 1479680 1475000
M2 1479680 1475000 1466720 1487960
Net86 5 
M2 3241722 1714600 3215802 1740520
M2 3215802 1740520 2400000 1740520
M2 2400000 1740520 1875000 1481480
M2 1875000 1481480 1601370 1481480
M2 1601370 1481480 1594890 1487960
Net87 5 
M2 3439180 1714600 3404620 1749160
M2 3404620 1749160 2400000 1749160
M2 2400000 1749160 1875000 1496600
M2 1875000 1496600 1195612 1496600
M2 1195612 1496600 1178332 1513880
