Nets 15
Net8 5 
M2 2968490 2086120 2959850 2094760
M2 2959850 2094760 2400000 2094760
M2 2400000 2094760 1875000 1863801
M2 1875000 1863801 1018179 1863801
M2 1018179 1863801 990410 1891570
Net9 5 
M2 3032580 2086120 3015300 2103400
M2 3015300 2103400 2400000 2103400
M2 2400000 2103400 1875000 1877686
M2 1875000 1877686 1180963 1877686
M2 1180963 1877686 1167080 1891570
Net10 5 
M2 3096667 2086120 3088027 2077480
M2 3088027 2077480 2400000 2077480
M2 2400000 2077480 1875000 1849915
M2 1875000 1849915 341785 1849915
M2 341785 1849915 327900 1836030
Net12 5 
M2 2744190 2060200 2735550 2068840
M2 2735550 2068840 2400000 2068840
M2 2400000 2068840 1875000 1817515
M2 1875000 1817515 523084 1817515
M2 523084 1817515 504570 1836030
Net16 5 
M2 2712150 2034280 2699190 2047240
M2 2699190 2047240 2400000 2047240
M2 2400000 2047240 1875000 1799001
M2 1875000 1799001 478914 1799001
M2 478914 1799001 460400 1780487
Net28 5 
M2 2776240 1982440 2769760 1988920
M2 2769760 1988920 2400000 1988920
M2 2400000 1988920 1875000 1738825
M2 1875000 1738825 943732 1738825
M2 943732 1738825 902070 1780487
Net29 5 
M2 2840320 1982440 2827360 1995400
M2 2827360 1995400 2400000 1995400
M2 2400000 1995400 1875000 1752711
M2 1875000 1752711 1371524 1752711
M2 1371524 1752711 1343747 1780487
Net30 5 
M2 2968490 1982440 2949050 2001880
M2 2949050 2001880 2400000 2001880
M2 2400000 2001880 1875000 1766596
M2 1875000 1766596 1534303 1766596
M2 1534303 1766596 1520412 1780487
Net32 5 
M2 3096667 1982440 3083707 1969480
M2 3083707 1969480 2400000 1969480
M2 2400000 1969480 1875000 1697171
M2 1875000 1697171 355668 1697171
M2 355668 1697171 327900 1724940
Net44 5 
M2 2680110 1904680 2667150 1917640
M2 2667150 1917640 2400000 1917640
M2 2400000 1917640 1875000 1641631
M2 1875000 1641631 841508 1641631
M2 841508 1641631 813740 1669400
Net52 5 
M2 2968490 1878760 2955530 1891720
M2 2955530 1891720 2400000 1891720
M2 2400000 1891720 1875000 1595340
M2 1875000 1595340 1229759 1595340
M2 1229759 1595340 1211240 1613860
Net54 5 
M2 3096667 1878760 3088027 1870120
M2 3088027 1870120 2400000 1870120
M2 2400000 1870120 1875000 1576826
M2 1875000 1576826 364933 1576826
M2 364933 1576826 327900 1613860
Net55 5 
M2 2680110 1852840 2671470 1861480
M2 2671470 1861480 2400000 1861480
M2 2400000 1861480 1875000 1539798
M2 1875000 1539798 478914 1539798
M2 478914 1539798 460400 1558312
Net71 5 
M2 2712150 1775080 2703510 1783720
M2 2703510 1783720 2400000 1783720
M2 2400000 1783720 1875000 1474998
M2 1875000 1474998 444001 1474998
M2 444001 1474998 416230 1502770
Net76 5 
M2 3096667 1775080 3079387 1792360
M2 3079387 1792360 2400000 1792360
M2 2400000 1792360 1875000 1521284
M2 1875000 1521284 346414 1521284
M2 346414 1521284 327900 1502770
