Nets 21
Net6 5 
M2 3554790 2103400 3533190 2125000
M2 3533190 2125000 2400000 2125000
M2 2400000 2125000 1875000 1808258
M2 1875000 1808258 355671 1808258
M2 355671 1808258 327900 1836030
Net17 5 
M2 2697430 2017000 2675830 2038600
M2 2675830 2038600 2400000 2038600
M2 2400000 2038600 1875000 1752711
M2 1875000 1752711 488176 1752711
M2 488176 1752711 460400 1780487
Net25 5 
M2 3554790 2017000 3533190 1995400
M2 3533190 1995400 2400000 1995400
M2 2400000 1995400 1875000 1697171
M2 1875000 1697171 355668 1697171
M2 355668 1697171 327900 1724940
Net48 5 
M2 3204050 1887400 3195410 1896040
M2 3195410 1896040 2400000 1896040
M2 2400000 1896040 1875000 1624968
M2 1875000 1624968 1034841 1624968
M2 1034841 1624968 990410 1669400
Net49 5 
M2 3281997 1887400 3264717 1904680
M2 3264717 1904680 2400000 1904680
M2 2400000 1904680 1875000 1636077
M2 1875000 1636077 1112063 1636077
M2 1112063 1636077 1078740 1669400
Net50 5 
M2 3359940 1887400 3334020 1913320
M2 3334020 1913320 2400000 1913320
M2 2400000 1913320 1875000 1647185
M2 1875000 1647185 1277624 1647185
M2 1277624 1647185 1255410 1669400
Net51 5 
M2 3515820 1887400 3481260 1921960
M2 3481260 1921960 2400000 1921960
M2 2400000 1921960 1875000 1658294
M2 1875000 1658294 1354853 1658294
M2 1354853 1658294 1343747 1669400
Net52 5 
M2 2697430 1844200 2692630 1849000
M2 2692630 1849000 2400000 1849000
M2 2400000 1849000 1875000 1539798
M2 1875000 1539798 478914 1539798
M2 478914 1539798 460400 1558312
Net53 5 
M2 2775370 1844200 2765770 1853800
M2 2765770 1853800 2400000 1853800
M2 2400000 1853800 1875000 1565255
M2 1875000 1565255 464834 1565255
M2 464834 1565255 416230 1613860
Net54 5 
M2 2931252 1844200 2916852 1858600
M2 2916852 1858600 2400000 1858600
M2 2400000 1858600 1875000 1572198
M2 1875000 1572198 634562 1572198
M2 634562 1572198 592900 1613860
Net55 5 
M2 3087140 1844200 3067940 1863400
M2 3067940 1863400 2400000 1863400
M2 2400000 1863400 1875000 1579140
M2 1875000 1579140 715956 1579140
M2 715956 1579140 681237 1613860
Net56 5 
M2 3165080 1844200 3141080 1868200
M2 3141080 1868200 2400000 1868200
M2 2400000 1868200 1875000 1586083
M2 1875000 1586083 885684 1586083
M2 885684 1586083 857907 1613860
Net57 5 
M2 3243020 1844200 3214220 1873000
M2 3214220 1873000 2400000 1873000
M2 2400000 1873000 1875000 1593026
M2 1875000 1593026 967073 1593026
M2 967073 1593026 946240 1613860
Net58 5 
M2 3320970 1844200 3287370 1877800
M2 3287370 1877800 2400000 1877800
M2 2400000 1877800 1875000 1599969
M2 1875000 1599969 1136801 1599969
M2 1136801 1599969 1122910 1613860
Net59 5 
M2 3398910 1844200 3360510 1882600
M2 3360510 1882600 2400000 1882600
M2 2400000 1882600 1875000 1606911
M2 1875000 1606911 1218188 1606911
M2 1218188 1606911 1211240 1613860
Net82 5 
M2 2892280 1714600 2886107 1720772
M2 2886107 1720772 2400000 1720772
M2 2400000 1720772 1875000 1456484
M2 1875000 1456484 904193 1456484
M2 904193 1456484 857907 1502770
Net83 5 
M2 2970227 1714600 2957883 1726943
M2 2957883 1726943 2400000 1726943
M2 2400000 1726943 1875000 1465741
M2 1875000 1465741 1159938 1465741
M2 1159938 1465741 1122910 1502770
Net84 5 
M2 3126110 1714600 3107595 1733115
M2 3107595 1733115 2400000 1733115
M2 2400000 1733115 1875000 1474998
M2 1875000 1474998 1327351 1474998
M2 1327351 1474998 1299580 1502770
Net85 5 
M2 3204050 1714600 3179363 1739286
M2 3179363 1739286 2400000 1739286
M2 2400000 1739286 1875000 1484255
M2 1875000 1484255 1406424 1484255
M2 1406424 1484255 1387910 1502770
Net86 5 
M2 3359940 1714600 3329082 1745457
M2 3329082 1745457 2400000 1745457
M2 2400000 1745457 1875000 1493512
M2 1875000 1493512 1573837 1493512
M2 1573837 1493512 1564580 1502770
Net87 5 
M2 3593762 1714600 3556733 1751628
M2 3556733 1751628 2400000 1751628
M2 2400000 1751628 1875000 1521284
M2 1875000 1521284 409091 1521284
M2 409091 1521284 372062 1558312
