Nets 26
Net4 5 
M2 3227870 2103400 3206270 2125000
M2 3206270 2125000 2400000 2125000
M2 2400000 2125000 1875000 1842200
M2 1875000 1842200 1562830 1842200
M2 1562830 1842200 1554190 1850840
Net14 5 
M2 3444372 2060200 3433572 2071000
M2 3433572 2071000 2400000 2071000
M2 2400000 2071000 1875000 1807640
M2 1875000 1807640 1544620 1807640
M2 1544620 1807640 1527340 1824920
Net15 5 
M2 3530980 2060200 3509380 2081800
M2 3509380 2081800 2400000 2081800
M2 2400000 2081800 1875000 1816280
M2 1875000 1816280 1589680 1816280
M2 1589680 1816280 1581040 1824920
Net16 5 
M2 3704180 2060200 3671780 2092600
M2 3671780 2092600 2400000 2092600
M2 2400000 2092600 1875000 1833560
M2 1875000 1833560 1267512 1833560
M2 1267512 1833560 1258872 1824920
Net21 5 
M2 3227870 2017000 3213470 2031400
M2 3213470 2031400 2400000 2031400
M2 2400000 2031400 1875000 1760120
M2 1875000 1760120 1486610 1760120
M2 1486610 1760120 1473650 1773080
Net24 5 
M2 3574280 2017000 3545480 2045800
M2 3545480 2045800 2400000 2045800
M2 2400000 2045800 1875000 1766600
M2 1875000 1766600 1587520 1766600
M2 1587520 1766600 1581040 1773080
Net25 5 
M2 3660880 2017000 3652240 2008360
M2 3652240 2008360 2400000 2008360
M2 2400000 2008360 1875000 1753640
M2 1875000 1753640 1278312 1753640
M2 1278312 1753640 1258872 1773080
Net29 5 
M2 3011360 1973800 3002720 1982440
M2 3002720 1982440 2400000 1982440
M2 2400000 1982440 1875000 1727720
M2 1875000 1727720 1358857 1727720
M2 1358857 1727720 1339417 1747160
Net33 5 
M2 3530980 1973800 3513700 1991080
M2 3513700 1991080 2400000 1991080
M2 2400000 1991080 1875000 1734200
M2 1875000 1734200 1567150 1734200
M2 1567150 1734200 1554190 1747160
Net34 5 
M2 3617580 1973800 3591660 1999720
M2 3591660 1999720 2400000 1999720
M2 2400000 1999720 1875000 1740680
M2 1875000 1740680 1614360 1740680
M2 1614360 1740680 1607880 1747160
Net37 5 
M2 2794857 1930600 2786217 1939240
M2 2786217 1939240 2400000 1939240
M2 2400000 1939240 1875000 1700504
M2 1875000 1700504 1440693 1700504
M2 1440693 1700504 1419957 1721240
Net41 5 
M2 3401070 1930600 3383790 1947880
M2 3383790 1947880 2400000 1947880
M2 2400000 1947880 1875000 1705688
M2 1875000 1705688 1489202 1705688
M2 1489202 1705688 1473650 1721240
Net42 5 
M2 3487677 1930600 3461757 1956520
M2 3461757 1956520 2400000 1956520
M2 2400000 1956520 1875000 1710872
M2 1875000 1710872 1537708 1710872
M2 1537708 1710872 1527340 1721240
Net43 5 
M2 3574280 1930600 3539720 1965160
M2 3539720 1965160 2400000 1965160
M2 2400000 1965160 1875000 1716056
M2 1875000 1716056 1586224 1716056
M2 1586224 1716056 1581040 1721240
Net44 5 
M2 2838160 1887400 2823760 1901800
M2 2823760 1901800 2400000 1901800
M2 2400000 1901800 1875000 1626200
M2 1875000 1626200 1356697 1626200
M2 1356697 1626200 1339417 1643480
Net50 5 
M2 3444372 1887400 3415572 1916200
M2 3415572 1916200 2400000 1916200
M2 2400000 1916200 1875000 1634840
M2 1875000 1634840 1509137 1634840
M2 1509137 1634840 1500497 1643480
Net57 5 
M2 3314470 1844200 3292870 1865800
M2 3292870 1865800 2400000 1865800
M2 2400000 1865800 1875000 1608920
M2 1875000 1608920 1589680 1608920
M2 1589680 1608920 1581040 1617560
Net67 5 
M2 3271170 1801000 3262530 1809640
M2 3262530 1809640 2400000 1809640
M2 2400000 1809640 1875000 1546280
M2 1875000 1546280 1493090 1546280
M2 1493090 1546280 1473650 1565720
Net68 5 
M2 3444372 1801000 3427092 1818280
M2 3427092 1818280 2400000 1818280
M2 2400000 1818280 1875000 1552760
M2 1875000 1552760 1540300 1552760
M2 1540300 1552760 1527340 1565720
Net69 5 
M2 3530980 1801000 3505060 1826920
M2 3505060 1826920 2400000 1826920
M2 2400000 1826920 1875000 1559240
M2 1875000 1559240 1587520 1559240
M2 1587520 1559240 1581040 1565720
Net70 5 
M2 3704180 1801000 3669620 1835560
M2 3669620 1835560 2400000 1835560
M2 2400000 1835560 1875000 1600280
M2 1875000 1600280 1276152 1600280
M2 1276152 1600280 1258872 1617560
Net74 5 
M2 2968060 1757800 2946460 1779400
M2 2946460 1779400 2400000 1779400
M2 2400000 1779400 1875000 1505240
M2 1875000 1505240 1428597 1505240
M2 1428597 1505240 1419957 1513880
Net84 5 
M2 3184570 1714600 3175930 1723240
M2 3175930 1723240 2400000 1723240
M2 2400000 1723240 1875000 1468520
M2 1875000 1468520 1412550 1468520
M2 1412550 1468520 1393110 1487960
Net85 5 
M2 3271170 1714600 3253890 1731880
M2 3253890 1731880 2400000 1731880
M2 2400000 1731880 1875000 1475000
M2 1875000 1475000 1513457 1475000
M2 1513457 1475000 1500497 1487960
Net86 5 
M2 3444372 1714600 3418452 1740520
M2 3418452 1740520 2400000 1740520
M2 2400000 1740520 1875000 1481480
M2 1875000 1481480 1614360 1481480
M2 1614360 1481480 1607880 1487960
Net87 5 
M2 3704180 1714600 3669620 1749160
M2 3669620 1749160 2400000 1749160
M2 2400000 1749160 1875000 1496600
M2 1875000 1496600 1276152 1496600
M2 1276152 1496600 1258872 1513880
