Nets 20
Net8 5 
V2 2948980 1711120 2940340 1719760
V2 2940340 1719760 2500000 1719760
V2 2500000 1719760 1875000 1856600
V2 1875000 1856600 1379040 1856600
V2 1379040 1856600 1350240 1885400
Net9 5 
V2 2992280 1711120 2975000 1728400
V2 2975000 1728400 2500000 1728400
V2 2500000 1728400 1875000 1871000
V2 1875000 1871000 1537847 1871000
V2 1537847 1871000 1523447 1885400
Net24 5 
V2 2884030 1633360 2871070 1646320
V2 2871070 1646320 2500000 1646320
V2 2500000 1646320 1875000 1777400
V2 1875000 1777400 1198637 1777400
V2 1198637 1777400 1177037 1799000
Net27 5 
V2 2775780 1607440 2762820 1620400
V2 2762820 1620400 2500000 1620400
V2 2500000 1620400 1875000 1741400
V2 1875000 1741400 974930 1741400
V2 974930 1741400 960530 1755800
Net43 5 
V2 3035582 1555600 3022622 1568560
V2 3022622 1568560 2500000 1568560
V2 2500000 1568560 1875000 1727000
V2 1875000 1727000 642920 1727000
V2 642920 1727000 614120 1755800
Net44 5 
V2 2754130 1529680 2741170 1542640
V2 2741170 1542640 2500000 1542640
V2 2500000 1542640 1875000 1663227
V2 1875000 1663227 966702 1663227
V2 966702 1663227 960530 1669400
Net48 5 
V2 2775780 1503760 2769300 1510240
V2 2769300 1510240 2500000 1510240
V2 2500000 1510240 1875000 1644713
V2 1875000 1644713 725406 1644713
V2 725406 1644713 700720 1669400
Net49 5 
V2 2819080 1503760 2806120 1516720
V2 2806120 1516720 2500000 1516720
V2 2500000 1516720 1875000 1650885
V2 1875000 1650885 805837 1650885
V2 805837 1650885 787322 1669400
Net50 5 
V2 2862380 1503760 2842940 1523200
V2 2842940 1523200 2500000 1523200
V2 2500000 1523200 1875000 1657056
V2 1875000 1657056 886273 1657056
V2 886273 1657056 873930 1669400
Net56 5 
V2 2797430 1477840 2784470 1490800
V2 2784470 1490800 2500000 1490800
V2 2500000 1490800 1875000 1638542
V2 1875000 1638542 756362 1638542
V2 756362 1638542 744020 1626200
Net57 5 
V2 2884030 1477840 2879710 1473520
V2 2879710 1473520 2500000 1473520
V2 2500000 1473520 1875000 1632371
V2 1875000 1632371 923401 1632371
V2 923401 1632371 917230 1626200
Net58 5 
V2 2927330 1477840 2918690 1469200
V2 2918690 1469200 2500000 1469200
V2 2500000 1469200 1875000 1617560
V2 1875000 1617560 1358880 1617560
V2 1358880 1617560 1350240 1626200
Net59 5 
V2 2970630 1477840 2957670 1464880
V2 2957670 1464880 2500000 1464880
V2 2500000 1464880 1875000 1608920
V2 1875000 1608920 1280920 1608920
V2 1280920 1608920 1263640 1626200
Net63 5 
V2 2905680 1451920 2901360 1456240
V2 2901360 1456240 2500000 1456240
V2 2500000 1456240 1875000 1591640
V2 1875000 1591640 1038390 1591640
V2 1038390 1591640 1003830 1626200
Net64 5 
V2 2992280 1451920 2983640 1460560
V2 2983640 1460560 2500000 1460560
V2 2500000 1460560 1875000 1600280
V2 1875000 1600280 1116350 1600280
V2 1116350 1600280 1090430 1626200
Net65 5 
V2 3035582 1451920 3022622 1438960
V2 3022622 1438960 2500000 1438960
V2 2500000 1438960 1875000 1561400
V2 1875000 1561400 635720 1561400
V2 635720 1561400 614120 1583000
Net71 5 
V2 2775780 1400080 2762820 1413040
V2 2762820 1413040 2500000 1413040
V2 2500000 1413040 1875000 1518200
V2 1875000 1518200 765620 1518200
V2 765620 1518200 744020 1539800
Net84 5 
V2 2819080 1348240 2812600 1354720
V2 2812600 1354720 2500000 1354720
V2 2500000 1354720 1875000 1464200
V2 1875000 1464200 1339340 1464200
V2 1339340 1464200 1306940 1496600
Net85 5 
V2 2905680 1348240 2892720 1361200
V2 2892720 1361200 2500000 1361200
V2 2500000 1361200 1875000 1475000
V2 1875000 1475000 1415140 1475000
V2 1415140 1475000 1393540 1496600
Net86 5 
V2 2992280 1348240 2972840 1367680
V2 2972840 1367680 2500000 1367680
V2 2500000 1367680 1875000 1485800
V2 1875000 1485800 1577550 1485800
V2 1577550 1485800 1566750 1496600
