Nets 21
Net6 5 
M2 3654790 1728400 3633190 1750000
M2 3633190 1750000 2500000 1750000
M2 2500000 1750000 1875000 1808258
M2 1875000 1808258 302841 1808258
M2 302841 1808258 275070 1836030
Net17 5 
M2 2797430 1642000 2775830 1663600
M2 2775830 1663600 2500000 1663600
M2 2500000 1663600 1875000 1752711
M2 1875000 1752711 440546 1752711
M2 440546 1752711 412770 1780487
Net25 5 
M2 3654790 1642000 3633190 1620400
M2 3633190 1620400 2500000 1620400
M2 2500000 1620400 1875000 1697171
M2 1875000 1697171 302838 1697171
M2 302838 1697171 275070 1724940
Net48 5 
M2 3304050 1512400 3295410 1521040
M2 3295410 1521040 2500000 1521040
M2 2500000 1521040 1875000 1624968
M2 1875000 1624968 1007991 1624968
M2 1007991 1624968 963560 1669400
Net49 5 
M2 3381997 1512400 3364717 1529680
M2 3364717 1529680 2500000 1529680
M2 2500000 1529680 1875000 1636077
M2 1875000 1636077 1088683 1636077
M2 1088683 1636077 1055360 1669400
Net50 5 
M2 3459940 1512400 3434020 1538320
M2 3434020 1538320 2500000 1538320
M2 2500000 1538320 1875000 1647185
M2 1875000 1647185 1261174 1647185
M2 1261174 1647185 1238960 1669400
Net51 5 
M2 3615820 1512400 3581260 1546960
M2 3581260 1546960 2500000 1546960
M2 2500000 1546960 1875000 1658294
M2 1875000 1658294 1341858 1658294
M2 1341858 1658294 1330752 1669400
Net52 5 
M2 2797430 1469200 2792630 1474000
M2 2792630 1474000 2500000 1474000
M2 2500000 1474000 1875000 1539798
M2 1875000 1539798 431284 1539798
M2 431284 1539798 412770 1558312
Net53 5 
M2 2875370 1469200 2865770 1478800
M2 2865770 1478800 2500000 1478800
M2 2500000 1478800 1875000 1565255
M2 1875000 1565255 415474 1565255
M2 415474 1565255 366870 1613860
Net54 5 
M2 3031252 1469200 3016852 1483600
M2 3016852 1483600 2500000 1483600
M2 2500000 1483600 1875000 1572198
M2 1875000 1572198 592129 1572198
M2 592129 1572198 550467 1613860
Net55 5 
M2 3187140 1469200 3167940 1488400
M2 3167940 1488400 2500000 1488400
M2 2500000 1488400 1875000 1579140
M2 1875000 1579140 676981 1579140
M2 676981 1579140 642262 1613860
Net56 5 
M2 3265080 1469200 3241080 1493200
M2 3241080 1493200 2500000 1493200
M2 2500000 1493200 1875000 1586083
M2 1875000 1586083 853636 1586083
M2 853636 1586083 825860 1613860
Net57 5 
M2 3343020 1469200 3314220 1498000
M2 3314220 1498000 2500000 1498000
M2 2500000 1498000 1875000 1593026
M2 1875000 1593026 938493 1593026
M2 938493 1593026 917660 1613860
Net58 5 
M2 3420970 1469200 3387370 1502800
M2 3387370 1502800 2500000 1502800
M2 2500000 1502800 1875000 1599969
M2 1875000 1599969 1115151 1599969
M2 1115151 1599969 1101260 1613860
Net59 5 
M2 3498910 1469200 3460510 1507600
M2 3460510 1507600 2500000 1507600
M2 2500000 1507600 1875000 1606911
M2 1875000 1606911 1200008 1606911
M2 1200008 1606911 1193060 1613860
Net82 5 
M2 2992280 1339600 2986107 1345772
M2 2986107 1345772 2500000 1345772
M2 2500000 1345772 1875000 1456484
M2 1875000 1456484 872145 1456484
M2 872145 1456484 825860 1502770
Net83 5 
M2 3070227 1339600 3057883 1351943
M2 3057883 1351943 2500000 1351943
M2 2500000 1351943 1875000 1465741
M2 1875000 1465741 1138288 1465741
M2 1138288 1465741 1101260 1502770
Net84 5 
M2 3226110 1339600 3207595 1358115
M2 3207595 1358115 2500000 1358115
M2 2500000 1358115 1875000 1474998
M2 1875000 1474998 1312629 1474998
M2 1312629 1474998 1284857 1502770
Net85 5 
M2 3304050 1339600 3279363 1364286
M2 3279363 1364286 2500000 1364286
M2 2500000 1364286 1875000 1484255
M2 1875000 1484255 1395167 1484255
M2 1395167 1484255 1376652 1502770
Net86 5 
M2 3459940 1339600 3429082 1370457
M2 3429082 1370457 2500000 1370457
M2 2500000 1370457 1875000 1493512
M2 1875000 1493512 1569507 1493512
M2 1569507 1493512 1560250 1502770
Net87 5 
M2 3693762 1339600 3656733 1376628
M2 3656733 1376628 2500000 1376628
M2 2500000 1376628 1875000 1521284
M2 1875000 1521284 357998 1521284
M2 357998 1521284 320970 1558312
