Nets 51
Net9 5 
M2 4047100 1722230 4019328 1750001
M2 4019328 1750001 2500000 1750001
M2 2500000 1750001 1875000 1863801
M2 1875000 1863801 399831 1863801
M2 399831 1863801 372062 1891570
Net12 5 
M2 3119590 1666687 3114540 1671737
M2 3114540 1671737 2500000 1671737
M2 2500000 1671737 1875000 1785536
M2 1875000 1785536 643393 1785536
M2 643393 1785536 592900 1836030
Net13 5 
M2 3207920 1666687 3197820 1676786
M2 3197820 1676786 2500000 1676786
M2 2500000 1676786 1875000 1790586
M2 1875000 1790586 726681 1790586
M2 726681 1790586 681237 1836030
Net14 5 
M2 3296260 1666687 3281111 1681836
M2 3281111 1681836 2500000 1681836
M2 2500000 1681836 1875000 1795635
M2 1875000 1795635 809964 1795635
M2 809964 1795635 769570 1836030
Net15 5 
M2 3384590 1666687 3364392 1686885
M2 3364392 1686885 2500000 1686885
M2 2500000 1686885 1875000 1800684
M2 1875000 1800684 893253 1800684
M2 893253 1800684 857907 1836030
Net16 5 
M2 3472930 1666687 3447683 1691934
M2 3447683 1691934 2500000 1691934
M2 2500000 1691934 1875000 1805733
M2 1875000 1805733 1153206 1805733
M2 1153206 1805733 1122910 1836030
Net17 5 
M2 3561260 1666687 3530963 1696983
M2 3530963 1696983 2500000 1696983
M2 2500000 1696983 1875000 1810783
M2 1875000 1810783 1236487 1810783
M2 1236487 1810783 1211240 1836030
Net18 5 
M2 3649600 1666687 3614254 1702033
M2 3614254 1702033 2500000 1702033
M2 2500000 1702033 1875000 1815832
M2 1875000 1815832 1319777 1815832
M2 1319777 1815832 1299580 1836030
Net19 5 
M2 3737930 1666687 3697535 1707082
M2 3697535 1707082 2500000 1707082
M2 2500000 1707082 1875000 1820881
M2 1875000 1820881 1403058 1820881
M2 1403058 1820881 1387910 1836030
Net20 5 
M2 3826267 1666687 3780823 1712131
M2 3780823 1712131 2500000 1712131
M2 2500000 1712131 1875000 1825930
M2 1875000 1825930 1486349 1825930
M2 1486349 1825930 1476250 1836030
Net21 5 
M2 3914600 1666687 3864106 1717180
M2 3864106 1717180 2500000 1717180
M2 2500000 1717180 1875000 1830980
M2 1875000 1830980 1569630 1830980
M2 1569630 1830980 1564580 1836030
Net25 5 
M2 3075420 1611140 3069242 1617317
M2 3069242 1617317 2500000 1617317
M2 2500000 1617317 1875000 1731111
M2 1875000 1731111 774776 1731111
M2 774776 1731111 725400 1780487
Net26 5 
M2 3163760 1611140 3151411 1623488
M2 3151411 1623488 2500000 1623488
M2 2500000 1623488 1875000 1737282
M2 1875000 1737282 856945 1737282
M2 856945 1737282 813740 1780487
Net27 5 
M2 3252090 1611140 3233570 1629660
M2 3233570 1629660 2500000 1629660
M2 2500000 1629660 1875000 1743453
M2 1875000 1743453 939103 1743453
M2 939103 1743453 902070 1780487
Net28 5 
M2 3428760 1611140 3404068 1635831
M2 3404068 1635831 2500000 1635831
M2 2500000 1635831 1875000 1749625
M2 1875000 1749625 1021272 1749625
M2 1021272 1749625 990410 1780487
Net29 5 
M2 3517092 1611140 3486230 1642002
M2 3486230 1642002 2500000 1642002
M2 2500000 1642002 1875000 1755796
M2 1875000 1755796 1103431 1755796
M2 1103431 1755796 1078740 1780487
Net30 5 
M2 3693762 1611140 3656728 1648173
M2 3656728 1648173 2500000 1648173
M2 2500000 1648173 1875000 1761967
M2 1875000 1761967 1273930 1761967
M2 1273930 1761967 1255410 1780487
Net31 5 
M2 3782100 1611140 3738895 1654345
M2 3738895 1654345 2500000 1654345
M2 2500000 1654345 1875000 1768138
M2 1875000 1768138 1356096 1768138
M2 1356096 1768138 1343747 1780487
Net32 5 
M2 3958770 1611140 3909393 1660516
M2 3909393 1660516 2500000 1660516
M2 2500000 1660516 1875000 1774310
M2 1875000 1774310 1526590 1774310
M2 1526590 1774310 1520412 1780487
Net36 5 
M2 3119590 1555600 3112649 1562540
M2 3112649 1562540 2500000 1562540
M2 2500000 1562540 1875000 1676342
M2 1875000 1676342 729834 1676342
M2 729834 1676342 681237 1724940
Net37 5 
M2 3296260 1555600 3282376 1569483
M2 3282376 1569483 2500000 1569483
M2 2500000 1569483 1875000 1683285
M2 1875000 1683285 899562 1683285
M2 899562 1683285 857907 1724940
Net38 5 
M2 3384590 1555600 3363763 1576426
M2 3363763 1576426 2500000 1576426
M2 2500000 1576426 1875000 1690228
M2 1875000 1690228 980951 1690228
M2 980951 1690228 946240 1724940
Net39 5 
M2 3561260 1555600 3533491 1583369
M2 3533491 1583369 2500000 1583369
M2 2500000 1583369 1875000 1697171
M2 1875000 1697171 1150679 1697171
M2 1150679 1697171 1122910 1724940
Net40 5 
M2 3649600 1555600 3614888 1590311
M2 3614888 1590311 2500000 1590311
M2 2500000 1590311 1875000 1704113
M2 1875000 1704113 1232066 1704113
M2 1232066 1704113 1211240 1724940
Net41 5 
M2 3826267 1555600 3784613 1597254
M2 3784613 1597254 2500000 1597254
M2 2500000 1597254 1875000 1711056
M2 1875000 1711056 1401793 1711056
M2 1401793 1711056 1387910 1724940
Net42 5 
M2 3914600 1555600 3866002 1604197
M2 3866002 1604197 2500000 1604197
M2 2500000 1604197 1875000 1717999
M2 1875000 1717999 1483190 1717999
M2 1483190 1717999 1476250 1724940
Net46 5 
M2 3163760 1500060 3156819 1507000
M2 3156819 1507000 2500000 1507000
M2 2500000 1507000 1875000 1620802
M2 1875000 1620802 773997 1620802
M2 773997 1620802 725400 1669400
Net47 5 
M2 3252090 1500060 3238206 1513943
M2 3238206 1513943 2500000 1513943
M2 2500000 1513943 1875000 1627745
M2 1875000 1627745 855394 1627745
M2 855394 1627745 813740 1669400
Net48 5 
M2 3428760 1500060 3407933 1520886
M2 3407933 1520886 2500000 1520886
M2 2500000 1520886 1875000 1634688
M2 1875000 1634688 1025121 1634688
M2 1025121 1634688 990410 1669400
Net49 5 
M2 3517092 1500060 3489323 1527829
M2 3489323 1527829 2500000 1527829
M2 2500000 1527829 1875000 1641631
M2 1875000 1641631 1106509 1641631
M2 1106509 1641631 1078740 1669400
Net50 5 
M2 3693762 1500060 3659050 1534771
M2 3659050 1534771 2500000 1534771
M2 2500000 1534771 1875000 1648573
M2 1875000 1648573 1276236 1648573
M2 1276236 1648573 1255410 1669400
Net51 5 
M2 3782100 1500060 3740445 1541714
M2 3740445 1541714 2500000 1541714
M2 2500000 1541714 1875000 1655516
M2 1875000 1655516 1357631 1655516
M2 1357631 1655516 1343747 1669400
Net52 5 
M2 3958770 1500060 3910172 1548657
M2 3910172 1548657 2500000 1548657
M2 2500000 1548657 1875000 1662459
M2 1875000 1662459 1527353 1662459
M2 1527353 1662459 1520412 1669400
Net56 5 
M2 3119590 1444512 3113412 1450690
M2 3113412 1450690 2500000 1450690
M2 2500000 1450690 1875000 1569421
M2 1875000 1569421 725676 1569421
M2 725676 1569421 681237 1613860
Net57 5 
M2 3296260 1444512 3283911 1456861
M2 3283911 1456861 2500000 1456861
M2 2500000 1456861 1875000 1574975
M2 1875000 1574975 896792 1574975
M2 896792 1574975 857907 1613860
Net58 5 
M2 3384590 1444512 3366070 1463032
M2 3366070 1463032 2500000 1463032
M2 2500000 1463032 1875000 1580529
M2 1875000 1580529 979570 1580529
M2 979570 1580529 946240 1613860
Net59 5 
M2 3472930 1444512 3448238 1469203
M2 3448238 1469203 2500000 1469203
M2 2500000 1469203 1875000 1586083
M2 1875000 1586083 1150686 1586083
M2 1150686 1586083 1122910 1613860
Net60 5 
M2 3561260 1444512 3530397 1475375
M2 3530397 1475375 2500000 1475375
M2 2500000 1475375 1875000 1591638
M2 1875000 1591638 1233462 1591638
M2 1233462 1591638 1211240 1613860
Net61 5 
M2 3649600 1444512 3612566 1481546
M2 3612566 1481546 2500000 1481546
M2 2500000 1481546 1875000 1597192
M2 1875000 1597192 1316247 1597192
M2 1316247 1597192 1299580 1613860
Net62 5 
M2 3826267 1444512 3783062 1487717
M2 3783062 1487717 2500000 1487717
M2 2500000 1487717 1875000 1602746
M2 1875000 1602746 1399023 1602746
M2 1399023 1602746 1387910 1613860
Net63 5 
M2 3914600 1444512 3865223 1493888
M2 3865223 1493888 2500000 1493888
M2 2500000 1493888 1875000 1608300
M2 1875000 1608300 1481809 1608300
M2 1481809 1608300 1476250 1613860
Net65 5 
M2 2810420 1388970 2782648 1416741
M2 2782648 1416741 2500000 1416741
M2 2500000 1416741 1875000 1563866
M2 1875000 1563866 465954 1563866
M2 465954 1563866 460400 1558312
Net78 5 
M2 2854587 1333430 2849035 1338981
M2 2849035 1338981 2500000 1338981
M2 2500000 1338981 1875000 1453398
M2 1875000 1453398 465601 1453398
M2 465601 1453398 416230 1502770
Net80 5 
M2 3119590 1333430 3108484 1344536
M2 3108484 1344536 2500000 1344536
M2 2500000 1344536 1875000 1459570
M2 1875000 1459570 636100 1459570
M2 636100 1459570 592900 1502770
Net81 5 
M2 3207920 1333430 3191259 1350090
M2 3191259 1350090 2500000 1350090
M2 2500000 1350090 1875000 1465741
M2 1875000 1465741 806598 1465741
M2 806598 1465741 769570 1502770
Net82 5 
M2 3384590 1333430 3362375 1355644
M2 3362375 1355644 2500000 1355644
M2 2500000 1355644 1875000 1471912
M2 1875000 1471912 888765 1471912
M2 888765 1471912 857907 1502770
Net83 5 
M2 3472930 1333430 3445161 1361198
M2 3445161 1361198 2500000 1361198
M2 2500000 1361198 1875000 1478083
M2 1875000 1478083 1147596 1478083
M2 1147596 1478083 1122910 1502770
Net84 5 
M2 3649600 1333430 3616277 1366753
M2 3616277 1366753 2500000 1366753
M2 2500000 1366753 1875000 1484255
M2 1875000 1484255 1318095 1484255
M2 1318095 1484255 1299580 1502770
Net85 5 
M2 3737930 1333430 3699052 1372307
M2 3699052 1372307 2500000 1372307
M2 2500000 1372307 1875000 1490426
M2 1875000 1490426 1400253 1490426
M2 1400253 1490426 1387910 1502770
Net86 5 
M2 3914600 1333430 3870168 1377861
M2 3870168 1377861 2500000 1377861
M2 2500000 1377861 1875000 1496597
M2 1875000 1496597 1570752 1496597
M2 1570752 1496597 1564580 1502770
Net87 5 
M2 4002937 1333430 3952951 1383415
M2 3952951 1383415 2500000 1383415
M2 2500000 1383415 1875000 1530541
M2 1875000 1530541 355671 1530541
M2 355671 1530541 327900 1502770
