Nets 15
Net24 5 
M3 2928200 1633360 2915240 1646320
M3 2915240 1646320 2500000 1646320
M3 2500000 1646320 1875000 1877686
M3 1875000 1877686 1252896 1877686
M3 1252896 1877686 1211240 1836030
Net25 5 
M3 2981890 1633360 2975410 1626880
M3 2975410 1626880 2500000 1626880
M3 2500000 1626880 1875000 1863801
M3 1875000 1863801 1327351 1863801
M3 1327351 1863801 1299580 1836030
Net26 5 
M3 3035582 1633360 3022622 1620400
M3 3022622 1620400 2500000 1620400
M3 2500000 1620400 1875000 1849915
M3 1875000 1849915 1490135 1849915
M3 1490135 1849915 1476250 1836030
Net31 5 
M3 3062430 1607440 3055950 1613920
M3 3055950 1613920 2500000 1613920
M3 2500000 1613920 1875000 1808258
M3 1875000 1808258 1592351 1808258
M3 1592351 1808258 1564580 1836030
Net43 5 
M3 3116127 1555600 3103167 1568560
M3 3103167 1568560 2500000 1568560
M3 2500000 1568560 1875000 1752711
M3 1875000 1752711 399838 1752711
M3 399838 1752711 372062 1780487
Net67 5 
M3 2874502 1426000 2869318 1431184
M3 2869318 1431184 2500000 1431184
M3 2500000 1431184 1875000 1569421
M3 1875000 1569421 913178 1569421
M3 913178 1569421 902070 1558312
Net68 5 
M3 2928200 1426000 2917832 1436368
M3 2917832 1436368 2500000 1436368
M3 2500000 1436368 1875000 1580529
M3 1875000 1580529 1332910 1580529
M3 1332910 1580529 1299580 1613860
Net69 5 
M3 2981890 1426000 2966338 1441552
M3 2966338 1441552 2500000 1441552
M3 2500000 1441552 1875000 1591638
M3 1875000 1591638 1410132 1591638
M3 1410132 1591638 1387910 1613860
Net70 5 
M3 3035582 1426000 3014846 1446736
M3 3014846 1446736 2500000 1446736
M3 2500000 1446736 1875000 1602746
M3 1875000 1602746 1487363 1602746
M3 1487363 1602746 1476250 1613860
Net75 5 
M3 3062430 1400080 3049470 1413040
M3 3049470 1413040 2500000 1413040
M3 2500000 1413040 1875000 1550377
M3 1875000 1550377 1528348 1550377
M3 1528348 1550377 1520412 1558312
Net79 5 
M3 2874502 1374160 2869318 1379344
M3 2869318 1379344 2500000 1379344
M3 2500000 1379344 1875000 1518639
M3 1875000 1518639 1030083 1518639
M3 1030083 1518639 990410 1558312
Net80 5 
M3 2928200 1374160 2917832 1384528
M3 2917832 1384528 2500000 1384528
M3 2500000 1384528 1875000 1526573
M3 1875000 1526573 1110479 1526573
M3 1110479 1526573 1078740 1558312
Net81 5 
M3 2981890 1374160 2966338 1389712
M3 2966338 1389712 2500000 1389712
M3 2500000 1389712 1875000 1534508
M3 1875000 1534508 1190884 1534508
M3 1190884 1534508 1167080 1558312
Net82 5 
M3 3035582 1374160 3014846 1394896
M3 3014846 1394896 2500000 1394896
M3 2500000 1394896 1875000 1542442
M3 1875000 1542442 1271280 1542442
M3 1271280 1542442 1255410 1558312
Net87 5 
M3 3116127 1348240 3103167 1361200
M3 3103167 1361200 2500000 1361200
M3 2500000 1361200 1875000 1510704
M3 1875000 1510704 419670 1510704
M3 419670 1510704 372062 1558312
