Nets 32
Net13 5 
V2 3381997 1685200 3371197 1696000
V2 3371197 1696000 2500000 1696000
V2 2500000 1696000 1875000 1874909
V2 1875000 1874909 1255620 1874909
V2 1255620 1874909 1238960 1891570
Net14 5 
V2 3459940 1685200 3438340 1706800
V2 3438340 1706800 2500000 1706800
V2 2500000 1706800 1875000 1880464
V2 1875000 1880464 1433656 1880464
V2 1433656 1880464 1422550 1891570
Net15 5 
V2 3537880 1685200 3505480 1717600
V2 3505480 1717600 2500000 1717600
V2 2500000 1717600 1875000 1886018
V2 1875000 1886018 1519901 1886018
V2 1519901 1886018 1514350 1891570
Net16 5 
V2 3693762 1685200 3679362 1670800
V2 3679362 1670800 2500000 1670800
V2 2500000 1670800 1875000 1869355
V2 1875000 1869355 343184 1869355
V2 343184 1869355 320970 1891570
Net20 5 
V2 3187140 1642000 3172740 1656400
V2 3172740 1656400 2500000 1656400
V2 2500000 1656400 1875000 1863801
V2 1875000 1863801 1129031 1863801
V2 1129031 1863801 1101260 1836030
Net21 5 
V2 3265080 1642000 3257880 1634800
V2 3257880 1634800 2500000 1634800
V2 2500000 1634800 1875000 1858247
V2 1875000 1858247 1215277 1858247
V2 1215277 1858247 1193060 1836030
Net22 5 
V2 3343020 1642000 3328620 1627600
V2 3328620 1627600 2500000 1627600
V2 2500000 1627600 1875000 1852692
V2 1875000 1852692 1301520 1852692
V2 1301520 1852692 1284857 1836030
Net23 5 
V2 3498910 1642000 3477310 1620400
V2 3477310 1620400 2500000 1620400
V2 2500000 1620400 1875000 1847138
V2 1875000 1847138 1387761 1847138
V2 1387761 1847138 1376652 1836030
Net24 5 
V2 3576850 1642000 3548050 1613200
V2 3548050 1613200 2500000 1613200
V2 2500000 1613200 1875000 1841584
V2 1875000 1841584 1474004 1841584
V2 1474004 1841584 1468450 1836030
Net27 5 
V2 2914340 1598800 2910020 1594480
V2 2910020 1594480 2500000 1594480
V2 2500000 1594480 1875000 1822144
V2 1875000 1822144 821616 1822144
V2 821616 1822144 779960 1780487
Net28 5 
V2 2992280 1598800 2983640 1590160
V2 2983640 1590160 2500000 1590160
V2 2500000 1590160 1875000 1815201
V2 1875000 1815201 906473 1815201
V2 906473 1815201 871760 1780487
Net29 5 
V2 3070227 1598800 3057267 1585840
V2 3057267 1585840 2500000 1585840
V2 2500000 1585840 1875000 1808258
V2 1875000 1808258 991331 1808258
V2 991331 1808258 963560 1780487
Net30 5 
V2 3226110 1598800 3208830 1581520
V2 3208830 1581520 2500000 1581520
V2 2500000 1581520 1875000 1801315
V2 1875000 1801315 1076188 1801315
V2 1076188 1801315 1055360 1780487
Net31 5 
V2 3304050 1598800 3282450 1577200
V2 3282450 1577200 2500000 1577200
V2 2500000 1577200 1875000 1794373
V2 1875000 1794373 1252845 1794373
V2 1252845 1794373 1238960 1780487
Net32 5 
V2 3381997 1598800 3356077 1572880
V2 3356077 1572880 2500000 1572880
V2 2500000 1572880 1875000 1787430
V2 1875000 1787430 1337695 1787430
V2 1337695 1787430 1330752 1780487
Net33 5 
V2 3537880 1598800 3507640 1568560
V2 3507640 1568560 2500000 1568560
V2 2500000 1568560 1875000 1761968
V2 1875000 1761968 1532869 1761968
V2 1532869 1761968 1514350 1780487
Net34 5 
V2 3615820 1598800 3608620 1606000
V2 3608620 1606000 2500000 1606000
V2 2500000 1606000 1875000 1829086
V2 1875000 1829086 1567193 1829086
V2 1567193 1829086 1560250 1836030
Net35 5 
V2 3693762 1598800 3659202 1564240
V2 3659202 1564240 2500000 1564240
V2 2500000 1564240 1875000 1743454
V2 1875000 1743454 358003 1743454
V2 358003 1743454 320970 1780487
Net36 5 
V2 2797430 1555600 2793110 1559920
V2 2793110 1559920 2500000 1559920
V2 2500000 1559920 1875000 1697171
V2 1875000 1697171 578236 1697171
V2 578236 1697171 550467 1724940
Net60 5 
V2 3576850 1469200 3555250 1490800
V2 3555250 1490800 2500000 1490800
V2 2500000 1490800 1875000 1650888
V2 1875000 1650888 1532862 1650888
V2 1532862 1650888 1514350 1669400
Net61 5 
V2 3654790 1469200 3640390 1454800
V2 3640390 1454800 2500000 1454800
V2 2500000 1454800 1875000 1632374
V2 1875000 1632374 293584 1632374
V2 293584 1632374 275070 1613860
Net64 5 
V2 3070227 1426000 3055827 1440400
V2 3055827 1440400 2500000 1440400
V2 2500000 1440400 1875000 1599969
V2 1875000 1599969 729819 1599969
V2 729819 1599969 688162 1558312
Net65 5 
V2 3148170 1426000 3143850 1421680
V2 3143850 1421680 2500000 1421680
V2 2500000 1421680 1875000 1586083
V2 1875000 1586083 807731 1586083
V2 807731 1586083 779960 1558312
Net66 5 
V2 3226110 1426000 3217470 1417360
V2 3217470 1417360 2500000 1417360
V2 2500000 1417360 1875000 1572198
V2 1875000 1572198 885645 1572198
V2 885645 1572198 871760 1558312
Net71 5 
V2 2797430 1382800 2793110 1387120
V2 2793110 1387120 2500000 1387120
V2 2500000 1387120 1875000 1484255
V2 1875000 1484255 385384 1484255
V2 385384 1484255 366870 1502770
Net74 5 
V2 3031252 1382800 3022612 1391440
V2 3022612 1391440 2500000 1391440
V2 2500000 1391440 1875000 1510704
V2 1875000 1510704 1011168 1510704
V2 1011168 1510704 963560 1558312
Net75 5 
V2 3187140 1382800 3174180 1395760
V2 3174180 1395760 2500000 1395760
V2 2500000 1395760 1875000 1518639
V2 1875000 1518639 1095033 1518639
V2 1095033 1518639 1055360 1558312
Net76 5 
V2 3343020 1382800 3325740 1400080
V2 3325740 1400080 2500000 1400080
V2 2500000 1400080 1875000 1526573
V2 1875000 1526573 1178899 1526573
V2 1178899 1526573 1147160 1558312
Net77 5 
V2 3420970 1382800 3399370 1404400
V2 3399370 1404400 2500000 1404400
V2 2500000 1404400 1875000 1534508
V2 1875000 1534508 1262764 1534508
V2 1262764 1534508 1238960 1558312
Net78 5 
V2 3498910 1382800 3472990 1408720
V2 3472990 1408720 2500000 1408720
V2 2500000 1408720 1875000 1542442
V2 1875000 1542442 1438420 1542442
V2 1438420 1542442 1422550 1558312
Net79 5 
V2 3576850 1382800 3546610 1413040
V2 3546610 1413040 2500000 1413040
V2 2500000 1413040 1875000 1550377
V2 1875000 1550377 1522285 1550377
V2 1522285 1550377 1514350 1558312
Net80 5 
V2 3654790 1382800 3633190 1361200
V2 3633190 1361200 2500000 1361200
V2 2500000 1361200 1875000 1465741
V2 1875000 1465741 312098 1465741
V2 312098 1465741 275070 1502770
