Nets 32
Net0 5 
V1 2767120 1737040 2761936 1742224
V1 2761936 1742224 2500000 1742224
V1 2500000 1742224 1875000 1854544
V1 1875000 1854544 497426 1854544
V1 497426 1854544 460400 1891570
Net1 5 
V1 2874502 1737040 2864134 1747408
V1 2864134 1747408 2500000 1747408
V1 2500000 1747408 1875000 1863801
V1 1875000 1863801 664839 1863801
V1 664839 1863801 637070 1891570
Net2 5 
V1 2981890 1737040 2966338 1752592
V1 2966338 1752592 2500000 1752592
V1 2500000 1752592 1875000 1873058
V1 1875000 1873058 743912 1873058
V1 743912 1873058 725400 1891570
Net3 5 
V1 3035582 1737040 3014846 1757776
V1 3014846 1757776 2500000 1757776
V1 2500000 1757776 1875000 1882315
V1 1875000 1882315 911325 1882315
V1 911325 1882315 902070 1891570
Net4 5 
V1 2793960 1711120 2788776 1716304
V1 2788776 1716304 2500000 1716304
V1 2500000 1716304 1875000 1802704
V1 1875000 1802704 626225 1802704
V1 626225 1802704 592900 1836030
Net5 5 
V1 2847660 1711120 2837292 1721488
V1 2837292 1721488 2500000 1721488
V1 2500000 1721488 1875000 1813813
V1 1875000 1813813 703454 1813813
V1 703454 1813813 681237 1836030
Net6 5 
V1 2901350 1711120 2885798 1726672
V1 2885798 1726672 2500000 1726672
V1 2500000 1726672 1875000 1824921
V1 1875000 1824921 780678 1824921
V1 780678 1824921 769570 1836030
Net7 5 
V1 2955042 1711120 2934306 1731856
V1 2934306 1731856 2500000 1731856
V1 2500000 1731856 1875000 1845287
V1 1875000 1845287 867164 1845287
V1 867164 1845287 857907 1836030
Net11 5 
V1 2767120 1685200 2760640 1678720
V1 2760640 1678720 2500000 1678720
V1 2500000 1678720 1875000 1791596
V1 1875000 1791596 460664 1791596
V1 460664 1791596 416230 1836030
Net17 5 
V1 2847660 1659280 2841180 1665760
V1 2841180 1665760 2500000 1665760
V1 2500000 1665760 1875000 1761968
V1 1875000 1761968 567252 1761968
V1 567252 1761968 548732 1780487
Net18 5 
V1 2901350 1659280 2888390 1672240
V1 2888390 1672240 2500000 1672240
V1 2500000 1672240 1875000 1771225
V1 1875000 1771225 734662 1771225
V1 734662 1771225 725400 1780487
Net33 5 
V1 2767120 1581520 2754160 1594480
V1 2754160 1594480 2500000 1594480
V1 2500000 1594480 1875000 1752711
V1 1875000 1752711 444001 1752711
V1 444001 1752711 416230 1724940
Net36 5 
V1 2928200 1581520 2923880 1577200
V1 2923880 1577200 2500000 1577200
V1 2500000 1577200 1875000 1743454
V1 1875000 1743454 1229754 1743454
V1 1229754 1743454 1211240 1724940
Net37 5 
V1 2981890 1581520 2973250 1572880
V1 2973250 1572880 2500000 1572880
V1 2500000 1572880 1875000 1734197
V1 1875000 1734197 1397167 1734197
V1 1397167 1734197 1387910 1724940
Net38 5 
V1 3035582 1581520 3022622 1568560
V1 3022622 1568560 2500000 1568560
V1 2500000 1568560 1875000 1713834
V1 1875000 1713834 1487356 1713834
V1 1487356 1713834 1476250 1724940
Net40 5 
V1 2901350 1555600 2896166 1550416
V1 2896166 1550416 2500000 1550416
V1 2500000 1550416 1875000 1680508
V1 1875000 1680508 902339 1680508
V1 902339 1680508 857907 1724940
Net41 5 
V1 2955042 1555600 2950722 1559920
V1 2950722 1559920 2500000 1559920
V1 2500000 1559920 1875000 1691617
V1 1875000 1691617 979563 1691617
V1 979563 1691617 946240 1724940
Net42 5 
V1 3062430 1555600 3053790 1564240
V1 3053790 1564240 2500000 1564240
V1 2500000 1564240 1875000 1702725
V1 1875000 1702725 1145124 1702725
V1 1145124 1702725 1122910 1724940
Net45 5 
V1 2874502 1529680 2869318 1534864
V1 2869318 1534864 2500000 1534864
V1 2500000 1534864 1875000 1648573
V1 1875000 1648573 1011236 1648573
V1 1011236 1648573 990410 1669400
Net46 5 
V1 2928200 1529680 2917832 1540048
V1 2917832 1540048 2500000 1540048
V1 2500000 1540048 1875000 1655516
V1 1875000 1655516 1092623 1655516
V1 1092623 1655516 1078740 1669400
Net47 5 
V1 3035582 1529680 3020030 1545232
V1 3020030 1545232 2500000 1545232
V1 2500000 1545232 1875000 1662459
V1 1875000 1662459 1350688 1662459
V1 1350688 1662459 1343747 1669400
Net48 5 
V1 2793960 1503760 2787480 1510240
V1 2787480 1510240 2500000 1510240
V1 2500000 1510240 1875000 1627745
V1 1875000 1627745 502054 1627745
V1 502054 1627745 460400 1669400
Net49 5 
V1 2847660 1503760 2834700 1516720
V1 2834700 1516720 2500000 1516720
V1 2500000 1516720 1875000 1634688
V1 1875000 1634688 583444 1634688
V1 583444 1634688 548732 1669400
Net50 5 
V1 2901350 1503760 2881910 1523200
V1 2881910 1523200 2500000 1523200
V1 2500000 1523200 1875000 1641631
V1 1875000 1641631 753169 1641631
V1 753169 1641631 725400 1669400
Net56 5 
V1 2820810 1477840 2815626 1483024
V1 2815626 1483024 2500000 1483024
V1 2500000 1483024 1875000 1580529
V1 1875000 1580529 449560 1580529
V1 449560 1580529 416230 1613860
Net57 5 
V1 2928200 1477840 2917832 1488208
V1 2917832 1488208 2500000 1488208
V1 2500000 1488208 1875000 1591638
V1 1875000 1591638 615122 1591638
V1 615122 1591638 592900 1613860
Net58 5 
V1 2981890 1477840 2966338 1493392
V1 2966338 1493392 2500000 1493392
V1 2500000 1493392 1875000 1602746
V1 1875000 1602746 1134023 1602746
V1 1134023 1602746 1122910 1613860
Net59 5 
V1 3035582 1477840 3014846 1498576
V1 3014846 1498576 2500000 1498576
V1 2500000 1498576 1875000 1620802
V1 1875000 1620802 953182 1620802
V1 953182 1620802 946240 1613860
Net60 5 
V1 2793960 1451920 2781000 1464880
V1 2781000 1464880 2500000 1464880
V1 2500000 1464880 1875000 1569421
V1 1875000 1569421 559841 1569421
V1 559841 1569421 548732 1558312
Net72 5 
V1 2847660 1400080 2841180 1406560
V1 2841180 1406560 2500000 1406560
V1 2500000 1406560 1875000 1465741
V1 1875000 1465741 541598 1465741
V1 541598 1465741 504570 1502770
Net73 5 
V1 2901350 1400080 2888390 1413040
V1 2888390 1413040 2500000 1413040
V1 2500000 1413040 1875000 1484255
V1 1875000 1484255 611414 1484255
V1 611414 1484255 592900 1502770
Net74 5 
V1 3008740 1400080 2989300 1419520
V1 2989300 1419520 2500000 1419520
V1 2500000 1419520 1875000 1530541
V1 1875000 1530541 1459851 1530541
V1 1459851 1530541 1432080 1558312
