Nets 34
Net0 5 
V1 2819080 1722230 2811144 1730165
V1 2811144 1730165 2500000 1730165
V1 2500000 1730165 1875000 1853000
V1 1875000 1853000 1065677 1853000
V1 1065677 1853000 1033277 1885400
Net1 5 
V1 3009602 1722230 2993732 1738100
V1 2993732 1738100 2500000 1738100
V1 2500000 1738100 1875000 1858400
V1 1875000 1858400 1191910 1858400
V1 1191910 1858400 1164910 1885400
Net2 5 
V1 3104870 1722230 3081065 1746034
V1 3081065 1746034 2500000 1746034
V1 2500000 1746034 1875000 1863800
V1 1875000 1863800 1252330 1863800
V1 1252330 1863800 1230730 1885400
Net3 5 
V1 3295390 1722230 3263651 1753969
V1 3263651 1753969 2500000 1753969
V1 2500000 1753969 1875000 1869200
V1 1875000 1869200 1378562 1869200
V1 1378562 1869200 1362362 1885400
Net4 5 
V1 3581180 1722230 3541506 1761903
V1 3541506 1761903 2500000 1761903
V1 2500000 1761903 1875000 1874600
V1 1875000 1874600 1438980 1874600
V1 1438980 1874600 1428180 1885400
Net5 5 
V1 3676440 1722230 3628832 1769838
V1 3628832 1769838 2500000 1769838
V1 2500000 1769838 1875000 1880000
V1 1875000 1880000 1565220 1880000
V1 1565220 1880000 1559820 1885400
Net7 5 
V1 3962230 1722230 3943716 1703716
V1 3943716 1703716 2500000 1703716
V1 2500000 1703716 1875000 1847600
V1 1875000 1847600 1532310 1847600
V1 1532310 1847600 1526910 1842200
Net8 5 
V1 4057492 1722230 4020464 1685202
V1 4020464 1685202 2500000 1685202
V1 2500000 1685202 1875000 1835000
V1 1875000 1835000 1599930 1835000
V1 1599930 1835000 1592730 1842200
Net10 5 
V1 2866710 1666687 2859767 1659744
V1 2859767 1659744 2500000 1659744
V1 2500000 1659744 1875000 1827800
V1 1875000 1827800 948950 1827800
V1 948950 1827800 934550 1842200
Net17 5 
V1 3628810 1666687 3614924 1652802
V1 3614924 1652802 2500000 1652802
V1 2500000 1652802 1875000 1820600
V1 1875000 1820600 1318150 1820600
V1 1318150 1820600 1296550 1799000
Net18 5 
V1 3724077 1666687 3703249 1645859
V1 3703249 1645859 2500000 1645859
V1 2500000 1645859 1875000 1813400
V1 1875000 1813400 1376762 1813400
V1 1376762 1813400 1362362 1799000
Net19 5 
V1 3819340 1666687 3791569 1638916
V1 3791569 1638916 2500000 1638916
V1 2500000 1638916 1875000 1806200
V1 1875000 1806200 1435380 1806200
V1 1435380 1806200 1428180 1799000
Net20 5 
V1 3914600 1666687 3879886 1631973
V1 3879886 1631973 2500000 1631973
V1 2500000 1631973 1875000 1794680
V1 1875000 1794680 1564140 1794680
V1 1564140 1794680 1559820 1799000
Net24 5 
V1 3009602 1611140 3002654 1618088
V1 3002654 1618088 2500000 1618088
V1 2500000 1618088 1875000 1786040
V1 1875000 1786040 1046237 1786040
V1 1046237 1786040 1033277 1799000
Net25 5 
V1 3104870 1611140 3090979 1625031
V1 3090979 1625031 2500000 1625031
V1 2500000 1625031 1875000 1790360
V1 1875000 1790360 1173550 1790360
V1 1173550 1790360 1164910 1799000
Net27 5 
V1 3295390 1611140 3289218 1604968
V1 3289218 1604968 2500000 1604968
V1 2500000 1604968 1875000 1781720
V1 1875000 1781720 1092102 1781720
V1 1092102 1781720 1066182 1755800
Net28 5 
V1 3485920 1611140 3473577 1598797
V1 3473577 1598797 2500000 1598797
V1 2500000 1598797 1875000 1777400
V1 1875000 1777400 1153600 1777400
V1 1153600 1777400 1132000 1755800
Net29 5 
V1 3581180 1611140 3562666 1592626
V1 3562666 1592626 2500000 1592626
V1 2500000 1592626 1875000 1773080
V1 1875000 1773080 1215100 1773080
V1 1215100 1773080 1197820 1755800
Net30 5 
V1 3771710 1611140 3747025 1586455
V1 3747025 1586455 2500000 1586455
V1 2500000 1586455 1875000 1768760
V1 1875000 1768760 1276600 1768760
V1 1276600 1768760 1263640 1755800
Net31 5 
V1 3866970 1611140 3836113 1580283
V1 3836113 1580283 2500000 1580283
V1 2500000 1580283 1875000 1764440
V1 1875000 1764440 1403910 1764440
V1 1403910 1764440 1395270 1755800
Net32 5 
V1 4057492 1611140 4020465 1574112
V1 4020465 1574112 2500000 1574112
V1 2500000 1574112 1875000 1760120
V1 1875000 1760120 1531230 1760120
V1 1531230 1760120 1526910 1755800
Net33 5 
V1 4152760 1611140 4109561 1567941
V1 4109561 1567941 2500000 1567941
V1 2500000 1567941 1875000 1734200
V1 1875000 1734200 890330 1734200
V1 890330 1734200 868730 1755800
Net35 5 
V1 3057237 1555600 3051067 1561770
V1 3051067 1561770 2500000 1561770
V1 2500000 1561770 1875000 1691000
V1 1875000 1691000 923240 1691000
V1 923240 1691000 901640 1712600
Net45 5 
V1 3009602 1500060 3002661 1507000
V1 3002661 1507000 2500000 1507000
V1 2500000 1507000 1875000 1631600
V1 1875000 1631600 1038170 1631600
V1 1038170 1631600 1000370 1669400
Net46 5 
V1 3200130 1500060 3186246 1513943
V1 3186246 1513943 2500000 1513943
V1 2500000 1513943 1875000 1637000
V1 1875000 1637000 1098582 1637000
V1 1098582 1637000 1066182 1669400
Net47 5 
V1 3295390 1500060 3274563 1520886
V1 3274563 1520886 2500000 1520886
V1 2500000 1520886 1875000 1642400
V1 1875000 1642400 1159000 1642400
V1 1159000 1642400 1132000 1669400
Net48 5 
V1 3485920 1500060 3458151 1527829
V1 3458151 1527829 2500000 1527829
V1 2500000 1527829 1875000 1647800
V1 1875000 1647800 1285240 1647800
V1 1285240 1647800 1263640 1669400
Net49 5 
V1 3581180 1500060 3546468 1534771
V1 3546468 1534771 2500000 1534771
V1 2500000 1534771 1875000 1653200
V1 1875000 1653200 1411470 1653200
V1 1411470 1653200 1395270 1669400
Net50 5 
V1 3771710 1500060 3730055 1541714
V1 3730055 1541714 2500000 1541714
V1 2500000 1541714 1875000 1658600
V1 1875000 1658600 1537710 1658600
V1 1537710 1658600 1526910 1669400
Net51 5 
V1 3866970 1500060 3818372 1548657
V1 3818372 1548657 2500000 1548657
V1 2500000 1548657 1875000 1664000
V1 1875000 1664000 1598130 1664000
V1 1598130 1664000 1592730 1669400
Net53 5 
V1 4152760 1500060 4124988 1472288
V1 4124988 1472288 2500000 1472288
V1 2500000 1472288 1875000 1561400
V1 1875000 1561400 890330 1561400
V1 890330 1561400 868730 1583000
Net71 5 
V1 3581180 1388970 3553408 1416741
V1 3553408 1416741 2500000 1416741
V1 2500000 1416741 1875000 1525400
V1 1875000 1525400 1179310 1525400
V1 1179310 1525400 1164910 1539800
Net77 5 
V1 4152760 1388970 4134246 1370456
V1 4134246 1370456 2500000 1370456
V1 2500000 1370456 1875000 1511000
V1 1875000 1511000 883130 1511000
V1 883130 1511000 868730 1496600
Net81 5 
V1 3247760 1333430 3229248 1351942
V1 3229248 1351942 2500000 1351942
V1 2500000 1351942 1875000 1475000
V1 1875000 1475000 1087782 1475000
V1 1087782 1475000 1066182 1496600
