Nets 40
Net0 5 
V1 2782270 1728400 2776097 1734572
V1 2776097 1734572 2500000 1734572
V1 2500000 1734572 1875000 1856600
V1 1875000 1856600 1062077 1856600
V1 1062077 1856600 1033277 1885400
Net1 5 
V1 2913910 1728400 2901566 1740743
V1 2901566 1740743 2500000 1740743
V1 2500000 1740743 1875000 1861400
V1 1875000 1861400 1188910 1861400
V1 1188910 1861400 1164910 1885400
Net2 5 
V1 2979730 1728400 2961215 1746915
V1 2961215 1746915 2500000 1746915
V1 2500000 1746915 1875000 1866200
V1 1875000 1866200 1249930 1866200
V1 1249930 1866200 1230730 1885400
Net3 5 
V1 3111360 1728400 3086673 1753086
V1 3086673 1753086 2500000 1753086
V1 2500000 1753086 1875000 1871000
V1 1875000 1871000 1376762 1871000
V1 1376762 1871000 1362362 1885400
Net4 5 
V1 3177180 1728400 3146322 1759257
V1 3146322 1759257 2500000 1759257
V1 2500000 1759257 1875000 1875800
V1 1875000 1875800 1437780 1875800
V1 1437780 1875800 1428180 1885400
Net5 5 
V1 3308817 1728400 3271788 1765428
V1 3271788 1765428 2500000 1765428
V1 2500000 1765428 1875000 1880600
V1 1875000 1880600 1564620 1880600
V1 1564620 1880600 1559820 1885400
Net7 5 
V1 2815180 1685200 2800780 1699600
V1 2800780 1699600 2500000 1699600
V1 2500000 1699600 1875000 1847000
V1 1875000 1847000 939350 1847000
V1 939350 1847000 934550 1842200
Net8 5 
V1 2881000 1685200 2866600 1670800
V1 2866600 1670800 2500000 1670800
V1 2500000 1670800 1875000 1827800
V1 1875000 1827800 1014770 1827800
V1 1014770 1827800 1000370 1842200
Net16 5 
V1 3539180 1685200 3510380 1714000
V1 3510380 1714000 2500000 1714000
V1 2500000 1714000 1875000 1851800
V1 1875000 1851800 878330 1851800
V1 878330 1851800 868730 1842200
Net17 5 
V1 2782270 1642000 2773630 1633360
V1 2773630 1633360 2500000 1633360
V1 2500000 1633360 1875000 1790360
V1 1875000 1790360 976100 1790360
V1 976100 1790360 967460 1799000
Net18 5 
V1 2848090 1642000 2833690 1656400
V1 2833690 1656400 2500000 1656400
V1 2500000 1656400 1875000 1813400
V1 1875000 1813400 1047677 1813400
V1 1047677 1813400 1033277 1799000
Net25 5 
V1 3506270 1642000 3488990 1624720
V1 3488990 1624720 2500000 1624720
V1 2500000 1624720 1875000 1781720
V1 1875000 1781720 853100 1781720
V1 853100 1781720 835820 1799000
Net26 5 
V1 2815180 1598800 2806540 1607440
V1 2806540 1607440 2500000 1607440
V1 2500000 1607440 1875000 1764440
V1 1875000 1764440 943190 1764440
V1 943190 1764440 934550 1755800
Net27 5 
V1 2881000 1598800 2866600 1584400
V1 2866600 1584400 2500000 1584400
V1 2500000 1584400 1875000 1741400
V1 1875000 1741400 1014770 1741400
V1 1014770 1741400 1000370 1755800
Net35 5 
V1 3539180 1598800 3521900 1616080
V1 3521900 1616080 2500000 1616080
V1 2500000 1616080 1875000 1773080
V1 1875000 1773080 886010 1773080
V1 886010 1773080 868730 1755800
Net36 5 
V1 2782270 1555600 2777470 1550800
V1 2777470 1550800 2500000 1550800
V1 2500000 1550800 1875000 1691000
V1 1875000 1691000 923240 1691000
V1 923240 1691000 901640 1712600
Net37 5 
V1 2848090 1555600 2833690 1570000
V1 2833690 1570000 2500000 1570000
V1 2500000 1570000 1875000 1727000
V1 1875000 1727000 1047677 1727000
V1 1047677 1727000 1033277 1712600
Net44 5 
V1 2881000 1512400 2876200 1507600
V1 2876200 1507600 2500000 1507600
V1 2500000 1507600 1875000 1631000
V1 1875000 1631000 972950 1631000
V1 972950 1631000 934550 1669400
Net45 5 
V1 2946820 1512400 2942020 1517200
V1 2942020 1517200 2500000 1517200
V1 2500000 1517200 1875000 1635800
V1 1875000 1635800 1033970 1635800
V1 1033970 1635800 1000370 1669400
Net46 5 
V1 3012637 1512400 3003037 1522000
V1 3003037 1522000 2500000 1522000
V1 2500000 1522000 1875000 1640600
V1 1875000 1640600 1094982 1640600
V1 1094982 1640600 1066182 1669400
Net47 5 
V1 3078450 1512400 3064050 1526800
V1 3064050 1526800 2500000 1526800
V1 2500000 1526800 1875000 1645400
V1 1875000 1645400 1156000 1645400
V1 1156000 1645400 1132000 1669400
Net48 5 
V1 3210090 1512400 3190890 1531600
V1 3190890 1531600 2500000 1531600
V1 2500000 1531600 1875000 1650200
V1 1875000 1650200 1282840 1650200
V1 1282840 1650200 1263640 1669400
Net49 5 
V1 3275910 1512400 3251910 1536400
V1 3251910 1536400 2500000 1536400
V1 2500000 1536400 1875000 1655000
V1 1875000 1655000 1409670 1655000
V1 1409670 1655000 1395270 1669400
Net50 5 
V1 3341722 1512400 3312922 1541200
V1 3312922 1541200 2500000 1541200
V1 2500000 1541200 1875000 1659800
V1 1875000 1659800 1536510 1659800
V1 1536510 1659800 1526910 1669400
Net51 5 
V1 3473360 1512400 3439760 1546000
V1 3439760 1546000 2500000 1546000
V1 2500000 1546000 1875000 1664600
V1 1875000 1664600 1597530 1664600
V1 1597530 1664600 1592730 1669400
Net52 5 
V1 2782270 1469200 2777470 1474000
V1 2777470 1474000 2500000 1474000
V1 2500000 1474000 1875000 1595960
V1 1875000 1595960 931880 1595960
V1 931880 1595960 901640 1626200
Net53 5 
V1 2848090 1469200 2838490 1478800
V1 2838490 1478800 2500000 1478800
V1 2500000 1478800 1875000 1600280
V1 1875000 1600280 993380 1600280
V1 993380 1600280 967460 1626200
Net54 5 
V1 2979730 1469200 2965330 1483600
V1 2965330 1483600 2500000 1483600
V1 2500000 1483600 1875000 1604600
V1 1875000 1604600 1120690 1604600
V1 1120690 1604600 1099090 1626200
Net57 5 
V1 3243000 1469200 3223800 1488400
V1 3223800 1488400 2500000 1488400
V1 2500000 1488400 1875000 1608920
V1 1875000 1608920 1379642 1608920
V1 1379642 1608920 1362362 1626200
Net58 5 
V1 3308817 1469200 3284817 1493200
V1 3284817 1493200 2500000 1493200
V1 2500000 1493200 1875000 1613240
V1 1875000 1613240 1441140 1613240
V1 1441140 1613240 1428180 1626200
Net59 5 
V1 3374630 1469200 3345830 1498000
V1 3345830 1498000 2500000 1498000
V1 2500000 1498000 1875000 1617560
V1 1875000 1617560 1502640 1617560
V1 1502640 1617560 1494000 1626200
Net60 5 
V1 3440450 1469200 3406850 1502800
V1 3406850 1502800 2500000 1502800
V1 2500000 1502800 1875000 1621880
V1 1875000 1621880 1564140 1621880
V1 1564140 1621880 1559820 1626200
Net62 5 
V1 2815180 1426000 2800780 1440400
V1 2800780 1440400 2500000 1440400
V1 2500000 1440400 1875000 1587320
V1 1875000 1587320 938870 1587320
V1 938870 1587320 934550 1583000
Net63 5 
V1 2946820 1426000 2932420 1411600
V1 2932420 1411600 2500000 1411600
V1 2500000 1411600 1875000 1568600
V1 1875000 1568600 1014770 1568600
V1 1014770 1568600 1000370 1583000
Net70 5 
V1 3539180 1426000 3510380 1454800
V1 3510380 1454800 2500000 1454800
V1 2500000 1454800 1875000 1591640
V1 1875000 1591640 877370 1591640
V1 877370 1591640 868730 1583000
Net71 5 
V1 2782270 1382800 2773630 1374160
V1 2773630 1374160 2500000 1374160
V1 2500000 1374160 1875000 1531160
V1 1875000 1531160 976100 1531160
V1 976100 1531160 967460 1539800
Net72 5 
V1 2848090 1382800 2833690 1397200
V1 2833690 1397200 2500000 1397200
V1 2500000 1397200 1875000 1554200
V1 1875000 1554200 1047677 1554200
V1 1047677 1554200 1033277 1539800
Net80 5 
V1 3506270 1382800 3488990 1365520
V1 3488990 1365520 2500000 1365520
V1 2500000 1365520 1875000 1522520
V1 1875000 1522520 853100 1522520
V1 853100 1522520 835820 1539800
Net81 5 
V1 2815180 1339600 2806540 1348240
V1 2806540 1348240 2500000 1348240
V1 2500000 1348240 1875000 1505240
V1 1875000 1505240 1074822 1505240
V1 1074822 1505240 1066182 1496600
Net87 5 
V1 3539180 1339600 3521900 1356880
V1 3521900 1356880 2500000 1356880
V1 2500000 1356880 1875000 1513880
V1 1875000 1513880 886010 1513880
V1 886010 1513880 868730 1496600
