Nets 42
Net0 5 
V1 2808250 1728400 2799610 1737040
V1 2799610 1737040 2500000 1737040
V1 2500000 1737040 1875000 1859480
V1 1875000 1859480 1329850 1859480
V1 1329850 1859480 1312570 1876760
Net1 5 
V1 2981460 1728400 2964180 1745680
V1 2964180 1745680 2500000 1745680
V1 2500000 1745680 1875000 1863800
V1 1875000 1863800 1432917 1863800
V1 1432917 1863800 1419957 1876760
Net2 5 
V1 3068060 1728400 3042140 1754320
V1 3042140 1754320 2500000 1754320
V1 2500000 1754320 1875000 1868120
V1 1875000 1868120 1535980 1868120
V1 1535980 1868120 1527340 1876760
Net3 5 
V1 3241267 1728400 3206707 1762960
V1 3206707 1762960 2500000 1762960
V1 2500000 1762960 1875000 1872440
V1 1875000 1872440 1585360 1872440
V1 1585360 1872440 1581040 1876760
Net6 5 
V1 3760880 1728400 3754708 1722228
V1 3754708 1722228 2500000 1722228
V1 2500000 1722228 1875000 1855160
V1 1875000 1855160 1280472 1855160
V1 1280472 1855160 1258872 1876760
Net7 5 
V1 2851552 1685200 2845380 1691372
V1 2845380 1691372 2500000 1691372
V1 2500000 1691372 1875000 1829240
V1 1875000 1829240 1316890 1829240
V1 1316890 1829240 1312570 1824920
Net8 5 
V1 2938160 1685200 2929520 1676560
V1 2929520 1676560 2500000 1676560
V1 2500000 1676560 1875000 1811960
V1 1875000 1811960 1379220 1811960
V1 1379220 1811960 1366260 1824920
Net9 5 
V1 3024760 1685200 3012416 1697543
V1 3012416 1697543 2500000 1697543
V1 2500000 1697543 1875000 1833560
V1 1875000 1833560 1356697 1833560
V1 1356697 1833560 1339417 1850840
Net10 5 
V1 3111360 1685200 3092845 1703715
V1 3092845 1703715 2500000 1703715
V1 2500000 1703715 1875000 1837880
V1 1875000 1837880 1406070 1837880
V1 1406070 1837880 1393110 1850840
Net11 5 
V1 3197962 1685200 3173276 1709886
V1 3173276 1709886 2500000 1709886
V1 2500000 1709886 1875000 1842200
V1 1875000 1842200 1455440 1842200
V1 1455440 1842200 1446800 1850840
Net12 5 
V1 3371170 1685200 3340312 1716057
V1 3340312 1716057 2500000 1716057
V1 2500000 1716057 1875000 1846520
V1 1875000 1846520 1504817 1846520
V1 1504817 1846520 1500497 1850840
Net17 5 
V1 2808250 1642000 2801050 1634800
V1 2801050 1634800 2500000 1634800
V1 2500000 1634800 1875000 1778264
V1 1875000 1778264 1360153 1778264
V1 1360153 1778264 1339417 1799000
Net18 5 
V1 2894857 1642000 2886217 1650640
V1 2886217 1650640 2500000 1650640
V1 2500000 1650640 1875000 1783448
V1 1875000 1783448 1408662 1783448
V1 1408662 1783448 1393110 1799000
Net19 5 
V1 3068060 1642000 3050780 1659280
V1 3050780 1659280 2500000 1659280
V1 2500000 1659280 1875000 1788632
V1 1875000 1788632 1457168 1788632
V1 1457168 1788632 1446800 1799000
Net20 5 
V1 3241267 1642000 3215347 1667920
V1 3215347 1667920 2500000 1667920
V1 2500000 1667920 1875000 1793816
V1 1875000 1793816 1505681 1793816
V1 1505681 1793816 1500497 1799000
Net22 5 
V1 3414470 1642000 3400070 1627600
V1 3400070 1627600 2500000 1627600
V1 2500000 1627600 1875000 1764440
V1 1875000 1764440 1535980 1764440
V1 1535980 1764440 1527340 1773080
Net26 5 
V1 2851552 1598800 2840752 1588000
V1 2840752 1588000 2500000 1588000
V1 2500000 1588000 1875000 1703960
V1 1875000 1703960 1329850 1703960
V1 1329850 1703960 1312570 1721240
Net27 5 
V1 2938160 1598800 2930960 1606000
V1 2930960 1606000 2500000 1606000
V1 2500000 1606000 1875000 1712600
V1 1875000 1712600 1374900 1712600
V1 1374900 1712600 1366260 1721240
Net28 5 
V1 3024760 1598800 3010360 1613200
V1 3010360 1613200 2500000 1613200
V1 2500000 1613200 1875000 1734200
V1 1875000 1734200 1406070 1734200
V1 1406070 1734200 1393110 1747160
Net30 5 
V1 3284570 1598800 3262970 1620400
V1 3262970 1620400 2500000 1620400
V1 2500000 1620400 1875000 1755800
V1 1875000 1755800 1329850 1755800
V1 1329850 1755800 1312570 1773080
Net36 5 
V1 2808250 1555600 2801050 1548400
V1 2801050 1548400 2500000 1548400
V1 2500000 1548400 1875000 1675880
V1 1875000 1675880 1358857 1675880
V1 1358857 1675880 1339417 1695320
Net39 5 
V1 3241267 1555600 3230467 1566400
V1 3230467 1566400 2500000 1566400
V1 2500000 1566400 1875000 1682360
V1 1875000 1682360 1513457 1682360
V1 1513457 1682360 1500497 1695320
Net40 5 
V1 3414470 1555600 3392870 1577200
V1 3392870 1577200 2500000 1577200
V1 2500000 1577200 1875000 1688840
V1 1875000 1688840 1614360 1688840
V1 1614360 1688840 1607880 1695320
Net45 5 
V1 3024760 1512400 3017560 1519600
V1 3017560 1519600 2500000 1519600
V1 2500000 1519600 1875000 1626200
V1 1875000 1626200 1410390 1626200
V1 1410390 1626200 1393110 1643480
Net46 5 
V1 3111360 1512400 3096960 1526800
V1 3096960 1526800 2500000 1526800
V1 2500000 1526800 1875000 1634840
V1 1875000 1634840 1455440 1634840
V1 1455440 1634840 1446800 1643480
Net47 5 
V1 3197962 1512400 3176362 1534000
V1 3176362 1534000 2500000 1534000
V1 2500000 1534000 1875000 1652120
V1 1875000 1652120 1329850 1652120
V1 1329850 1652120 1312570 1669400
Net51 5 
V1 3717580 1512400 3688780 1541200
V1 3688780 1541200 2500000 1541200
V1 2500000 1541200 1875000 1660760
V1 1875000 1660760 1589680 1660760
V1 1589680 1660760 1581040 1669400
Net52 5 
V1 2808250 1469200 2799610 1477840
V1 2799610 1477840 2500000 1477840
V1 2500000 1477840 1875000 1596824
V1 1875000 1596824 1333306 1596824
V1 1333306 1596824 1312570 1617560
Net53 5 
V1 2894857 1469200 2877577 1486480
V1 2877577 1486480 2500000 1486480
V1 2500000 1486480 1875000 1602008
V1 1875000 1602008 1381812 1602008
V1 1381812 1602008 1366260 1617560
Net54 5 
V1 3068060 1469200 3042140 1495120
V1 3042140 1495120 2500000 1495120
V1 2500000 1495120 1875000 1607192
V1 1875000 1607192 1484018 1607192
V1 1484018 1607192 1473650 1617560
Net56 5 
V1 3327870 1469200 3317070 1458400
V1 3317070 1458400 2500000 1458400
V1 2500000 1458400 1875000 1578680
V1 1875000 1578680 1620840 1578680
V1 1620840 1578680 1607880 1591640
Net58 5 
V1 3501070 1469200 3466510 1503760
V1 3466510 1503760 2500000 1503760
V1 2500000 1503760 1875000 1612376
V1 1875000 1612376 1532524 1612376
V1 1532524 1612376 1527340 1617560
Net63 5 
V1 3024760 1426000 3013960 1436800
V1 3013960 1436800 2500000 1436800
V1 2500000 1436800 1875000 1552760
V1 1875000 1552760 1325530 1552760
V1 1325530 1552760 1312570 1565720
Net66 5 
V1 3284570 1426000 3262970 1447600
V1 3262970 1447600 2500000 1447600
V1 2500000 1447600 1875000 1559240
V1 1875000 1559240 1372740 1559240
V1 1372740 1559240 1366260 1565720
Net75 5 
V1 3241267 1382800 3235095 1388972
V1 3235095 1388972 2500000 1388972
V1 2500000 1388972 1875000 1500920
V1 1875000 1500920 1486610 1500920
V1 1486610 1500920 1473650 1513880
Net76 5 
V1 3414470 1382800 3402126 1395143
V1 3402126 1395143 2500000 1395143
V1 2500000 1395143 1875000 1505240
V1 1875000 1505240 1535980 1505240
V1 1535980 1505240 1527340 1513880
Net77 5 
V1 3501070 1382800 3482555 1401315
V1 3482555 1401315 2500000 1401315
V1 2500000 1401315 1875000 1509560
V1 1875000 1509560 1585360 1509560
V1 1585360 1509560 1581040 1513880
Net78 5 
V1 3587677 1382800 3562991 1407486
V1 3562991 1407486 2500000 1407486
V1 2500000 1407486 1875000 1522520
V1 1875000 1522520 1571470 1522520
V1 1571470 1522520 1554190 1539800
Net79 5 
V1 3674280 1382800 3643422 1413657
V1 3643422 1413657 2500000 1413657
V1 2500000 1413657 1875000 1531160
V1 1875000 1531160 1616520 1531160
V1 1616520 1531160 1607880 1539800
Net80 5 
V1 3760880 1382800 3723851 1419828
V1 3723851 1419828 2500000 1419828
V1 2500000 1419828 1875000 1546280
V1 1875000 1546280 1278312 1546280
V1 1278312 1546280 1258872 1565720
Net81 5 
V1 2851552 1339600 2837152 1354000
V1 2837152 1354000 2500000 1354000
V1 2500000 1354000 1875000 1492280
V1 1875000 1492280 1334170 1492280
V1 1334170 1492280 1312570 1513880
Net82 5 
V1 3024760 1339600 2995960 1368400
V1 2995960 1368400 2500000 1368400
V1 2500000 1368400 1875000 1496600
V1 1875000 1496600 1383540 1496600
V1 1383540 1496600 1366260 1513880
