Nets 15
Net8 5 
M2 3008740 1711120 3000100 1719760
M2 3000100 1719760 2500000 1719760
M2 2500000 1719760 1875000 1863801
M2 1875000 1863801 1018179 1863801
M2 1018179 1863801 990410 1891570
Net9 5 
M2 3062430 1711120 3045150 1728400
M2 3045150 1728400 2500000 1728400
M2 2500000 1728400 1875000 1877686
M2 1875000 1877686 1180963 1877686
M2 1180963 1877686 1167080 1891570
Net10 5 
M2 3116127 1711120 3107487 1702480
M2 3107487 1702480 2500000 1702480
M2 2500000 1702480 1875000 1849915
M2 1875000 1849915 341785 1849915
M2 341785 1849915 327900 1836030
Net12 5 
M2 2820810 1685200 2812170 1693840
M2 2812170 1693840 2500000 1693840
M2 2500000 1693840 1875000 1817515
M2 1875000 1817515 523084 1817515
M2 523084 1817515 504570 1836030
Net16 5 
M2 2793960 1659280 2781000 1672240
M2 2781000 1672240 2500000 1672240
M2 2500000 1672240 1875000 1799001
M2 1875000 1799001 478914 1799001
M2 478914 1799001 460400 1780487
Net28 5 
M2 2847660 1607440 2841180 1613920
M2 2841180 1613920 2500000 1613920
M2 2500000 1613920 1875000 1738825
M2 1875000 1738825 943732 1738825
M2 943732 1738825 902070 1780487
Net29 5 
M2 2901350 1607440 2888390 1620400
M2 2888390 1620400 2500000 1620400
M2 2500000 1620400 1875000 1752711
M2 1875000 1752711 1371524 1752711
M2 1371524 1752711 1343747 1780487
Net30 5 
M2 3008740 1607440 2989300 1626880
M2 2989300 1626880 2500000 1626880
M2 2500000 1626880 1875000 1766596
M2 1875000 1766596 1534303 1766596
M2 1534303 1766596 1520412 1780487
Net32 5 
M2 3116127 1607440 3103167 1594480
M2 3103167 1594480 2500000 1594480
M2 2500000 1594480 1875000 1697171
M2 1875000 1697171 355668 1697171
M2 355668 1697171 327900 1724940
Net44 5 
M2 2767120 1529680 2754160 1542640
M2 2754160 1542640 2500000 1542640
M2 2500000 1542640 1875000 1641631
M2 1875000 1641631 841508 1641631
M2 841508 1641631 813740 1669400
Net52 5 
M2 3008740 1503760 2995780 1516720
M2 2995780 1516720 2500000 1516720
M2 2500000 1516720 1875000 1595340
M2 1875000 1595340 1229759 1595340
M2 1229759 1595340 1211240 1613860
Net54 5 
M2 3116127 1503760 3107487 1495120
M2 3107487 1495120 2500000 1495120
M2 2500000 1495120 1875000 1576826
M2 1875000 1576826 364933 1576826
M2 364933 1576826 327900 1613860
Net55 5 
M2 2767120 1477840 2758480 1486480
M2 2758480 1486480 2500000 1486480
M2 2500000 1486480 1875000 1539798
M2 1875000 1539798 478914 1539798
M2 478914 1539798 460400 1558312
Net71 5 
M2 2793960 1400080 2785320 1408720
M2 2785320 1408720 2500000 1408720
M2 2500000 1408720 1875000 1474998
M2 1875000 1474998 444001 1474998
M2 444001 1474998 416230 1502770
Net76 5 
M2 3116127 1400080 3098847 1417360
M2 3098847 1417360 2500000 1417360
M2 2500000 1417360 1875000 1521284
M2 1875000 1521284 346414 1521284
M2 346414 1521284 327900 1502770
