Nets 66
Net0 5 
V1 2754130 1737040 2748946 1742224
V1 2748946 1742224 2500000 1742224
V1 2500000 1742224 1875000 1859480
V1 1875000 1859480 1400000 1859480
V1 1400000 1859480 1382720 1876760
Net1 5 
V1 2840730 1737040 2830362 1747408
V1 2830362 1747408 2500000 1747408
V1 2500000 1747408 1875000 1863800
V1 1875000 1863800 1482280 1863800
V1 1482280 1863800 1469320 1876760
Net2 5 
V1 2927330 1737040 2911778 1752592
V1 2911778 1752592 2500000 1752592
V1 2500000 1752592 1875000 1868120
V1 1875000 1868120 1564560 1868120
V1 1564560 1868120 1555920 1876760
Net3 5 
V1 2970630 1737040 2949894 1757776
V1 2949894 1757776 2500000 1757776
V1 2500000 1757776 1875000 1872440
V1 1875000 1872440 1603540 1872440
V1 1603540 1872440 1599220 1876760
Net6 5 
V1 2862380 1711120 2858060 1715440
V1 2858060 1715440 2500000 1715440
V1 2500000 1715440 1875000 1833560
V1 1875000 1833560 1508250 1833560
V1 1508250 1833560 1490970 1850840
Net7 5 
V1 2905680 1711120 2897040 1719760
V1 2897040 1719760 2500000 1719760
V1 2500000 1719760 1875000 1837880
V1 1875000 1837880 1547230 1837880
V1 1547230 1837880 1534270 1850840
Net8 5 
V1 2948980 1711120 2936020 1724080
V1 2936020 1724080 2500000 1724080
V1 2500000 1724080 1875000 1842200
V1 1875000 1842200 1586210 1842200
V1 1586210 1842200 1577570 1850840
Net9 5 
V1 2992280 1711120 2975000 1728400
V1 2975000 1728400 2500000 1728400
V1 2500000 1728400 1875000 1846520
V1 1875000 1846520 1625190 1846520
V1 1625190 1846520 1620870 1850840
Net10 5 
V1 3035582 1711120 3013982 1732720
V1 3013982 1732720 2500000 1732720
V1 2500000 1732720 1875000 1855160
V1 1875000 1855160 1361017 1855160
V1 1361017 1855160 1339417 1876760
Net11 5 
V1 2754130 1685200 2749810 1689520
V1 2749810 1689520 2500000 1689520
V1 2500000 1689520 1875000 1807640
V1 1875000 1807640 1400000 1807640
V1 1400000 1807640 1382720 1824920
Net12 5 
V1 2797430 1685200 2788790 1693840
V1 2788790 1693840 2500000 1693840
V1 2500000 1693840 1875000 1811960
V1 1875000 1811960 1438980 1811960
V1 1438980 1811960 1426020 1824920
Net13 5 
V1 2884030 1685200 2871070 1698160
V1 2871070 1698160 2500000 1698160
V1 2500000 1698160 1875000 1816280
V1 1875000 1816280 1521260 1816280
V1 1521260 1816280 1512620 1824920
Net14 5 
V1 2927330 1685200 2910050 1702480
V1 2910050 1702480 2500000 1702480
V1 2500000 1702480 1875000 1820600
V1 1875000 1820600 1560240 1820600
V1 1560240 1820600 1555920 1824920
Net15 5 
V1 3013932 1685200 2992332 1706800
V1 2992332 1706800 2500000 1706800
V1 2500000 1706800 1875000 1829240
V1 1875000 1829240 1603540 1829240
V1 1603540 1829240 1599220 1824920
Net18 5 
V1 2862380 1659280 2853740 1650640
V1 2853740 1650640 2500000 1650640
V1 2500000 1650640 1875000 1779560
V1 1875000 1779560 1510410 1779560
V1 1510410 1779560 1490970 1799000
Net19 5 
V1 2948980 1659280 2942500 1665760
V1 2942500 1665760 2500000 1665760
V1 2500000 1665760 1875000 1786040
V1 1875000 1786040 1547230 1786040
V1 1547230 1786040 1534270 1799000
Net20 5 
V1 2992280 1659280 2979320 1672240
V1 2979320 1672240 2500000 1672240
V1 2500000 1672240 1875000 1792520
V1 1875000 1792520 1627350 1792520
V1 1627350 1792520 1620870 1799000
Net21 5 
V1 3035582 1659280 3016142 1678720
V1 3016142 1678720 2500000 1678720
V1 2500000 1678720 1875000 1803320
V1 1875000 1803320 1361017 1803320
V1 1361017 1803320 1339417 1824920
Net22 5 
V1 2754130 1633360 2745490 1642000
V1 2745490 1642000 2500000 1642000
V1 2500000 1642000 1875000 1764440
V1 1875000 1764440 1391360 1764440
V1 1391360 1764440 1382720 1773080
Net27 5 
V1 2775780 1607440 2771460 1611760
V1 2771460 1611760 2500000 1611760
V1 2500000 1611760 1875000 1726424
V1 1875000 1726424 1425106 1726424
V1 1425106 1726424 1404370 1747160
Net28 5 
V1 2819080 1607440 2810440 1616080
V1 2810440 1616080 2500000 1616080
V1 2500000 1616080 1875000 1731608
V1 1875000 1731608 1463222 1731608
V1 1463222 1731608 1447670 1747160
Net29 5 
V1 2862380 1607440 2849420 1620400
V1 2849420 1620400 2500000 1620400
V1 2500000 1620400 1875000 1736792
V1 1875000 1736792 1501338 1736792
V1 1501338 1736792 1490970 1747160
Net31 5 
V1 2992280 1607440 2975000 1624720
V1 2975000 1624720 2500000 1624720
V1 2500000 1624720 1875000 1741976
V1 1875000 1741976 1626054 1741976
V1 1626054 1741976 1620870 1747160
Net32 5 
V1 3035582 1607440 3013982 1629040
V1 3013982 1629040 2500000 1629040
V1 2500000 1629040 1875000 1755800
V1 1875000 1755800 1356697 1755800
V1 1356697 1755800 1339417 1773080
Net33 5 
V1 2754130 1581520 2748946 1586704
V1 2748946 1586704 2500000 1586704
V1 2500000 1586704 1875000 1703960
V1 1875000 1703960 1400000 1703960
V1 1400000 1703960 1382720 1721240
Net35 5 
V1 2840730 1581520 2830362 1591888
V1 2830362 1591888 2500000 1591888
V1 2500000 1591888 1875000 1708280
V1 1875000 1708280 1482280 1708280
V1 1482280 1708280 1469320 1721240
Net36 5 
V1 2884030 1581520 2868478 1597072
V1 2868478 1597072 2500000 1597072
V1 2500000 1597072 1875000 1712600
V1 1875000 1712600 1521260 1712600
V1 1521260 1712600 1512620 1721240
Net38 5 
V1 2970630 1581520 2949894 1602256
V1 2949894 1602256 2500000 1602256
V1 2500000 1602256 1875000 1716920
V1 1875000 1716920 1603540 1716920
V1 1603540 1716920 1599220 1721240
Net39 5 
V1 2775780 1555600 2771460 1559920
V1 2771460 1559920 2500000 1559920
V1 2500000 1559920 1875000 1674584
V1 1875000 1674584 1425106 1674584
V1 1425106 1674584 1404370 1695320
Net40 5 
V1 2862380 1555600 2853740 1564240
V1 2853740 1564240 2500000 1564240
V1 2500000 1564240 1875000 1679768
V1 1875000 1679768 1506522 1679768
V1 1506522 1679768 1490970 1695320
Net41 5 
V1 2905680 1555600 2892720 1568560
V1 2892720 1568560 2500000 1568560
V1 2500000 1568560 1875000 1684952
V1 1875000 1684952 1544638 1684952
V1 1544638 1684952 1534270 1695320
Net42 5 
V1 2992280 1555600 2975000 1572880
V1 2975000 1572880 2500000 1572880
V1 2500000 1572880 1875000 1690136
V1 1875000 1690136 1626054 1690136
V1 1626054 1690136 1620870 1695320
Net43 5 
V1 3035582 1555600 3013982 1577200
V1 3013982 1577200 2500000 1577200
V1 2500000 1577200 1875000 1699640
V1 1875000 1699640 1361017 1699640
V1 1361017 1699640 1339417 1721240
Net45 5 
V1 2840730 1529680 2834250 1536160
V1 2834250 1536160 2500000 1536160
V1 2500000 1536160 1875000 1653848
V1 1875000 1653848 1484872 1653848
V1 1484872 1653848 1469320 1669400
Net46 5 
V1 2884030 1529680 2871070 1542640
V1 2871070 1542640 2500000 1542640
V1 2500000 1542640 1875000 1659032
V1 1875000 1659032 1522988 1659032
V1 1522988 1659032 1512620 1669400
Net47 5 
V1 2970630 1529680 2951190 1549120
V1 2951190 1549120 2500000 1549120
V1 2500000 1549120 1875000 1664216
V1 1875000 1664216 1604404 1664216
V1 1604404 1664216 1599220 1669400
Net49 5 
V1 2819080 1503760 2814760 1508080
V1 2814760 1508080 2500000 1508080
V1 2500000 1508080 1875000 1622744
V1 1875000 1622744 1468406 1622744
V1 1468406 1622744 1447670 1643480
Net50 5 
V1 2862380 1503760 2853740 1512400
V1 2853740 1512400 2500000 1512400
V1 2500000 1512400 1875000 1627928
V1 1875000 1627928 1506522 1627928
V1 1506522 1627928 1490970 1643480
Net52 5 
V1 2948980 1503760 2936020 1516720
V1 2936020 1516720 2500000 1516720
V1 2500000 1516720 1875000 1633112
V1 1875000 1633112 1587938 1633112
V1 1587938 1633112 1577570 1643480
Net53 5 
V1 2992280 1503760 2975000 1521040
V1 2975000 1521040 2500000 1521040
V1 2500000 1521040 1875000 1638296
V1 1875000 1638296 1626054 1638296
V1 1626054 1638296 1620870 1643480
Net54 5 
V1 3035582 1503760 3013982 1525360
V1 3013982 1525360 2500000 1525360
V1 2500000 1525360 1875000 1648664
V1 1875000 1648664 1360153 1648664
V1 1360153 1648664 1339417 1669400
Net55 5 
V1 2754130 1477840 2747650 1484320
V1 2747650 1484320 2500000 1484320
V1 2500000 1484320 1875000 1602008
V1 1875000 1602008 1398272 1602008
V1 1398272 1602008 1382720 1617560
Net56 5 
V1 2797430 1477840 2784470 1490800
V1 2784470 1490800 2500000 1490800
V1 2500000 1490800 1875000 1607192
V1 1875000 1607192 1436388 1607192
V1 1436388 1607192 1426020 1617560
Net57 5 
V1 2884030 1477840 2864590 1497280
V1 2864590 1497280 2500000 1497280
V1 2500000 1497280 1875000 1612376
V1 1875000 1612376 1517804 1612376
V1 1517804 1612376 1512620 1617560
Net60 5 
V1 2775780 1451920 2771460 1456240
V1 2771460 1456240 2500000 1456240
V1 2500000 1456240 1875000 1570904
V1 1875000 1570904 1425106 1570904
V1 1425106 1570904 1404370 1591640
Net62 5 
V1 2862380 1451920 2853740 1460560
V1 2853740 1460560 2500000 1460560
V1 2500000 1460560 1875000 1576088
V1 1875000 1576088 1506522 1576088
V1 1506522 1576088 1490970 1591640
Net63 5 
V1 2905680 1451920 2892720 1464880
V1 2892720 1464880 2500000 1464880
V1 2500000 1464880 1875000 1581272
V1 1875000 1581272 1544638 1581272
V1 1544638 1581272 1534270 1591640
Net64 5 
V1 2992280 1451920 2975000 1469200
V1 2975000 1469200 2500000 1469200
V1 2500000 1469200 1875000 1586456
V1 1875000 1586456 1626054 1586456
V1 1626054 1586456 1620870 1591640
Net65 5 
V1 3035582 1451920 3013982 1473520
V1 3013982 1473520 2500000 1473520
V1 2500000 1473520 1875000 1596824
V1 1875000 1596824 1360153 1596824
V1 1360153 1596824 1339417 1617560
Net66 5 
V1 2754130 1426000 2748946 1431184
V1 2748946 1431184 2500000 1431184
V1 2500000 1431184 1875000 1548440
V1 1875000 1548440 1400000 1548440
V1 1400000 1548440 1382720 1565720
Net67 5 
V1 2840730 1426000 2830362 1436368
V1 2830362 1436368 2500000 1436368
V1 2500000 1436368 1875000 1552760
V1 1875000 1552760 1438980 1552760
V1 1438980 1552760 1426020 1565720
Net69 5 
V1 2927330 1426000 2911778 1441552
V1 2911778 1441552 2500000 1441552
V1 2500000 1441552 1875000 1557080
V1 1875000 1557080 1564560 1557080
V1 1564560 1557080 1555920 1565720
Net70 5 
V1 2970630 1426000 2949894 1446736
V1 2949894 1446736 2500000 1446736
V1 2500000 1446736 1875000 1561400
V1 1875000 1561400 1603540 1561400
V1 1603540 1561400 1599220 1565720
Net73 5 
V1 2862380 1400080 2857196 1405264
V1 2857196 1405264 2500000 1405264
V1 2500000 1405264 1875000 1520360
V1 1875000 1520360 1510410 1520360
V1 1510410 1520360 1490970 1539800
Net74 5 
V1 2948980 1400080 2938612 1410448
V1 2938612 1410448 2500000 1410448
V1 2500000 1410448 1875000 1526840
V1 1875000 1526840 1590530 1526840
V1 1590530 1526840 1577570 1539800
Net75 5 
V1 2992280 1400080 2976728 1415632
V1 2976728 1415632 2500000 1415632
V1 2500000 1415632 1875000 1533320
V1 1875000 1533320 1627350 1533320
V1 1627350 1533320 1620870 1539800
Net76 5 
V1 3035582 1400080 3014846 1420816
V1 3014846 1420816 2500000 1420816
V1 2500000 1420816 1875000 1544120
V1 1875000 1544120 1361017 1544120
V1 1361017 1544120 1339417 1565720
Net77 5 
V1 2754130 1374160 2748946 1379344
V1 2748946 1379344 2500000 1379344
V1 2500000 1379344 1875000 1496600
V1 1875000 1496600 1400000 1496600
V1 1400000 1496600 1382720 1513880
Net79 5 
V1 2840730 1374160 2830362 1384528
V1 2830362 1384528 2500000 1384528
V1 2500000 1384528 1875000 1500920
V1 1875000 1500920 1482280 1500920
V1 1482280 1500920 1469320 1513880
Net80 5 
V1 2884030 1374160 2868478 1389712
V1 2868478 1389712 2500000 1389712
V1 2500000 1389712 1875000 1505240
V1 1875000 1505240 1521260 1505240
V1 1521260 1505240 1512620 1513880
Net82 5 
V1 2970630 1374160 2949894 1394896
V1 2949894 1394896 2500000 1394896
V1 2500000 1394896 1875000 1509560
V1 1875000 1509560 1603540 1509560
V1 1603540 1509560 1599220 1513880
Net83 5 
V1 2775780 1348240 2771460 1352560
V1 2771460 1352560 2500000 1352560
V1 2500000 1352560 1875000 1467224
V1 1875000 1467224 1425106 1467224
V1 1425106 1467224 1404370 1487960
Net84 5 
V1 2819080 1348240 2810440 1356880
V1 2810440 1356880 2500000 1356880
V1 2500000 1356880 1875000 1472408
V1 1875000 1472408 1463222 1472408
V1 1463222 1472408 1447670 1487960
Net85 5 
V1 2905680 1348240 2892720 1361200
V1 2892720 1361200 2500000 1361200
V1 2500000 1361200 1875000 1477592
V1 1875000 1477592 1544638 1477592
V1 1544638 1477592 1534270 1487960
Net86 5 
V1 2992280 1348240 2975000 1365520
V1 2975000 1365520 2500000 1365520
V1 2500000 1365520 1875000 1482776
V1 1875000 1482776 1626054 1482776
V1 1626054 1482776 1620870 1487960
Net87 5 
V1 3035582 1348240 3013982 1369840
V1 3013982 1369840 2500000 1369840
V1 2500000 1369840 1875000 1492280
V1 1875000 1492280 1361017 1492280
V1 1361017 1492280 1339417 1513880
