Nets 26
Net13 5 
V2 2928200 1685200 2921720 1691680
V2 2921720 1691680 2500000 1691680
V2 2500000 1691680 1875000 1858247
V2 1875000 1858247 1288733 1858247
V2 1288733 1858247 1255410 1891570
Net14 5 
V2 2981890 1685200 2968930 1698160
V2 2968930 1698160 2500000 1698160
V2 2500000 1698160 1875000 1869355
V2 1875000 1869355 1454294 1869355
V2 1454294 1869355 1432080 1891570
Net15 5 
V2 3089280 1685200 3069840 1704640
V2 3069840 1704640 2500000 1704640
V2 2500000 1704640 1875000 1880464
V2 1875000 1880464 1531518 1880464
V2 1531518 1880464 1520412 1891570
Net19 5 
V2 3008740 1659280 3002260 1665760
V2 3002260 1665760 2500000 1665760
V2 2500000 1665760 1875000 1799001
V2 1875000 1799001 1159938 1799001
V2 1159938 1799001 1122910 1836030
Net20 5 
V2 3062430 1659280 3049470 1672240
V2 3049470 1672240 2500000 1672240
V2 2500000 1672240 1875000 1817515
V2 1875000 1817515 1406424 1817515
V2 1406424 1817515 1387910 1836030
Net21 5 
V2 3116127 1659280 3096687 1678720
V2 3096687 1678720 2500000 1678720
V2 2500000 1678720 1875000 1847138
V2 1875000 1847138 416494 1847138
V2 416494 1847138 372062 1891570
Net22 5 
V2 2767120 1633360 2758480 1642000
V2 2758480 1642000 2500000 1642000
V2 2500000 1642000 1875000 1758265
V2 1875000 1758265 1100962 1758265
V2 1100962 1758265 1078740 1780487
Net23 5 
V2 2874502 1633360 2857222 1650640
V2 2857222 1650640 2500000 1650640
V2 2500000 1650640 1875000 1769374
V2 1875000 1769374 1266523 1769374
V2 1266523 1769374 1255410 1780487
Net27 5 
V2 2793960 1607440 2781000 1620400
V2 2781000 1620400 2500000 1620400
V2 2500000 1620400 1875000 1747157
V2 1875000 1747157 1023740 1747157
V2 1023740 1747157 990410 1780487
Net34 5 
V2 2820810 1581520 2807850 1594480
V2 2807850 1594480 2500000 1594480
V2 2500000 1594480 1875000 1736048
V2 1875000 1736048 858179 1736048
V2 858179 1736048 813740 1780487
Net35 5 
V2 2874502 1581520 2865862 1572880
V2 2865862 1572880 2500000 1572880
V2 2500000 1572880 1875000 1706428
V2 1875000 1706428 699749 1706428
V2 699749 1706428 681237 1724940
Net39 5 
V2 2793960 1555600 2785320 1564240
V2 2785320 1564240 2500000 1564240
V2 2500000 1564240 1875000 1687914
V2 1875000 1687914 629926 1687914
V2 629926 1687914 592900 1724940
Net51 5 
V2 2955042 1503760 2946402 1512400
V2 2946402 1512400 2500000 1512400
V2 2500000 1512400 1875000 1641631
V2 1875000 1641631 1283179 1641631
V2 1283179 1641631 1255410 1669400
Net53 5 
V2 3062430 1503760 3045150 1521040
V2 3045150 1521040 2500000 1521040
V2 2500000 1521040 1875000 1655516
V2 1875000 1655516 1534296 1655516
V2 1534296 1655516 1520412 1669400
Net61 5 
V2 2847660 1451920 2843340 1456240
V2 2843340 1456240 2500000 1456240
V2 2500000 1456240 1875000 1539798
V2 1875000 1539798 743914 1539798
V2 743914 1539798 725400 1558312
Net62 5 
V2 2901350 1451920 2892710 1460560
V2 2892710 1460560 2500000 1460560
V2 2500000 1460560 1875000 1549055
V2 1875000 1549055 822997 1549055
V2 822997 1549055 813740 1558312
Net63 5 
V2 2955042 1451920 2942082 1464880
V2 2942082 1464880 2500000 1464880
V2 2500000 1464880 1875000 1576826
V2 1875000 1576826 718271 1576826
V2 718271 1576826 681237 1613860
Net64 5 
V2 3062430 1451920 3045150 1469200
V2 3045150 1469200 2500000 1469200
V2 2500000 1469200 1875000 1595340
V2 1875000 1595340 876427 1595340
V2 876427 1595340 857907 1613860
Net65 5 
V2 3116127 1451920 3094527 1473520
V2 3094527 1473520 2500000 1473520
V2 2500000 1473520 1875000 1627745
V2 1875000 1627745 413717 1627745
V2 413717 1627745 372062 1669400
Net66 5 
V2 2767120 1426000 2754160 1438960
V2 2754160 1438960 2500000 1438960
V2 2500000 1438960 1875000 1530541
V2 1875000 1530541 664841 1530541
V2 664841 1530541 637070 1558312
Net77 5 
V2 2767120 1374160 2754160 1387120
V2 2754160 1387120 2500000 1387120
V2 2500000 1387120 1875000 1521284
V2 1875000 1521284 788084 1521284
V2 788084 1521284 769570 1502770
Net78 5 
V2 2820810 1374160 2816490 1369840
V2 2816490 1369840 2500000 1369840
V2 2500000 1369840 1875000 1512027
V2 1875000 1512027 867164 1512027
V2 867164 1512027 857907 1502770
Net83 5 
V2 2793960 1348240 2789640 1352560
V2 2789640 1352560 2500000 1352560
V2 2500000 1352560 1875000 1458336
V2 1875000 1458336 1167344 1458336
V2 1167344 1458336 1122910 1502770
Net84 5 
V2 2847660 1348240 2839020 1356880
V2 2839020 1356880 2500000 1356880
V2 2500000 1356880 1875000 1469444
V2 1875000 1469444 1332905 1469444
V2 1332905 1469444 1299580 1502770
Net85 5 
V2 2955042 1348240 2942082 1361200
V2 2942082 1361200 2500000 1361200
V2 2500000 1361200 1875000 1480553
V2 1875000 1480553 1410127 1480553
V2 1410127 1480553 1387910 1502770
Net86 5 
V2 3062430 1348240 3045150 1365520
V2 3045150 1365520 2500000 1365520
V2 2500000 1365520 1875000 1491661
V2 1875000 1491661 1575688 1491661
V2 1575688 1491661 1564580 1502770
