Nets 26
Net4 5 
M2 3265080 1728400 3243480 1750000
M2 3243480 1750000 2500000 1750000
M2 2500000 1750000 1875000 1842200
M2 1875000 1842200 1586210 1842200
M2 1586210 1842200 1577570 1850840
Net14 5 
M2 3459940 1685200 3449140 1696000
M2 3449140 1696000 2500000 1696000
M2 2500000 1696000 1875000 1807640
M2 1875000 1807640 1573200 1807640
M2 1573200 1807640 1555920 1824920
Net15 5 
M2 3537880 1685200 3516280 1706800
M2 3516280 1706800 2500000 1706800
M2 2500000 1706800 1875000 1816280
M2 1875000 1816280 1607860 1816280
M2 1607860 1816280 1599220 1824920
Net16 5 
M2 3693762 1685200 3661362 1717600
M2 3661362 1717600 2500000 1717600
M2 2500000 1717600 1875000 1833560
M2 1875000 1833560 1348057 1833560
M2 1348057 1833560 1339417 1824920
Net21 5 
M2 3265080 1642000 3250680 1656400
M2 3250680 1656400 2500000 1656400
M2 2500000 1656400 1875000 1760120
M2 1875000 1760120 1525580 1760120
M2 1525580 1760120 1512620 1773080
Net24 5 
M2 3576850 1642000 3548050 1670800
M2 3548050 1670800 2500000 1670800
M2 2500000 1670800 1875000 1766600
M2 1875000 1766600 1605700 1766600
M2 1605700 1766600 1599220 1773080
Net25 5 
M2 3654790 1642000 3646150 1633360
M2 3646150 1633360 2500000 1633360
M2 2500000 1633360 1875000 1753640
M2 1875000 1753640 1358857 1753640
M2 1358857 1753640 1339417 1773080
Net29 5 
M2 3070227 1598800 3061587 1607440
M2 3061587 1607440 2500000 1607440
M2 2500000 1607440 1875000 1727720
M2 1875000 1727720 1423810 1727720
M2 1423810 1727720 1404370 1747160
Net33 5 
M2 3537880 1598800 3520600 1616080
M2 3520600 1616080 2500000 1616080
M2 2500000 1616080 1875000 1734200
M2 1875000 1734200 1590530 1734200
M2 1590530 1734200 1577570 1747160
Net34 5 
M2 3615820 1598800 3589900 1624720
M2 3589900 1624720 2500000 1624720
M2 2500000 1624720 1875000 1740680
M2 1875000 1740680 1627350 1740680
M2 1627350 1740680 1620870 1747160
Net37 5 
M2 2875370 1555600 2866730 1564240
M2 2866730 1564240 2500000 1564240
M2 2500000 1564240 1875000 1700504
M2 1875000 1700504 1490056 1700504
M2 1490056 1700504 1469320 1721240
Net41 5 
M2 3420970 1555600 3403690 1572880
M2 3403690 1572880 2500000 1572880
M2 2500000 1572880 1875000 1705688
M2 1875000 1705688 1528172 1705688
M2 1528172 1705688 1512620 1721240
Net42 5 
M2 3498910 1555600 3472990 1581520
M2 3472990 1581520 2500000 1581520
M2 2500000 1581520 1875000 1710872
M2 1875000 1710872 1566288 1710872
M2 1566288 1710872 1555920 1721240
Net43 5 
M2 3576850 1555600 3542290 1590160
M2 3542290 1590160 2500000 1590160
M2 2500000 1590160 1875000 1716056
M2 1875000 1716056 1604404 1716056
M2 1604404 1716056 1599220 1721240
Net44 5 
M2 2914340 1512400 2899940 1526800
M2 2899940 1526800 2500000 1526800
M2 2500000 1526800 1875000 1626200
M2 1875000 1626200 1421650 1626200
M2 1421650 1626200 1404370 1643480
Net50 5 
M2 3459940 1512400 3431140 1541200
M2 3431140 1541200 2500000 1541200
M2 2500000 1541200 1875000 1634840
M2 1875000 1634840 1542910 1634840
M2 1542910 1634840 1534270 1643480
Net57 5 
M2 3343020 1469200 3321420 1490800
M2 3321420 1490800 2500000 1490800
M2 2500000 1490800 1875000 1608920
M2 1875000 1608920 1607860 1608920
M2 1607860 1608920 1599220 1617560
Net67 5 
M2 3304050 1426000 3295410 1434640
M2 3295410 1434640 2500000 1434640
M2 2500000 1434640 1875000 1546280
M2 1875000 1546280 1532060 1546280
M2 1532060 1546280 1512620 1565720
Net68 5 
M2 3459940 1426000 3442660 1443280
M2 3442660 1443280 2500000 1443280
M2 2500000 1443280 1875000 1552760
M2 1875000 1552760 1568880 1552760
M2 1568880 1552760 1555920 1565720
Net69 5 
M2 3537880 1426000 3511960 1451920
M2 3511960 1451920 2500000 1451920
M2 2500000 1451920 1875000 1559240
M2 1875000 1559240 1605700 1559240
M2 1605700 1559240 1599220 1565720
Net70 5 
M2 3693762 1426000 3659202 1460560
M2 3659202 1460560 2500000 1460560
M2 2500000 1460560 1875000 1600280
M2 1875000 1600280 1356697 1600280
M2 1356697 1600280 1339417 1617560
Net74 5 
M2 3031252 1382800 3009652 1404400
M2 3009652 1404400 2500000 1404400
M2 2500000 1404400 1875000 1505240
M2 1875000 1505240 1477960 1505240
M2 1477960 1505240 1469320 1513880
Net84 5 
M2 3226110 1339600 3217470 1348240
M2 3217470 1348240 2500000 1348240
M2 2500000 1348240 1875000 1468520
M2 1875000 1468520 1467110 1468520
M2 1467110 1468520 1447670 1487960
Net85 5 
M2 3304050 1339600 3286770 1356880
M2 3286770 1356880 2500000 1356880
M2 2500000 1356880 1875000 1475000
M2 1875000 1475000 1547230 1475000
M2 1547230 1475000 1534270 1487960
Net86 5 
M2 3459940 1339600 3434020 1365520
M2 3434020 1365520 2500000 1365520
M2 2500000 1365520 1875000 1481480
M2 1875000 1481480 1627350 1481480
M2 1627350 1481480 1620870 1487960
Net87 5 
M2 3693762 1339600 3659202 1374160
M2 3659202 1374160 2500000 1374160
M2 2500000 1374160 1875000 1496600
M2 1875000 1496600 1356697 1496600
M2 1356697 1496600 1339417 1513880
