Nets 22
Net12 5 
V2 3052500 1791687 3043242 1800945
V2 3043242 1800945 2400000 1800945
V2 2400000 1800945 1875000 1830104
V2 1875000 1830104 1360153 1830104
V2 1360153 1830104 1339417 1850840
Net13 5 
V2 3147760 1791687 3129245 1810202
V2 3129245 1810202 2400000 1810202
V2 2400000 1810202 1875000 1835288
V2 1875000 1835288 1408662 1835288
V2 1408662 1835288 1393110 1850840
Net14 5 
V2 3243020 1791687 3215248 1819459
V2 3215248 1819459 2400000 1819459
V2 2400000 1819459 1875000 1840472
V2 1875000 1840472 1457168 1840472
V2 1457168 1840472 1446800 1850840
Net15 5 
V2 3338290 1791687 3301261 1828716
V2 3301261 1828716 2400000 1828716
V2 2400000 1828716 1875000 1845656
V2 1875000 1845656 1505681 1845656
V2 1505681 1845656 1500497 1850840
Net19 5 
V2 3719340 1791687 3708231 1780579
V2 3708231 1780579 2400000 1780579
V2 2400000 1780579 1875000 1793816
V2 1875000 1793816 1613064 1793816
V2 1613064 1793816 1607880 1799000
Net22 5 
V2 4005130 1791687 3958844 1837973
V2 3958844 1837973 2400000 1837973
V2 2400000 1837973 1875000 1863800
V2 1875000 1863800 1271832 1863800
V2 1271832 1863800 1258872 1876760
Net23 5 
V2 2814340 1736140 2803226 1747253
V2 2803226 1747253 2400000 1747253
V2 2400000 1747253 1875000 1778264
V2 1875000 1778264 1360153 1778264
V2 1360153 1778264 1339417 1799000
Net24 5 
V2 2909602 1736140 2887380 1758362
V2 2887380 1758362 2400000 1758362
V2 2400000 1758362 1875000 1783448
V2 1875000 1783448 1408662 1783448
V2 1408662 1783448 1393110 1799000
Net25 5 
V2 3004870 1736140 2971539 1769470
V2 2971539 1769470 2400000 1769470
V2 2400000 1769470 1875000 1788632
V2 1875000 1788632 1457168 1788632
V2 1457168 1788632 1446800 1799000
Net28 5 
V2 3385920 1736140 3367406 1717626
V2 3367406 1717626 2400000 1717626
V2 2400000 1717626 1875000 1760120
V2 1875000 1760120 1352377 1760120
V2 1352377 1760120 1339417 1747160
Net36 5 
V2 3052500 1680600 3033988 1699112
V2 3033988 1699112 2400000 1699112
V2 2400000 1699112 1875000 1708280
V2 1875000 1708280 1432917 1708280
V2 1432917 1708280 1419957 1721240
Net58 5 
V2 3338290 1569512 3324399 1583403
V2 3324399 1583403 2400000 1583403
V2 2400000 1583403 1875000 1612376
V2 1875000 1612376 1586224 1612376
V2 1586224 1612376 1581040 1617560
Net60 5 
V2 3528810 1569512 3501033 1597289
V2 3501033 1597289 2400000 1597289
V2 2400000 1597289 1875000 1652120
V2 1875000 1652120 1562830 1652120
V2 1562830 1652120 1554190 1643480
Net64 5 
V2 4005130 1569512 3963468 1611174
V2 3963468 1611174 2400000 1611174
V2 2400000 1611174 1875000 1660760
V2 1875000 1660760 1267512 1660760
V2 1267512 1660760 1258872 1669400
Net65 5 
V2 2719080 1513970 2691308 1541741
V2 2691308 1541741 2400000 1541741
V2 2400000 1541741 1875000 1607192
V2 1875000 1607192 1322938 1607192
V2 1322938 1607192 1312570 1617560
Net66 5 
V2 2814340 1513970 2807397 1507027
V2 2807397 1507027 2400000 1507027
V2 2400000 1507027 1875000 1602008
V2 1875000 1602008 1349785 1602008
V2 1349785 1602008 1339417 1591640
Net68 5 
V2 3004870 1513970 2990984 1500084
V2 2990984 1500084 2400000 1500084
V2 2400000 1500084 1875000 1596824
V2 1875000 1596824 1398294 1596824
V2 1398294 1596824 1393110 1591640
Net69 5 
V2 3100130 1513970 3079301 1493141
V2 3079301 1493141 2400000 1493141
V2 2400000 1493141 1875000 1578680
V2 1875000 1578680 1459760 1578680
V2 1459760 1578680 1446800 1591640
Net78 5 
V2 2766710 1458430 2759769 1465370
V2 2759769 1465370 2400000 1465370
V2 2400000 1465370 1875000 1520360
V2 1875000 1520360 1305160 1520360
V2 1305160 1520360 1285720 1539800
Net79 5 
V2 2861970 1458430 2848086 1472313
V2 2848086 1472313 2400000 1472313
V2 2400000 1472313 1875000 1526840
V2 1875000 1526840 1406070 1526840
V2 1406070 1526840 1393110 1539800
Net80 5 
V2 3052500 1458430 3031673 1479256
V2 3031673 1479256 2400000 1479256
V2 2400000 1479256 1875000 1533320
V2 1875000 1533320 1453280 1533320
V2 1453280 1533320 1446800 1539800
Net87 5 
V2 4005130 1458430 3977361 1486199
V2 3977361 1486199 2400000 1486199
V2 2400000 1486199 1875000 1552760
V2 1875000 1552760 1271832 1552760
V2 1271832 1552760 1258872 1565720
