Nets 40
Net0 5 
V1 2708250 1853400 2702077 1859572
V1 2702077 1859572 2400000 1859572
V1 2400000 1859572 1875000 1856600
V1 1875000 1856600 859427 1856600
V1 859427 1856600 830627 1885400
Net1 5 
V1 2881460 1853400 2869116 1865743
V1 2869116 1865743 2400000 1865743
V1 2400000 1865743 1875000 1861400
V1 1875000 1861400 1027830 1861400
V1 1027830 1861400 1003830 1885400
Net2 5 
V1 2968060 1853400 2949545 1871915
V1 2949545 1871915 2400000 1871915
V1 2400000 1871915 1875000 1866200
V1 1875000 1866200 1109630 1866200
V1 1109630 1866200 1090430 1885400
Net3 5 
V1 3141267 1853400 3116581 1878086
V1 3116581 1878086 2400000 1878086
V1 2400000 1878086 1875000 1871000
V1 1875000 1871000 1278040 1871000
V1 1278040 1871000 1263640 1885400
Net4 5 
V1 3227870 1853400 3197012 1884257
V1 3197012 1884257 2400000 1884257
V1 2400000 1884257 1875000 1875800
V1 1875000 1875800 1359840 1875800
V1 1359840 1875800 1350240 1885400
Net5 5 
V1 3401070 1853400 3364041 1890428
V1 3364041 1890428 2400000 1890428
V1 2400000 1890428 1875000 1880600
V1 1875000 1880600 1528247 1880600
V1 1528247 1880600 1523447 1885400
Net7 5 
V1 2751552 1810200 2737152 1824600
V1 2737152 1824600 2400000 1824600
V1 2400000 1824600 1875000 1847000
V1 1875000 1847000 705520 1847000
V1 705520 1847000 700720 1842200
Net8 5 
V1 2838160 1810200 2823760 1795800
V1 2823760 1795800 2400000 1795800
V1 2400000 1795800 1875000 1827800
V1 1875000 1827800 801722 1827800
V1 801722 1827800 787322 1842200
Net16 5 
V1 3704180 1810200 3675380 1839000
V1 3675380 1839000 2400000 1839000
V1 2400000 1839000 1875000 1851800
V1 1875000 1851800 623720 1851800
V1 623720 1851800 614120 1842200
Net17 5 
V1 2708250 1767000 2699610 1758360
V1 2699610 1758360 2400000 1758360
V1 2400000 1758360 1875000 1790360
V1 1875000 1790360 752660 1790360
V1 752660 1790360 744020 1799000
Net18 5 
V1 2794857 1767000 2780457 1781400
V1 2780457 1781400 2400000 1781400
V1 2400000 1781400 1875000 1813400
V1 1875000 1813400 845027 1813400
V1 845027 1813400 830627 1799000
Net25 5 
V1 3660880 1767000 3643600 1749720
V1 3643600 1749720 2400000 1749720
V1 2400000 1749720 1875000 1781720
V1 1875000 1781720 588100 1781720
V1 588100 1781720 570820 1799000
Net26 5 
V1 2751552 1723800 2742912 1732440
V1 2742912 1732440 2400000 1732440
V1 2400000 1732440 1875000 1764440
V1 1875000 1764440 709360 1764440
V1 709360 1764440 700720 1755800
Net27 5 
V1 2838160 1723800 2823760 1709400
V1 2823760 1709400 2400000 1709400
V1 2400000 1709400 1875000 1741400
V1 1875000 1741400 801722 1741400
V1 801722 1741400 787322 1755800
Net35 5 
V1 3704180 1723800 3686900 1741080
V1 3686900 1741080 2400000 1741080
V1 2400000 1741080 1875000 1773080
V1 1875000 1773080 631400 1773080
V1 631400 1773080 614120 1755800
Net36 5 
V1 2708250 1680600 2703450 1675800
V1 2703450 1675800 2400000 1675800
V1 2400000 1675800 1875000 1691000
V1 1875000 1691000 679020 1691000
V1 679020 1691000 657420 1712600
Net37 5 
V1 2794857 1680600 2780457 1695000
V1 2780457 1695000 2400000 1695000
V1 2400000 1695000 1875000 1727000
V1 1875000 1727000 845027 1727000
V1 845027 1727000 830627 1712600
Net44 5 
V1 2838160 1637400 2833360 1632600
V1 2833360 1632600 2400000 1632600
V1 2400000 1632600 1875000 1631000
V1 1875000 1631000 739120 1631000
V1 739120 1631000 700720 1669400
Net45 5 
V1 2924760 1637400 2919960 1642200
V1 2919960 1642200 2400000 1642200
V1 2400000 1642200 1875000 1635800
V1 1875000 1635800 820922 1635800
V1 820922 1635800 787322 1669400
Net46 5 
V1 3011360 1637400 3001760 1647000
V1 3001760 1647000 2400000 1647000
V1 2400000 1647000 1875000 1640600
V1 1875000 1640600 902730 1640600
V1 902730 1640600 873930 1669400
Net47 5 
V1 3097962 1637400 3083562 1651800
V1 3083562 1651800 2400000 1651800
V1 2400000 1651800 1875000 1645400
V1 1875000 1645400 984530 1645400
V1 984530 1645400 960530 1669400
Net48 5 
V1 3271170 1637400 3251970 1656600
V1 3251970 1656600 2400000 1656600
V1 2400000 1656600 1875000 1650200
V1 1875000 1650200 1152932 1650200
V1 1152932 1650200 1133732 1669400
Net49 5 
V1 3357770 1637400 3333770 1661400
V1 3333770 1661400 2400000 1661400
V1 2400000 1661400 1875000 1655000
V1 1875000 1655000 1321340 1655000
V1 1321340 1655000 1306940 1669400
Net50 5 
V1 3444372 1637400 3415572 1666200
V1 3415572 1666200 2400000 1666200
V1 2400000 1666200 1875000 1659800
V1 1875000 1659800 1489742 1659800
V1 1489742 1659800 1480142 1669400
Net51 5 
V1 3617580 1637400 3583980 1671000
V1 3583980 1671000 2400000 1671000
V1 2400000 1671000 1875000 1664600
V1 1875000 1664600 1571550 1664600
V1 1571550 1664600 1566750 1669400
Net52 5 
V1 2708250 1594200 2703450 1599000
V1 2703450 1599000 2400000 1599000
V1 2400000 1599000 1875000 1595960
V1 1875000 1595960 687660 1595960
V1 687660 1595960 657420 1626200
Net53 5 
V1 2794857 1594200 2785257 1603800
V1 2785257 1603800 2400000 1603800
V1 2400000 1603800 1875000 1600280
V1 1875000 1600280 769940 1600280
V1 769940 1600280 744020 1626200
Net54 5 
V1 2968060 1594200 2953660 1608600
V1 2953660 1608600 2400000 1608600
V1 2400000 1608600 1875000 1604600
V1 1875000 1604600 938830 1604600
V1 938830 1604600 917230 1626200
Net57 5 
V1 3314470 1594200 3295270 1613400
V1 3295270 1613400 2400000 1613400
V1 2400000 1613400 1875000 1608920
V1 1875000 1608920 1280920 1608920
V1 1280920 1608920 1263640 1626200
Net58 5 
V1 3401070 1594200 3377070 1618200
V1 3377070 1618200 2400000 1618200
V1 2400000 1618200 1875000 1613240
V1 1875000 1613240 1363200 1613240
V1 1363200 1613240 1350240 1626200
Net59 5 
V1 3487677 1594200 3458877 1623000
V1 3458877 1623000 2400000 1623000
V1 2400000 1623000 1875000 1617560
V1 1875000 1617560 1445480 1617560
V1 1445480 1617560 1436840 1626200
Net60 5 
V1 3574280 1594200 3540680 1627800
V1 3540680 1627800 2400000 1627800
V1 2400000 1627800 1875000 1621880
V1 1875000 1621880 1527767 1621880
V1 1527767 1621880 1523447 1626200
Net62 5 
V1 2751552 1551000 2737152 1565400
V1 2737152 1565400 2400000 1565400
V1 2400000 1565400 1875000 1587320
V1 1875000 1587320 705040 1587320
V1 705040 1587320 700720 1583000
Net63 5 
V1 2924760 1551000 2910360 1536600
V1 2910360 1536600 2400000 1536600
V1 2400000 1536600 1875000 1568600
V1 1875000 1568600 801722 1568600
V1 801722 1568600 787322 1583000
Net70 5 
V1 3704180 1551000 3675380 1579800
V1 3675380 1579800 2400000 1579800
V1 2400000 1579800 1875000 1591640
V1 1875000 1591640 622760 1591640
V1 622760 1591640 614120 1583000
Net71 5 
V1 2708250 1507800 2699610 1499160
V1 2699610 1499160 2400000 1499160
V1 2400000 1499160 1875000 1531160
V1 1875000 1531160 752660 1531160
V1 752660 1531160 744020 1539800
Net72 5 
V1 2794857 1507800 2780457 1522200
V1 2780457 1522200 2400000 1522200
V1 2400000 1522200 1875000 1554200
V1 1875000 1554200 845027 1554200
V1 845027 1554200 830627 1539800
Net80 5 
V1 3660880 1507800 3643600 1490520
V1 3643600 1490520 2400000 1490520
V1 2400000 1490520 1875000 1522520
V1 1875000 1522520 588100 1522520
V1 588100 1522520 570820 1539800
Net81 5 
V1 2751552 1464600 2742912 1473240
V1 2742912 1473240 2400000 1473240
V1 2400000 1473240 1875000 1505240
V1 1875000 1505240 882570 1505240
V1 882570 1505240 873930 1496600
Net87 5 
V1 3704180 1464600 3686900 1481880
V1 3686900 1481880 2400000 1481880
V1 2400000 1481880 1875000 1513880
V1 1875000 1513880 631400 1513880
V1 631400 1513880 614120 1496600
