Nets 32
Net13 5 
V2 3357770 1810200 3346970 1821000
V2 3346970 1821000 2400000 1821000
V2 2400000 1821000 1875000 1874909
V2 1875000 1874909 1272070 1874909
V2 1272070 1874909 1255410 1891570
Net14 5 
V2 3444372 1810200 3422772 1831800
V2 3422772 1831800 2400000 1831800
V2 2400000 1831800 1875000 1880464
V2 1875000 1880464 1443186 1880464
V2 1443186 1880464 1432080 1891570
Net15 5 
V2 3530980 1810200 3498580 1842600
V2 3498580 1842600 2400000 1842600
V2 2400000 1842600 1875000 1886018
V2 1875000 1886018 1525964 1886018
V2 1525964 1886018 1520412 1891570
Net16 5 
V2 3704180 1810200 3689780 1795800
V2 3689780 1795800 2400000 1795800
V2 2400000 1795800 1875000 1869355
V2 1875000 1869355 394277 1869355
V2 394277 1869355 372062 1891570
Net20 5 
V2 3141267 1767000 3126867 1781400
V2 3126867 1781400 2400000 1781400
V2 2400000 1781400 1875000 1863801
V2 1875000 1863801 1150681 1863801
V2 1150681 1863801 1122910 1836030
Net21 5 
V2 3227870 1767000 3220670 1759800
V2 3220670 1759800 2400000 1759800
V2 2400000 1759800 1875000 1858247
V2 1875000 1858247 1233457 1858247
V2 1233457 1858247 1211240 1836030
Net22 5 
V2 3314470 1767000 3300070 1752600
V2 3300070 1752600 2400000 1752600
V2 2400000 1752600 1875000 1852692
V2 1875000 1852692 1316242 1852692
V2 1316242 1852692 1299580 1836030
Net23 5 
V2 3487677 1767000 3466077 1745400
V2 3466077 1745400 2400000 1745400
V2 2400000 1745400 1875000 1847138
V2 1875000 1847138 1399018 1847138
V2 1399018 1847138 1387910 1836030
Net24 5 
V2 3574280 1767000 3545480 1738200
V2 3545480 1738200 2400000 1738200
V2 2400000 1738200 1875000 1841584
V2 1875000 1841584 1481804 1841584
V2 1481804 1841584 1476250 1836030
Net27 5 
V2 2838160 1723800 2833840 1719480
V2 2833840 1719480 2400000 1719480
V2 2400000 1719480 1875000 1822144
V2 1875000 1822144 855396 1822144
V2 855396 1822144 813740 1780487
Net28 5 
V2 2924760 1723800 2916120 1715160
V2 2916120 1715160 2400000 1715160
V2 2400000 1715160 1875000 1815201
V2 1875000 1815201 936783 1815201
V2 936783 1815201 902070 1780487
Net29 5 
V2 3011360 1723800 2998400 1710840
V2 2998400 1710840 2400000 1710840
V2 2400000 1710840 1875000 1808258
V2 1875000 1808258 1018181 1808258
V2 1018181 1808258 990410 1780487
Net30 5 
V2 3184570 1723800 3167290 1706520
V2 3167290 1706520 2400000 1706520
V2 2400000 1706520 1875000 1801315
V2 1875000 1801315 1099568 1801315
V2 1099568 1801315 1078740 1780487
Net31 5 
V2 3271170 1723800 3249570 1702200
V2 3249570 1702200 2400000 1702200
V2 2400000 1702200 1875000 1794373
V2 1875000 1794373 1269295 1794373
V2 1269295 1794373 1255410 1780487
Net32 5 
V2 3357770 1723800 3331850 1697880
V2 3331850 1697880 2400000 1697880
V2 2400000 1697880 1875000 1787430
V2 1875000 1787430 1350690 1787430
V2 1350690 1787430 1343747 1780487
Net33 5 
V2 3530980 1723800 3500740 1693560
V2 3500740 1693560 2400000 1693560
V2 2400000 1693560 1875000 1761968
V2 1875000 1761968 1538932 1761968
V2 1538932 1761968 1520412 1780487
Net34 5 
V2 3617580 1723800 3610380 1731000
V2 3610380 1731000 2400000 1731000
V2 2400000 1731000 1875000 1829086
V2 1875000 1829086 1571523 1829086
V2 1571523 1829086 1564580 1836030
Net35 5 
V2 3704180 1723800 3669620 1689240
V2 3669620 1689240 2400000 1689240
V2 2400000 1689240 1875000 1743454
V2 1875000 1743454 409096 1743454
V2 409096 1743454 372062 1780487
Net36 5 
V2 2708250 1680600 2703930 1684920
V2 2703930 1684920 2400000 1684920
V2 2400000 1684920 1875000 1697171
V2 1875000 1697171 620668 1697171
V2 620668 1697171 592900 1724940
Net60 5 
V2 3574280 1594200 3552680 1615800
V2 3552680 1615800 2400000 1615800
V2 2400000 1615800 1875000 1650888
V2 1875000 1650888 1538924 1650888
V2 1538924 1650888 1520412 1669400
Net61 5 
V2 3660880 1594200 3646480 1579800
V2 3646480 1579800 2400000 1579800
V2 2400000 1579800 1875000 1632374
V2 1875000 1632374 346414 1632374
V2 346414 1632374 327900 1613860
Net64 5 
V2 3011360 1551000 2996960 1565400
V2 2996960 1565400 2400000 1565400
V2 2400000 1565400 1875000 1599969
V2 1875000 1599969 767056 1599969
V2 767056 1599969 725400 1558312
Net65 5 
V2 3097962 1551000 3093642 1546680
V2 3093642 1546680 2400000 1546680
V2 2400000 1546680 1875000 1586083
V2 1875000 1586083 841511 1586083
V2 841511 1586083 813740 1558312
Net66 5 
V2 3184570 1551000 3175930 1542360
V2 3175930 1542360 2400000 1542360
V2 2400000 1542360 1875000 1572198
V2 1875000 1572198 915955 1572198
V2 915955 1572198 902070 1558312
Net71 5 
V2 2708250 1507800 2703930 1512120
V2 2703930 1512120 2400000 1512120
V2 2400000 1512120 1875000 1484255
V2 1875000 1484255 434744 1484255
V2 434744 1484255 416230 1502770
Net74 5 
V2 2968060 1507800 2959420 1516440
V2 2959420 1516440 2400000 1516440
V2 2400000 1516440 1875000 1510704
V2 1875000 1510704 1038018 1510704
V2 1038018 1510704 990410 1558312
Net75 5 
V2 3141267 1507800 3128307 1520760
V2 3128307 1520760 2400000 1520760
V2 2400000 1520760 1875000 1518639
V2 1875000 1518639 1118413 1518639
V2 1118413 1518639 1078740 1558312
Net76 5 
V2 3314470 1507800 3297190 1525080
V2 3297190 1525080 2400000 1525080
V2 2400000 1525080 1875000 1526573
V2 1875000 1526573 1198819 1526573
V2 1198819 1526573 1167080 1558312
Net77 5 
V2 3401070 1507800 3379470 1529400
V2 3379470 1529400 2400000 1529400
V2 2400000 1529400 1875000 1534508
V2 1875000 1534508 1279214 1534508
V2 1279214 1534508 1255410 1558312
Net78 5 
V2 3487677 1507800 3461757 1533720
V2 3461757 1533720 2400000 1533720
V2 2400000 1533720 1875000 1542442
V2 1875000 1542442 1447950 1542442
V2 1447950 1542442 1432080 1558312
Net79 5 
V2 3574280 1507800 3544040 1538040
V2 3544040 1538040 2400000 1538040
V2 2400000 1538040 1875000 1550377
V2 1875000 1550377 1528348 1550377
V2 1528348 1550377 1520412 1558312
Net80 5 
V2 3660880 1507800 3639280 1486200
V2 3639280 1486200 2400000 1486200
V2 2400000 1486200 1875000 1465741
V2 1875000 1465741 364928 1465741
V2 364928 1465741 327900 1502770
