Nets 32
Net0 5 
V1 2667120 1862040 2661936 1867224
V1 2661936 1867224 2400000 1867224
V1 2400000 1867224 1875000 1854544
V1 1875000 1854544 497426 1854544
V1 497426 1854544 460400 1891570
Net1 5 
V1 2774502 1862040 2764134 1872408
V1 2764134 1872408 2400000 1872408
V1 2400000 1872408 1875000 1863801
V1 1875000 1863801 664839 1863801
V1 664839 1863801 637070 1891570
Net2 5 
V1 2881890 1862040 2866338 1877592
V1 2866338 1877592 2400000 1877592
V1 2400000 1877592 1875000 1873058
V1 1875000 1873058 743912 1873058
V1 743912 1873058 725400 1891570
Net3 5 
V1 2935582 1862040 2914846 1882776
V1 2914846 1882776 2400000 1882776
V1 2400000 1882776 1875000 1882315
V1 1875000 1882315 911325 1882315
V1 911325 1882315 902070 1891570
Net4 5 
V1 2693960 1836120 2688776 1841304
V1 2688776 1841304 2400000 1841304
V1 2400000 1841304 1875000 1802704
V1 1875000 1802704 626225 1802704
V1 626225 1802704 592900 1836030
Net5 5 
V1 2747660 1836120 2737292 1846488
V1 2737292 1846488 2400000 1846488
V1 2400000 1846488 1875000 1813813
V1 1875000 1813813 703454 1813813
V1 703454 1813813 681237 1836030
Net6 5 
V1 2801350 1836120 2785798 1851672
V1 2785798 1851672 2400000 1851672
V1 2400000 1851672 1875000 1824921
V1 1875000 1824921 780678 1824921
V1 780678 1824921 769570 1836030
Net7 5 
V1 2855042 1836120 2834306 1856856
V1 2834306 1856856 2400000 1856856
V1 2400000 1856856 1875000 1845287
V1 1875000 1845287 867164 1845287
V1 867164 1845287 857907 1836030
Net11 5 
V1 2667120 1810200 2660640 1803720
V1 2660640 1803720 2400000 1803720
V1 2400000 1803720 1875000 1791596
V1 1875000 1791596 460664 1791596
V1 460664 1791596 416230 1836030
Net17 5 
V1 2747660 1784280 2741180 1790760
V1 2741180 1790760 2400000 1790760
V1 2400000 1790760 1875000 1761968
V1 1875000 1761968 567252 1761968
V1 567252 1761968 548732 1780487
Net18 5 
V1 2801350 1784280 2788390 1797240
V1 2788390 1797240 2400000 1797240
V1 2400000 1797240 1875000 1771225
V1 1875000 1771225 734662 1771225
V1 734662 1771225 725400 1780487
Net33 5 
V1 2667120 1706520 2654160 1719480
V1 2654160 1719480 2400000 1719480
V1 2400000 1719480 1875000 1752711
V1 1875000 1752711 444001 1752711
V1 444001 1752711 416230 1724940
Net36 5 
V1 2828200 1706520 2823880 1702200
V1 2823880 1702200 2400000 1702200
V1 2400000 1702200 1875000 1743454
V1 1875000 1743454 1229754 1743454
V1 1229754 1743454 1211240 1724940
Net37 5 
V1 2881890 1706520 2873250 1697880
V1 2873250 1697880 2400000 1697880
V1 2400000 1697880 1875000 1734197
V1 1875000 1734197 1397167 1734197
V1 1397167 1734197 1387910 1724940
Net38 5 
V1 2935582 1706520 2922622 1693560
V1 2922622 1693560 2400000 1693560
V1 2400000 1693560 1875000 1713834
V1 1875000 1713834 1487356 1713834
V1 1487356 1713834 1476250 1724940
Net40 5 
V1 2801350 1680600 2796166 1675416
V1 2796166 1675416 2400000 1675416
V1 2400000 1675416 1875000 1680508
V1 1875000 1680508 902339 1680508
V1 902339 1680508 857907 1724940
Net41 5 
V1 2855042 1680600 2850722 1684920
V1 2850722 1684920 2400000 1684920
V1 2400000 1684920 1875000 1691617
V1 1875000 1691617 979563 1691617
V1 979563 1691617 946240 1724940
Net42 5 
V1 2962430 1680600 2953790 1689240
V1 2953790 1689240 2400000 1689240
V1 2400000 1689240 1875000 1702725
V1 1875000 1702725 1145124 1702725
V1 1145124 1702725 1122910 1724940
Net45 5 
V1 2774502 1654680 2769318 1659864
V1 2769318 1659864 2400000 1659864
V1 2400000 1659864 1875000 1648573
V1 1875000 1648573 1011236 1648573
V1 1011236 1648573 990410 1669400
Net46 5 
V1 2828200 1654680 2817832 1665048
V1 2817832 1665048 2400000 1665048
V1 2400000 1665048 1875000 1655516
V1 1875000 1655516 1092623 1655516
V1 1092623 1655516 1078740 1669400
Net47 5 
V1 2935582 1654680 2920030 1670232
V1 2920030 1670232 2400000 1670232
V1 2400000 1670232 1875000 1662459
V1 1875000 1662459 1350688 1662459
V1 1350688 1662459 1343747 1669400
Net48 5 
V1 2693960 1628760 2687480 1635240
V1 2687480 1635240 2400000 1635240
V1 2400000 1635240 1875000 1627745
V1 1875000 1627745 502054 1627745
V1 502054 1627745 460400 1669400
Net49 5 
V1 2747660 1628760 2734700 1641720
V1 2734700 1641720 2400000 1641720
V1 2400000 1641720 1875000 1634688
V1 1875000 1634688 583444 1634688
V1 583444 1634688 548732 1669400
Net50 5 
V1 2801350 1628760 2781910 1648200
V1 2781910 1648200 2400000 1648200
V1 2400000 1648200 1875000 1641631
V1 1875000 1641631 753169 1641631
V1 753169 1641631 725400 1669400
Net56 5 
V1 2720810 1602840 2715626 1608024
V1 2715626 1608024 2400000 1608024
V1 2400000 1608024 1875000 1580529
V1 1875000 1580529 449560 1580529
V1 449560 1580529 416230 1613860
Net57 5 
V1 2828200 1602840 2817832 1613208
V1 2817832 1613208 2400000 1613208
V1 2400000 1613208 1875000 1591638
V1 1875000 1591638 615122 1591638
V1 615122 1591638 592900 1613860
Net58 5 
V1 2881890 1602840 2866338 1618392
V1 2866338 1618392 2400000 1618392
V1 2400000 1618392 1875000 1602746
V1 1875000 1602746 1134023 1602746
V1 1134023 1602746 1122910 1613860
Net59 5 
V1 2935582 1602840 2914846 1623576
V1 2914846 1623576 2400000 1623576
V1 2400000 1623576 1875000 1620802
V1 1875000 1620802 953182 1620802
V1 953182 1620802 946240 1613860
Net60 5 
V1 2693960 1576920 2681000 1589880
V1 2681000 1589880 2400000 1589880
V1 2400000 1589880 1875000 1569421
V1 1875000 1569421 559841 1569421
V1 559841 1569421 548732 1558312
Net72 5 
V1 2747660 1525080 2741180 1531560
V1 2741180 1531560 2400000 1531560
V1 2400000 1531560 1875000 1465741
V1 1875000 1465741 541598 1465741
V1 541598 1465741 504570 1502770
Net73 5 
V1 2801350 1525080 2788390 1538040
V1 2788390 1538040 2400000 1538040
V1 2400000 1538040 1875000 1484255
V1 1875000 1484255 611414 1484255
V1 611414 1484255 592900 1502770
Net74 5 
V1 2908740 1525080 2889300 1544520
V1 2889300 1544520 2400000 1544520
V1 2400000 1544520 1875000 1530541
V1 1875000 1530541 1459851 1530541
V1 1459851 1530541 1432080 1558312
