Nets 15
Net8 5 
M2 2848980 1836120 2840340 1844760
M2 2840340 1844760 2400000 1844760
M2 2400000 1844760 1875000 1863801
M2 1875000 1863801 964479 1863801
M2 964479 1863801 936710 1891570
Net9 5 
M2 2892280 1836120 2875000 1853400
M2 2875000 1853400 2400000 1853400
M2 2400000 1853400 1875000 1877686
M2 1875000 1877686 1141123 1877686
M2 1141123 1877686 1127240 1891570
Net10 5 
M2 2935582 1836120 2926942 1827480
M2 2926942 1827480 2400000 1827480
M2 2400000 1827480 1875000 1849915
M2 1875000 1849915 236125 1849915
M2 236125 1849915 222240 1836030
Net12 5 
M2 2697430 1810200 2688790 1818840
M2 2688790 1818840 2400000 1818840
M2 2400000 1818840 1875000 1817515
M2 1875000 1817515 431284 1817515
M2 431284 1817515 412770 1836030
Net16 5 
M2 2675780 1784280 2662820 1797240
M2 2662820 1797240 2400000 1797240
M2 2400000 1797240 1875000 1799001
M2 1875000 1799001 383654 1799001
M2 383654 1799001 365140 1780487
Net28 5 
M2 2719080 1732440 2712600 1738920
M2 2712600 1738920 2400000 1738920
M2 2400000 1738920 1875000 1738825
M2 1875000 1738825 883112 1738825
M2 883112 1738825 841450 1780487
Net29 5 
M2 2762380 1732440 2749420 1745400
M2 2749420 1745400 2400000 1745400
M2 2400000 1745400 1875000 1752711
M2 1875000 1752711 1345539 1752711
M2 1345539 1752711 1317762 1780487
Net30 5 
M2 2848980 1732440 2829540 1751880
M2 2829540 1751880 2400000 1751880
M2 2400000 1751880 1875000 1766596
M2 1875000 1766596 1522181 1766596
M2 1522181 1766596 1508290 1780487
Net32 5 
M2 2935582 1732440 2922622 1719480
M2 2922622 1719480 2400000 1719480
M2 2400000 1719480 1875000 1697171
M2 1875000 1697171 250008 1697171
M2 250008 1697171 222240 1724940
Net44 5 
M2 2654130 1654680 2641170 1667640
M2 2641170 1667640 2400000 1667640
M2 2400000 1667640 1875000 1641631
M2 1875000 1641631 773958 1641631
M2 773958 1641631 746190 1669400
Net52 5 
M2 2848980 1628760 2836020 1641720
M2 2836020 1641720 2400000 1641720
M2 2400000 1641720 1875000 1595340
M2 1875000 1595340 1193389 1595340
M2 1193389 1595340 1174870 1613860
Net54 5 
M2 2935582 1628760 2926942 1620120
M2 2926942 1620120 2400000 1620120
M2 2400000 1620120 1875000 1576826
M2 1875000 1576826 259273 1576826
M2 259273 1576826 222240 1613860
Net55 5 
M2 2654130 1602840 2645490 1611480
M2 2645490 1611480 2400000 1611480
M2 2400000 1611480 1875000 1539798
M2 1875000 1539798 383654 1539798
M2 383654 1539798 365140 1558312
Net71 5 
M2 2675780 1525080 2667140 1533720
M2 2667140 1533720 2400000 1533720
M2 2400000 1533720 1875000 1474998
M2 1875000 1474998 345278 1474998
M2 345278 1474998 317507 1502770
Net76 5 
M2 2935582 1525080 2918302 1542360
M2 2918302 1542360 2400000 1542360
M2 2400000 1542360 1875000 1521284
M2 1875000 1521284 240754 1521284
M2 240754 1521284 222240 1502770
