Nets 51
Net9 5 
M2 4052760 1847230 4024988 1875001
M2 4024988 1875001 2400000 1875001
M2 2400000 1875001 1875000 1863801
M2 1875000 1863801 297638 1863801
M2 297638 1863801 269870 1891570
Net12 5 
M2 3052500 1791687 3047450 1796737
M2 3047450 1796737 2400000 1796737
M2 2400000 1796737 1875000 1785536
M2 1875000 1785536 558523 1785536
M2 558523 1785536 508030 1836030
Net13 5 
M2 3147760 1791687 3137660 1801786
M2 3137660 1801786 2400000 1801786
M2 2400000 1801786 1875000 1790586
M2 1875000 1790586 648734 1790586
M2 648734 1790586 603290 1836030
Net14 5 
M2 3243020 1791687 3227871 1806836
M2 3227871 1806836 2400000 1806836
M2 2400000 1806836 1875000 1795635
M2 1875000 1795635 738954 1795635
M2 738954 1795635 698560 1836030
Net15 5 
M2 3338290 1791687 3318092 1811885
M2 3318092 1811885 2400000 1811885
M2 2400000 1811885 1875000 1800684
M2 1875000 1800684 829165 1800684
M2 829165 1800684 793820 1836030
Net16 5 
M2 3433550 1791687 3408303 1816934
M2 3408303 1816934 2400000 1816934
M2 2400000 1816934 1875000 1805733
M2 1875000 1805733 1109906 1805733
M2 1109906 1805733 1079610 1836030
Net17 5 
M2 3528810 1791687 3498513 1821983
M2 3498513 1821983 2400000 1821983
M2 2400000 1821983 1875000 1810783
M2 1875000 1810783 1200117 1810783
M2 1200117 1810783 1174870 1836030
Net18 5 
M2 3624077 1791687 3588732 1827033
M2 3588732 1827033 2400000 1827033
M2 2400000 1827033 1875000 1815832
M2 1875000 1815832 1290327 1815832
M2 1290327 1815832 1270130 1836030
Net19 5 
M2 3719340 1791687 3678945 1832082
M2 3678945 1832082 2400000 1832082
M2 2400000 1832082 1875000 1820881
M2 1875000 1820881 1380546 1820881
M2 1380546 1820881 1365397 1836030
Net20 5 
M2 3814600 1791687 3769156 1837131
M2 3769156 1837131 2400000 1837131
M2 2400000 1837131 1875000 1825930
M2 1875000 1825930 1470759 1825930
M2 1470759 1825930 1460660 1836030
Net21 5 
M2 3909860 1791687 3859366 1842180
M2 3859366 1842180 2400000 1842180
M2 2400000 1842180 1875000 1830980
M2 1875000 1830980 1560970 1830980
M2 1560970 1830980 1555920 1836030
Net25 5 
M2 3004870 1736140 2998692 1742317
M2 2998692 1742317 2400000 1742317
M2 2400000 1742317 1875000 1731111
M2 1875000 1731111 700298 1731111
M2 700298 1731111 650922 1780487
Net26 5 
M2 3100130 1736140 3087781 1748488
M2 3087781 1748488 2400000 1748488
M2 2400000 1748488 1875000 1737282
M2 1875000 1737282 789395 1737282
M2 789395 1737282 746190 1780487
Net27 5 
M2 3195390 1736140 3176870 1754660
M2 3176870 1754660 2400000 1754660
M2 2400000 1754660 1875000 1743453
M2 1875000 1743453 878483 1743453
M2 878483 1743453 841450 1780487
Net28 5 
M2 3385920 1736140 3361228 1760831
M2 3361228 1760831 2400000 1760831
M2 2400000 1760831 1875000 1749625
M2 1875000 1749625 967572 1749625
M2 967572 1749625 936710 1780487
Net29 5 
M2 3481180 1736140 3450317 1767002
M2 3450317 1767002 2400000 1767002
M2 2400000 1767002 1875000 1755796
M2 1875000 1755796 1056671 1755796
M2 1056671 1755796 1031980 1780487
Net30 5 
M2 3671710 1736140 3634676 1773173
M2 3634676 1773173 2400000 1773173
M2 2400000 1773173 1875000 1761967
M2 1875000 1761967 1241020 1761967
M2 1241020 1761967 1222500 1780487
Net31 5 
M2 3766970 1736140 3723765 1779345
M2 3723765 1779345 2400000 1779345
M2 2400000 1779345 1875000 1768138
M2 1875000 1768138 1330111 1768138
M2 1330111 1768138 1317762 1780487
Net32 5 
M2 3957492 1736140 3908116 1785516
M2 3908116 1785516 2400000 1785516
M2 2400000 1785516 1875000 1774310
M2 1875000 1774310 1514467 1774310
M2 1514467 1774310 1508290 1780487
Net36 5 
M2 3052500 1680600 3045559 1687540
M2 3045559 1687540 2400000 1687540
M2 2400000 1687540 1875000 1676342
M2 1875000 1676342 651887 1676342
M2 651887 1676342 603290 1724940
Net37 5 
M2 3243020 1680600 3229136 1694483
M2 3229136 1694483 2400000 1694483
M2 2400000 1694483 1875000 1683285
M2 1875000 1683285 835474 1683285
M2 835474 1683285 793820 1724940
Net38 5 
M2 3338290 1680600 3317463 1701426
M2 3317463 1701426 2400000 1701426
M2 2400000 1701426 1875000 1690228
M2 1875000 1690228 923791 1690228
M2 923791 1690228 889080 1724940
Net39 5 
M2 3528810 1680600 3501041 1708369
M2 3501041 1708369 2400000 1708369
M2 2400000 1708369 1875000 1697171
M2 1875000 1697171 1107379 1697171
M2 1107379 1697171 1079610 1724940
Net40 5 
M2 3624077 1680600 3589365 1715311
M2 3589365 1715311 2400000 1715311
M2 2400000 1715311 1875000 1704113
M2 1875000 1704113 1195696 1704113
M2 1195696 1704113 1174870 1724940
Net41 5 
M2 3814600 1680600 3772945 1722254
M2 3772945 1722254 2400000 1722254
M2 2400000 1722254 1875000 1711056
M2 1875000 1711056 1379281 1711056
M2 1379281 1711056 1365397 1724940
Net42 5 
M2 3909860 1680600 3861262 1729197
M2 3861262 1729197 2400000 1729197
M2 2400000 1729197 1875000 1717999
M2 1875000 1717999 1467600 1717999
M2 1467600 1717999 1460660 1724940
Net46 5 
M2 3100130 1625060 3093189 1632000
M2 3093189 1632000 2400000 1632000
M2 2400000 1632000 1875000 1620802
M2 1875000 1620802 699519 1620802
M2 699519 1620802 650922 1669400
Net47 5 
M2 3195390 1625060 3181506 1638943
M2 3181506 1638943 2400000 1638943
M2 2400000 1638943 1875000 1627745
M2 1875000 1627745 787844 1627745
M2 787844 1627745 746190 1669400
Net48 5 
M2 3385920 1625060 3365093 1645886
M2 3365093 1645886 2400000 1645886
M2 2400000 1645886 1875000 1634688
M2 1875000 1634688 971421 1634688
M2 971421 1634688 936710 1669400
Net49 5 
M2 3481180 1625060 3453411 1652829
M2 3453411 1652829 2400000 1652829
M2 2400000 1652829 1875000 1641631
M2 1875000 1641631 1059749 1641631
M2 1059749 1641631 1031980 1669400
Net50 5 
M2 3671710 1625060 3636998 1659771
M2 3636998 1659771 2400000 1659771
M2 2400000 1659771 1875000 1648573
M2 1875000 1648573 1243326 1648573
M2 1243326 1648573 1222500 1669400
Net51 5 
M2 3766970 1625060 3725315 1666714
M2 3725315 1666714 2400000 1666714
M2 2400000 1666714 1875000 1655516
M2 1875000 1655516 1331646 1655516
M2 1331646 1655516 1317762 1669400
Net52 5 
M2 3957492 1625060 3908895 1673657
M2 3908895 1673657 2400000 1673657
M2 2400000 1673657 1875000 1662459
M2 1875000 1662459 1515230 1662459
M2 1515230 1662459 1508290 1669400
Net56 5 
M2 3052500 1569512 3046322 1575690
M2 3046322 1575690 2400000 1575690
M2 2400000 1575690 1875000 1569421
M2 1875000 1569421 647729 1569421
M2 647729 1569421 603290 1613860
Net57 5 
M2 3243020 1569512 3230671 1581861
M2 3230671 1581861 2400000 1581861
M2 2400000 1581861 1875000 1574975
M2 1875000 1574975 832704 1574975
M2 832704 1574975 793820 1613860
Net58 5 
M2 3338290 1569512 3319770 1588032
M2 3319770 1588032 2400000 1588032
M2 2400000 1588032 1875000 1580529
M2 1875000 1580529 922410 1580529
M2 922410 1580529 889080 1613860
Net59 5 
M2 3433550 1569512 3408858 1594203
M2 3408858 1594203 2400000 1594203
M2 2400000 1594203 1875000 1586083
M2 1875000 1586083 1107386 1586083
M2 1107386 1586083 1079610 1613860
Net60 5 
M2 3528810 1569512 3497947 1600375
M2 3497947 1600375 2400000 1600375
M2 2400000 1600375 1875000 1591638
M2 1875000 1591638 1197092 1591638
M2 1197092 1591638 1174870 1613860
Net61 5 
M2 3624077 1569512 3587043 1606546
M2 3587043 1606546 2400000 1606546
M2 2400000 1606546 1875000 1597192
M2 1875000 1597192 1286797 1597192
M2 1286797 1597192 1270130 1613860
Net62 5 
M2 3814600 1569512 3771395 1612717
M2 3771395 1612717 2400000 1612717
M2 2400000 1612717 1875000 1602746
M2 1875000 1602746 1376511 1602746
M2 1376511 1602746 1365397 1613860
Net63 5 
M2 3909860 1569512 3860483 1618888
M2 3860483 1618888 2400000 1618888
M2 2400000 1618888 1875000 1608300
M2 1875000 1608300 1466219 1608300
M2 1466219 1608300 1460660 1613860
Net65 5 
M2 2719080 1513970 2691308 1541741
M2 2691308 1541741 2400000 1541741
M2 2400000 1541741 1875000 1563866
M2 1875000 1563866 370694 1563866
M2 370694 1563866 365140 1558312
Net78 5 
M2 2766710 1458430 2761158 1463981
M2 2761158 1463981 2400000 1463981
M2 2400000 1463981 1875000 1453398
M2 1875000 1453398 366878 1453398
M2 366878 1453398 317507 1502770
Net80 5 
M2 3052500 1458430 3041394 1469536
M2 3041394 1469536 2400000 1469536
M2 2400000 1469536 1875000 1459570
M2 1875000 1459570 551230 1459570
M2 551230 1459570 508030 1502770
Net81 5 
M2 3147760 1458430 3131099 1475090
M2 3131099 1475090 2400000 1475090
M2 2400000 1475090 1875000 1465741
M2 1875000 1465741 735588 1465741
M2 735588 1465741 698560 1502770
Net82 5 
M2 3338290 1458430 3316075 1480644
M2 3316075 1480644 2400000 1480644
M2 2400000 1480644 1875000 1471912
M2 1875000 1471912 824677 1471912
M2 824677 1471912 793820 1502770
Net83 5 
M2 3433550 1458430 3405781 1486198
M2 3405781 1486198 2400000 1486198
M2 2400000 1486198 1875000 1478083
M2 1875000 1478083 1104296 1478083
M2 1104296 1478083 1079610 1502770
Net84 5 
M2 3624077 1458430 3590754 1491753
M2 3590754 1491753 2400000 1491753
M2 2400000 1491753 1875000 1484255
M2 1875000 1484255 1288645 1484255
M2 1288645 1484255 1270130 1502770
Net85 5 
M2 3719340 1458430 3680462 1497307
M2 3680462 1497307 2400000 1497307
M2 2400000 1497307 1875000 1490426
M2 1875000 1490426 1377741 1490426
M2 1377741 1490426 1365397 1502770
Net86 5 
M2 3909860 1458430 3865428 1502861
M2 3865428 1502861 2400000 1502861
M2 2400000 1502861 1875000 1496597
M2 1875000 1496597 1562092 1496597
M2 1562092 1496597 1555920 1502770
Net87 5 
M2 4005130 1458430 3955144 1508415
M2 3955144 1508415 2400000 1508415
M2 2400000 1508415 1875000 1530541
M2 1875000 1530541 250011 1530541
M2 250011 1530541 222240 1502770
