Nets 40
Net0 5 
V1 2654130 1862040 2648946 1867224
V1 2648946 1867224 2400000 1867224
V1 2400000 1867224 1875000 1850840
V1 1875000 1850840 865187 1850840
V1 865187 1850840 830627 1885400
Net1 5 
V1 2740730 1862040 2730362 1872408
V1 2730362 1872408 2400000 1872408
V1 2400000 1872408 1875000 1859480
V1 1875000 1859480 1029750 1859480
V1 1029750 1859480 1003830 1885400
Net2 5 
V1 2827330 1862040 2811778 1877592
V1 2811778 1877592 2400000 1877592
V1 2400000 1877592 1875000 1868120
V1 1875000 1868120 1107710 1868120
V1 1107710 1868120 1090430 1885400
Net3 5 
V1 2870630 1862040 2849894 1882776
V1 2849894 1882776 2400000 1882776
V1 2400000 1882776 1875000 1876760
V1 1875000 1876760 1272280 1876760
V1 1272280 1876760 1263640 1885400
Net4 5 
V1 2675780 1836120 2670596 1841304
V1 2670596 1841304 2400000 1841304
V1 2400000 1841304 1875000 1823000
V1 1875000 1823000 893130 1823000
V1 893130 1823000 873930 1842200
Net5 5 
V1 2719080 1836120 2708712 1846488
V1 2708712 1846488 2400000 1846488
V1 2400000 1846488 1875000 1827800
V1 1875000 1827800 974930 1827800
V1 974930 1827800 960530 1842200
Net6 5 
V1 2762380 1836120 2746828 1851672
V1 2746828 1851672 2400000 1851672
V1 2400000 1851672 1875000 1832600
V1 1875000 1832600 1143332 1832600
V1 1143332 1832600 1133732 1842200
Net7 5 
V1 2805680 1836120 2784944 1856856
V1 2784944 1856856 2400000 1856856
V1 2400000 1856856 1875000 1837400
V1 1875000 1837400 1311740 1837400
V1 1311740 1837400 1306940 1842200
Net11 5 
V1 2654130 1810200 2645490 1818840
V1 2645490 1818840 2400000 1818840
V1 2400000 1818840 1875000 1813400
V1 1875000 1813400 729520 1813400
V1 729520 1813400 700720 1842200
Net12 5 
V1 2697430 1810200 2680150 1827480
V1 2680150 1827480 2400000 1827480
V1 2400000 1827480 1875000 1818200
V1 1875000 1818200 811322 1818200
V1 811322 1818200 787322 1842200
Net17 5 
V1 2719080 1784280 2706120 1797240
V1 2706120 1797240 2400000 1797240
V1 2400000 1797240 1875000 1808600
V1 1875000 1808600 840227 1808600
V1 840227 1808600 830627 1799000
Net20 5 
V1 2892280 1784280 2887960 1779960
V1 2887960 1779960 2400000 1779960
V1 2400000 1779960 1875000 1803800
V1 1875000 1803800 1355040 1803800
V1 1355040 1803800 1350240 1799000
Net22 5 
V1 2654130 1758360 2649810 1762680
V1 2649810 1762680 2400000 1762680
V1 2400000 1762680 1875000 1743456
V1 1875000 1743456 1059473 1743456
V1 1059473 1743456 1047130 1755800
Net23 5 
V1 2740730 1758360 2732090 1767000
V1 2732090 1767000 2400000 1767000
V1 2400000 1767000 1875000 1749627
V1 1875000 1749627 1139905 1749627
V1 1139905 1749627 1133732 1755800
Net25 5 
V1 2827330 1758360 2814370 1771320
V1 2814370 1771320 2400000 1771320
V1 2400000 1771320 1875000 1770200
V1 1875000 1770200 1292440 1770200
V1 1292440 1770200 1263640 1799000
Net26 5 
V1 2870630 1758360 2853350 1775640
V1 2853350 1775640 2400000 1775640
V1 2400000 1775640 1875000 1784600
V1 1875000 1784600 1537847 1784600
V1 1537847 1784600 1523447 1799000
Net28 5 
V1 2719080 1732440 2706120 1745400
V1 2706120 1745400 2400000 1745400
V1 2400000 1745400 1875000 1737285
V1 1875000 1737285 892445 1737285
V1 892445 1737285 873930 1755800
Net34 5 
V1 2697430 1706520 2684470 1719480
V1 2684470 1719480 2400000 1719480
V1 2400000 1719480 1875000 1731113
V1 1875000 1731113 812008 1731113
V1 812008 1731113 787322 1755800
Net36 5 
V1 2784030 1706520 2779710 1702200
V1 2779710 1702200 2400000 1702200
V1 2400000 1702200 1875000 1724942
V1 1875000 1724942 1275982 1724942
V1 1275982 1724942 1263640 1712600
Net37 5 
V1 2827330 1706520 2818690 1697880
V1 2818690 1697880 2400000 1697880
V1 2400000 1697880 1875000 1718771
V1 1875000 1718771 1356411 1718771
V1 1356411 1718771 1350240 1712600
Net38 5 
V1 2870630 1706520 2857670 1693560
V1 2857670 1693560 2400000 1693560
V1 2400000 1693560 1875000 1705400
V1 1875000 1705400 1444040 1705400
V1 1444040 1705400 1436840 1712600
Net40 5 
V1 2762380 1680600 2757196 1675416
V1 2757196 1675416 2400000 1675416
V1 2400000 1675416 1875000 1683800
V1 1875000 1683800 946030 1683800
V1 946030 1683800 917230 1712600
Net41 5 
V1 2805680 1680600 2801360 1684920
V1 2801360 1684920 2400000 1684920
V1 2400000 1684920 1875000 1691000
V1 1875000 1691000 1025430 1691000
V1 1025430 1691000 1003830 1712600
Net42 5 
V1 2892280 1680600 2883640 1689240
V1 2883640 1689240 2400000 1689240
V1 2400000 1689240 1875000 1698200
V1 1875000 1698200 1191437 1698200
V1 1191437 1698200 1177037 1712600
Net45 5 
V1 2740730 1654680 2735546 1659864
V1 2735546 1659864 2400000 1659864
V1 2400000 1659864 1875000 1647800
V1 1875000 1647800 1155332 1647800
V1 1155332 1647800 1133732 1669400
Net46 5 
V1 2784030 1654680 2773662 1665048
V1 2773662 1665048 2400000 1665048
V1 2400000 1665048 1875000 1658600
V1 1875000 1658600 1317740 1658600
V1 1317740 1658600 1306940 1669400
Net47 5 
V1 2870630 1654680 2855078 1670232
V1 2855078 1670232 2400000 1670232
V1 2400000 1670232 1875000 1676600
V1 1875000 1676600 1573950 1676600
V1 1573950 1676600 1566750 1669400
Net53 5 
V1 2892280 1628760 2879320 1641720
V1 2879320 1641720 2400000 1641720
V1 2400000 1641720 1875000 1637000
V1 1875000 1637000 1534247 1637000
V1 1534247 1637000 1523447 1626200
Net54 5 
V1 2935582 1628760 2922622 1615800
V1 2922622 1615800 2400000 1615800
V1 2400000 1615800 1875000 1604600
V1 1875000 1604600 592420 1604600
V1 592420 1604600 570820 1626200
Net60 5 
V1 2675780 1576920 2669300 1583400
V1 2669300 1583400 2400000 1583400
V1 2400000 1583400 1875000 1566800
V1 1875000 1566800 716920 1566800
V1 716920 1566800 700720 1583000
Net61 5 
V1 2719080 1576920 2706120 1589880
V1 2706120 1589880 2400000 1589880
V1 2400000 1589880 1875000 1572200
V1 1875000 1572200 971330 1572200
V1 971330 1572200 960530 1583000
Net62 5 
V1 2762380 1576920 2742940 1596360
V1 2742940 1596360 2400000 1596360
V1 2400000 1596360 1875000 1577600
V1 1875000 1577600 1052530 1577600
V1 1052530 1577600 1047130 1583000
Net72 5 
V1 2719080 1525080 2706120 1538040
V1 2706120 1538040 2400000 1538040
V1 2400000 1538040 1875000 1561400
V1 1875000 1561400 852227 1561400
V1 852227 1561400 830627 1539800
Net73 5 
V1 2762380 1525080 2758060 1520760
V1 2758060 1520760 2400000 1520760
V1 2400000 1520760 1875000 1556000
V1 1875000 1556000 933430 1556000
V1 933430 1556000 917230 1539800
Net74 5 
V1 2848980 1525080 2840340 1516440
V1 2840340 1516440 2400000 1516440
V1 2400000 1516440 1875000 1550600
V1 1875000 1550600 1447640 1550600
V1 1447640 1550600 1436840 1539800
Net75 5 
V1 2892280 1525080 2879320 1512120
V1 2879320 1512120 2400000 1512120
V1 2400000 1512120 1875000 1545200
V1 1875000 1545200 1528847 1545200
V1 1528847 1545200 1523447 1539800
Net76 5 
V1 2935582 1525080 2918302 1507800
V1 2918302 1507800 2400000 1507800
V1 2400000 1507800 1875000 1525400
V1 1875000 1525400 585220 1525400
V1 585220 1525400 570820 1539800
Net77 5 
V1 2654130 1499160 2645490 1490520
V1 2645490 1490520 2400000 1490520
V1 2400000 1490520 1875000 1482200
V1 1875000 1482200 888330 1482200
V1 888330 1482200 873930 1496600
Net78 5 
V1 2697430 1499160 2693110 1503480
V1 2693110 1503480 2400000 1503480
V1 2400000 1503480 1875000 1511000
V1 1875000 1511000 1061530 1511000
V1 1061530 1511000 1047130 1496600
Net87 5 
V1 2935582 1473240 2926942 1481880
V1 2926942 1481880 2400000 1481880
V1 2400000 1481880 1875000 1467800
V1 1875000 1467800 642920 1467800
V1 642920 1467800 614120 1496600
