Nets 21
Net6 5 
M2 3406270 1853400 3384670 1875000
M2 3384670 1875000 2400000 1875000
M2 2400000 1875000 1875000 1808258
M2 1875000 1808258 355671 1808258
M2 355671 1808258 327900 1836030
Net17 5 
M2 2682270 1767000 2660670 1788600
M2 2660670 1788600 2400000 1788600
M2 2400000 1788600 1875000 1752711
M2 1875000 1752711 488176 1752711
M2 488176 1752711 460400 1780487
Net25 5 
M2 3406270 1767000 3384670 1745400
M2 3384670 1745400 2400000 1745400
M2 2400000 1745400 1875000 1697171
M2 1875000 1697171 355668 1697171
M2 355668 1697171 327900 1724940
Net48 5 
M2 3110090 1637400 3101450 1646040
M2 3101450 1646040 2400000 1646040
M2 2400000 1646040 1875000 1624968
M2 1875000 1624968 1034841 1624968
M2 1034841 1624968 990410 1669400
Net49 5 
M2 3175910 1637400 3158630 1654680
M2 3158630 1654680 2400000 1654680
M2 2400000 1654680 1875000 1636077
M2 1875000 1636077 1112063 1636077
M2 1112063 1636077 1078740 1669400
Net50 5 
M2 3241722 1637400 3215802 1663320
M2 3215802 1663320 2400000 1663320
M2 2400000 1663320 1875000 1647185
M2 1875000 1647185 1277624 1647185
M2 1277624 1647185 1255410 1669400
Net51 5 
M2 3373360 1637400 3338800 1671960
M2 3338800 1671960 2400000 1671960
M2 2400000 1671960 1875000 1658294
M2 1875000 1658294 1354853 1658294
M2 1354853 1658294 1343747 1669400
Net52 5 
M2 2682270 1594200 2677470 1599000
M2 2677470 1599000 2400000 1599000
M2 2400000 1599000 1875000 1539798
M2 1875000 1539798 478914 1539798
M2 478914 1539798 460400 1558312
Net53 5 
M2 2748090 1594200 2738490 1603800
M2 2738490 1603800 2400000 1603800
M2 2400000 1603800 1875000 1565255
M2 1875000 1565255 464834 1565255
M2 464834 1565255 416230 1613860
Net54 5 
M2 2879730 1594200 2865330 1608600
M2 2865330 1608600 2400000 1608600
M2 2400000 1608600 1875000 1572198
M2 1875000 1572198 634562 1572198
M2 634562 1572198 592900 1613860
Net55 5 
M2 3011360 1594200 2992160 1613400
M2 2992160 1613400 2400000 1613400
M2 2400000 1613400 1875000 1579140
M2 1875000 1579140 715956 1579140
M2 715956 1579140 681237 1613860
Net56 5 
M2 3077180 1594200 3053180 1618200
M2 3053180 1618200 2400000 1618200
M2 2400000 1618200 1875000 1586083
M2 1875000 1586083 885684 1586083
M2 885684 1586083 857907 1613860
Net57 5 
M2 3143000 1594200 3114200 1623000
M2 3114200 1623000 2400000 1623000
M2 2400000 1623000 1875000 1593026
M2 1875000 1593026 967073 1593026
M2 967073 1593026 946240 1613860
Net58 5 
M2 3208817 1594200 3175217 1627800
M2 3175217 1627800 2400000 1627800
M2 2400000 1627800 1875000 1599969
M2 1875000 1599969 1136801 1599969
M2 1136801 1599969 1122910 1613860
Net59 5 
M2 3274630 1594200 3236230 1632600
M2 3236230 1632600 2400000 1632600
M2 2400000 1632600 1875000 1606911
M2 1875000 1606911 1218188 1606911
M2 1218188 1606911 1211240 1613860
Net82 5 
M2 2846820 1464600 2840647 1470772
M2 2840647 1470772 2400000 1470772
M2 2400000 1470772 1875000 1456484
M2 1875000 1456484 904193 1456484
M2 904193 1456484 857907 1502770
Net83 5 
M2 2912637 1464600 2900293 1476943
M2 2900293 1476943 2400000 1476943
M2 2400000 1476943 1875000 1465741
M2 1875000 1465741 1159938 1465741
M2 1159938 1465741 1122910 1502770
Net84 5 
M2 3044270 1464600 3025755 1483115
M2 3025755 1483115 2400000 1483115
M2 2400000 1483115 1875000 1474998
M2 1875000 1474998 1327351 1474998
M2 1327351 1474998 1299580 1502770
Net85 5 
M2 3110090 1464600 3085403 1489286
M2 3085403 1489286 2400000 1489286
M2 2400000 1489286 1875000 1484255
M2 1875000 1484255 1406424 1484255
M2 1406424 1484255 1387910 1502770
Net86 5 
M2 3241722 1464600 3210865 1495457
M2 3210865 1495457 2400000 1495457
M2 2400000 1495457 1875000 1493512
M2 1875000 1493512 1573837 1493512
M2 1573837 1493512 1564580 1502770
Net87 5 
M2 3439180 1464600 3402151 1501628
M2 3402151 1501628 2400000 1501628
M2 2400000 1501628 1875000 1521284
M2 1875000 1521284 409091 1521284
M2 409091 1521284 372062 1558312
