Nets 22
Net4 5 
M2 2675780 1836120 2667140 1844760
M2 2667140 1844760 2400000 1844760
M2 2400000 1844760 1875000 1833560
M2 1875000 1833560 1356697 1833560
M2 1356697 1833560 1339417 1850840
Net5 5 
M2 2719080 1836120 2701800 1853400
M2 2701800 1853400 2400000 1853400
M2 2400000 1853400 1875000 1842200
M2 1875000 1842200 1401750 1842200
M2 1401750 1842200 1393110 1850840
Net16 5 
M2 2675780 1784280 2667140 1792920
M2 2667140 1792920 2400000 1792920
M2 2400000 1792920 1875000 1781720
M2 1875000 1781720 1356697 1781720
M2 1356697 1781720 1339417 1799000
Net17 5 
M2 2719080 1784280 2701800 1801560
M2 2701800 1801560 2400000 1801560
M2 2400000 1801560 1875000 1790360
M2 1875000 1790360 1401750 1790360
M2 1401750 1790360 1393110 1799000
Net23 5 
M2 2740730 1758360 2735546 1763544
M2 2735546 1763544 2400000 1763544
M2 2400000 1763544 1875000 1752344
M2 1875000 1752344 1440693 1752344
M2 1440693 1752344 1419957 1773080
Net24 5 
M2 2784030 1758360 2773662 1768728
M2 2773662 1768728 2400000 1768728
M2 2400000 1768728 1875000 1757528
M2 1875000 1757528 1489202 1757528
M2 1489202 1757528 1473650 1773080
Net25 5 
M2 2827330 1758360 2811778 1773912
M2 2811778 1773912 2400000 1773912
M2 2400000 1773912 1875000 1762712
M2 1875000 1762712 1537708 1762712
M2 1537708 1762712 1527340 1773080
Net26 5 
M2 2870630 1758360 2849894 1779096
M2 2849894 1779096 2400000 1779096
M2 2400000 1779096 1875000 1767896
M2 1875000 1767896 1586224 1767896
M2 1586224 1767896 1581040 1773080
Net30 5 
M2 2848980 1732440 2836020 1745400
M2 2836020 1745400 2400000 1745400
M2 2400000 1745400 1875000 1734200
M2 1875000 1734200 1567150 1734200
M2 1567150 1734200 1554190 1747160
Net34 5 
M2 2697430 1706520 2688790 1715160
M2 2688790 1715160 2400000 1715160
M2 2400000 1715160 1875000 1703960
M2 1875000 1703960 1383540 1703960
M2 1383540 1703960 1366260 1721240
Net37 5 
M2 2827330 1706520 2810050 1723800
M2 2810050 1723800 2400000 1723800
M2 2400000 1723800 1875000 1712600
M2 1875000 1712600 1535980 1712600
M2 1535980 1712600 1527340 1721240
Net44 5 
M2 2654130 1654680 2641170 1667640
M2 2641170 1667640 2400000 1667640
M2 2400000 1667640 1875000 1656440
M2 1875000 1656440 1325530 1656440
M2 1325530 1656440 1312570 1669400
Net48 5 
M2 2675780 1628760 2667140 1637400
M2 2667140 1637400 2400000 1637400
M2 2400000 1637400 1875000 1626200
M2 1875000 1626200 1356697 1626200
M2 1356697 1626200 1339417 1643480
Net51 5 
M2 2805680 1628760 2788400 1646040
M2 2788400 1646040 2400000 1646040
M2 2400000 1646040 1875000 1634840
M2 1875000 1634840 1509137 1634840
M2 1509137 1634840 1500497 1643480
Net58 5 
M2 2827330 1602840 2818690 1611480
M2 2818690 1611480 2400000 1611480
M2 2400000 1611480 1875000 1600280
M2 1875000 1600280 1544620 1600280
M2 1544620 1600280 1527340 1617560
Net59 5 
M2 2870630 1602840 2853350 1620120
M2 2853350 1620120 2400000 1620120
M2 2400000 1620120 1875000 1608920
M2 1875000 1608920 1589680 1608920
M2 1589680 1608920 1581040 1617560
Net61 5 
M2 2719080 1576920 2706120 1589880
M2 2706120 1589880 2400000 1589880
M2 2400000 1589880 1875000 1578680
M2 1875000 1578680 1406070 1578680
M2 1406070 1578680 1393110 1591640
Net68 5 
M2 2784030 1551000 2771070 1563960
M2 2771070 1563960 2400000 1563960
M2 2400000 1563960 1875000 1552760
M2 1875000 1552760 1486610 1552760
M2 1486610 1552760 1473650 1565720
Net71 5 
M2 2675780 1525080 2667140 1533720
M2 2667140 1533720 2400000 1533720
M2 2400000 1533720 1875000 1522520
M2 1875000 1522520 1303000 1522520
M2 1303000 1522520 1285720 1539800
Net72 5 
M2 2719080 1525080 2701800 1542360
M2 2701800 1542360 2400000 1542360
M2 2400000 1542360 1875000 1531160
M2 1875000 1531160 1401750 1531160
M2 1401750 1531160 1393110 1539800
Net78 5 
M2 2697430 1499160 2688790 1507800
M2 2688790 1507800 2400000 1507800
M2 2400000 1507800 1875000 1496600
M2 1875000 1496600 1383540 1496600
M2 1383540 1496600 1366260 1513880
Net81 5 
M2 2827330 1499160 2810050 1516440
M2 2810050 1516440 2400000 1516440
M2 2400000 1516440 1875000 1505240
M2 1875000 1505240 1535980 1505240
M2 1535980 1505240 1527340 1513880
