Nets 26
Net13 5 
V2 2784030 1810200 2777550 1816680
V2 2777550 1816680 2400000 1816680
V2 2400000 1816680 1875000 1858247
V2 1875000 1858247 1272283 1858247
V2 1272283 1858247 1238960 1891570
Net14 5 
V2 2827330 1810200 2814370 1823160
V2 2814370 1823160 2400000 1823160
V2 2400000 1823160 1875000 1869355
V2 1875000 1869355 1444764 1869355
V2 1444764 1869355 1422550 1891570
Net15 5 
V2 2913932 1810200 2894492 1829640
V2 2894492 1829640 2400000 1829640
V2 2400000 1829640 1875000 1880464
V2 1875000 1880464 1525456 1880464
V2 1525456 1880464 1514350 1891570
Net19 5 
V2 2848980 1784280 2842500 1790760
V2 2842500 1790760 2400000 1790760
V2 2400000 1790760 1875000 1799001
V2 1875000 1799001 1138288 1799001
V2 1138288 1799001 1101260 1836030
Net20 5 
V2 2892280 1784280 2879320 1797240
V2 2879320 1797240 2400000 1797240
V2 2400000 1797240 1875000 1817515
V2 1875000 1817515 1395167 1817515
V2 1395167 1817515 1376652 1836030
Net21 5 
V2 2935582 1784280 2916142 1803720
V2 2916142 1803720 2400000 1803720
V2 2400000 1803720 1875000 1847138
V2 1875000 1847138 365401 1847138
V2 365401 1847138 320970 1891570
Net22 5 
V2 2654130 1758360 2645490 1767000
V2 2645490 1767000 2400000 1767000
V2 2400000 1767000 1875000 1758265
V2 1875000 1758265 1077582 1758265
V2 1077582 1758265 1055360 1780487
Net23 5 
V2 2740730 1758360 2723450 1775640
V2 2723450 1775640 2400000 1775640
V2 2400000 1775640 1875000 1769374
V2 1875000 1769374 1250073 1769374
V2 1250073 1769374 1238960 1780487
Net27 5 
V2 2675780 1732440 2662820 1745400
V2 2662820 1745400 2400000 1745400
V2 2400000 1745400 1875000 1747157
V2 1875000 1747157 996890 1747157
V2 996890 1747157 963560 1780487
Net34 5 
V2 2697430 1706520 2684470 1719480
V2 2684470 1719480 2400000 1719480
V2 2400000 1719480 1875000 1736048
V2 1875000 1736048 824399 1736048
V2 824399 1736048 779960 1780487
Net35 5 
V2 2740730 1706520 2732090 1697880
V2 2732090 1697880 2400000 1697880
V2 2400000 1697880 1875000 1706428
V2 1875000 1706428 660774 1706428
V2 660774 1706428 642262 1724940
Net39 5 
V2 2675780 1680600 2667140 1689240
V2 2667140 1689240 2400000 1689240
V2 2400000 1689240 1875000 1687914
V2 1875000 1687914 587493 1687914
V2 587493 1687914 550467 1724940
Net51 5 
V2 2805680 1628760 2797040 1637400
V2 2797040 1637400 2400000 1637400
V2 2400000 1637400 1875000 1641631
V2 1875000 1641631 1266729 1641631
V2 1266729 1641631 1238960 1669400
Net53 5 
V2 2892280 1628760 2875000 1646040
V2 2875000 1646040 2400000 1646040
V2 2400000 1646040 1875000 1655516
V2 1875000 1655516 1528233 1655516
V2 1528233 1655516 1514350 1669400
Net61 5 
V2 2719080 1576920 2714760 1581240
V2 2714760 1581240 2400000 1581240
V2 2400000 1581240 1875000 1539798
V2 1875000 1539798 706677 1539798
V2 706677 1539798 688162 1558312
Net62 5 
V2 2762380 1576920 2753740 1585560
V2 2753740 1585560 2400000 1585560
V2 2400000 1585560 1875000 1549055
V2 1875000 1549055 789217 1549055
V2 789217 1549055 779960 1558312
Net63 5 
V2 2805680 1576920 2792720 1589880
V2 2792720 1589880 2400000 1589880
V2 2400000 1589880 1875000 1576826
V2 1875000 1576826 679296 1576826
V2 679296 1576826 642262 1613860
Net64 5 
V2 2892280 1576920 2875000 1594200
V2 2875000 1594200 2400000 1594200
V2 2400000 1594200 1875000 1595340
V2 1875000 1595340 844379 1595340
V2 844379 1595340 825860 1613860
Net65 5 
V2 2935582 1576920 2913982 1598520
V2 2913982 1598520 2400000 1598520
V2 2400000 1598520 1875000 1627745
V2 1875000 1627745 362624 1627745
V2 362624 1627745 320970 1669400
Net66 5 
V2 2654130 1551000 2641170 1563960
V2 2641170 1563960 2400000 1563960
V2 2400000 1563960 1875000 1530541
V2 1875000 1530541 624139 1530541
V2 624139 1530541 596367 1558312
Net77 5 
V2 2654130 1499160 2641170 1512120
V2 2641170 1512120 2400000 1512120
V2 2400000 1512120 1875000 1521284
V2 1875000 1521284 752574 1521284
V2 752574 1521284 734060 1502770
Net78 5 
V2 2697430 1499160 2693110 1494840
V2 2693110 1494840 2400000 1494840
V2 2400000 1494840 1875000 1512027
V2 1875000 1512027 835117 1512027
V2 835117 1512027 825860 1502770
Net83 5 
V2 2675780 1473240 2671460 1477560
V2 2671460 1477560 2400000 1477560
V2 2400000 1477560 1875000 1458336
V2 1875000 1458336 1145694 1458336
V2 1145694 1458336 1101260 1502770
Net84 5 
V2 2719080 1473240 2710440 1481880
V2 2710440 1481880 2400000 1481880
V2 2400000 1481880 1875000 1469444
V2 1875000 1469444 1318183 1469444
V2 1318183 1469444 1284857 1502770
Net85 5 
V2 2805680 1473240 2792720 1486200
V2 2792720 1486200 2400000 1486200
V2 2400000 1486200 1875000 1480553
V2 1875000 1480553 1398869 1480553
V2 1398869 1480553 1376652 1502770
Net86 5 
V2 2892280 1473240 2875000 1490520
V2 2875000 1490520 2400000 1490520
V2 2400000 1490520 1875000 1491661
V2 1875000 1491661 1571358 1491661
V2 1571358 1491661 1560250 1502770
