Nets 51
Net9 5 
M2 3999930 1847230 3972158 1875001
M2 3972158 1875001 2400000 1875001
M2 2400000 1875001 1875000 1863801
M2 1875000 1863801 348738 1863801
M2 348738 1863801 320970 1891570
Net12 5 
M2 3036040 1791687 3030990 1796737
M2 3030990 1796737 2400000 1796737
M2 2400000 1796737 1875000 1785536
M2 1875000 1785536 600960 1785536
M2 600960 1785536 550467 1836030
Net13 5 
M2 3127840 1791687 3117740 1801786
M2 3117740 1801786 2400000 1801786
M2 2400000 1801786 1875000 1790586
M2 1875000 1790586 687706 1790586
M2 687706 1790586 642262 1836030
Net14 5 
M2 3219640 1791687 3204491 1806836
M2 3204491 1806836 2400000 1806836
M2 2400000 1806836 1875000 1795635
M2 1875000 1795635 774454 1795635
M2 774454 1795635 734060 1836030
Net15 5 
M2 3311440 1791687 3291242 1811885
M2 3291242 1811885 2400000 1811885
M2 2400000 1811885 1875000 1800684
M2 1875000 1800684 861205 1800684
M2 861205 1800684 825860 1836030
Net16 5 
M2 3403240 1791687 3377993 1816934
M2 3377993 1816934 2400000 1816934
M2 2400000 1816934 1875000 1805733
M2 1875000 1805733 1131556 1805733
M2 1131556 1805733 1101260 1836030
Net17 5 
M2 3495040 1791687 3464743 1821983
M2 3464743 1821983 2400000 1821983
M2 2400000 1821983 1875000 1810783
M2 1875000 1810783 1218307 1810783
M2 1218307 1810783 1193060 1836030
Net18 5 
M2 3586837 1791687 3551492 1827033
M2 3551492 1827033 2400000 1827033
M2 2400000 1827033 1875000 1815832
M2 1875000 1815832 1305055 1815832
M2 1305055 1815832 1284857 1836030
Net19 5 
M2 3678632 1791687 3638237 1832082
M2 3638237 1832082 2400000 1832082
M2 2400000 1832082 1875000 1820881
M2 1875000 1820881 1391801 1820881
M2 1391801 1820881 1376652 1836030
Net20 5 
M2 3770430 1791687 3724986 1837131
M2 3724986 1837131 2400000 1837131
M2 2400000 1837131 1875000 1825930
M2 1875000 1825930 1478549 1825930
M2 1478549 1825930 1468450 1836030
Net21 5 
M2 3862230 1791687 3811736 1842180
M2 3811736 1842180 2400000 1842180
M2 2400000 1842180 1875000 1830980
M2 1875000 1830980 1565300 1830980
M2 1565300 1830980 1560250 1836030
Net25 5 
M2 2990142 1736140 2983965 1742317
M2 2983965 1742317 2400000 1742317
M2 2400000 1742317 1875000 1731111
M2 1875000 1731111 737538 1731111
M2 737538 1731111 688162 1780487
Net26 5 
M2 3081940 1736140 3069591 1748488
M2 3069591 1748488 2400000 1748488
M2 2400000 1748488 1875000 1737282
M2 1875000 1737282 823165 1737282
M2 823165 1737282 779960 1780487
Net27 5 
M2 3173740 1736140 3155220 1754660
M2 3155220 1754660 2400000 1754660
M2 2400000 1754660 1875000 1743453
M2 1875000 1743453 908793 1743453
M2 908793 1743453 871760 1780487
Net28 5 
M2 3357340 1736140 3332648 1760831
M2 3332648 1760831 2400000 1760831
M2 2400000 1760831 1875000 1749625
M2 1875000 1749625 994422 1749625
M2 994422 1749625 963560 1780487
Net29 5 
M2 3449140 1736140 3418277 1767002
M2 3418277 1767002 2400000 1767002
M2 2400000 1767002 1875000 1755796
M2 1875000 1755796 1080051 1755796
M2 1080051 1755796 1055360 1780487
Net30 5 
M2 3632737 1736140 3595703 1773173
M2 3595703 1773173 2400000 1773173
M2 2400000 1773173 1875000 1761967
M2 1875000 1761967 1257480 1761967
M2 1257480 1761967 1238960 1780487
Net31 5 
M2 3724532 1736140 3681327 1779345
M2 3681327 1779345 2400000 1779345
M2 2400000 1779345 1875000 1768138
M2 1875000 1768138 1343101 1768138
M2 1343101 1768138 1330752 1780487
Net32 5 
M2 3908130 1736140 3858753 1785516
M2 3858753 1785516 2400000 1785516
M2 2400000 1785516 1875000 1774310
M2 1875000 1774310 1520527 1774310
M2 1520527 1774310 1514350 1780487
Net36 5 
M2 3036040 1680600 3029099 1687540
M2 3029099 1687540 2400000 1687540
M2 2400000 1687540 1875000 1676342
M2 1875000 1676342 690859 1676342
M2 690859 1676342 642262 1724940
Net37 5 
M2 3219640 1680600 3205756 1694483
M2 3205756 1694483 2400000 1694483
M2 2400000 1694483 1875000 1683285
M2 1875000 1683285 867514 1683285
M2 867514 1683285 825860 1724940
Net38 5 
M2 3311440 1680600 3290613 1701426
M2 3290613 1701426 2400000 1701426
M2 2400000 1701426 1875000 1690228
M2 1875000 1690228 952371 1690228
M2 952371 1690228 917660 1724940
Net39 5 
M2 3495040 1680600 3467271 1708369
M2 3467271 1708369 2400000 1708369
M2 2400000 1708369 1875000 1697171
M2 1875000 1697171 1129029 1697171
M2 1129029 1697171 1101260 1724940
Net40 5 
M2 3586837 1680600 3552125 1715311
M2 3552125 1715311 2400000 1715311
M2 2400000 1715311 1875000 1704113
M2 1875000 1704113 1213886 1704113
M2 1213886 1704113 1193060 1724940
Net41 5 
M2 3770430 1680600 3728775 1722254
M2 3728775 1722254 2400000 1722254
M2 2400000 1722254 1875000 1711056
M2 1875000 1711056 1390536 1711056
M2 1390536 1711056 1376652 1724940
Net42 5 
M2 3862230 1680600 3813632 1729197
M2 3813632 1729197 2400000 1729197
M2 2400000 1729197 1875000 1717999
M2 1875000 1717999 1475390 1717999
M2 1475390 1717999 1468450 1724940
Net46 5 
M2 3081940 1625060 3074999 1632000
M2 3074999 1632000 2400000 1632000
M2 2400000 1632000 1875000 1620802
M2 1875000 1620802 736759 1620802
M2 736759 1620802 688162 1669400
Net47 5 
M2 3173740 1625060 3159856 1638943
M2 3159856 1638943 2400000 1638943
M2 2400000 1638943 1875000 1627745
M2 1875000 1627745 821614 1627745
M2 821614 1627745 779960 1669400
Net48 5 
M2 3357340 1625060 3336513 1645886
M2 3336513 1645886 2400000 1645886
M2 2400000 1645886 1875000 1634688
M2 1875000 1634688 998271 1634688
M2 998271 1634688 963560 1669400
Net49 5 
M2 3449140 1625060 3421371 1652829
M2 3421371 1652829 2400000 1652829
M2 2400000 1652829 1875000 1641631
M2 1875000 1641631 1083129 1641631
M2 1083129 1641631 1055360 1669400
Net50 5 
M2 3632737 1625060 3598025 1659771
M2 3598025 1659771 2400000 1659771
M2 2400000 1659771 1875000 1648573
M2 1875000 1648573 1259786 1648573
M2 1259786 1648573 1238960 1669400
Net51 5 
M2 3724532 1625060 3682878 1666714
M2 3682878 1666714 2400000 1666714
M2 2400000 1666714 1875000 1655516
M2 1875000 1655516 1344636 1655516
M2 1344636 1655516 1330752 1669400
Net52 5 
M2 3908130 1625060 3859532 1673657
M2 3859532 1673657 2400000 1673657
M2 2400000 1673657 1875000 1662459
M2 1875000 1662459 1521290 1662459
M2 1521290 1662459 1514350 1669400
Net56 5 
M2 3036040 1569512 3029862 1575690
M2 3029862 1575690 2400000 1575690
M2 2400000 1575690 1875000 1569421
M2 1875000 1569421 686701 1569421
M2 686701 1569421 642262 1613860
Net57 5 
M2 3219640 1569512 3207291 1581861
M2 3207291 1581861 2400000 1581861
M2 2400000 1581861 1875000 1574975
M2 1875000 1574975 864744 1574975
M2 864744 1574975 825860 1613860
Net58 5 
M2 3311440 1569512 3292920 1588032
M2 3292920 1588032 2400000 1588032
M2 2400000 1588032 1875000 1580529
M2 1875000 1580529 950990 1580529
M2 950990 1580529 917660 1613860
Net59 5 
M2 3403240 1569512 3378548 1594203
M2 3378548 1594203 2400000 1594203
M2 2400000 1594203 1875000 1586083
M2 1875000 1586083 1129036 1586083
M2 1129036 1586083 1101260 1613860
Net60 5 
M2 3495040 1569512 3464177 1600375
M2 3464177 1600375 2400000 1600375
M2 2400000 1600375 1875000 1591638
M2 1875000 1591638 1215282 1591638
M2 1215282 1591638 1193060 1613860
Net61 5 
M2 3586837 1569512 3549803 1606546
M2 3549803 1606546 2400000 1606546
M2 2400000 1606546 1875000 1597192
M2 1875000 1597192 1301525 1597192
M2 1301525 1597192 1284857 1613860
Net62 5 
M2 3770430 1569512 3727225 1612717
M2 3727225 1612717 2400000 1612717
M2 2400000 1612717 1875000 1602746
M2 1875000 1602746 1387766 1602746
M2 1387766 1602746 1376652 1613860
Net63 5 
M2 3862230 1569512 3812853 1618888
M2 3812853 1618888 2400000 1618888
M2 2400000 1618888 1875000 1608300
M2 1875000 1608300 1474009 1608300
M2 1474009 1608300 1468450 1613860
Net65 5 
M2 2714750 1513970 2686978 1541741
M2 2686978 1541741 2400000 1541741
M2 2400000 1541741 1875000 1563866
M2 1875000 1563866 418324 1563866
M2 418324 1563866 412770 1558312
Net78 5 
M2 2760650 1458430 2755098 1463981
M2 2755098 1463981 2400000 1463981
M2 2400000 1463981 1875000 1453398
M2 1875000 1453398 416241 1453398
M2 416241 1453398 366870 1502770
Net80 5 
M2 3036040 1458430 3024934 1469536
M2 3024934 1469536 2400000 1469536
M2 2400000 1469536 1875000 1459570
M2 1875000 1459570 593667 1459570
M2 593667 1459570 550467 1502770
Net81 5 
M2 3127840 1458430 3111179 1475090
M2 3111179 1475090 2400000 1475090
M2 2400000 1475090 1875000 1465741
M2 1875000 1465741 771088 1465741
M2 771088 1465741 734060 1502770
Net82 5 
M2 3311440 1458430 3289225 1480644
M2 3289225 1480644 2400000 1480644
M2 2400000 1480644 1875000 1471912
M2 1875000 1471912 856717 1471912
M2 856717 1471912 825860 1502770
Net83 5 
M2 3403240 1458430 3375471 1486198
M2 3375471 1486198 2400000 1486198
M2 2400000 1486198 1875000 1478083
M2 1875000 1478083 1125946 1478083
M2 1125946 1478083 1101260 1502770
Net84 5 
M2 3586837 1458430 3553514 1491753
M2 3553514 1491753 2400000 1491753
M2 2400000 1491753 1875000 1484255
M2 1875000 1484255 1303372 1484255
M2 1303372 1484255 1284857 1502770
Net85 5 
M2 3678632 1458430 3639755 1497307
M2 3639755 1497307 2400000 1497307
M2 2400000 1497307 1875000 1490426
M2 1875000 1490426 1388996 1490426
M2 1388996 1490426 1376652 1502770
Net86 5 
M2 3862230 1458430 3817798 1502861
M2 3817798 1502861 2400000 1502861
M2 2400000 1502861 1875000 1496597
M2 1875000 1496597 1566422 1496597
M2 1566422 1496597 1560250 1502770
Net87 5 
M2 3954030 1458430 3904044 1508415
M2 3904044 1508415 2400000 1508415
M2 2400000 1508415 1875000 1530541
M2 1875000 1530541 302841 1530541
M2 302841 1530541 275070 1502770
