Nets 37
Net0 5 
V1 2714750 1847230 2709195 1852784
V1 2709195 1852784 2400000 1852784
V1 2400000 1852784 1875000 1849915
V1 1875000 1849915 454424 1849915
V1 454424 1849915 412770 1891570
Net1 5 
V1 2898347 1847230 2887239 1858338
V1 2887239 1858338 2400000 1858338
V1 2400000 1858338 1875000 1854544
V1 1875000 1854544 633393 1854544
V1 633393 1854544 596367 1891570
Net2 5 
V1 2990142 1847230 2973479 1863892
V1 2973479 1863892 2400000 1863892
V1 2400000 1863892 1875000 1859172
V1 1875000 1859172 720560 1859172
V1 720560 1859172 688162 1891570
Net3 5 
V1 3173740 1847230 3151523 1869447
V1 3151523 1869447 2400000 1869447
V1 2400000 1869447 1875000 1863801
V1 1875000 1863801 899529 1863801
V1 899529 1863801 871760 1891570
Net4 5 
V1 3449140 1847230 3421368 1875001
V1 3421368 1875001 2400000 1875001
V1 2400000 1875001 1875000 1868429
V1 1875000 1868429 986700 1868429
V1 986700 1868429 963560 1891570
Net5 5 
V1 3540940 1847230 3507614 1880555
V1 3507614 1880555 2400000 1880555
V1 2400000 1880555 1875000 1873058
V1 1875000 1873058 1165672 1873058
V1 1165672 1873058 1147160 1891570
Net6 5 
V1 3724532 1847230 3685652 1886109
V1 3685652 1886109 2400000 1886109
V1 2400000 1886109 1875000 1877686
V1 1875000 1877686 1252843 1877686
V1 1252843 1877686 1238960 1891570
Net7 5 
V1 3816330 1847230 3771896 1891664
V1 3771896 1891664 2400000 1891664
V1 2400000 1891664 1875000 1882315
V1 1875000 1882315 1431805 1882315
V1 1431805 1882315 1422550 1891570
Net8 5 
V1 3908130 1847230 3858141 1897218
V1 3858141 1897218 2400000 1897218
V1 2400000 1897218 1875000 1886943
V1 1875000 1886943 1518976 1886943
V1 1518976 1886943 1514350 1891570
Net10 5 
V1 2760650 1791687 2742135 1810202
V1 2742135 1810202 2400000 1810202
V1 2400000 1810202 1875000 1840658
V1 1875000 1840658 371498 1840658
V1 371498 1840658 366870 1836030
Net11 5 
V1 2852450 1791687 2833936 1773173
V1 2833936 1773173 2400000 1773173
V1 2400000 1773173 1875000 1817515
V1 1875000 1817515 477184 1817515
V1 477184 1817515 458670 1836030
Net22 5 
V1 3954030 1791687 3917001 1828716
V1 3917001 1828716 2400000 1828716
V1 2400000 1828716 1875000 1845287
V1 1875000 1845287 284327 1845287
V1 284327 1845287 275070 1836030
Net23 5 
V1 2806550 1736140 2795441 1725031
V1 2795441 1725031 2400000 1725031
V1 2400000 1725031 1875000 1769374
V1 1875000 1769374 423883 1769374
V1 423883 1769374 412770 1780487
Net24 5 
V1 2898347 1736140 2879828 1754659
V1 2879828 1754659 2400000 1754659
V1 2400000 1754659 1875000 1799001
V1 1875000 1799001 523084 1799001
V1 523084 1799001 504570 1780487
Net33 5 
V1 3999930 1736140 3977713 1713923
V1 3977713 1713923 2400000 1713923
V1 2400000 1713923 1875000 1758265
V1 1875000 1758265 343192 1758265
V1 343192 1758265 320970 1780487
Net34 5 
V1 2760650 1680600 2749544 1691706
V1 2749544 1691706 2400000 1691706
V1 2400000 1691706 1875000 1736048
V1 1875000 1736048 377978 1736048
V1 377978 1736048 366870 1724940
Net35 5 
V1 2944247 1680600 2925733 1662086
V1 2925733 1662086 2400000 1662086
V1 2400000 1662086 1875000 1706428
V1 1875000 1706428 568979 1706428
V1 568979 1706428 550467 1724940
Net43 5 
V1 3954030 1680600 3931815 1702814
V1 3931815 1702814 2400000 1702814
V1 2400000 1702814 1875000 1747157
V1 1875000 1747157 297287 1747157
V1 297287 1747157 275070 1724940
Net44 5 
V1 2806550 1625060 2795441 1613951
V1 2795441 1613951 2400000 1613951
V1 2400000 1613951 1875000 1658294
V1 1875000 1658294 423876 1658294
V1 423876 1658294 412770 1669400
Net45 5 
V1 2898347 1625060 2879835 1643572
V1 2879835 1643572 2400000 1643572
V1 2400000 1643572 1875000 1687914
V1 1875000 1687914 523084 1687914
V1 523084 1687914 504570 1669400
Net53 5 
V1 3999930 1625060 3977713 1602843
V1 3977713 1602843 2400000 1602843
V1 2400000 1602843 1875000 1647185
V1 1875000 1647185 343184 1647185
V1 343184 1647185 320970 1669400
Net54 5 
V1 2760650 1569512 2749536 1580626
V1 2749536 1580626 2400000 1580626
V1 2400000 1580626 1875000 1624968
V1 1875000 1624968 377978 1624968
V1 377978 1624968 366870 1613860
Net55 5 
V1 2944247 1569512 2939975 1565240
V1 2939975 1565240 2400000 1565240
V1 2400000 1565240 1875000 1595340
V1 1875000 1595340 568987 1595340
V1 568987 1595340 550467 1613860
Net64 5 
V1 3954030 1569512 3931808 1591734
V1 3931808 1591734 2400000 1591734
V1 2400000 1591734 1875000 1636077
V1 1875000 1636077 297287 1636077
V1 297287 1636077 275070 1613860
Net66 5 
V1 2806550 1513970 2788036 1495456
V1 2788036 1495456 2400000 1495456
V1 2400000 1495456 1875000 1511315
V1 1875000 1511315 551567 1511315
V1 551567 1511315 504570 1558312
Net67 5 
V1 2898347 1513970 2894075 1518242
V1 2894075 1518242 2400000 1518242
V1 2400000 1518242 1875000 1515587
V1 1875000 1515587 639092 1515587
V1 639092 1515587 596367 1558312
Net68 5 
V1 2990142 1513970 2981597 1522515
V1 2981597 1522515 2400000 1522515
V1 2400000 1522515 1875000 1519860
V1 1875000 1519860 726615 1519860
V1 726615 1519860 688162 1558312
Net69 5 
V1 3081940 1513970 3069122 1526787
V1 3069122 1526787 2400000 1526787
V1 2400000 1526787 1875000 1524132
V1 1875000 1524132 814140 1524132
V1 814140 1524132 779960 1558312
Net70 5 
V1 3173740 1513970 3156650 1531060
V1 3156650 1531060 2400000 1531060
V1 2400000 1531060 1875000 1528405
V1 1875000 1528405 901667 1528405
V1 901667 1528405 871760 1558312
Net71 5 
V1 3449140 1513970 3427777 1535332
V1 3427777 1535332 2400000 1535332
V1 2400000 1535332 1875000 1532677
V1 1875000 1532677 989195 1532677
V1 989195 1532677 963560 1558312
Net72 5 
V1 3540940 1513970 3515305 1539605
V1 3515305 1539605 2400000 1539605
V1 2400000 1539605 1875000 1536950
V1 1875000 1536950 1076722 1536950
V1 1076722 1536950 1055360 1558312
Net73 5 
V1 3632737 1513970 3602830 1543877
V1 3602830 1543877 2400000 1543877
V1 2400000 1543877 1875000 1541222
V1 1875000 1541222 1164250 1541222
V1 1164250 1541222 1147160 1558312
Net74 5 
V1 3724532 1513970 3690352 1548150
V1 3690352 1548150 2400000 1548150
V1 2400000 1548150 1875000 1545495
V1 1875000 1545495 1251777 1545495
V1 1251777 1545495 1238960 1558312
Net75 5 
V1 3816330 1513970 3777877 1552422
V1 3777877 1552422 2400000 1552422
V1 2400000 1552422 1875000 1549767
V1 1875000 1549767 1431095 1549767
V1 1431095 1549767 1422550 1558312
Net76 5 
V1 3908130 1513970 3865405 1556695
V1 3865405 1556695 2400000 1556695
V1 2400000 1556695 1875000 1554040
V1 1875000 1554040 1518622 1554040
V1 1518622 1554040 1514350 1558312
Net77 5 
V1 3999930 1513970 3952932 1560967
V1 3952932 1560967 2400000 1560967
V1 2400000 1560967 1875000 1576826
V1 1875000 1576826 339484 1576826
V1 339484 1576826 320970 1558312
Net79 5 
V1 2852450 1458430 2833938 1476942
V1 2833938 1476942 2400000 1476942
V1 2400000 1476942 1875000 1507042
V1 1875000 1507042 462942 1507042
V1 462942 1507042 458670 1502770
