Nets 15
Net8 5 
M2 2908740 1836120 2900100 1844760
M2 2900100 1844760 2400000 1844760
M2 2400000 1844760 1875000 1863801
M2 1875000 1863801 1018179 1863801
M2 1018179 1863801 990410 1891570
Net9 5 
M2 2962430 1836120 2945150 1853400
M2 2945150 1853400 2400000 1853400
M2 2400000 1853400 1875000 1877686
M2 1875000 1877686 1180963 1877686
M2 1180963 1877686 1167080 1891570
Net10 5 
M2 3016127 1836120 3007487 1827480
M2 3007487 1827480 2400000 1827480
M2 2400000 1827480 1875000 1849915
M2 1875000 1849915 341785 1849915
M2 341785 1849915 327900 1836030
Net12 5 
M2 2720810 1810200 2712170 1818840
M2 2712170 1818840 2400000 1818840
M2 2400000 1818840 1875000 1817515
M2 1875000 1817515 523084 1817515
M2 523084 1817515 504570 1836030
Net16 5 
M2 2693960 1784280 2681000 1797240
M2 2681000 1797240 2400000 1797240
M2 2400000 1797240 1875000 1799001
M2 1875000 1799001 478914 1799001
M2 478914 1799001 460400 1780487
Net28 5 
M2 2747660 1732440 2741180 1738920
M2 2741180 1738920 2400000 1738920
M2 2400000 1738920 1875000 1738825
M2 1875000 1738825 943732 1738825
M2 943732 1738825 902070 1780487
Net29 5 
M2 2801350 1732440 2788390 1745400
M2 2788390 1745400 2400000 1745400
M2 2400000 1745400 1875000 1752711
M2 1875000 1752711 1371524 1752711
M2 1371524 1752711 1343747 1780487
Net30 5 
M2 2908740 1732440 2889300 1751880
M2 2889300 1751880 2400000 1751880
M2 2400000 1751880 1875000 1766596
M2 1875000 1766596 1534303 1766596
M2 1534303 1766596 1520412 1780487
Net32 5 
M2 3016127 1732440 3003167 1719480
M2 3003167 1719480 2400000 1719480
M2 2400000 1719480 1875000 1697171
M2 1875000 1697171 355668 1697171
M2 355668 1697171 327900 1724940
Net44 5 
M2 2667120 1654680 2654160 1667640
M2 2654160 1667640 2400000 1667640
M2 2400000 1667640 1875000 1641631
M2 1875000 1641631 841508 1641631
M2 841508 1641631 813740 1669400
Net52 5 
M2 2908740 1628760 2895780 1641720
M2 2895780 1641720 2400000 1641720
M2 2400000 1641720 1875000 1595340
M2 1875000 1595340 1229759 1595340
M2 1229759 1595340 1211240 1613860
Net54 5 
M2 3016127 1628760 3007487 1620120
M2 3007487 1620120 2400000 1620120
M2 2400000 1620120 1875000 1576826
M2 1875000 1576826 364933 1576826
M2 364933 1576826 327900 1613860
Net55 5 
M2 2667120 1602840 2658480 1611480
M2 2658480 1611480 2400000 1611480
M2 2400000 1611480 1875000 1539798
M2 1875000 1539798 478914 1539798
M2 478914 1539798 460400 1558312
Net71 5 
M2 2693960 1525080 2685320 1533720
M2 2685320 1533720 2400000 1533720
M2 2400000 1533720 1875000 1474998
M2 1875000 1474998 444001 1474998
M2 444001 1474998 416230 1502770
Net76 5 
M2 3016127 1525080 2998847 1542360
M2 2998847 1542360 2400000 1542360
M2 2400000 1542360 1875000 1521284
M2 1875000 1521284 346414 1521284
M2 346414 1521284 327900 1502770
