Nets 15
Net24 5 
M3 2872362 1758360 2859402 1771320
M3 2859402 1771320 2400000 1771320
M3 2400000 1771320 1875000 1877686
M3 1875000 1877686 1234716 1877686
M3 1234716 1877686 1193060 1836030
Net25 5 
M3 2936450 1758360 2929970 1751880
M3 2929970 1751880 2400000 1751880
M3 2400000 1751880 1875000 1863801
M3 1875000 1863801 1312628 1863801
M3 1312628 1863801 1284857 1836030
Net26 5 
M3 3000540 1758360 2987580 1745400
M3 2987580 1745400 2400000 1745400
M3 2400000 1745400 1875000 1849915
M3 1875000 1849915 1482335 1849915
M3 1482335 1849915 1468450 1836030
Net31 5 
M3 3032580 1732440 3026100 1738920
M3 3026100 1738920 2400000 1738920
M3 2400000 1738920 1875000 1808258
M3 1875000 1808258 1588021 1808258
M3 1588021 1808258 1560250 1836030
Net43 5 
M3 3096667 1680600 3083707 1693560
M3 3083707 1693560 2400000 1693560
M3 2400000 1693560 1875000 1752711
M3 1875000 1752711 348746 1752711
M3 348746 1752711 320970 1780487
Net67 5 
M3 2808280 1551000 2803096 1556184
M3 2803096 1556184 2400000 1556184
M3 2400000 1556184 1875000 1569421
M3 1875000 1569421 882868 1569421
M3 882868 1569421 871760 1558312
Net68 5 
M3 2872362 1551000 2861994 1561368
M3 2861994 1561368 2400000 1561368
M3 2400000 1561368 1875000 1580529
M3 1875000 1580529 1318188 1580529
M3 1318188 1580529 1284857 1613860
Net69 5 
M3 2936450 1551000 2920898 1566552
M3 2920898 1566552 2400000 1566552
M3 2400000 1566552 1875000 1591638
M3 1875000 1591638 1398874 1591638
M3 1398874 1591638 1376652 1613860
Net70 5 
M3 3000540 1551000 2979804 1571736
M3 2979804 1571736 2400000 1571736
M3 2400000 1571736 1875000 1602746
M3 1875000 1602746 1479563 1602746
M3 1479563 1602746 1468450 1613860
Net75 5 
M3 3032580 1525080 3019620 1538040
M3 3019620 1538040 2400000 1538040
M3 2400000 1538040 1875000 1550377
M3 1875000 1550377 1522285 1550377
M3 1522285 1550377 1514350 1558312
Net79 5 
M3 2808280 1499160 2803096 1504344
M3 2803096 1504344 2400000 1504344
M3 2400000 1504344 1875000 1518639
M3 1875000 1518639 1003233 1518639
M3 1003233 1518639 963560 1558312
Net80 5 
M3 2872362 1499160 2861994 1509528
M3 2861994 1509528 2400000 1509528
M3 2400000 1509528 1875000 1526573
M3 1875000 1526573 1087099 1526573
M3 1087099 1526573 1055360 1558312
Net81 5 
M3 2936450 1499160 2920898 1514712
M3 2920898 1514712 2400000 1514712
M3 2400000 1514712 1875000 1534508
M3 1875000 1534508 1170964 1534508
M3 1170964 1534508 1147160 1558312
Net82 5 
M3 3000540 1499160 2979804 1519896
M3 2979804 1519896 2400000 1519896
M3 2400000 1519896 1875000 1542442
M3 1875000 1542442 1254830 1542442
M3 1254830 1542442 1238960 1558312
Net87 5 
M3 3096667 1473240 3083707 1486200
M3 3083707 1486200 2400000 1486200
M3 2400000 1486200 1875000 1510704
M3 1875000 1510704 368578 1510704
M3 368578 1510704 320970 1558312
