Nets 42
Net0 5 
V1 2708250 1853400 2699610 1862040
V1 2699610 1862040 2400000 1862040
V1 2400000 1862040 1875000 1859480
V1 1875000 1859480 1259700 1859480
V1 1259700 1859480 1242420 1876760
Net1 5 
V1 2881460 1853400 2864180 1870680
V1 2864180 1870680 2400000 1870680
V1 2400000 1870680 1875000 1863800
V1 1875000 1863800 1383550 1863800
V1 1383550 1863800 1370590 1876760
Net2 5 
V1 2968060 1853400 2942140 1879320
V1 2942140 1879320 2400000 1879320
V1 2400000 1879320 1875000 1868120
V1 1875000 1868120 1507400 1868120
V1 1507400 1868120 1498760 1876760
Net3 5 
V1 3141267 1853400 3106707 1887960
V1 3106707 1887960 2400000 1887960
V1 2400000 1887960 1875000 1872440
V1 1875000 1872440 1567170 1872440
V1 1567170 1872440 1562850 1876760
Net6 5 
V1 3660880 1853400 3654708 1847228
V1 3654708 1847228 2400000 1847228
V1 2400000 1847228 1875000 1855160
V1 1875000 1855160 1199932 1855160
V1 1199932 1855160 1178332 1876760
Net7 5 
V1 2751552 1810200 2745380 1816372
V1 2745380 1816372 2400000 1816372
V1 2400000 1816372 1875000 1829240
V1 1875000 1829240 1246740 1829240
V1 1246740 1829240 1242420 1824920
Net8 5 
V1 2838160 1810200 2829520 1801560
V1 2829520 1801560 2400000 1801560
V1 2400000 1801560 1875000 1811960
V1 1875000 1811960 1319470 1811960
V1 1319470 1811960 1306510 1824920
Net9 5 
V1 2924760 1810200 2912416 1822543
V1 2912416 1822543 2400000 1822543
V1 2400000 1822543 1875000 1833560
V1 1875000 1833560 1291740 1833560
V1 1291740 1833560 1274460 1850840
Net10 5 
V1 3011360 1810200 2992845 1828715
V1 2992845 1828715 2400000 1828715
V1 2400000 1828715 1875000 1837880
V1 1875000 1837880 1351510 1837880
V1 1351510 1837880 1338550 1850840
Net11 5 
V1 3097962 1810200 3073276 1834886
V1 3073276 1834886 2400000 1834886
V1 2400000 1834886 1875000 1842200
V1 1875000 1842200 1411277 1842200
V1 1411277 1842200 1402637 1850840
Net12 5 
V1 3271170 1810200 3240312 1841057
V1 3240312 1841057 2400000 1841057
V1 2400000 1841057 1875000 1846520
V1 1875000 1846520 1471040 1846520
V1 1471040 1846520 1466720 1850840
Net17 5 
V1 2708250 1767000 2701050 1759800
V1 2701050 1759800 2400000 1759800
V1 2400000 1759800 1875000 1778264
V1 1875000 1778264 1295196 1778264
V1 1295196 1778264 1274460 1799000
Net18 5 
V1 2794857 1767000 2786217 1775640
V1 2786217 1775640 2400000 1775640
V1 2400000 1775640 1875000 1783448
V1 1875000 1783448 1354102 1783448
V1 1354102 1783448 1338550 1799000
Net19 5 
V1 2968060 1767000 2950780 1784280
V1 2950780 1784280 2400000 1784280
V1 2400000 1784280 1875000 1788632
V1 1875000 1788632 1413005 1788632
V1 1413005 1788632 1402637 1799000
Net20 5 
V1 3141267 1767000 3115347 1792920
V1 3115347 1792920 2400000 1792920
V1 2400000 1792920 1875000 1793816
V1 1875000 1793816 1471904 1793816
V1 1471904 1793816 1466720 1799000
Net22 5 
V1 3314470 1767000 3300070 1752600
V1 3300070 1752600 2400000 1752600
V1 2400000 1752600 1875000 1764440
V1 1875000 1764440 1507400 1764440
V1 1507400 1764440 1498760 1773080
Net26 5 
V1 2751552 1723800 2740752 1713000
V1 2740752 1713000 2400000 1713000
V1 2400000 1713000 1875000 1703960
V1 1875000 1703960 1259700 1703960
V1 1259700 1703960 1242420 1721240
Net27 5 
V1 2838160 1723800 2830960 1731000
V1 2830960 1731000 2400000 1731000
V1 2400000 1731000 1875000 1712600
V1 1875000 1712600 1315150 1712600
V1 1315150 1712600 1306510 1721240
Net28 5 
V1 2924760 1723800 2910360 1738200
V1 2910360 1738200 2400000 1738200
V1 2400000 1738200 1875000 1734200
V1 1875000 1734200 1351510 1734200
V1 1351510 1734200 1338550 1747160
Net30 5 
V1 3184570 1723800 3162970 1745400
V1 3162970 1745400 2400000 1745400
V1 2400000 1745400 1875000 1755800
V1 1875000 1755800 1259700 1755800
V1 1259700 1755800 1242420 1773080
Net36 5 
V1 2708250 1680600 2701050 1673400
V1 2701050 1673400 2400000 1673400
V1 2400000 1673400 1875000 1675880
V1 1875000 1675880 1293900 1675880
V1 1293900 1675880 1274460 1695320
Net39 5 
V1 3141267 1680600 3130467 1691400
V1 3130467 1691400 2400000 1691400
V1 2400000 1691400 1875000 1682360
V1 1875000 1682360 1479680 1682360
V1 1479680 1682360 1466720 1695320
Net40 5 
V1 3314470 1680600 3292870 1702200
V1 3292870 1702200 2400000 1702200
V1 2400000 1702200 1875000 1688840
V1 1875000 1688840 1601370 1688840
V1 1601370 1688840 1594890 1695320
Net45 5 
V1 2924760 1637400 2917560 1644600
V1 2917560 1644600 2400000 1644600
V1 2400000 1644600 1875000 1626200
V1 1875000 1626200 1355830 1626200
V1 1355830 1626200 1338550 1643480
Net46 5 
V1 3011360 1637400 2996960 1651800
V1 2996960 1651800 2400000 1651800
V1 2400000 1651800 1875000 1634840
V1 1875000 1634840 1411277 1634840
V1 1411277 1634840 1402637 1643480
Net47 5 
V1 3097962 1637400 3076362 1659000
V1 3076362 1659000 2400000 1659000
V1 2400000 1659000 1875000 1652120
V1 1875000 1652120 1259700 1652120
V1 1259700 1652120 1242420 1669400
Net51 5 
V1 3617580 1637400 3588780 1666200
V1 3588780 1666200 2400000 1666200
V1 2400000 1666200 1875000 1660760
V1 1875000 1660760 1571490 1660760
V1 1571490 1660760 1562850 1669400
Net52 5 
V1 2708250 1594200 2699610 1602840
V1 2699610 1602840 2400000 1602840
V1 2400000 1602840 1875000 1596824
V1 1875000 1596824 1263156 1596824
V1 1263156 1596824 1242420 1617560
Net53 5 
V1 2794857 1594200 2777577 1611480
V1 2777577 1611480 2400000 1611480
V1 2400000 1611480 1875000 1602008
V1 1875000 1602008 1322062 1602008
V1 1322062 1602008 1306510 1617560
Net54 5 
V1 2968060 1594200 2942140 1620120
V1 2942140 1620120 2400000 1620120
V1 2400000 1620120 1875000 1607192
V1 1875000 1607192 1445048 1607192
V1 1445048 1607192 1434680 1617560
Net56 5 
V1 3227870 1594200 3217070 1583400
V1 3217070 1583400 2400000 1583400
V1 2400000 1583400 1875000 1578680
V1 1875000 1578680 1607850 1578680
V1 1607850 1578680 1594890 1591640
Net58 5 
V1 3401070 1594200 3366510 1628760
V1 3366510 1628760 2400000 1628760
V1 2400000 1628760 1875000 1612376
V1 1875000 1612376 1503944 1612376
V1 1503944 1612376 1498760 1617560
Net63 5 
V1 2924760 1551000 2913960 1561800
V1 2913960 1561800 2400000 1561800
V1 2400000 1561800 1875000 1552760
V1 1875000 1552760 1255380 1552760
V1 1255380 1552760 1242420 1565720
Net66 5 
V1 3184570 1551000 3162970 1572600
V1 3162970 1572600 2400000 1572600
V1 2400000 1572600 1875000 1559240
V1 1875000 1559240 1312990 1559240
V1 1312990 1559240 1306510 1565720
Net75 5 
V1 3141267 1507800 3135095 1513972
V1 3135095 1513972 2400000 1513972
V1 2400000 1513972 1875000 1500920
V1 1875000 1500920 1447640 1500920
V1 1447640 1500920 1434680 1513880
Net76 5 
V1 3314470 1507800 3302126 1520143
V1 3302126 1520143 2400000 1520143
V1 2400000 1520143 1875000 1505240
V1 1875000 1505240 1507400 1505240
V1 1507400 1505240 1498760 1513880
Net77 5 
V1 3401070 1507800 3382555 1526315
V1 3382555 1526315 2400000 1526315
V1 2400000 1526315 1875000 1509560
V1 1875000 1509560 1567170 1509560
V1 1567170 1509560 1562850 1513880
Net78 5 
V1 3487677 1507800 3462991 1532486
V1 3462991 1532486 2400000 1532486
V1 2400000 1532486 1875000 1522520
V1 1875000 1522520 1548090 1522520
V1 1548090 1522520 1530810 1539800
Net79 5 
V1 3574280 1507800 3543422 1538657
V1 3543422 1538657 2400000 1538657
V1 2400000 1538657 1875000 1531160
V1 1875000 1531160 1603530 1531160
V1 1603530 1531160 1594890 1539800
Net80 5 
V1 3660880 1507800 3623851 1544828
V1 3623851 1544828 2400000 1544828
V1 2400000 1544828 1875000 1546280
V1 1875000 1546280 1197772 1546280
V1 1197772 1546280 1178332 1565720
Net81 5 
V1 2751552 1464600 2737152 1479000
V1 2737152 1479000 2400000 1479000
V1 2400000 1479000 1875000 1492280
V1 1875000 1492280 1264020 1492280
V1 1264020 1492280 1242420 1513880
Net82 5 
V1 2924760 1464600 2895960 1493400
V1 2895960 1493400 2400000 1493400
V1 2400000 1493400 1875000 1496600
V1 1875000 1496600 1323790 1496600
V1 1323790 1496600 1306510 1513880
