Nets 35
Net0 5 
V1 2708250 1853400 2702077 1859572
V1 2702077 1859572 2400000 1859572
V1 2400000 1859572 1875000 1863801
V1 1875000 1863801 440539 1863801
V1 440539 1863801 412770 1891570
Net1 5 
V1 2881460 1853400 2869116 1865743
V1 2869116 1865743 2400000 1865743
V1 2400000 1865743 1875000 1868429
V1 1875000 1868429 619508 1868429
V1 619508 1868429 596367 1891570
Net2 5 
V1 2968060 1853400 2949545 1871915
V1 2949545 1871915 2400000 1871915
V1 2400000 1871915 1875000 1873058
V1 1875000 1873058 706674 1873058
V1 706674 1873058 688162 1891570
Net3 5 
V1 3141267 1853400 3116581 1878086
V1 3116581 1878086 2400000 1878086
V1 2400000 1878086 1875000 1877686
V1 1875000 1877686 885643 1877686
V1 885643 1877686 871760 1891570
Net4 5 
V1 3227870 1853400 3197012 1884257
V1 3197012 1884257 2400000 1884257
V1 2400000 1884257 1875000 1882315
V1 1875000 1882315 972815 1882315
V1 972815 1882315 963560 1891570
Net5 5 
V1 3401070 1853400 3364041 1890428
V1 3364041 1890428 2400000 1890428
V1 2400000 1890428 1875000 1886943
V1 1875000 1886943 1151786 1886943
V1 1151786 1886943 1147160 1891570
Net7 5 
V1 2751552 1810200 2746752 1805400
V1 2746752 1805400 2400000 1805400
V1 2400000 1805400 1875000 1859172
V1 1875000 1859172 390012 1859172
V1 390012 1859172 366870 1836030
Net8 5 
V1 2838160 1810200 2828560 1800600
V1 2828560 1800600 2400000 1800600
V1 2400000 1800600 1875000 1854544
V1 1875000 1854544 477184 1854544
V1 477184 1854544 458670 1836030
Net9 5 
V1 2924760 1810200 2910360 1795800
V1 2910360 1795800 2400000 1795800
V1 2400000 1795800 1875000 1849915
V1 1875000 1849915 564353 1849915
V1 564353 1849915 550467 1836030
Net10 5 
V1 3011360 1810200 2992160 1791000
V1 2992160 1791000 2400000 1791000
V1 2400000 1791000 1875000 1845287
V1 1875000 1845287 651519 1845287
V1 651519 1845287 642262 1836030
Net11 5 
V1 3097962 1810200 3073962 1786200
V1 3073962 1786200 2400000 1786200
V1 2400000 1786200 1875000 1840658
V1 1875000 1840658 738688 1840658
V1 738688 1840658 734060 1836030
Net12 5 
V1 3271170 1810200 3242370 1781400
V1 3242370 1781400 2400000 1781400
V1 2400000 1781400 1875000 1817515
V1 1875000 1817515 844374 1817515
V1 844374 1817515 825860 1836030
Net18 5 
V1 2794857 1767000 2790057 1771800
V1 2790057 1771800 2400000 1771800
V1 2400000 1771800 1875000 1761968
V1 1875000 1761968 523089 1761968
V1 523089 1761968 504570 1780487
Net19 5 
V1 2968060 1767000 2958460 1776600
V1 2958460 1776600 2400000 1776600
V1 2400000 1776600 1875000 1799001
V1 1875000 1799001 706676 1799001
V1 706676 1799001 688162 1780487
Net26 5 
V1 2751552 1723800 2746752 1719000
V1 2746752 1719000 2400000 1719000
V1 2400000 1719000 1875000 1743454
V1 1875000 1743454 385384 1743454
V1 385384 1743454 366870 1724940
Net37 5 
V1 2794857 1680600 2790057 1685400
V1 2790057 1685400 2400000 1685400
V1 2400000 1685400 1875000 1681742
V1 1875000 1681742 685460 1681742
V1 685460 1681742 642262 1724940
Net38 5 
V1 2968060 1680600 2958460 1690200
V1 2958460 1690200 2400000 1690200
V1 2400000 1690200 1875000 1687913
V1 1875000 1687913 862886 1687913
V1 862886 1687913 825860 1724940
Net39 5 
V1 3141267 1680600 3126867 1695000
V1 3126867 1695000 2400000 1695000
V1 2400000 1695000 1875000 1694085
V1 1875000 1694085 948515 1694085
V1 948515 1694085 917660 1724940
Net40 5 
V1 3314470 1680600 3295270 1699800
V1 3295270 1699800 2400000 1699800
V1 2400000 1699800 1875000 1700256
V1 1875000 1700256 1125943 1700256
V1 1125943 1700256 1101260 1724940
Net41 5 
V1 3401070 1680600 3377070 1704600
V1 3377070 1704600 2400000 1704600
V1 2400000 1704600 1875000 1706427
V1 1875000 1706427 1211572 1706427
V1 1211572 1706427 1193060 1724940
Net42 5 
V1 3487677 1680600 3458877 1709400
V1 3458877 1709400 2400000 1709400
V1 2400000 1709400 1875000 1712598
V1 1875000 1712598 1388993 1712598
V1 1388993 1712598 1376652 1724940
Net43 5 
V1 3574280 1680600 3540680 1714200
V1 3540680 1714200 2400000 1714200
V1 2400000 1714200 1875000 1718770
V1 1875000 1718770 1474620 1718770
V1 1474620 1718770 1468450 1724940
Net44 5 
V1 2838160 1637400 2829520 1646040
V1 2829520 1646040 2400000 1646040
V1 2400000 1646040 1875000 1636077
V1 1875000 1636077 446093 1636077
V1 446093 1636077 412770 1669400
Net45 5 
V1 2924760 1637400 2907480 1654680
V1 2907480 1654680 2400000 1654680
V1 2400000 1654680 1875000 1647185
V1 1875000 1647185 526784 1647185
V1 526784 1647185 504570 1669400
Net46 5 
V1 3011360 1637400 2985440 1663320
V1 2985440 1663320 2400000 1663320
V1 2400000 1663320 1875000 1658294
V1 1875000 1658294 699268 1658294
V1 699268 1658294 688162 1669400
Net47 5 
V1 3097962 1637400 3063402 1671960
V1 3063402 1671960 2400000 1671960
V1 2400000 1671960 1875000 1675571
V1 1875000 1675571 786131 1675571
V1 786131 1675571 779960 1669400
Net62 5 
V1 2751552 1551000 2737152 1536600
V1 2737152 1536600 2400000 1536600
V1 2400000 1536600 1875000 1569421
V1 1875000 1569421 515678 1569421
V1 515678 1569421 504570 1558312
Net63 5 
V1 2924760 1551000 2895960 1522200
V1 2895960 1522200 2400000 1522200
V1 2400000 1522200 1875000 1547204
V1 1875000 1547204 607476 1547204
V1 607476 1547204 596367 1558312
Net67 5 
V1 3271170 1551000 3262530 1559640
V1 3262530 1559640 2400000 1559640
V1 2400000 1559640 1875000 1580529
V1 1875000 1580529 1318188 1580529
V1 1318188 1580529 1284857 1613860
Net68 5 
V1 3444372 1551000 3427092 1568280
V1 3427092 1568280 2400000 1568280
V1 2400000 1568280 1875000 1591638
V1 1875000 1591638 1398874 1591638
V1 1398874 1591638 1376652 1613860
Net69 5 
V1 3530980 1551000 3505060 1576920
V1 3505060 1576920 2400000 1576920
V1 2400000 1576920 1875000 1602746
V1 1875000 1602746 1479563 1602746
V1 1479563 1602746 1468450 1613860
Net70 5 
V1 3704180 1551000 3669620 1585560
V1 3669620 1585560 2400000 1585560
V1 2400000 1585560 1875000 1624968
V1 1875000 1624968 365401 1624968
V1 365401 1624968 320970 1669400
Net72 5 
V1 2794857 1507800 2784057 1497000
V1 2784057 1497000 2400000 1497000
V1 2400000 1497000 1875000 1536095
V1 1875000 1536095 491995 1536095
V1 491995 1536095 458670 1502770
Net73 5 
V1 2881460 1507800 2859860 1486200
V1 2859860 1486200 2400000 1486200
V1 2400000 1486200 1875000 1524987
V1 1875000 1524987 572684 1524987
V1 572684 1524987 550467 1502770
Net81 5 
V1 2751552 1464600 2740752 1475400
V1 2740752 1475400 2400000 1475400
V1 2400000 1475400 1875000 1513878
V1 1875000 1513878 745168 1513878
V1 745168 1513878 734060 1502770
