Nets 15
Net24 5 
M3 2784030 1758360 2771070 1771320
M3 2771070 1771320 2400000 1771320
M3 2400000 1771320 1875000 1877686
M3 1875000 1877686 1216526 1877686
M3 1216526 1877686 1174870 1836030
Net25 5 
M3 2827330 1758360 2820850 1751880
M3 2820850 1751880 2400000 1751880
M3 2400000 1751880 1875000 1863801
M3 1875000 1863801 1297901 1863801
M3 1297901 1863801 1270130 1836030
Net26 5 
M3 2870630 1758360 2857670 1745400
M3 2857670 1745400 2400000 1745400
M3 2400000 1745400 1875000 1849915
M3 1875000 1849915 1474545 1849915
M3 1474545 1849915 1460660 1836030
Net31 5 
M3 2892280 1732440 2885800 1738920
M3 2885800 1738920 2400000 1738920
M3 2400000 1738920 1875000 1808258
M3 1875000 1808258 1583691 1808258
M3 1583691 1808258 1555920 1836030
Net43 5 
M3 2935582 1680600 2922622 1693560
M3 2922622 1693560 2400000 1693560
M3 2400000 1693560 1875000 1752711
M3 1875000 1752711 297646 1752711
M3 297646 1752711 269870 1780487
Net67 5 
M3 2740730 1551000 2735546 1556184
M3 2735546 1556184 2400000 1556184
M3 2400000 1556184 1875000 1569421
M3 1875000 1569421 852558 1569421
M3 852558 1569421 841450 1558312
Net68 5 
M3 2784030 1551000 2773662 1561368
M3 2773662 1561368 2400000 1561368
M3 2400000 1561368 1875000 1580529
M3 1875000 1580529 1303460 1580529
M3 1303460 1580529 1270130 1613860
Net69 5 
M3 2827330 1551000 2811778 1566552
M3 2811778 1566552 2400000 1566552
M3 2400000 1566552 1875000 1591638
M3 1875000 1591638 1387619 1591638
M3 1387619 1591638 1365397 1613860
Net70 5 
M3 2870630 1551000 2849894 1571736
M3 2849894 1571736 2400000 1571736
M3 2400000 1571736 1875000 1602746
M3 1875000 1602746 1471773 1602746
M3 1471773 1602746 1460660 1613860
Net75 5 
M3 2892280 1525080 2879320 1538040
M3 2879320 1538040 2400000 1538040
M3 2400000 1538040 1875000 1550377
M3 1875000 1550377 1516225 1550377
M3 1516225 1550377 1508290 1558312
Net79 5 
M3 2740730 1499160 2735546 1504344
M3 2735546 1504344 2400000 1504344
M3 2400000 1504344 1875000 1518639
M3 1875000 1518639 976383 1518639
M3 976383 1518639 936710 1558312
Net80 5 
M3 2784030 1499160 2773662 1509528
M3 2773662 1509528 2400000 1509528
M3 2400000 1509528 1875000 1526573
M3 1875000 1526573 1063719 1526573
M3 1063719 1526573 1031980 1558312
Net81 5 
M3 2827330 1499160 2811778 1514712
M3 2811778 1514712 2400000 1514712
M3 2400000 1514712 1875000 1534508
M3 1875000 1534508 1151044 1534508
M3 1151044 1534508 1127240 1558312
Net82 5 
M3 2870630 1499160 2849894 1519896
M3 2849894 1519896 2400000 1519896
M3 2400000 1519896 1875000 1542442
M3 1875000 1542442 1238370 1542442
M3 1238370 1542442 1222500 1558312
Net87 5 
M3 2935582 1473240 2922622 1486200
M3 2922622 1486200 2400000 1486200
M3 2400000 1486200 1875000 1510704
M3 1875000 1510704 317478 1510704
M3 317478 1510704 269870 1558312
