Nets 42
Net0 5 
V1 2997430 1728400 2988790 1737040
V1 2988790 1737040 2700000 1737040
V1 2700000 1737040 1875000 1859480
V1 1875000 1859480 1259700 1859480
V1 1259700 1859480 1242420 1876760
Net1 5 
V1 3153310 1728400 3136030 1745680
V1 3136030 1745680 2700000 1745680
V1 2700000 1745680 1875000 1863800
V1 1875000 1863800 1383550 1863800
V1 1383550 1863800 1370590 1876760
Net2 5 
V1 3231252 1728400 3205332 1754320
V1 3205332 1754320 2700000 1754320
V1 2700000 1754320 1875000 1868120
V1 1875000 1868120 1507400 1868120
V1 1507400 1868120 1498760 1876760
Net3 5 
V1 3387140 1728400 3352580 1762960
V1 3352580 1762960 2700000 1762960
V1 2700000 1762960 1875000 1872440
V1 1875000 1872440 1567170 1872440
V1 1567170 1872440 1562850 1876760
Net6 5 
V1 3854790 1728400 3848618 1722228
V1 3848618 1722228 2700000 1722228
V1 2700000 1722228 1875000 1855160
V1 1875000 1855160 1199932 1855160
V1 1199932 1855160 1178332 1876760
Net7 5 
V1 3036400 1685200 3030227 1691372
V1 3030227 1691372 2700000 1691372
V1 2700000 1691372 1875000 1829240
V1 1875000 1829240 1246740 1829240
V1 1246740 1829240 1242420 1824920
Net8 5 
V1 3114340 1685200 3105700 1676560
V1 3105700 1676560 2700000 1676560
V1 2700000 1676560 1875000 1811960
V1 1875000 1811960 1319470 1811960
V1 1319470 1811960 1306510 1824920
Net9 5 
V1 3192280 1685200 3179936 1697543
V1 3179936 1697543 2700000 1697543
V1 2700000 1697543 1875000 1833560
V1 1875000 1833560 1291740 1833560
V1 1291740 1833560 1274460 1850840
Net10 5 
V1 3270227 1685200 3251712 1703715
V1 3251712 1703715 2700000 1703715
V1 2700000 1703715 1875000 1837880
V1 1875000 1837880 1351510 1837880
V1 1351510 1837880 1338550 1850840
Net11 5 
V1 3348170 1685200 3323483 1709886
V1 3323483 1709886 2700000 1709886
V1 2700000 1709886 1875000 1842200
V1 1875000 1842200 1411277 1842200
V1 1411277 1842200 1402637 1850840
Net12 5 
V1 3504050 1685200 3473192 1716057
V1 3473192 1716057 2700000 1716057
V1 2700000 1716057 1875000 1846520
V1 1875000 1846520 1471040 1846520
V1 1471040 1846520 1466720 1850840
Net17 5 
V1 2997430 1642000 2990230 1634800
V1 2990230 1634800 2700000 1634800
V1 2700000 1634800 1875000 1778264
V1 1875000 1778264 1295196 1778264
V1 1295196 1778264 1274460 1799000
Net18 5 
V1 3075370 1642000 3066730 1650640
V1 3066730 1650640 2700000 1650640
V1 2700000 1650640 1875000 1783448
V1 1875000 1783448 1354102 1783448
V1 1354102 1783448 1338550 1799000
Net19 5 
V1 3231252 1642000 3213972 1659280
V1 3213972 1659280 2700000 1659280
V1 2700000 1659280 1875000 1788632
V1 1875000 1788632 1413005 1788632
V1 1413005 1788632 1402637 1799000
Net20 5 
V1 3387140 1642000 3361220 1667920
V1 3361220 1667920 2700000 1667920
V1 2700000 1667920 1875000 1793816
V1 1875000 1793816 1471904 1793816
V1 1471904 1793816 1466720 1799000
Net22 5 
V1 3543020 1642000 3528620 1627600
V1 3528620 1627600 2700000 1627600
V1 2700000 1627600 1875000 1764440
V1 1875000 1764440 1507400 1764440
V1 1507400 1764440 1498760 1773080
Net26 5 
V1 3036400 1598800 3025600 1588000
V1 3025600 1588000 2700000 1588000
V1 2700000 1588000 1875000 1703960
V1 1875000 1703960 1259700 1703960
V1 1259700 1703960 1242420 1721240
Net27 5 
V1 3114340 1598800 3107140 1606000
V1 3107140 1606000 2700000 1606000
V1 2700000 1606000 1875000 1712600
V1 1875000 1712600 1315150 1712600
V1 1315150 1712600 1306510 1721240
Net28 5 
V1 3192280 1598800 3177880 1613200
V1 3177880 1613200 2700000 1613200
V1 2700000 1613200 1875000 1734200
V1 1875000 1734200 1351510 1734200
V1 1351510 1734200 1338550 1747160
Net30 5 
V1 3426110 1598800 3404510 1620400
V1 3404510 1620400 2700000 1620400
V1 2700000 1620400 1875000 1755800
V1 1875000 1755800 1259700 1755800
V1 1259700 1755800 1242420 1773080
Net36 5 
V1 2997430 1555600 2990230 1548400
V1 2990230 1548400 2700000 1548400
V1 2700000 1548400 1875000 1675880
V1 1875000 1675880 1293900 1675880
V1 1293900 1675880 1274460 1695320
Net39 5 
V1 3387140 1555600 3376340 1566400
V1 3376340 1566400 2700000 1566400
V1 2700000 1566400 1875000 1682360
V1 1875000 1682360 1479680 1682360
V1 1479680 1682360 1466720 1695320
Net40 5 
V1 3543020 1555600 3521420 1577200
V1 3521420 1577200 2700000 1577200
V1 2700000 1577200 1875000 1688840
V1 1875000 1688840 1601370 1688840
V1 1601370 1688840 1594890 1695320
Net45 5 
V1 3192280 1512400 3185080 1519600
V1 3185080 1519600 2700000 1519600
V1 2700000 1519600 1875000 1626200
V1 1875000 1626200 1355830 1626200
V1 1355830 1626200 1338550 1643480
Net46 5 
V1 3270227 1512400 3255827 1526800
V1 3255827 1526800 2700000 1526800
V1 2700000 1526800 1875000 1634840
V1 1875000 1634840 1411277 1634840
V1 1411277 1634840 1402637 1643480
Net47 5 
V1 3348170 1512400 3326570 1534000
V1 3326570 1534000 2700000 1534000
V1 2700000 1534000 1875000 1652120
V1 1875000 1652120 1259700 1652120
V1 1259700 1652120 1242420 1669400
Net51 5 
V1 3815820 1512400 3787020 1541200
V1 3787020 1541200 2700000 1541200
V1 2700000 1541200 1875000 1660760
V1 1875000 1660760 1571490 1660760
V1 1571490 1660760 1562850 1669400
Net52 5 
V1 2997430 1469200 2988790 1477840
V1 2988790 1477840 2700000 1477840
V1 2700000 1477840 1875000 1596824
V1 1875000 1596824 1263156 1596824
V1 1263156 1596824 1242420 1617560
Net53 5 
V1 3075370 1469200 3058090 1486480
V1 3058090 1486480 2700000 1486480
V1 2700000 1486480 1875000 1602008
V1 1875000 1602008 1322062 1602008
V1 1322062 1602008 1306510 1617560
Net54 5 
V1 3231252 1469200 3205332 1495120
V1 3205332 1495120 2700000 1495120
V1 2700000 1495120 1875000 1607192
V1 1875000 1607192 1445048 1607192
V1 1445048 1607192 1434680 1617560
Net56 5 
V1 3465080 1469200 3454280 1458400
V1 3454280 1458400 2700000 1458400
V1 2700000 1458400 1875000 1578680
V1 1875000 1578680 1607850 1578680
V1 1607850 1578680 1594890 1591640
Net58 5 
V1 3620970 1469200 3586410 1503760
V1 3586410 1503760 2700000 1503760
V1 2700000 1503760 1875000 1612376
V1 1875000 1612376 1503944 1612376
V1 1503944 1612376 1498760 1617560
Net63 5 
V1 3192280 1426000 3181480 1436800
V1 3181480 1436800 2700000 1436800
V1 2700000 1436800 1875000 1552760
V1 1875000 1552760 1255380 1552760
V1 1255380 1552760 1242420 1565720
Net66 5 
V1 3426110 1426000 3404510 1447600
V1 3404510 1447600 2700000 1447600
V1 2700000 1447600 1875000 1559240
V1 1875000 1559240 1312990 1559240
V1 1312990 1559240 1306510 1565720
Net75 5 
V1 3387140 1382800 3380967 1388972
V1 3380967 1388972 2700000 1388972
V1 2700000 1388972 1875000 1500920
V1 1875000 1500920 1447640 1500920
V1 1447640 1500920 1434680 1513880
Net76 5 
V1 3543020 1382800 3530676 1395143
V1 3530676 1395143 2700000 1395143
V1 2700000 1395143 1875000 1505240
V1 1875000 1505240 1507400 1505240
V1 1507400 1505240 1498760 1513880
Net77 5 
V1 3620970 1382800 3602455 1401315
V1 3602455 1401315 2700000 1401315
V1 2700000 1401315 1875000 1509560
V1 1875000 1509560 1567170 1509560
V1 1567170 1509560 1562850 1513880
Net78 5 
V1 3698910 1382800 3674223 1407486
V1 3674223 1407486 2700000 1407486
V1 2700000 1407486 1875000 1522520
V1 1875000 1522520 1548090 1522520
V1 1548090 1522520 1530810 1539800
Net79 5 
V1 3776850 1382800 3745992 1413657
V1 3745992 1413657 2700000 1413657
V1 2700000 1413657 1875000 1531160
V1 1875000 1531160 1603530 1531160
V1 1603530 1531160 1594890 1539800
Net80 5 
V1 3854790 1382800 3817761 1419828
V1 3817761 1419828 2700000 1419828
V1 2700000 1419828 1875000 1546280
V1 1875000 1546280 1197772 1546280
V1 1197772 1546280 1178332 1565720
Net81 5 
V1 3036400 1339600 3022000 1354000
V1 3022000 1354000 2700000 1354000
V1 2700000 1354000 1875000 1492280
V1 1875000 1492280 1264020 1492280
V1 1264020 1492280 1242420 1513880
Net82 5 
V1 3192280 1339600 3163480 1368400
V1 3163480 1368400 2700000 1368400
V1 2700000 1368400 1875000 1496600
V1 1875000 1496600 1323790 1496600
V1 1323790 1496600 1306510 1513880
