Nets 22
Net4 5 
M2 2993960 1711120 2985320 1719760
M2 2985320 1719760 2700000 1719760
M2 2700000 1719760 1875000 1833560
M2 1875000 1833560 1291740 1833560
M2 1291740 1833560 1274460 1850840
Net5 5 
M2 3047660 1711120 3030380 1728400
M2 3030380 1728400 2700000 1728400
M2 2700000 1728400 1875000 1842200
M2 1875000 1842200 1347190 1842200
M2 1347190 1842200 1338550 1850840
Net16 5 
M2 2993960 1659280 2985320 1667920
M2 2985320 1667920 2700000 1667920
M2 2700000 1667920 1875000 1781720
M2 1875000 1781720 1291740 1781720
M2 1291740 1781720 1274460 1799000
Net17 5 
M2 3047660 1659280 3030380 1676560
M2 3030380 1676560 2700000 1676560
M2 2700000 1676560 1875000 1790360
M2 1875000 1790360 1347190 1790360
M2 1347190 1790360 1338550 1799000
Net23 5 
M2 3074502 1633360 3069318 1638544
M2 3069318 1638544 2700000 1638544
M2 2700000 1638544 1875000 1752344
M2 1875000 1752344 1391326 1752344
M2 1391326 1752344 1370590 1773080
Net24 5 
M2 3128200 1633360 3117832 1643728
M2 3117832 1643728 2700000 1643728
M2 2700000 1643728 1875000 1757528
M2 1875000 1757528 1450232 1757528
M2 1450232 1757528 1434680 1773080
Net25 5 
M2 3181890 1633360 3166338 1648912
M2 3166338 1648912 2700000 1648912
M2 2700000 1648912 1875000 1762712
M2 1875000 1762712 1509128 1762712
M2 1509128 1762712 1498760 1773080
Net26 5 
M2 3235582 1633360 3214846 1654096
M2 3214846 1654096 2700000 1654096
M2 2700000 1654096 1875000 1767896
M2 1875000 1767896 1568034 1767896
M2 1568034 1767896 1562850 1773080
Net30 5 
M2 3208740 1607440 3195780 1620400
M2 3195780 1620400 2700000 1620400
M2 2700000 1620400 1875000 1734200
M2 1875000 1734200 1543770 1734200
M2 1543770 1734200 1530810 1747160
Net34 5 
M2 3020810 1581520 3012170 1590160
M2 3012170 1590160 2700000 1590160
M2 2700000 1590160 1875000 1703960
M2 1875000 1703960 1323790 1703960
M2 1323790 1703960 1306510 1721240
Net37 5 
M2 3181890 1581520 3164610 1598800
M2 3164610 1598800 2700000 1598800
M2 2700000 1598800 1875000 1712600
M2 1875000 1712600 1507400 1712600
M2 1507400 1712600 1498760 1721240
Net44 5 
M2 2967120 1529680 2954160 1542640
M2 2954160 1542640 2700000 1542640
M2 2700000 1542640 1875000 1656440
M2 1875000 1656440 1255380 1656440
M2 1255380 1656440 1242420 1669400
Net48 5 
M2 2993960 1503760 2985320 1512400
M2 2985320 1512400 2700000 1512400
M2 2700000 1512400 1875000 1626200
M2 1875000 1626200 1291740 1626200
M2 1291740 1626200 1274460 1643480
Net51 5 
M2 3155042 1503760 3137762 1521040
M2 3137762 1521040 2700000 1521040
M2 2700000 1521040 1875000 1634840
M2 1875000 1634840 1475360 1634840
M2 1475360 1634840 1466720 1643480
Net58 5 
M2 3181890 1477840 3173250 1486480
M2 3173250 1486480 2700000 1486480
M2 2700000 1486480 1875000 1600280
M2 1875000 1600280 1516040 1600280
M2 1516040 1600280 1498760 1617560
Net59 5 
M2 3235582 1477840 3218302 1495120
M2 3218302 1495120 2700000 1495120
M2 2700000 1495120 1875000 1608920
M2 1875000 1608920 1571490 1608920
M2 1571490 1608920 1562850 1617560
Net61 5 
M2 3047660 1451920 3034700 1464880
M2 3034700 1464880 2700000 1464880
M2 2700000 1464880 1875000 1578680
M2 1875000 1578680 1351510 1578680
M2 1351510 1578680 1338550 1591640
Net68 5 
M2 3128200 1426000 3115240 1438960
M2 3115240 1438960 2700000 1438960
M2 2700000 1438960 1875000 1552760
M2 1875000 1552760 1447640 1552760
M2 1447640 1552760 1434680 1565720
Net71 5 
M2 2993960 1400080 2985320 1408720
M2 2985320 1408720 2700000 1408720
M2 2700000 1408720 1875000 1522520
M2 1875000 1522520 1227660 1522520
M2 1227660 1522520 1210380 1539800
Net72 5 
M2 3047660 1400080 3030380 1417360
M2 3030380 1417360 2700000 1417360
M2 2700000 1417360 1875000 1531160
M2 1875000 1531160 1347190 1531160
M2 1347190 1531160 1338550 1539800
Net78 5 
M2 3020810 1374160 3012170 1382800
M2 3012170 1382800 2700000 1382800
M2 2700000 1382800 1875000 1496600
M2 1875000 1496600 1323790 1496600
M2 1323790 1496600 1306510 1513880
Net81 5 
M2 3181890 1374160 3164610 1391440
M2 3164610 1391440 2700000 1391440
M2 2700000 1391440 1875000 1505240
M2 1875000 1505240 1507400 1505240
M2 1507400 1505240 1498760 1513880
