Nets 26
Net4 5 
M2 3377180 1728400 3355580 1750000
M2 3355580 1750000 2700000 1750000
M2 2700000 1750000 1875000 1842200
M2 1875000 1842200 1562830 1842200
M2 1562830 1842200 1554190 1850840
Net14 5 
M2 3541722 1685200 3530922 1696000
M2 3530922 1696000 2700000 1696000
M2 2700000 1696000 1875000 1807640
M2 1875000 1807640 1544620 1807640
M2 1544620 1807640 1527340 1824920
Net15 5 
M2 3607540 1685200 3585940 1706800
M2 3585940 1706800 2700000 1706800
M2 2700000 1706800 1875000 1816280
M2 1875000 1816280 1589680 1816280
M2 1589680 1816280 1581040 1824920
Net16 5 
M2 3739180 1685200 3706780 1717600
M2 3706780 1717600 2700000 1717600
M2 2700000 1717600 1875000 1833560
M2 1875000 1833560 1267512 1833560
M2 1267512 1833560 1258872 1824920
Net21 5 
M2 3377180 1642000 3362780 1656400
M2 3362780 1656400 2700000 1656400
M2 2700000 1656400 1875000 1760120
M2 1875000 1760120 1486610 1760120
M2 1486610 1760120 1473650 1773080
Net24 5 
M2 3640450 1642000 3611650 1670800
M2 3611650 1670800 2700000 1670800
M2 2700000 1670800 1875000 1766600
M2 1875000 1766600 1587520 1766600
M2 1587520 1766600 1581040 1773080
Net25 5 
M2 3706270 1642000 3697630 1633360
M2 3697630 1633360 2700000 1633360
M2 2700000 1633360 1875000 1753640
M2 1875000 1753640 1278312 1753640
M2 1278312 1753640 1258872 1773080
Net29 5 
M2 3212637 1598800 3203997 1607440
M2 3203997 1607440 2700000 1607440
M2 2700000 1607440 1875000 1727720
M2 1875000 1727720 1358857 1727720
M2 1358857 1727720 1339417 1747160
Net33 5 
M2 3607540 1598800 3590260 1616080
M2 3590260 1616080 2700000 1616080
M2 2700000 1616080 1875000 1734200
M2 1875000 1734200 1567150 1734200
M2 1567150 1734200 1554190 1747160
Net34 5 
M2 3673360 1598800 3647440 1624720
M2 3647440 1624720 2700000 1624720
M2 2700000 1624720 1875000 1740680
M2 1875000 1740680 1614360 1740680
M2 1614360 1740680 1607880 1747160
Net37 5 
M2 3048090 1555600 3039450 1564240
M2 3039450 1564240 2700000 1564240
M2 2700000 1564240 1875000 1700504
M2 1875000 1700504 1440693 1700504
M2 1440693 1700504 1419957 1721240
Net41 5 
M2 3508817 1555600 3491537 1572880
M2 3491537 1572880 2700000 1572880
M2 2700000 1572880 1875000 1705688
M2 1875000 1705688 1489202 1705688
M2 1489202 1705688 1473650 1721240
Net42 5 
M2 3574630 1555600 3548710 1581520
M2 3548710 1581520 2700000 1581520
M2 2700000 1581520 1875000 1710872
M2 1875000 1710872 1537708 1710872
M2 1537708 1710872 1527340 1721240
Net43 5 
M2 3640450 1555600 3605890 1590160
M2 3605890 1590160 2700000 1590160
M2 2700000 1590160 1875000 1716056
M2 1875000 1716056 1586224 1716056
M2 1586224 1716056 1581040 1721240
Net44 5 
M2 3081000 1512400 3066600 1526800
M2 3066600 1526800 2700000 1526800
M2 2700000 1526800 1875000 1626200
M2 1875000 1626200 1356697 1626200
M2 1356697 1626200 1339417 1643480
Net50 5 
M2 3541722 1512400 3512922 1541200
M2 3512922 1541200 2700000 1541200
M2 2700000 1541200 1875000 1634840
M2 1875000 1634840 1509137 1634840
M2 1509137 1634840 1500497 1643480
Net57 5 
M2 3443000 1469200 3421400 1490800
M2 3421400 1490800 2700000 1490800
M2 2700000 1490800 1875000 1608920
M2 1875000 1608920 1589680 1608920
M2 1589680 1608920 1581040 1617560
Net67 5 
M2 3410090 1426000 3401450 1434640
M2 3401450 1434640 2700000 1434640
M2 2700000 1434640 1875000 1546280
M2 1875000 1546280 1493090 1546280
M2 1493090 1546280 1473650 1565720
Net68 5 
M2 3541722 1426000 3524442 1443280
M2 3524442 1443280 2700000 1443280
M2 2700000 1443280 1875000 1552760
M2 1875000 1552760 1540300 1552760
M2 1540300 1552760 1527340 1565720
Net69 5 
M2 3607540 1426000 3581620 1451920
M2 3581620 1451920 2700000 1451920
M2 2700000 1451920 1875000 1559240
M2 1875000 1559240 1587520 1559240
M2 1587520 1559240 1581040 1565720
Net70 5 
M2 3739180 1426000 3704620 1460560
M2 3704620 1460560 2700000 1460560
M2 2700000 1460560 1875000 1600280
M2 1875000 1600280 1276152 1600280
M2 1276152 1600280 1258872 1617560
Net74 5 
M2 3179730 1382800 3158130 1404400
M2 3158130 1404400 2700000 1404400
M2 2700000 1404400 1875000 1505240
M2 1875000 1505240 1428597 1505240
M2 1428597 1505240 1419957 1513880
Net84 5 
M2 3344270 1339600 3335630 1348240
M2 3335630 1348240 2700000 1348240
M2 2700000 1348240 1875000 1468520
M2 1875000 1468520 1412550 1468520
M2 1412550 1468520 1393110 1487960
Net85 5 
M2 3410090 1339600 3392810 1356880
M2 3392810 1356880 2700000 1356880
M2 2700000 1356880 1875000 1475000
M2 1875000 1475000 1513457 1475000
M2 1513457 1475000 1500497 1487960
Net86 5 
M2 3541722 1339600 3515802 1365520
M2 3515802 1365520 2700000 1365520
M2 2700000 1365520 1875000 1481480
M2 1875000 1481480 1614360 1481480
M2 1614360 1481480 1607880 1487960
Net87 5 
M2 3739180 1339600 3704620 1374160
M2 3704620 1374160 2700000 1374160
M2 2700000 1374160 1875000 1496600
M2 1875000 1496600 1276152 1496600
M2 1276152 1496600 1258872 1513880
