Nets 48
Net6 5 
M2 3706270 1728400 3684670 1750000
M2 3684670 1750000 2700000 1750000
M2 2700000 1750000 1875000 1863800
M2 1875000 1863800 857420 1863800
M2 857420 1863800 835820 1885400
Net9 5 
M2 3146820 1685200 3141420 1690600
M2 3141420 1690600 2700000 1690600
M2 2700000 1690600 1875000 1804400
M2 1875000 1804400 1103982 1804400
M2 1103982 1804400 1066182 1842200
Net10 5 
M2 3212637 1685200 3201837 1696000
M2 3201837 1696000 2700000 1696000
M2 2700000 1696000 1875000 1809800
M2 1875000 1809800 1164400 1809800
M2 1164400 1809800 1132000 1842200
Net11 5 
M2 3278450 1685200 3262250 1701400
M2 3262250 1701400 2700000 1701400
M2 2700000 1701400 1875000 1815200
M2 1875000 1815200 1290640 1815200
M2 1290640 1815200 1263640 1842200
Net12 5 
M2 3410090 1685200 3388490 1706800
M2 3388490 1706800 2700000 1706800
M2 2700000 1706800 1875000 1820600
M2 1875000 1820600 1416870 1820600
M2 1416870 1820600 1395270 1842200
Net13 5 
M2 3475910 1685200 3448910 1712200
M2 3448910 1712200 2700000 1712200
M2 2700000 1712200 1875000 1826000
M2 1875000 1826000 1477290 1826000
M2 1477290 1826000 1461090 1842200
Net14 5 
M2 3541722 1685200 3509322 1717600
M2 3509322 1717600 2700000 1717600
M2 2700000 1717600 1875000 1831400
M2 1875000 1831400 1537710 1831400
M2 1537710 1831400 1526910 1842200
Net15 5 
M2 3607540 1685200 3569740 1723000
M2 3569740 1723000 2700000 1723000
M2 2700000 1723000 1875000 1836800
M2 1875000 1836800 1598130 1836800
M2 1598130 1836800 1592730 1842200
Net19 5 
M2 3179730 1642000 3173557 1648172
M2 3173557 1648172 2700000 1648172
M2 2700000 1648172 1875000 1761971
M2 1875000 1761971 1201938 1761971
M2 1201938 1761971 1164910 1799000
Net20 5 
M2 3311360 1642000 3299016 1654343
M2 3299016 1654343 2700000 1654343
M2 2700000 1654343 1875000 1768142
M2 1875000 1768142 1261587 1768142
M2 1261587 1768142 1230730 1799000
Net21 5 
M2 3377180 1642000 3358665 1660515
M2 3358665 1660515 2700000 1660515
M2 2700000 1660515 1875000 1774313
M2 1875000 1774313 1321236 1774313
M2 1321236 1774313 1296550 1799000
Net22 5 
M2 3443000 1642000 3418313 1666686
M2 3418313 1666686 2700000 1666686
M2 2700000 1666686 1875000 1780485
M2 1875000 1780485 1380877 1780485
M2 1380877 1780485 1362362 1799000
Net23 5 
M2 3574630 1642000 3543772 1672857
M2 3543772 1672857 2700000 1672857
M2 2700000 1672857 1875000 1786656
M2 1875000 1786656 1440523 1786656
M2 1440523 1786656 1428180 1799000
Net24 5 
M2 3640450 1642000 3603421 1679028
M2 3603421 1679028 2700000 1679028
M2 2700000 1679028 1875000 1792827
M2 1875000 1792827 1565992 1792827
M2 1565992 1792827 1559820 1799000
Net28 5 
M2 3146820 1598800 3141420 1604200
M2 3141420 1604200 2700000 1604200
M2 2700000 1604200 1875000 1718000
M2 1875000 1718000 1103982 1718000
M2 1103982 1718000 1066182 1755800
Net29 5 
M2 3212637 1598800 3201837 1609600
M2 3201837 1609600 2700000 1609600
M2 2700000 1609600 1875000 1723400
M2 1875000 1723400 1164400 1723400
M2 1164400 1723400 1132000 1755800
Net30 5 
M2 3344270 1598800 3328070 1615000
M2 3328070 1615000 2700000 1615000
M2 2700000 1615000 1875000 1728800
M2 1875000 1728800 1224820 1728800
M2 1224820 1728800 1197820 1755800
Net31 5 
M2 3410090 1598800 3388490 1620400
M2 3388490 1620400 2700000 1620400
M2 2700000 1620400 1875000 1734200
M2 1875000 1734200 1285240 1734200
M2 1285240 1734200 1263640 1755800
Net32 5 
M2 3475910 1598800 3448910 1625800
M2 3448910 1625800 2700000 1625800
M2 2700000 1625800 1875000 1739600
M2 1875000 1739600 1411470 1739600
M2 1411470 1739600 1395270 1755800
Net33 5 
M2 3607540 1598800 3575140 1631200
M2 3575140 1631200 2700000 1631200
M2 2700000 1631200 1875000 1745000
M2 1875000 1745000 1537710 1745000
M2 1537710 1745000 1526910 1755800
Net34 5 
M2 3673360 1598800 3635560 1636600
M2 3635560 1636600 2700000 1636600
M2 2700000 1636600 1875000 1750400
M2 1875000 1750400 1598130 1750400
M2 1598130 1750400 1592730 1755800
Net38 5 
M2 3179730 1555600 3173557 1561772
M2 3173557 1561772 2700000 1561772
M2 2700000 1561772 1875000 1675571
M2 1875000 1675571 1136118 1675571
M2 1136118 1675571 1099090 1712600
Net39 5 
M2 3311360 1555600 3299016 1567943
M2 3299016 1567943 2700000 1567943
M2 2700000 1567943 1875000 1681742
M2 1875000 1681742 1195767 1681742
M2 1195767 1681742 1164910 1712600
Net40 5 
M2 3443000 1555600 3424485 1574115
M2 3424485 1574115 2700000 1574115
M2 2700000 1574115 1875000 1687913
M2 1875000 1687913 1321236 1687913
M2 1321236 1687913 1296550 1712600
Net41 5 
M2 3508817 1555600 3484131 1580286
M2 3484131 1580286 2700000 1580286
M2 2700000 1580286 1875000 1694085
M2 1875000 1694085 1380877 1694085
M2 1380877 1694085 1362362 1712600
Net42 5 
M2 3574630 1555600 3543772 1586457
M2 3543772 1586457 2700000 1586457
M2 2700000 1586457 1875000 1700256
M2 1875000 1700256 1440523 1700256
M2 1440523 1700256 1428180 1712600
Net43 5 
M2 3640450 1555600 3603421 1592628
M2 3603421 1592628 2700000 1592628
M2 2700000 1592628 1875000 1706427
M2 1875000 1706427 1500172 1706427
M2 1500172 1706427 1494000 1712600
Net55 5 
M2 3311360 1469200 3300560 1480000
M2 3300560 1480000 2700000 1480000
M2 2700000 1480000 1875000 1597400
M2 1875000 1597400 1193710 1597400
M2 1193710 1597400 1164910 1626200
Net56 5 
M2 3377180 1469200 3355580 1490800
M2 3355580 1490800 2700000 1490800
M2 2700000 1490800 1875000 1611800
M2 1875000 1611800 1245130 1611800
M2 1245130 1611800 1230730 1626200
Net61 5 
M2 3706270 1469200 3673870 1501600
M2 3673870 1501600 2700000 1501600
M2 2700000 1501600 1875000 1647800
M2 1875000 1647800 857420 1647800
M2 857420 1647800 835820 1626200
Net64 5 
M2 3212637 1426000 3206465 1432172
M2 3206465 1432172 2700000 1432172
M2 2700000 1432172 1875000 1545971
M2 1875000 1545971 1169028 1545971
M2 1169028 1545971 1132000 1583000
Net65 5 
M2 3278450 1426000 3266106 1438343
M2 3266106 1438343 2700000 1438343
M2 2700000 1438343 1875000 1552142
M2 1875000 1552142 1228677 1552142
M2 1228677 1552142 1197820 1583000
Net66 5 
M2 3344270 1426000 3325755 1444515
M2 3325755 1444515 2700000 1444515
M2 2700000 1444515 1875000 1558313
M2 1875000 1558313 1288326 1558313
M2 1288326 1558313 1263640 1583000
Net67 5 
M2 3410090 1426000 3385403 1450686
M2 3385403 1450686 2700000 1450686
M2 2700000 1450686 1875000 1564485
M2 1875000 1564485 1413785 1564485
M2 1413785 1564485 1395270 1583000
Net68 5 
M2 3541722 1426000 3510865 1456857
M2 3510865 1456857 2700000 1456857
M2 2700000 1456857 1875000 1570656
M2 1875000 1570656 1539253 1570656
M2 1539253 1570656 1526910 1583000
Net69 5 
M2 3607540 1426000 3570511 1463028
M2 3570511 1463028 2700000 1463028
M2 2700000 1463028 1875000 1576827
M2 1875000 1576827 1598902 1576827
M2 1598902 1576827 1592730 1583000
Net73 5 
M2 3113910 1382800 3108510 1388200
M2 3108510 1388200 2700000 1388200
M2 2700000 1388200 1875000 1502000
M2 1875000 1502000 1136890 1502000
M2 1136890 1502000 1099090 1539800
Net74 5 
M2 3179730 1382800 3168930 1393600
M2 3168930 1393600 2700000 1393600
M2 2700000 1393600 1875000 1507400
M2 1875000 1507400 1197310 1507400
M2 1197310 1507400 1164910 1539800
Net75 5 
M2 3311360 1382800 3295160 1399000
M2 3295160 1399000 2700000 1399000
M2 2700000 1399000 1875000 1512800
M2 1875000 1512800 1323550 1512800
M2 1323550 1512800 1296550 1539800
Net76 5 
M2 3443000 1382800 3421400 1404400
M2 3421400 1404400 2700000 1404400
M2 2700000 1404400 1875000 1518200
M2 1875000 1518200 1383962 1518200
M2 1383962 1518200 1362362 1539800
Net77 5 
M2 3508817 1382800 3481817 1409800
M2 3481817 1409800 2700000 1409800
M2 2700000 1409800 1875000 1523600
M2 1875000 1523600 1444380 1523600
M2 1444380 1523600 1428180 1539800
Net78 5 
M2 3574630 1382800 3542230 1415200
M2 3542230 1415200 2700000 1415200
M2 2700000 1415200 1875000 1529000
M2 1875000 1529000 1504800 1529000
M2 1504800 1529000 1494000 1539800
Net79 5 
M2 3640450 1382800 3602650 1420600
M2 3602650 1420600 2700000 1420600
M2 2700000 1420600 1875000 1534400
M2 1875000 1534400 1565220 1534400
M2 1565220 1534400 1559820 1539800
Net82 5 
M2 3146820 1339600 3139620 1346800
M2 3139620 1346800 2700000 1346800
M2 2700000 1346800 1875000 1460600
M2 1875000 1460600 1233820 1460600
M2 1233820 1460600 1197820 1496600
Net83 5 
M2 3212637 1339600 3198237 1354000
M2 3198237 1354000 2700000 1354000
M2 2700000 1354000 1875000 1467800
M2 1875000 1467800 1292440 1467800
M2 1292440 1467800 1263640 1496600
Net84 5 
M2 3344270 1339600 3322670 1361200
M2 3322670 1361200 2700000 1361200
M2 2700000 1361200 1875000 1475000
M2 1875000 1475000 1416870 1475000
M2 1416870 1475000 1395270 1496600
Net85 5 
M2 3410090 1339600 3381290 1368400
M2 3381290 1368400 2700000 1368400
M2 2700000 1368400 1875000 1482200
M2 1875000 1482200 1475490 1482200
M2 1475490 1482200 1461090 1496600
Net86 5 
M2 3541722 1339600 3505722 1375600
M2 3505722 1375600 2700000 1375600
M2 2700000 1375600 1875000 1489400
M2 1875000 1489400 1599930 1489400
M2 1599930 1489400 1592730 1496600
