Nets 40
Net0 5 
V1 2982270 1728400 2976097 1734572
V1 2976097 1734572 2700000 1734572
V1 2700000 1734572 1875000 1856600
V1 1875000 1856600 1062077 1856600
V1 1062077 1856600 1033277 1885400
Net1 5 
V1 3113910 1728400 3101566 1740743
V1 3101566 1740743 2700000 1740743
V1 2700000 1740743 1875000 1861400
V1 1875000 1861400 1188910 1861400
V1 1188910 1861400 1164910 1885400
Net2 5 
V1 3179730 1728400 3161215 1746915
V1 3161215 1746915 2700000 1746915
V1 2700000 1746915 1875000 1866200
V1 1875000 1866200 1249930 1866200
V1 1249930 1866200 1230730 1885400
Net3 5 
V1 3311360 1728400 3286673 1753086
V1 3286673 1753086 2700000 1753086
V1 2700000 1753086 1875000 1871000
V1 1875000 1871000 1376762 1871000
V1 1376762 1871000 1362362 1885400
Net4 5 
V1 3377180 1728400 3346322 1759257
V1 3346322 1759257 2700000 1759257
V1 2700000 1759257 1875000 1875800
V1 1875000 1875800 1437780 1875800
V1 1437780 1875800 1428180 1885400
Net5 5 
V1 3508817 1728400 3471788 1765428
V1 3471788 1765428 2700000 1765428
V1 2700000 1765428 1875000 1880600
V1 1875000 1880600 1564620 1880600
V1 1564620 1880600 1559820 1885400
Net7 5 
V1 3015180 1685200 3000780 1699600
V1 3000780 1699600 2700000 1699600
V1 2700000 1699600 1875000 1847000
V1 1875000 1847000 939350 1847000
V1 939350 1847000 934550 1842200
Net8 5 
V1 3081000 1685200 3066600 1670800
V1 3066600 1670800 2700000 1670800
V1 2700000 1670800 1875000 1827800
V1 1875000 1827800 1014770 1827800
V1 1014770 1827800 1000370 1842200
Net16 5 
V1 3739180 1685200 3710380 1714000
V1 3710380 1714000 2700000 1714000
V1 2700000 1714000 1875000 1851800
V1 1875000 1851800 878330 1851800
V1 878330 1851800 868730 1842200
Net17 5 
V1 2982270 1642000 2973630 1633360
V1 2973630 1633360 2700000 1633360
V1 2700000 1633360 1875000 1790360
V1 1875000 1790360 976100 1790360
V1 976100 1790360 967460 1799000
Net18 5 
V1 3048090 1642000 3033690 1656400
V1 3033690 1656400 2700000 1656400
V1 2700000 1656400 1875000 1813400
V1 1875000 1813400 1047677 1813400
V1 1047677 1813400 1033277 1799000
Net25 5 
V1 3706270 1642000 3688990 1624720
V1 3688990 1624720 2700000 1624720
V1 2700000 1624720 1875000 1781720
V1 1875000 1781720 853100 1781720
V1 853100 1781720 835820 1799000
Net26 5 
V1 3015180 1598800 3006540 1607440
V1 3006540 1607440 2700000 1607440
V1 2700000 1607440 1875000 1764440
V1 1875000 1764440 943190 1764440
V1 943190 1764440 934550 1755800
Net27 5 
V1 3081000 1598800 3066600 1584400
V1 3066600 1584400 2700000 1584400
V1 2700000 1584400 1875000 1741400
V1 1875000 1741400 1014770 1741400
V1 1014770 1741400 1000370 1755800
Net35 5 
V1 3739180 1598800 3721900 1616080
V1 3721900 1616080 2700000 1616080
V1 2700000 1616080 1875000 1773080
V1 1875000 1773080 886010 1773080
V1 886010 1773080 868730 1755800
Net36 5 
V1 2982270 1555600 2977470 1550800
V1 2977470 1550800 2700000 1550800
V1 2700000 1550800 1875000 1691000
V1 1875000 1691000 923240 1691000
V1 923240 1691000 901640 1712600
Net37 5 
V1 3048090 1555600 3033690 1570000
V1 3033690 1570000 2700000 1570000
V1 2700000 1570000 1875000 1727000
V1 1875000 1727000 1047677 1727000
V1 1047677 1727000 1033277 1712600
Net44 5 
V1 3081000 1512400 3076200 1507600
V1 3076200 1507600 2700000 1507600
V1 2700000 1507600 1875000 1631000
V1 1875000 1631000 972950 1631000
V1 972950 1631000 934550 1669400
Net45 5 
V1 3146820 1512400 3142020 1517200
V1 3142020 1517200 2700000 1517200
V1 2700000 1517200 1875000 1635800
V1 1875000 1635800 1033970 1635800
V1 1033970 1635800 1000370 1669400
Net46 5 
V1 3212637 1512400 3203037 1522000
V1 3203037 1522000 2700000 1522000
V1 2700000 1522000 1875000 1640600
V1 1875000 1640600 1094982 1640600
V1 1094982 1640600 1066182 1669400
Net47 5 
V1 3278450 1512400 3264050 1526800
V1 3264050 1526800 2700000 1526800
V1 2700000 1526800 1875000 1645400
V1 1875000 1645400 1156000 1645400
V1 1156000 1645400 1132000 1669400
Net48 5 
V1 3410090 1512400 3390890 1531600
V1 3390890 1531600 2700000 1531600
V1 2700000 1531600 1875000 1650200
V1 1875000 1650200 1282840 1650200
V1 1282840 1650200 1263640 1669400
Net49 5 
V1 3475910 1512400 3451910 1536400
V1 3451910 1536400 2700000 1536400
V1 2700000 1536400 1875000 1655000
V1 1875000 1655000 1409670 1655000
V1 1409670 1655000 1395270 1669400
Net50 5 
V1 3541722 1512400 3512922 1541200
V1 3512922 1541200 2700000 1541200
V1 2700000 1541200 1875000 1659800
V1 1875000 1659800 1536510 1659800
V1 1536510 1659800 1526910 1669400
Net51 5 
V1 3673360 1512400 3639760 1546000
V1 3639760 1546000 2700000 1546000
V1 2700000 1546000 1875000 1664600
V1 1875000 1664600 1597530 1664600
V1 1597530 1664600 1592730 1669400
Net52 5 
V1 2982270 1469200 2977470 1474000
V1 2977470 1474000 2700000 1474000
V1 2700000 1474000 1875000 1595960
V1 1875000 1595960 931880 1595960
V1 931880 1595960 901640 1626200
Net53 5 
V1 3048090 1469200 3038490 1478800
V1 3038490 1478800 2700000 1478800
V1 2700000 1478800 1875000 1600280
V1 1875000 1600280 993380 1600280
V1 993380 1600280 967460 1626200
Net54 5 
V1 3179730 1469200 3165330 1483600
V1 3165330 1483600 2700000 1483600
V1 2700000 1483600 1875000 1604600
V1 1875000 1604600 1120690 1604600
V1 1120690 1604600 1099090 1626200
Net57 5 
V1 3443000 1469200 3423800 1488400
V1 3423800 1488400 2700000 1488400
V1 2700000 1488400 1875000 1608920
V1 1875000 1608920 1379642 1608920
V1 1379642 1608920 1362362 1626200
Net58 5 
V1 3508817 1469200 3484817 1493200
V1 3484817 1493200 2700000 1493200
V1 2700000 1493200 1875000 1613240
V1 1875000 1613240 1441140 1613240
V1 1441140 1613240 1428180 1626200
Net59 5 
V1 3574630 1469200 3545830 1498000
V1 3545830 1498000 2700000 1498000
V1 2700000 1498000 1875000 1617560
V1 1875000 1617560 1502640 1617560
V1 1502640 1617560 1494000 1626200
Net60 5 
V1 3640450 1469200 3606850 1502800
V1 3606850 1502800 2700000 1502800
V1 2700000 1502800 1875000 1621880
V1 1875000 1621880 1564140 1621880
V1 1564140 1621880 1559820 1626200
Net62 5 
V1 3015180 1426000 3000780 1440400
V1 3000780 1440400 2700000 1440400
V1 2700000 1440400 1875000 1587320
V1 1875000 1587320 938870 1587320
V1 938870 1587320 934550 1583000
Net63 5 
V1 3146820 1426000 3132420 1411600
V1 3132420 1411600 2700000 1411600
V1 2700000 1411600 1875000 1568600
V1 1875000 1568600 1014770 1568600
V1 1014770 1568600 1000370 1583000
Net70 5 
V1 3739180 1426000 3710380 1454800
V1 3710380 1454800 2700000 1454800
V1 2700000 1454800 1875000 1591640
V1 1875000 1591640 877370 1591640
V1 877370 1591640 868730 1583000
Net71 5 
V1 2982270 1382800 2973630 1374160
V1 2973630 1374160 2700000 1374160
V1 2700000 1374160 1875000 1531160
V1 1875000 1531160 976100 1531160
V1 976100 1531160 967460 1539800
Net72 5 
V1 3048090 1382800 3033690 1397200
V1 3033690 1397200 2700000 1397200
V1 2700000 1397200 1875000 1554200
V1 1875000 1554200 1047677 1554200
V1 1047677 1554200 1033277 1539800
Net80 5 
V1 3706270 1382800 3688990 1365520
V1 3688990 1365520 2700000 1365520
V1 2700000 1365520 1875000 1522520
V1 1875000 1522520 853100 1522520
V1 853100 1522520 835820 1539800
Net81 5 
V1 3015180 1339600 3006540 1348240
V1 3006540 1348240 2700000 1348240
V1 2700000 1348240 1875000 1505240
V1 1875000 1505240 1074822 1505240
V1 1074822 1505240 1066182 1496600
Net87 5 
V1 3739180 1339600 3721900 1356880
V1 3721900 1356880 2700000 1356880
V1 2700000 1356880 1875000 1513880
V1 1875000 1513880 886010 1513880
V1 886010 1513880 868730 1496600
