Nets 21
Net6 5 
M2 3854790 1728400 3833190 1750000
M2 3833190 1750000 2700000 1750000
M2 2700000 1750000 1875000 1808258
M2 1875000 1808258 250011 1808258
M2 250011 1808258 222240 1836030
Net17 5 
M2 2997430 1642000 2975830 1663600
M2 2975830 1663600 2700000 1663600
M2 2700000 1663600 1875000 1752711
M2 1875000 1752711 392916 1752711
M2 392916 1752711 365140 1780487
Net25 5 
M2 3854790 1642000 3833190 1620400
M2 3833190 1620400 2700000 1620400
M2 2700000 1620400 1875000 1697171
M2 1875000 1697171 250008 1697171
M2 250008 1697171 222240 1724940
Net48 5 
M2 3504050 1512400 3495410 1521040
M2 3495410 1521040 2700000 1521040
M2 2700000 1521040 1875000 1624968
M2 1875000 1624968 981141 1624968
M2 981141 1624968 936710 1669400
Net49 5 
M2 3581997 1512400 3564717 1529680
M2 3564717 1529680 2700000 1529680
M2 2700000 1529680 1875000 1636077
M2 1875000 1636077 1065303 1636077
M2 1065303 1636077 1031980 1669400
Net50 5 
M2 3659940 1512400 3634020 1538320
M2 3634020 1538320 2700000 1538320
M2 2700000 1538320 1875000 1647185
M2 1875000 1647185 1244714 1647185
M2 1244714 1647185 1222500 1669400
Net51 5 
M2 3815820 1512400 3781260 1546960
M2 3781260 1546960 2700000 1546960
M2 2700000 1546960 1875000 1658294
M2 1875000 1658294 1328868 1658294
M2 1328868 1658294 1317762 1669400
Net52 5 
M2 2997430 1469200 2992630 1474000
M2 2992630 1474000 2700000 1474000
M2 2700000 1474000 1875000 1539798
M2 1875000 1539798 383654 1539798
M2 383654 1539798 365140 1558312
Net53 5 
M2 3075370 1469200 3065770 1478800
M2 3065770 1478800 2700000 1478800
M2 2700000 1478800 1875000 1565255
M2 1875000 1565255 366112 1565255
M2 366112 1565255 317507 1613860
Net54 5 
M2 3231252 1469200 3216852 1483600
M2 3216852 1483600 2700000 1483600
M2 2700000 1483600 1875000 1572198
M2 1875000 1572198 549692 1572198
M2 549692 1572198 508030 1613860
Net55 5 
M2 3387140 1469200 3367940 1488400
M2 3367940 1488400 2700000 1488400
M2 2700000 1488400 1875000 1579140
M2 1875000 1579140 638009 1579140
M2 638009 1579140 603290 1613860
Net56 5 
M2 3465080 1469200 3441080 1493200
M2 3441080 1493200 2700000 1493200
M2 2700000 1493200 1875000 1586083
M2 1875000 1586083 821596 1586083
M2 821596 1586083 793820 1613860
Net57 5 
M2 3543020 1469200 3514220 1498000
M2 3514220 1498000 2700000 1498000
M2 2700000 1498000 1875000 1593026
M2 1875000 1593026 909913 1593026
M2 909913 1593026 889080 1613860
Net58 5 
M2 3620970 1469200 3587370 1502800
M2 3587370 1502800 2700000 1502800
M2 2700000 1502800 1875000 1599969
M2 1875000 1599969 1093501 1599969
M2 1093501 1599969 1079610 1613860
Net59 5 
M2 3698910 1469200 3660510 1507600
M2 3660510 1507600 2700000 1507600
M2 2700000 1507600 1875000 1606911
M2 1875000 1606911 1181818 1606911
M2 1181818 1606911 1174870 1613860
Net82 5 
M2 3192280 1339600 3186107 1345772
M2 3186107 1345772 2700000 1345772
M2 2700000 1345772 1875000 1456484
M2 1875000 1456484 840105 1456484
M2 840105 1456484 793820 1502770
Net83 5 
M2 3270227 1339600 3257883 1351943
M2 3257883 1351943 2700000 1351943
M2 2700000 1351943 1875000 1465741
M2 1875000 1465741 1116638 1465741
M2 1116638 1465741 1079610 1502770
Net84 5 
M2 3426110 1339600 3407595 1358115
M2 3407595 1358115 2700000 1358115
M2 2700000 1358115 1875000 1474998
M2 1875000 1474998 1297901 1474998
M2 1297901 1474998 1270130 1502770
Net85 5 
M2 3504050 1339600 3479363 1364286
M2 3479363 1364286 2700000 1364286
M2 2700000 1364286 1875000 1484255
M2 1875000 1484255 1383912 1484255
M2 1383912 1484255 1365397 1502770
Net86 5 
M2 3659940 1339600 3629082 1370457
M2 3629082 1370457 2700000 1370457
M2 2700000 1370457 1875000 1493512
M2 1875000 1493512 1565177 1493512
M2 1565177 1493512 1555920 1502770
Net87 5 
M2 3893762 1339600 3856733 1376628
M2 3856733 1376628 2700000 1376628
M2 2700000 1376628 1875000 1521284
M2 1875000 1521284 306898 1521284
M2 306898 1521284 269870 1558312
