Nets 26
Net4 5 
M2 3465080 1728400 3443480 1750000
M2 3443480 1750000 2700000 1750000
M2 2700000 1750000 1875000 1842200
M2 1875000 1842200 1539450 1842200
M2 1539450 1842200 1530810 1850840
Net14 5 
M2 3659940 1685200 3649140 1696000
M2 3649140 1696000 2700000 1696000
M2 2700000 1696000 1875000 1807640
M2 1875000 1807640 1516040 1807640
M2 1516040 1807640 1498760 1824920
Net15 5 
M2 3737880 1685200 3716280 1706800
M2 3716280 1706800 2700000 1706800
M2 2700000 1706800 1875000 1816280
M2 1875000 1816280 1571490 1816280
M2 1571490 1816280 1562850 1824920
Net16 5 
M2 3893762 1685200 3861362 1717600
M2 3861362 1717600 2700000 1717600
M2 2700000 1717600 1875000 1833560
M2 1875000 1833560 1186972 1833560
M2 1186972 1833560 1178332 1824920
Net21 5 
M2 3465080 1642000 3450680 1656400
M2 3450680 1656400 2700000 1656400
M2 2700000 1656400 1875000 1760120
M2 1875000 1760120 1447640 1760120
M2 1447640 1760120 1434680 1773080
Net24 5 
M2 3776850 1642000 3748050 1670800
M2 3748050 1670800 2700000 1670800
M2 2700000 1670800 1875000 1766600
M2 1875000 1766600 1569330 1766600
M2 1569330 1766600 1562850 1773080
Net25 5 
M2 3854790 1642000 3846150 1633360
M2 3846150 1633360 2700000 1633360
M2 2700000 1633360 1875000 1753640
M2 1875000 1753640 1197772 1753640
M2 1197772 1753640 1178332 1773080
Net29 5 
M2 3270227 1598800 3261587 1607440
M2 3261587 1607440 2700000 1607440
M2 2700000 1607440 1875000 1727720
M2 1875000 1727720 1293900 1727720
M2 1293900 1727720 1274460 1747160
Net33 5 
M2 3737880 1598800 3720600 1616080
M2 3720600 1616080 2700000 1616080
M2 2700000 1616080 1875000 1734200
M2 1875000 1734200 1543770 1734200
M2 1543770 1734200 1530810 1747160
Net34 5 
M2 3815820 1598800 3789900 1624720
M2 3789900 1624720 2700000 1624720
M2 2700000 1624720 1875000 1740680
M2 1875000 1740680 1601370 1740680
M2 1601370 1740680 1594890 1747160
Net37 5 
M2 3075370 1555600 3066730 1564240
M2 3066730 1564240 2700000 1564240
M2 2700000 1564240 1875000 1700504
M2 1875000 1700504 1391326 1700504
M2 1391326 1700504 1370590 1721240
Net41 5 
M2 3620970 1555600 3603690 1572880
M2 3603690 1572880 2700000 1572880
M2 2700000 1572880 1875000 1705688
M2 1875000 1705688 1450232 1705688
M2 1450232 1705688 1434680 1721240
Net42 5 
M2 3698910 1555600 3672990 1581520
M2 3672990 1581520 2700000 1581520
M2 2700000 1581520 1875000 1710872
M2 1875000 1710872 1509128 1710872
M2 1509128 1710872 1498760 1721240
Net43 5 
M2 3776850 1555600 3742290 1590160
M2 3742290 1590160 2700000 1590160
M2 2700000 1590160 1875000 1716056
M2 1875000 1716056 1568034 1716056
M2 1568034 1716056 1562850 1721240
Net44 5 
M2 3114340 1512400 3099940 1526800
M2 3099940 1526800 2700000 1526800
M2 2700000 1526800 1875000 1626200
M2 1875000 1626200 1291740 1626200
M2 1291740 1626200 1274460 1643480
Net50 5 
M2 3659940 1512400 3631140 1541200
M2 3631140 1541200 2700000 1541200
M2 2700000 1541200 1875000 1634840
M2 1875000 1634840 1475360 1634840
M2 1475360 1634840 1466720 1643480
Net57 5 
M2 3543020 1469200 3521420 1490800
M2 3521420 1490800 2700000 1490800
M2 2700000 1490800 1875000 1608920
M2 1875000 1608920 1571490 1608920
M2 1571490 1608920 1562850 1617560
Net67 5 
M2 3504050 1426000 3495410 1434640
M2 3495410 1434640 2700000 1434640
M2 2700000 1434640 1875000 1546280
M2 1875000 1546280 1454120 1546280
M2 1454120 1546280 1434680 1565720
Net68 5 
M2 3659940 1426000 3642660 1443280
M2 3642660 1443280 2700000 1443280
M2 2700000 1443280 1875000 1552760
M2 1875000 1552760 1511720 1552760
M2 1511720 1552760 1498760 1565720
Net69 5 
M2 3737880 1426000 3711960 1451920
M2 3711960 1451920 2700000 1451920
M2 2700000 1451920 1875000 1559240
M2 1875000 1559240 1569330 1559240
M2 1569330 1559240 1562850 1565720
Net70 5 
M2 3893762 1426000 3859202 1460560
M2 3859202 1460560 2700000 1460560
M2 2700000 1460560 1875000 1600280
M2 1875000 1600280 1195612 1600280
M2 1195612 1600280 1178332 1617560
Net74 5 
M2 3231252 1382800 3209652 1404400
M2 3209652 1404400 2700000 1404400
M2 2700000 1404400 1875000 1505240
M2 1875000 1505240 1379230 1505240
M2 1379230 1505240 1370590 1513880
Net84 5 
M2 3426110 1339600 3417470 1348240
M2 3417470 1348240 2700000 1348240
M2 2700000 1348240 1875000 1468520
M2 1875000 1468520 1357990 1468520
M2 1357990 1468520 1338550 1487960
Net85 5 
M2 3504050 1339600 3486770 1356880
M2 3486770 1356880 2700000 1356880
M2 2700000 1356880 1875000 1475000
M2 1875000 1475000 1479680 1475000
M2 1479680 1475000 1466720 1487960
Net86 5 
M2 3659940 1339600 3634020 1365520
M2 3634020 1365520 2700000 1365520
M2 2700000 1365520 1875000 1481480
M2 1875000 1481480 1601370 1481480
M2 1601370 1481480 1594890 1487960
Net87 5 
M2 3893762 1339600 3859202 1374160
M2 3859202 1374160 2700000 1374160
M2 2700000 1374160 1875000 1496600
M2 1875000 1496600 1195612 1496600
M2 1195612 1496600 1178332 1513880
