Nets 37
Net0 5 
V1 3010420 1722230 3004865 1727784
V1 3004865 1727784 2700000 1727784
V1 2700000 1727784 1875000 1849915
V1 1875000 1849915 502054 1849915
V1 502054 1849915 460400 1891570
Net1 5 
V1 3187090 1722230 3175981 1733338
V1 3175981 1733338 2700000 1733338
V1 2700000 1733338 1875000 1854544
V1 1875000 1854544 674096 1854544
V1 674096 1854544 637070 1891570
Net2 5 
V1 3275420 1722230 3258757 1738892
V1 3258757 1738892 2700000 1738892
V1 2700000 1738892 1875000 1859172
V1 1875000 1859172 757797 1859172
V1 757797 1859172 725400 1891570
Net3 5 
V1 3452090 1722230 3429873 1744447
V1 3429873 1744447 2700000 1744447
V1 2700000 1744447 1875000 1863801
V1 1875000 1863801 929839 1863801
V1 929839 1863801 902070 1891570
Net4 5 
V1 3717092 1722230 3689321 1750001
V1 3689321 1750001 2700000 1750001
V1 2700000 1750001 1875000 1868429
V1 1875000 1868429 1013550 1868429
V1 1013550 1868429 990410 1891570
Net5 5 
V1 3805430 1722230 3772104 1755555
V1 3772104 1755555 2700000 1755555
V1 2700000 1755555 1875000 1873058
V1 1875000 1873058 1185592 1873058
V1 1185592 1873058 1167080 1891570
Net6 5 
V1 3982100 1722230 3943220 1761109
V1 3943220 1761109 2700000 1761109
V1 2700000 1761109 1875000 1877686
V1 1875000 1877686 1269293 1877686
V1 1269293 1877686 1255410 1891570
Net7 5 
V1 4070430 1722230 4025996 1766664
V1 4025996 1766664 2700000 1766664
V1 2700000 1766664 1875000 1882315
V1 1875000 1882315 1441335 1882315
V1 1441335 1882315 1432080 1891570
Net8 5 
V1 4158770 1722230 4108781 1772218
V1 4108781 1772218 2700000 1772218
V1 2700000 1772218 1875000 1886943
V1 1875000 1886943 1525039 1886943
V1 1525039 1886943 1520412 1891570
Net10 5 
V1 3054587 1666687 3036073 1685202
V1 3036073 1685202 2700000 1685202
V1 2700000 1685202 1875000 1840658
V1 1875000 1840658 420858 1840658
V1 420858 1840658 416230 1836030
Net11 5 
V1 3142920 1666687 3124406 1648173
V1 3124406 1648173 2700000 1648173
V1 2700000 1648173 1875000 1817515
V1 1875000 1817515 523084 1817515
V1 523084 1817515 504570 1836030
Net22 5 
V1 4202937 1666687 4165909 1703716
V1 4165909 1703716 2700000 1703716
V1 2700000 1703716 1875000 1845287
V1 1875000 1845287 337157 1845287
V1 337157 1845287 327900 1836030
Net23 5 
V1 3098750 1611140 3087641 1600031
V1 3087641 1600031 2700000 1600031
V1 2700000 1600031 1875000 1769374
V1 1875000 1769374 471513 1769374
V1 471513 1769374 460400 1780487
Net24 5 
V1 3187090 1611140 3168570 1629659
V1 3168570 1629659 2700000 1629659
V1 2700000 1629659 1875000 1799001
V1 1875000 1799001 567246 1799001
V1 567246 1799001 548732 1780487
Net33 5 
V1 4247100 1611140 4224883 1588923
V1 4224883 1588923 2700000 1588923
V1 2700000 1588923 1875000 1758265
V1 1875000 1758265 394284 1758265
V1 394284 1758265 372062 1780487
Net34 5 
V1 3054587 1555600 3043481 1566706
V1 3043481 1566706 2700000 1566706
V1 2700000 1566706 1875000 1736048
V1 1875000 1736048 427338 1736048
V1 427338 1736048 416230 1724940
Net35 5 
V1 3231252 1555600 3212738 1537086
V1 3212738 1537086 2700000 1537086
V1 2700000 1537086 1875000 1706428
V1 1875000 1706428 611412 1706428
V1 611412 1706428 592900 1724940
Net43 5 
V1 4202937 1555600 4180723 1577814
V1 4180723 1577814 2700000 1577814
V1 2700000 1577814 1875000 1747157
V1 1875000 1747157 350117 1747157
V1 350117 1747157 327900 1724940
Net44 5 
V1 3098750 1500060 3087641 1488951
V1 3087641 1488951 2700000 1488951
V1 2700000 1488951 1875000 1658294
V1 1875000 1658294 471506 1658294
V1 471506 1658294 460400 1669400
Net45 5 
V1 3187090 1500060 3168578 1518572
V1 3168578 1518572 2700000 1518572
V1 2700000 1518572 1875000 1687914
V1 1875000 1687914 567246 1687914
V1 567246 1687914 548732 1669400
Net53 5 
V1 4247100 1500060 4224883 1477843
V1 4224883 1477843 2700000 1477843
V1 2700000 1477843 1875000 1647185
V1 1875000 1647185 394277 1647185
V1 394277 1647185 372062 1669400
Net54 5 
V1 3054587 1444512 3043474 1455626
V1 3043474 1455626 2700000 1455626
V1 2700000 1455626 1875000 1624968
V1 1875000 1624968 427338 1624968
V1 427338 1624968 416230 1613860
Net55 5 
V1 3231252 1444512 3226980 1440240
V1 3226980 1440240 2700000 1440240
V1 2700000 1440240 1875000 1595340
V1 1875000 1595340 611419 1595340
V1 611419 1595340 592900 1613860
Net64 5 
V1 4202937 1444512 4180715 1466734
V1 4180715 1466734 2700000 1466734
V1 2700000 1466734 1875000 1636077
V1 1875000 1636077 350117 1636077
V1 350117 1636077 327900 1613860
Net66 5 
V1 3098750 1388970 3080236 1370456
V1 3080236 1370456 2700000 1370456
V1 2700000 1370456 1875000 1511315
V1 1875000 1511315 595730 1511315
V1 595730 1511315 548732 1558312
Net67 5 
V1 3187090 1388970 3182817 1393242
V1 3182817 1393242 2700000 1393242
V1 2700000 1393242 1875000 1515587
V1 1875000 1515587 679795 1515587
V1 679795 1515587 637070 1558312
Net68 5 
V1 3275420 1388970 3266875 1397515
V1 3266875 1397515 2700000 1397515
V1 2700000 1397515 1875000 1519860
V1 1875000 1519860 763852 1519860
V1 763852 1519860 725400 1558312
Net69 5 
V1 3363760 1388970 3350942 1401787
V1 3350942 1401787 2700000 1401787
V1 2700000 1401787 1875000 1524132
V1 1875000 1524132 847920 1524132
V1 847920 1524132 813740 1558312
Net70 5 
V1 3452090 1388970 3435000 1406060
V1 3435000 1406060 2700000 1406060
V1 2700000 1406060 1875000 1528405
V1 1875000 1528405 931977 1528405
V1 931977 1528405 902070 1558312
Net71 5 
V1 3717092 1388970 3695730 1410332
V1 3695730 1410332 2700000 1410332
V1 2700000 1410332 1875000 1532677
V1 1875000 1532677 1016045 1532677
V1 1016045 1532677 990410 1558312
Net72 5 
V1 3805430 1388970 3779795 1414605
V1 3779795 1414605 2700000 1414605
V1 2700000 1414605 1875000 1536950
V1 1875000 1536950 1100102 1536950
V1 1100102 1536950 1078740 1558312
Net73 5 
V1 3893762 1388970 3863855 1418877
V1 3863855 1418877 2700000 1418877
V1 2700000 1418877 1875000 1541222
V1 1875000 1541222 1184170 1541222
V1 1184170 1541222 1167080 1558312
Net74 5 
V1 3982100 1388970 3947920 1423150
V1 3947920 1423150 2700000 1423150
V1 2700000 1423150 1875000 1545495
V1 1875000 1545495 1268227 1545495
V1 1268227 1545495 1255410 1558312
Net75 5 
V1 4070430 1388970 4031977 1427422
V1 4031977 1427422 2700000 1427422
V1 2700000 1427422 1875000 1549767
V1 1875000 1549767 1440625 1549767
V1 1440625 1549767 1432080 1558312
Net76 5 
V1 4158770 1388970 4116045 1431695
V1 4116045 1431695 2700000 1431695
V1 2700000 1431695 1875000 1554040
V1 1875000 1554040 1524685 1554040
V1 1524685 1554040 1520412 1558312
Net77 5 
V1 4247100 1388970 4200102 1435967
V1 4200102 1435967 2700000 1435967
V1 2700000 1435967 1875000 1576826
V1 1875000 1576826 390576 1576826
V1 390576 1576826 372062 1558312
Net79 5 
V1 3142920 1333430 3124408 1351942
V1 3124408 1351942 2700000 1351942
V1 2700000 1351942 1875000 1507042
V1 1875000 1507042 508842 1507042
V1 508842 1507042 504570 1502770
