Nets 66
Net0 5 
V1 2954130 1737040 2948946 1742224
V1 2948946 1742224 2700000 1742224
V1 2700000 1742224 1875000 1859480
V1 1875000 1859480 1259700 1859480
V1 1259700 1859480 1242420 1876760
Net1 5 
V1 3040730 1737040 3030362 1747408
V1 3030362 1747408 2700000 1747408
V1 2700000 1747408 1875000 1863800
V1 1875000 1863800 1383550 1863800
V1 1383550 1863800 1370590 1876760
Net2 5 
V1 3127330 1737040 3111778 1752592
V1 3111778 1752592 2700000 1752592
V1 2700000 1752592 1875000 1868120
V1 1875000 1868120 1507400 1868120
V1 1507400 1868120 1498760 1876760
Net3 5 
V1 3170630 1737040 3149894 1757776
V1 3149894 1757776 2700000 1757776
V1 2700000 1757776 1875000 1872440
V1 1875000 1872440 1567170 1872440
V1 1567170 1872440 1562850 1876760
Net6 5 
V1 3062380 1711120 3058060 1715440
V1 3058060 1715440 2700000 1715440
V1 2700000 1715440 1875000 1833560
V1 1875000 1833560 1419917 1833560
V1 1419917 1833560 1402637 1850840
Net7 5 
V1 3105680 1711120 3097040 1719760
V1 3097040 1719760 2700000 1719760
V1 2700000 1719760 1875000 1837880
V1 1875000 1837880 1479680 1837880
V1 1479680 1837880 1466720 1850840
Net8 5 
V1 3148980 1711120 3136020 1724080
V1 3136020 1724080 2700000 1724080
V1 2700000 1724080 1875000 1842200
V1 1875000 1842200 1539450 1842200
V1 1539450 1842200 1530810 1850840
Net9 5 
V1 3192280 1711120 3175000 1728400
V1 3175000 1728400 2700000 1728400
V1 2700000 1728400 1875000 1846520
V1 1875000 1846520 1599210 1846520
V1 1599210 1846520 1594890 1850840
Net10 5 
V1 3235582 1711120 3213982 1732720
V1 3213982 1732720 2700000 1732720
V1 2700000 1732720 1875000 1855160
V1 1875000 1855160 1199932 1855160
V1 1199932 1855160 1178332 1876760
Net11 5 
V1 2954130 1685200 2949810 1689520
V1 2949810 1689520 2700000 1689520
V1 2700000 1689520 1875000 1807640
V1 1875000 1807640 1259700 1807640
V1 1259700 1807640 1242420 1824920
Net12 5 
V1 2997430 1685200 2988790 1693840
V1 2988790 1693840 2700000 1693840
V1 2700000 1693840 1875000 1811960
V1 1875000 1811960 1319470 1811960
V1 1319470 1811960 1306510 1824920
Net13 5 
V1 3084030 1685200 3071070 1698160
V1 3071070 1698160 2700000 1698160
V1 2700000 1698160 1875000 1816280
V1 1875000 1816280 1443320 1816280
V1 1443320 1816280 1434680 1824920
Net14 5 
V1 3127330 1685200 3110050 1702480
V1 3110050 1702480 2700000 1702480
V1 2700000 1702480 1875000 1820600
V1 1875000 1820600 1503080 1820600
V1 1503080 1820600 1498760 1824920
Net15 5 
V1 3213932 1685200 3192332 1706800
V1 3192332 1706800 2700000 1706800
V1 2700000 1706800 1875000 1829240
V1 1875000 1829240 1567170 1829240
V1 1567170 1829240 1562850 1824920
Net18 5 
V1 3062380 1659280 3053740 1650640
V1 3053740 1650640 2700000 1650640
V1 2700000 1650640 1875000 1779560
V1 1875000 1779560 1422077 1779560
V1 1422077 1779560 1402637 1799000
Net19 5 
V1 3148980 1659280 3142500 1665760
V1 3142500 1665760 2700000 1665760
V1 2700000 1665760 1875000 1786040
V1 1875000 1786040 1479680 1786040
V1 1479680 1786040 1466720 1799000
Net20 5 
V1 3192280 1659280 3179320 1672240
V1 3179320 1672240 2700000 1672240
V1 2700000 1672240 1875000 1792520
V1 1875000 1792520 1601370 1792520
V1 1601370 1792520 1594890 1799000
Net21 5 
V1 3235582 1659280 3216142 1678720
V1 3216142 1678720 2700000 1678720
V1 2700000 1678720 1875000 1803320
V1 1875000 1803320 1199932 1803320
V1 1199932 1803320 1178332 1824920
Net22 5 
V1 2954130 1633360 2945490 1642000
V1 2945490 1642000 2700000 1642000
V1 2700000 1642000 1875000 1764440
V1 1875000 1764440 1251060 1764440
V1 1251060 1764440 1242420 1773080
Net27 5 
V1 2975780 1607440 2971460 1611760
V1 2971460 1611760 2700000 1611760
V1 2700000 1611760 1875000 1726424
V1 1875000 1726424 1295196 1726424
V1 1295196 1726424 1274460 1747160
Net28 5 
V1 3019080 1607440 3010440 1616080
V1 3010440 1616080 2700000 1616080
V1 2700000 1616080 1875000 1731608
V1 1875000 1731608 1354102 1731608
V1 1354102 1731608 1338550 1747160
Net29 5 
V1 3062380 1607440 3049420 1620400
V1 3049420 1620400 2700000 1620400
V1 2700000 1620400 1875000 1736792
V1 1875000 1736792 1413005 1736792
V1 1413005 1736792 1402637 1747160
Net31 5 
V1 3192280 1607440 3175000 1624720
V1 3175000 1624720 2700000 1624720
V1 2700000 1624720 1875000 1741976
V1 1875000 1741976 1600074 1741976
V1 1600074 1741976 1594890 1747160
Net32 5 
V1 3235582 1607440 3213982 1629040
V1 3213982 1629040 2700000 1629040
V1 2700000 1629040 1875000 1755800
V1 1875000 1755800 1195612 1755800
V1 1195612 1755800 1178332 1773080
Net33 5 
V1 2954130 1581520 2948946 1586704
V1 2948946 1586704 2700000 1586704
V1 2700000 1586704 1875000 1703960
V1 1875000 1703960 1259700 1703960
V1 1259700 1703960 1242420 1721240
Net35 5 
V1 3040730 1581520 3030362 1591888
V1 3030362 1591888 2700000 1591888
V1 2700000 1591888 1875000 1708280
V1 1875000 1708280 1383550 1708280
V1 1383550 1708280 1370590 1721240
Net36 5 
V1 3084030 1581520 3068478 1597072
V1 3068478 1597072 2700000 1597072
V1 2700000 1597072 1875000 1712600
V1 1875000 1712600 1443320 1712600
V1 1443320 1712600 1434680 1721240
Net38 5 
V1 3170630 1581520 3149894 1602256
V1 3149894 1602256 2700000 1602256
V1 2700000 1602256 1875000 1716920
V1 1875000 1716920 1567170 1716920
V1 1567170 1716920 1562850 1721240
Net39 5 
V1 2975780 1555600 2971460 1559920
V1 2971460 1559920 2700000 1559920
V1 2700000 1559920 1875000 1674584
V1 1875000 1674584 1295196 1674584
V1 1295196 1674584 1274460 1695320
Net40 5 
V1 3062380 1555600 3053740 1564240
V1 3053740 1564240 2700000 1564240
V1 2700000 1564240 1875000 1679768
V1 1875000 1679768 1418189 1679768
V1 1418189 1679768 1402637 1695320
Net41 5 
V1 3105680 1555600 3092720 1568560
V1 3092720 1568560 2700000 1568560
V1 2700000 1568560 1875000 1684952
V1 1875000 1684952 1477088 1684952
V1 1477088 1684952 1466720 1695320
Net42 5 
V1 3192280 1555600 3175000 1572880
V1 3175000 1572880 2700000 1572880
V1 2700000 1572880 1875000 1690136
V1 1875000 1690136 1600074 1690136
V1 1600074 1690136 1594890 1695320
Net43 5 
V1 3235582 1555600 3213982 1577200
V1 3213982 1577200 2700000 1577200
V1 2700000 1577200 1875000 1699640
V1 1875000 1699640 1199932 1699640
V1 1199932 1699640 1178332 1721240
Net45 5 
V1 3040730 1529680 3034250 1536160
V1 3034250 1536160 2700000 1536160
V1 2700000 1536160 1875000 1653848
V1 1875000 1653848 1386142 1653848
V1 1386142 1653848 1370590 1669400
Net46 5 
V1 3084030 1529680 3071070 1542640
V1 3071070 1542640 2700000 1542640
V1 2700000 1542640 1875000 1659032
V1 1875000 1659032 1445048 1659032
V1 1445048 1659032 1434680 1669400
Net47 5 
V1 3170630 1529680 3151190 1549120
V1 3151190 1549120 2700000 1549120
V1 2700000 1549120 1875000 1664216
V1 1875000 1664216 1568034 1664216
V1 1568034 1664216 1562850 1669400
Net49 5 
V1 3019080 1503760 3014760 1508080
V1 3014760 1508080 2700000 1508080
V1 2700000 1508080 1875000 1622744
V1 1875000 1622744 1359286 1622744
V1 1359286 1622744 1338550 1643480
Net50 5 
V1 3062380 1503760 3053740 1512400
V1 3053740 1512400 2700000 1512400
V1 2700000 1512400 1875000 1627928
V1 1875000 1627928 1418189 1627928
V1 1418189 1627928 1402637 1643480
Net52 5 
V1 3148980 1503760 3136020 1516720
V1 3136020 1516720 2700000 1516720
V1 2700000 1516720 1875000 1633112
V1 1875000 1633112 1541178 1633112
V1 1541178 1633112 1530810 1643480
Net53 5 
V1 3192280 1503760 3175000 1521040
V1 3175000 1521040 2700000 1521040
V1 2700000 1521040 1875000 1638296
V1 1875000 1638296 1600074 1638296
V1 1600074 1638296 1594890 1643480
Net54 5 
V1 3235582 1503760 3213982 1525360
V1 3213982 1525360 2700000 1525360
V1 2700000 1525360 1875000 1648664
V1 1875000 1648664 1199068 1648664
V1 1199068 1648664 1178332 1669400
Net55 5 
V1 2954130 1477840 2947650 1484320
V1 2947650 1484320 2700000 1484320
V1 2700000 1484320 1875000 1602008
V1 1875000 1602008 1257972 1602008
V1 1257972 1602008 1242420 1617560
Net56 5 
V1 2997430 1477840 2984470 1490800
V1 2984470 1490800 2700000 1490800
V1 2700000 1490800 1875000 1607192
V1 1875000 1607192 1316878 1607192
V1 1316878 1607192 1306510 1617560
Net57 5 
V1 3084030 1477840 3064590 1497280
V1 3064590 1497280 2700000 1497280
V1 2700000 1497280 1875000 1612376
V1 1875000 1612376 1439864 1612376
V1 1439864 1612376 1434680 1617560
Net60 5 
V1 2975780 1451920 2971460 1456240
V1 2971460 1456240 2700000 1456240
V1 2700000 1456240 1875000 1570904
V1 1875000 1570904 1295196 1570904
V1 1295196 1570904 1274460 1591640
Net62 5 
V1 3062380 1451920 3053740 1460560
V1 3053740 1460560 2700000 1460560
V1 2700000 1460560 1875000 1576088
V1 1875000 1576088 1418189 1576088
V1 1418189 1576088 1402637 1591640
Net63 5 
V1 3105680 1451920 3092720 1464880
V1 3092720 1464880 2700000 1464880
V1 2700000 1464880 1875000 1581272
V1 1875000 1581272 1477088 1581272
V1 1477088 1581272 1466720 1591640
Net64 5 
V1 3192280 1451920 3175000 1469200
V1 3175000 1469200 2700000 1469200
V1 2700000 1469200 1875000 1586456
V1 1875000 1586456 1600074 1586456
V1 1600074 1586456 1594890 1591640
Net65 5 
V1 3235582 1451920 3213982 1473520
V1 3213982 1473520 2700000 1473520
V1 2700000 1473520 1875000 1596824
V1 1875000 1596824 1199068 1596824
V1 1199068 1596824 1178332 1617560
Net66 5 
V1 2954130 1426000 2948946 1431184
V1 2948946 1431184 2700000 1431184
V1 2700000 1431184 1875000 1548440
V1 1875000 1548440 1259700 1548440
V1 1259700 1548440 1242420 1565720
Net67 5 
V1 3040730 1426000 3030362 1436368
V1 3030362 1436368 2700000 1436368
V1 2700000 1436368 1875000 1552760
V1 1875000 1552760 1319470 1552760
V1 1319470 1552760 1306510 1565720
Net69 5 
V1 3127330 1426000 3111778 1441552
V1 3111778 1441552 2700000 1441552
V1 2700000 1441552 1875000 1557080
V1 1875000 1557080 1507400 1557080
V1 1507400 1557080 1498760 1565720
Net70 5 
V1 3170630 1426000 3149894 1446736
V1 3149894 1446736 2700000 1446736
V1 2700000 1446736 1875000 1561400
V1 1875000 1561400 1567170 1561400
V1 1567170 1561400 1562850 1565720
Net73 5 
V1 3062380 1400080 3057196 1405264
V1 3057196 1405264 2700000 1405264
V1 2700000 1405264 1875000 1520360
V1 1875000 1520360 1422077 1520360
V1 1422077 1520360 1402637 1539800
Net74 5 
V1 3148980 1400080 3138612 1410448
V1 3138612 1410448 2700000 1410448
V1 2700000 1410448 1875000 1526840
V1 1875000 1526840 1543770 1526840
V1 1543770 1526840 1530810 1539800
Net75 5 
V1 3192280 1400080 3176728 1415632
V1 3176728 1415632 2700000 1415632
V1 2700000 1415632 1875000 1533320
V1 1875000 1533320 1601370 1533320
V1 1601370 1533320 1594890 1539800
Net76 5 
V1 3235582 1400080 3214846 1420816
V1 3214846 1420816 2700000 1420816
V1 2700000 1420816 1875000 1544120
V1 1875000 1544120 1199932 1544120
V1 1199932 1544120 1178332 1565720
Net77 5 
V1 2954130 1374160 2948946 1379344
V1 2948946 1379344 2700000 1379344
V1 2700000 1379344 1875000 1496600
V1 1875000 1496600 1259700 1496600
V1 1259700 1496600 1242420 1513880
Net79 5 
V1 3040730 1374160 3030362 1384528
V1 3030362 1384528 2700000 1384528
V1 2700000 1384528 1875000 1500920
V1 1875000 1500920 1383550 1500920
V1 1383550 1500920 1370590 1513880
Net80 5 
V1 3084030 1374160 3068478 1389712
V1 3068478 1389712 2700000 1389712
V1 2700000 1389712 1875000 1505240
V1 1875000 1505240 1443320 1505240
V1 1443320 1505240 1434680 1513880
Net82 5 
V1 3170630 1374160 3149894 1394896
V1 3149894 1394896 2700000 1394896
V1 2700000 1394896 1875000 1509560
V1 1875000 1509560 1567170 1509560
V1 1567170 1509560 1562850 1513880
Net83 5 
V1 2975780 1348240 2971460 1352560
V1 2971460 1352560 2700000 1352560
V1 2700000 1352560 1875000 1467224
V1 1875000 1467224 1295196 1467224
V1 1295196 1467224 1274460 1487960
Net84 5 
V1 3019080 1348240 3010440 1356880
V1 3010440 1356880 2700000 1356880
V1 2700000 1356880 1875000 1472408
V1 1875000 1472408 1354102 1472408
V1 1354102 1472408 1338550 1487960
Net85 5 
V1 3105680 1348240 3092720 1361200
V1 3092720 1361200 2700000 1361200
V1 2700000 1361200 1875000 1477592
V1 1875000 1477592 1477088 1477592
V1 1477088 1477592 1466720 1487960
Net86 5 
V1 3192280 1348240 3175000 1365520
V1 3175000 1365520 2700000 1365520
V1 2700000 1365520 1875000 1482776
V1 1875000 1482776 1600074 1482776
V1 1600074 1482776 1594890 1487960
Net87 5 
V1 3235582 1348240 3213982 1369840
V1 3213982 1369840 2700000 1369840
V1 2700000 1369840 1875000 1492280
V1 1875000 1492280 1199932 1492280
V1 1199932 1492280 1178332 1513880
