Nets 26
Net13 5 
V2 3084030 1685200 3077550 1691680
V2 3077550 1691680 2700000 1691680
V2 2700000 1691680 1875000 1858247
V2 1875000 1858247 1272283 1858247
V2 1272283 1858247 1238960 1891570
Net14 5 
V2 3127330 1685200 3114370 1698160
V2 3114370 1698160 2700000 1698160
V2 2700000 1698160 1875000 1869355
V2 1875000 1869355 1444764 1869355
V2 1444764 1869355 1422550 1891570
Net15 5 
V2 3213932 1685200 3194492 1704640
V2 3194492 1704640 2700000 1704640
V2 2700000 1704640 1875000 1880464
V2 1875000 1880464 1525456 1880464
V2 1525456 1880464 1514350 1891570
Net19 5 
V2 3148980 1659280 3142500 1665760
V2 3142500 1665760 2700000 1665760
V2 2700000 1665760 1875000 1799001
V2 1875000 1799001 1138288 1799001
V2 1138288 1799001 1101260 1836030
Net20 5 
V2 3192280 1659280 3179320 1672240
V2 3179320 1672240 2700000 1672240
V2 2700000 1672240 1875000 1817515
V2 1875000 1817515 1395167 1817515
V2 1395167 1817515 1376652 1836030
Net21 5 
V2 3235582 1659280 3216142 1678720
V2 3216142 1678720 2700000 1678720
V2 2700000 1678720 1875000 1847138
V2 1875000 1847138 365401 1847138
V2 365401 1847138 320970 1891570
Net22 5 
V2 2954130 1633360 2945490 1642000
V2 2945490 1642000 2700000 1642000
V2 2700000 1642000 1875000 1758265
V2 1875000 1758265 1077582 1758265
V2 1077582 1758265 1055360 1780487
Net23 5 
V2 3040730 1633360 3023450 1650640
V2 3023450 1650640 2700000 1650640
V2 2700000 1650640 1875000 1769374
V2 1875000 1769374 1250073 1769374
V2 1250073 1769374 1238960 1780487
Net27 5 
V2 2975780 1607440 2962820 1620400
V2 2962820 1620400 2700000 1620400
V2 2700000 1620400 1875000 1747157
V2 1875000 1747157 996890 1747157
V2 996890 1747157 963560 1780487
Net34 5 
V2 2997430 1581520 2984470 1594480
V2 2984470 1594480 2700000 1594480
V2 2700000 1594480 1875000 1736048
V2 1875000 1736048 824399 1736048
V2 824399 1736048 779960 1780487
Net35 5 
V2 3040730 1581520 3032090 1572880
V2 3032090 1572880 2700000 1572880
V2 2700000 1572880 1875000 1706428
V2 1875000 1706428 660774 1706428
V2 660774 1706428 642262 1724940
Net39 5 
V2 2975780 1555600 2967140 1564240
V2 2967140 1564240 2700000 1564240
V2 2700000 1564240 1875000 1687914
V2 1875000 1687914 587493 1687914
V2 587493 1687914 550467 1724940
Net51 5 
V2 3105680 1503760 3097040 1512400
V2 3097040 1512400 2700000 1512400
V2 2700000 1512400 1875000 1641631
V2 1875000 1641631 1266729 1641631
V2 1266729 1641631 1238960 1669400
Net53 5 
V2 3192280 1503760 3175000 1521040
V2 3175000 1521040 2700000 1521040
V2 2700000 1521040 1875000 1655516
V2 1875000 1655516 1528233 1655516
V2 1528233 1655516 1514350 1669400
Net61 5 
V2 3019080 1451920 3014760 1456240
V2 3014760 1456240 2700000 1456240
V2 2700000 1456240 1875000 1539798
V2 1875000 1539798 706677 1539798
V2 706677 1539798 688162 1558312
Net62 5 
V2 3062380 1451920 3053740 1460560
V2 3053740 1460560 2700000 1460560
V2 2700000 1460560 1875000 1549055
V2 1875000 1549055 789217 1549055
V2 789217 1549055 779960 1558312
Net63 5 
V2 3105680 1451920 3092720 1464880
V2 3092720 1464880 2700000 1464880
V2 2700000 1464880 1875000 1576826
V2 1875000 1576826 679296 1576826
V2 679296 1576826 642262 1613860
Net64 5 
V2 3192280 1451920 3175000 1469200
V2 3175000 1469200 2700000 1469200
V2 2700000 1469200 1875000 1595340
V2 1875000 1595340 844379 1595340
V2 844379 1595340 825860 1613860
Net65 5 
V2 3235582 1451920 3213982 1473520
V2 3213982 1473520 2700000 1473520
V2 2700000 1473520 1875000 1627745
V2 1875000 1627745 362624 1627745
V2 362624 1627745 320970 1669400
Net66 5 
V2 2954130 1426000 2941170 1438960
V2 2941170 1438960 2700000 1438960
V2 2700000 1438960 1875000 1530541
V2 1875000 1530541 624139 1530541
V2 624139 1530541 596367 1558312
Net77 5 
V2 2954130 1374160 2941170 1387120
V2 2941170 1387120 2700000 1387120
V2 2700000 1387120 1875000 1521284
V2 1875000 1521284 752574 1521284
V2 752574 1521284 734060 1502770
Net78 5 
V2 2997430 1374160 2993110 1369840
V2 2993110 1369840 2700000 1369840
V2 2700000 1369840 1875000 1512027
V2 1875000 1512027 835117 1512027
V2 835117 1512027 825860 1502770
Net83 5 
V2 2975780 1348240 2971460 1352560
V2 2971460 1352560 2700000 1352560
V2 2700000 1352560 1875000 1458336
V2 1875000 1458336 1145694 1458336
V2 1145694 1458336 1101260 1502770
Net84 5 
V2 3019080 1348240 3010440 1356880
V2 3010440 1356880 2700000 1356880
V2 2700000 1356880 1875000 1469444
V2 1875000 1469444 1318183 1469444
V2 1318183 1469444 1284857 1502770
Net85 5 
V2 3105680 1348240 3092720 1361200
V2 3092720 1361200 2700000 1361200
V2 2700000 1361200 1875000 1480553
V2 1875000 1480553 1398869 1480553
V2 1398869 1480553 1376652 1502770
Net86 5 
V2 3192280 1348240 3175000 1365520
V2 3175000 1365520 2700000 1365520
V2 2700000 1365520 1875000 1491661
V2 1875000 1491661 1571358 1491661
V2 1571358 1491661 1560250 1502770
