Nets 20
Net5 5 
V2 3620970 1728400 3599370 1750000
V2 3599370 1750000 2700000 1750000
V2 2700000 1750000 1875000 1837880
V2 1875000 1837880 1607850 1837880
V2 1607850 1837880 1594890 1850840
Net13 5 
V2 3581997 1685200 3560397 1706800
V2 3560397 1706800 2700000 1706800
V2 2700000 1706800 1875000 1811960
V2 1875000 1811960 1447640 1811960
V2 1447640 1811960 1434680 1824920
Net23 5 
V2 3698910 1642000 3677310 1663600
V2 3677310 1663600 2700000 1663600
V2 2700000 1663600 1875000 1786040
V2 1875000 1786040 1607850 1786040
V2 1607850 1786040 1594890 1799000
Net31 5 
V2 3504050 1598800 3482450 1620400
V2 3482450 1620400 2700000 1620400
V2 2700000 1620400 1875000 1760120
V2 1875000 1760120 1383550 1760120
V2 1383550 1760120 1370590 1773080
Net32 5 
V2 3581997 1598800 3571197 1588000
V2 3571197 1588000 2700000 1588000
V2 2700000 1588000 1875000 1734200
V2 1875000 1734200 1415597 1734200
V2 1415597 1734200 1402637 1747160
Net35 5 
V2 3893762 1598800 3872162 1577200
V2 3872162 1577200 2700000 1577200
V2 2700000 1577200 1875000 1708280
V2 1875000 1708280 1191292 1708280
V2 1191292 1708280 1178332 1721240
Net38 5 
V2 3231252 1555600 3220452 1566400
V2 3220452 1566400 2700000 1566400
V2 2700000 1566400 1875000 1682360
V2 1875000 1682360 1415597 1682360
V2 1415597 1682360 1402637 1695320
Net48 5 
V2 3504050 1512400 3489650 1526800
V2 3489650 1526800 2700000 1526800
V2 2700000 1526800 1875000 1656440
V2 1875000 1656440 1383550 1656440
V2 1383550 1656440 1370590 1669400
Net49 5 
V2 3581997 1512400 3553197 1541200
V2 3553197 1541200 2700000 1541200
V2 2700000 1541200 1875000 1662920
V2 1875000 1662920 1441160 1662920
V2 1441160 1662920 1434680 1669400
Net55 5 
V2 3387140 1469200 3378500 1477840
V2 3378500 1477840 2700000 1477840
V2 2700000 1477840 1875000 1586456
V2 1875000 1586456 1471904 1586456
V2 1471904 1586456 1466720 1591640
Net59 5 
V2 3698910 1469200 3681630 1486480
V2 3681630 1486480 2700000 1486480
V2 2700000 1486480 1875000 1626200
V2 1875000 1626200 1548090 1626200
V2 1548090 1626200 1530810 1643480
Net60 5 
V2 3776850 1469200 3750930 1495120
V2 3750930 1495120 2700000 1495120
V2 2700000 1495120 1875000 1634840
V2 1875000 1634840 1603530 1634840
V2 1603530 1634840 1594890 1643480
Net61 5 
V2 3854790 1469200 3820230 1503760
V2 3820230 1503760 2700000 1503760
V2 2700000 1503760 1875000 1649960
V2 1875000 1649960 1197772 1649960
V2 1197772 1649960 1178332 1669400
Net62 5 
V2 3036400 1426000 3025600 1436800
V2 3025600 1436800 2700000 1436800
V2 2700000 1436800 1875000 1570904
V2 1875000 1570904 1295196 1570904
V2 1295196 1570904 1274460 1591640
Net64 5 
V2 3270227 1426000 3248627 1447600
V2 3248627 1447600 2700000 1447600
V2 2700000 1447600 1875000 1576088
V2 1875000 1576088 1354102 1576088
V2 1354102 1576088 1338550 1591640
Net65 5 
V2 3348170 1426000 3315770 1458400
V2 3315770 1458400 2700000 1458400
V2 2700000 1458400 1875000 1581272
V2 1875000 1581272 1413005 1581272
V2 1413005 1581272 1402637 1591640
Net71 5 
V2 2997430 1382800 2986630 1393600
V2 2986630 1393600 2700000 1393600
V2 2700000 1393600 1875000 1520360
V2 1875000 1520360 1229820 1520360
V2 1229820 1520360 1210380 1539800
Net72 5 
V2 3075370 1382800 3053770 1404400
V2 3053770 1404400 2700000 1404400
V2 2700000 1404400 1875000 1526840
V2 1875000 1526840 1351510 1526840
V2 1351510 1526840 1338550 1539800
Net73 5 
V2 3153310 1382800 3120910 1415200
V2 3120910 1415200 2700000 1415200
V2 2700000 1415200 1875000 1533320
V2 1875000 1533320 1409117 1533320
V2 1409117 1533320 1402637 1539800
Net83 5 
V2 3270227 1339600 3248627 1361200
V2 3248627 1361200 2700000 1361200
V2 2700000 1361200 1875000 1475000
V2 1875000 1475000 1287420 1475000
V2 1287420 1475000 1274460 1487960
