Nets 35
Net0 5 
V1 3008250 1728400 3002077 1734572
V1 3002077 1734572 2700000 1734572
V1 2700000 1734572 1875000 1863801
V1 1875000 1863801 440539 1863801
V1 440539 1863801 412770 1891570
Net1 5 
V1 3181460 1728400 3169116 1740743
V1 3169116 1740743 2700000 1740743
V1 2700000 1740743 1875000 1868429
V1 1875000 1868429 619508 1868429
V1 619508 1868429 596367 1891570
Net2 5 
V1 3268060 1728400 3249545 1746915
V1 3249545 1746915 2700000 1746915
V1 2700000 1746915 1875000 1873058
V1 1875000 1873058 706674 1873058
V1 706674 1873058 688162 1891570
Net3 5 
V1 3441267 1728400 3416581 1753086
V1 3416581 1753086 2700000 1753086
V1 2700000 1753086 1875000 1877686
V1 1875000 1877686 885643 1877686
V1 885643 1877686 871760 1891570
Net4 5 
V1 3527870 1728400 3497012 1759257
V1 3497012 1759257 2700000 1759257
V1 2700000 1759257 1875000 1882315
V1 1875000 1882315 972815 1882315
V1 972815 1882315 963560 1891570
Net5 5 
V1 3701070 1728400 3664041 1765428
V1 3664041 1765428 2700000 1765428
V1 2700000 1765428 1875000 1886943
V1 1875000 1886943 1151786 1886943
V1 1151786 1886943 1147160 1891570
Net7 5 
V1 3051552 1685200 3046752 1680400
V1 3046752 1680400 2700000 1680400
V1 2700000 1680400 1875000 1859172
V1 1875000 1859172 390012 1859172
V1 390012 1859172 366870 1836030
Net8 5 
V1 3138160 1685200 3128560 1675600
V1 3128560 1675600 2700000 1675600
V1 2700000 1675600 1875000 1854544
V1 1875000 1854544 477184 1854544
V1 477184 1854544 458670 1836030
Net9 5 
V1 3224760 1685200 3210360 1670800
V1 3210360 1670800 2700000 1670800
V1 2700000 1670800 1875000 1849915
V1 1875000 1849915 564353 1849915
V1 564353 1849915 550467 1836030
Net10 5 
V1 3311360 1685200 3292160 1666000
V1 3292160 1666000 2700000 1666000
V1 2700000 1666000 1875000 1845287
V1 1875000 1845287 651519 1845287
V1 651519 1845287 642262 1836030
Net11 5 
V1 3397962 1685200 3373962 1661200
V1 3373962 1661200 2700000 1661200
V1 2700000 1661200 1875000 1840658
V1 1875000 1840658 738688 1840658
V1 738688 1840658 734060 1836030
Net12 5 
V1 3571170 1685200 3542370 1656400
V1 3542370 1656400 2700000 1656400
V1 2700000 1656400 1875000 1817515
V1 1875000 1817515 844374 1817515
V1 844374 1817515 825860 1836030
Net18 5 
V1 3094857 1642000 3090057 1646800
V1 3090057 1646800 2700000 1646800
V1 2700000 1646800 1875000 1761968
V1 1875000 1761968 523089 1761968
V1 523089 1761968 504570 1780487
Net19 5 
V1 3268060 1642000 3258460 1651600
V1 3258460 1651600 2700000 1651600
V1 2700000 1651600 1875000 1799001
V1 1875000 1799001 706676 1799001
V1 706676 1799001 688162 1780487
Net26 5 
V1 3051552 1598800 3046752 1594000
V1 3046752 1594000 2700000 1594000
V1 2700000 1594000 1875000 1743454
V1 1875000 1743454 385384 1743454
V1 385384 1743454 366870 1724940
Net37 5 
V1 3094857 1555600 3090057 1560400
V1 3090057 1560400 2700000 1560400
V1 2700000 1560400 1875000 1681742
V1 1875000 1681742 685460 1681742
V1 685460 1681742 642262 1724940
Net38 5 
V1 3268060 1555600 3258460 1565200
V1 3258460 1565200 2700000 1565200
V1 2700000 1565200 1875000 1687913
V1 1875000 1687913 862886 1687913
V1 862886 1687913 825860 1724940
Net39 5 
V1 3441267 1555600 3426867 1570000
V1 3426867 1570000 2700000 1570000
V1 2700000 1570000 1875000 1694085
V1 1875000 1694085 948515 1694085
V1 948515 1694085 917660 1724940
Net40 5 
V1 3614470 1555600 3595270 1574800
V1 3595270 1574800 2700000 1574800
V1 2700000 1574800 1875000 1700256
V1 1875000 1700256 1125943 1700256
V1 1125943 1700256 1101260 1724940
Net41 5 
V1 3701070 1555600 3677070 1579600
V1 3677070 1579600 2700000 1579600
V1 2700000 1579600 1875000 1706427
V1 1875000 1706427 1211572 1706427
V1 1211572 1706427 1193060 1724940
Net42 5 
V1 3787677 1555600 3758877 1584400
V1 3758877 1584400 2700000 1584400
V1 2700000 1584400 1875000 1712598
V1 1875000 1712598 1388993 1712598
V1 1388993 1712598 1376652 1724940
Net43 5 
V1 3874280 1555600 3840680 1589200
V1 3840680 1589200 2700000 1589200
V1 2700000 1589200 1875000 1718770
V1 1875000 1718770 1474620 1718770
V1 1474620 1718770 1468450 1724940
Net44 5 
V1 3138160 1512400 3129520 1521040
V1 3129520 1521040 2700000 1521040
V1 2700000 1521040 1875000 1636077
V1 1875000 1636077 446093 1636077
V1 446093 1636077 412770 1669400
Net45 5 
V1 3224760 1512400 3207480 1529680
V1 3207480 1529680 2700000 1529680
V1 2700000 1529680 1875000 1647185
V1 1875000 1647185 526784 1647185
V1 526784 1647185 504570 1669400
Net46 5 
V1 3311360 1512400 3285440 1538320
V1 3285440 1538320 2700000 1538320
V1 2700000 1538320 1875000 1658294
V1 1875000 1658294 699268 1658294
V1 699268 1658294 688162 1669400
Net47 5 
V1 3397962 1512400 3363402 1546960
V1 3363402 1546960 2700000 1546960
V1 2700000 1546960 1875000 1675571
V1 1875000 1675571 786131 1675571
V1 786131 1675571 779960 1669400
Net62 5 
V1 3051552 1426000 3037152 1411600
V1 3037152 1411600 2700000 1411600
V1 2700000 1411600 1875000 1569421
V1 1875000 1569421 515678 1569421
V1 515678 1569421 504570 1558312
Net63 5 
V1 3224760 1426000 3195960 1397200
V1 3195960 1397200 2700000 1397200
V1 2700000 1397200 1875000 1547204
V1 1875000 1547204 607476 1547204
V1 607476 1547204 596367 1558312
Net67 5 
V1 3571170 1426000 3562530 1434640
V1 3562530 1434640 2700000 1434640
V1 2700000 1434640 1875000 1580529
V1 1875000 1580529 1318188 1580529
V1 1318188 1580529 1284857 1613860
Net68 5 
V1 3744372 1426000 3727092 1443280
V1 3727092 1443280 2700000 1443280
V1 2700000 1443280 1875000 1591638
V1 1875000 1591638 1398874 1591638
V1 1398874 1591638 1376652 1613860
Net69 5 
V1 3830980 1426000 3805060 1451920
V1 3805060 1451920 2700000 1451920
V1 2700000 1451920 1875000 1602746
V1 1875000 1602746 1479563 1602746
V1 1479563 1602746 1468450 1613860
Net70 5 
V1 4004180 1426000 3969620 1460560
V1 3969620 1460560 2700000 1460560
V1 2700000 1460560 1875000 1624968
V1 1875000 1624968 365401 1624968
V1 365401 1624968 320970 1669400
Net72 5 
V1 3094857 1382800 3084057 1372000
V1 3084057 1372000 2700000 1372000
V1 2700000 1372000 1875000 1536095
V1 1875000 1536095 491995 1536095
V1 491995 1536095 458670 1502770
Net73 5 
V1 3181460 1382800 3159860 1361200
V1 3159860 1361200 2700000 1361200
V1 2700000 1361200 1875000 1524987
V1 1875000 1524987 572684 1524987
V1 572684 1524987 550467 1502770
Net81 5 
V1 3051552 1339600 3040752 1350400
V1 3040752 1350400 2700000 1350400
V1 2700000 1350400 1875000 1513878
V1 1875000 1513878 745168 1513878
V1 745168 1513878 734060 1502770
