Nets 20
Net5 5 
V2 3820970 1728400 3799370 1750000
V2 3799370 1750000 2900000 1750000
V2 2900000 1750000 1875000 1837880
V2 1875000 1837880 1620840 1837880
V2 1620840 1837880 1607880 1850840
Net13 5 
V2 3781997 1685200 3760397 1706800
V2 3760397 1706800 2900000 1706800
V2 2900000 1706800 1875000 1811960
V2 1875000 1811960 1486610 1811960
V2 1486610 1811960 1473650 1824920
Net23 5 
V2 3898910 1642000 3877310 1663600
V2 3877310 1663600 2900000 1663600
V2 2900000 1663600 1875000 1786040
V2 1875000 1786040 1620840 1786040
V2 1620840 1786040 1607880 1799000
Net31 5 
V2 3704050 1598800 3682450 1620400
V2 3682450 1620400 2900000 1620400
V2 2900000 1620400 1875000 1760120
V2 1875000 1760120 1432917 1760120
V2 1432917 1760120 1419957 1773080
Net32 5 
V2 3781997 1598800 3771197 1588000
V2 3771197 1588000 2900000 1588000
V2 2900000 1588000 1875000 1734200
V2 1875000 1734200 1459760 1734200
V2 1459760 1734200 1446800 1747160
Net35 5 
V2 4093762 1598800 4072162 1577200
V2 4072162 1577200 2900000 1577200
V2 2900000 1577200 1875000 1708280
V2 1875000 1708280 1271832 1708280
V2 1271832 1708280 1258872 1721240
Net38 5 
V2 3431252 1555600 3420452 1566400
V2 3420452 1566400 2900000 1566400
V2 2900000 1566400 1875000 1682360
V2 1875000 1682360 1459760 1682360
V2 1459760 1682360 1446800 1695320
Net48 5 
V2 3704050 1512400 3689650 1526800
V2 3689650 1526800 2900000 1526800
V2 2900000 1526800 1875000 1656440
V2 1875000 1656440 1432917 1656440
V2 1432917 1656440 1419957 1669400
Net49 5 
V2 3781997 1512400 3753197 1541200
V2 3753197 1541200 2900000 1541200
V2 2900000 1541200 1875000 1662920
V2 1875000 1662920 1480130 1662920
V2 1480130 1662920 1473650 1669400
Net55 5 
V2 3587140 1469200 3578500 1477840
V2 3578500 1477840 2900000 1477840
V2 2900000 1477840 1875000 1586456
V2 1875000 1586456 1505681 1586456
V2 1505681 1586456 1500497 1591640
Net59 5 
V2 3898910 1469200 3881630 1486480
V2 3881630 1486480 2900000 1486480
V2 2900000 1486480 1875000 1626200
V2 1875000 1626200 1571470 1626200
V2 1571470 1626200 1554190 1643480
Net60 5 
V2 3976850 1469200 3950930 1495120
V2 3950930 1495120 2900000 1495120
V2 2900000 1495120 1875000 1634840
V2 1875000 1634840 1616520 1634840
V2 1616520 1634840 1607880 1643480
Net61 5 
V2 4054790 1469200 4020230 1503760
V2 4020230 1503760 2900000 1503760
V2 2900000 1503760 1875000 1649960
V2 1875000 1649960 1278312 1649960
V2 1278312 1649960 1258872 1669400
Net62 5 
V2 3236400 1426000 3225600 1436800
V2 3225600 1436800 2900000 1436800
V2 2900000 1436800 1875000 1570904
V2 1875000 1570904 1360153 1570904
V2 1360153 1570904 1339417 1591640
Net64 5 
V2 3470227 1426000 3448627 1447600
V2 3448627 1447600 2900000 1447600
V2 2900000 1447600 1875000 1576088
V2 1875000 1576088 1408662 1576088
V2 1408662 1576088 1393110 1591640
Net65 5 
V2 3548170 1426000 3515770 1458400
V2 3515770 1458400 2900000 1458400
V2 2900000 1458400 1875000 1581272
V2 1875000 1581272 1457168 1581272
V2 1457168 1581272 1446800 1591640
Net71 5 
V2 3197430 1382800 3186630 1393600
V2 3186630 1393600 2900000 1393600
V2 2900000 1393600 1875000 1520360
V2 1875000 1520360 1305160 1520360
V2 1305160 1520360 1285720 1539800
Net72 5 
V2 3275370 1382800 3253770 1404400
V2 3253770 1404400 2900000 1404400
V2 2900000 1404400 1875000 1526840
V2 1875000 1526840 1406070 1526840
V2 1406070 1526840 1393110 1539800
Net73 5 
V2 3353310 1382800 3320910 1415200
V2 3320910 1415200 2900000 1415200
V2 2900000 1415200 1875000 1533320
V2 1875000 1533320 1453280 1533320
V2 1453280 1533320 1446800 1539800
Net83 5 
V2 3470227 1339600 3448627 1361200
V2 3448627 1361200 2900000 1361200
V2 2900000 1361200 1875000 1475000
V2 1875000 1475000 1352377 1475000
V2 1352377 1475000 1339417 1487960
