Nets 66
Net0 5 
V1 3154130 1737040 3148946 1742224
V1 3148946 1742224 2900000 1742224
V1 2900000 1742224 1875000 1859480
V1 1875000 1859480 1400000 1859480
V1 1400000 1859480 1382720 1876760
Net1 5 
V1 3240730 1737040 3230362 1747408
V1 3230362 1747408 2900000 1747408
V1 2900000 1747408 1875000 1863800
V1 1875000 1863800 1482280 1863800
V1 1482280 1863800 1469320 1876760
Net2 5 
V1 3327330 1737040 3311778 1752592
V1 3311778 1752592 2900000 1752592
V1 2900000 1752592 1875000 1868120
V1 1875000 1868120 1564560 1868120
V1 1564560 1868120 1555920 1876760
Net3 5 
V1 3370630 1737040 3349894 1757776
V1 3349894 1757776 2900000 1757776
V1 2900000 1757776 1875000 1872440
V1 1875000 1872440 1603540 1872440
V1 1603540 1872440 1599220 1876760
Net6 5 
V1 3262380 1711120 3258060 1715440
V1 3258060 1715440 2900000 1715440
V1 2900000 1715440 1875000 1833560
V1 1875000 1833560 1508250 1833560
V1 1508250 1833560 1490970 1850840
Net7 5 
V1 3305680 1711120 3297040 1719760
V1 3297040 1719760 2900000 1719760
V1 2900000 1719760 1875000 1837880
V1 1875000 1837880 1547230 1837880
V1 1547230 1837880 1534270 1850840
Net8 5 
V1 3348980 1711120 3336020 1724080
V1 3336020 1724080 2900000 1724080
V1 2900000 1724080 1875000 1842200
V1 1875000 1842200 1586210 1842200
V1 1586210 1842200 1577570 1850840
Net9 5 
V1 3392280 1711120 3375000 1728400
V1 3375000 1728400 2900000 1728400
V1 2900000 1728400 1875000 1846520
V1 1875000 1846520 1625190 1846520
V1 1625190 1846520 1620870 1850840
Net10 5 
V1 3435582 1711120 3413982 1732720
V1 3413982 1732720 2900000 1732720
V1 2900000 1732720 1875000 1855160
V1 1875000 1855160 1361017 1855160
V1 1361017 1855160 1339417 1876760
Net11 5 
V1 3154130 1685200 3149810 1689520
V1 3149810 1689520 2900000 1689520
V1 2900000 1689520 1875000 1807640
V1 1875000 1807640 1400000 1807640
V1 1400000 1807640 1382720 1824920
Net12 5 
V1 3197430 1685200 3188790 1693840
V1 3188790 1693840 2900000 1693840
V1 2900000 1693840 1875000 1811960
V1 1875000 1811960 1438980 1811960
V1 1438980 1811960 1426020 1824920
Net13 5 
V1 3284030 1685200 3271070 1698160
V1 3271070 1698160 2900000 1698160
V1 2900000 1698160 1875000 1816280
V1 1875000 1816280 1521260 1816280
V1 1521260 1816280 1512620 1824920
Net14 5 
V1 3327330 1685200 3310050 1702480
V1 3310050 1702480 2900000 1702480
V1 2900000 1702480 1875000 1820600
V1 1875000 1820600 1560240 1820600
V1 1560240 1820600 1555920 1824920
Net15 5 
V1 3413932 1685200 3392332 1706800
V1 3392332 1706800 2900000 1706800
V1 2900000 1706800 1875000 1829240
V1 1875000 1829240 1603540 1829240
V1 1603540 1829240 1599220 1824920
Net18 5 
V1 3262380 1659280 3253740 1650640
V1 3253740 1650640 2900000 1650640
V1 2900000 1650640 1875000 1779560
V1 1875000 1779560 1510410 1779560
V1 1510410 1779560 1490970 1799000
Net19 5 
V1 3348980 1659280 3342500 1665760
V1 3342500 1665760 2900000 1665760
V1 2900000 1665760 1875000 1786040
V1 1875000 1786040 1547230 1786040
V1 1547230 1786040 1534270 1799000
Net20 5 
V1 3392280 1659280 3379320 1672240
V1 3379320 1672240 2900000 1672240
V1 2900000 1672240 1875000 1792520
V1 1875000 1792520 1627350 1792520
V1 1627350 1792520 1620870 1799000
Net21 5 
V1 3435582 1659280 3416142 1678720
V1 3416142 1678720 2900000 1678720
V1 2900000 1678720 1875000 1803320
V1 1875000 1803320 1361017 1803320
V1 1361017 1803320 1339417 1824920
Net22 5 
V1 3154130 1633360 3145490 1642000
V1 3145490 1642000 2900000 1642000
V1 2900000 1642000 1875000 1764440
V1 1875000 1764440 1391360 1764440
V1 1391360 1764440 1382720 1773080
Net27 5 
V1 3175780 1607440 3171460 1611760
V1 3171460 1611760 2900000 1611760
V1 2900000 1611760 1875000 1726424
V1 1875000 1726424 1425106 1726424
V1 1425106 1726424 1404370 1747160
Net28 5 
V1 3219080 1607440 3210440 1616080
V1 3210440 1616080 2900000 1616080
V1 2900000 1616080 1875000 1731608
V1 1875000 1731608 1463222 1731608
V1 1463222 1731608 1447670 1747160
Net29 5 
V1 3262380 1607440 3249420 1620400
V1 3249420 1620400 2900000 1620400
V1 2900000 1620400 1875000 1736792
V1 1875000 1736792 1501338 1736792
V1 1501338 1736792 1490970 1747160
Net31 5 
V1 3392280 1607440 3375000 1624720
V1 3375000 1624720 2900000 1624720
V1 2900000 1624720 1875000 1741976
V1 1875000 1741976 1626054 1741976
V1 1626054 1741976 1620870 1747160
Net32 5 
V1 3435582 1607440 3413982 1629040
V1 3413982 1629040 2900000 1629040
V1 2900000 1629040 1875000 1755800
V1 1875000 1755800 1356697 1755800
V1 1356697 1755800 1339417 1773080
Net33 5 
V1 3154130 1581520 3148946 1586704
V1 3148946 1586704 2900000 1586704
V1 2900000 1586704 1875000 1703960
V1 1875000 1703960 1400000 1703960
V1 1400000 1703960 1382720 1721240
Net35 5 
V1 3240730 1581520 3230362 1591888
V1 3230362 1591888 2900000 1591888
V1 2900000 1591888 1875000 1708280
V1 1875000 1708280 1482280 1708280
V1 1482280 1708280 1469320 1721240
Net36 5 
V1 3284030 1581520 3268478 1597072
V1 3268478 1597072 2900000 1597072
V1 2900000 1597072 1875000 1712600
V1 1875000 1712600 1521260 1712600
V1 1521260 1712600 1512620 1721240
Net38 5 
V1 3370630 1581520 3349894 1602256
V1 3349894 1602256 2900000 1602256
V1 2900000 1602256 1875000 1716920
V1 1875000 1716920 1603540 1716920
V1 1603540 1716920 1599220 1721240
Net39 5 
V1 3175780 1555600 3171460 1559920
V1 3171460 1559920 2900000 1559920
V1 2900000 1559920 1875000 1674584
V1 1875000 1674584 1425106 1674584
V1 1425106 1674584 1404370 1695320
Net40 5 
V1 3262380 1555600 3253740 1564240
V1 3253740 1564240 2900000 1564240
V1 2900000 1564240 1875000 1679768
V1 1875000 1679768 1506522 1679768
V1 1506522 1679768 1490970 1695320
Net41 5 
V1 3305680 1555600 3292720 1568560
V1 3292720 1568560 2900000 1568560
V1 2900000 1568560 1875000 1684952
V1 1875000 1684952 1544638 1684952
V1 1544638 1684952 1534270 1695320
Net42 5 
V1 3392280 1555600 3375000 1572880
V1 3375000 1572880 2900000 1572880
V1 2900000 1572880 1875000 1690136
V1 1875000 1690136 1626054 1690136
V1 1626054 1690136 1620870 1695320
Net43 5 
V1 3435582 1555600 3413982 1577200
V1 3413982 1577200 2900000 1577200
V1 2900000 1577200 1875000 1699640
V1 1875000 1699640 1361017 1699640
V1 1361017 1699640 1339417 1721240
Net45 5 
V1 3240730 1529680 3234250 1536160
V1 3234250 1536160 2900000 1536160
V1 2900000 1536160 1875000 1653848
V1 1875000 1653848 1484872 1653848
V1 1484872 1653848 1469320 1669400
Net46 5 
V1 3284030 1529680 3271070 1542640
V1 3271070 1542640 2900000 1542640
V1 2900000 1542640 1875000 1659032
V1 1875000 1659032 1522988 1659032
V1 1522988 1659032 1512620 1669400
Net47 5 
V1 3370630 1529680 3351190 1549120
V1 3351190 1549120 2900000 1549120
V1 2900000 1549120 1875000 1664216
V1 1875000 1664216 1604404 1664216
V1 1604404 1664216 1599220 1669400
Net49 5 
V1 3219080 1503760 3214760 1508080
V1 3214760 1508080 2900000 1508080
V1 2900000 1508080 1875000 1622744
V1 1875000 1622744 1468406 1622744
V1 1468406 1622744 1447670 1643480
Net50 5 
V1 3262380 1503760 3253740 1512400
V1 3253740 1512400 2900000 1512400
V1 2900000 1512400 1875000 1627928
V1 1875000 1627928 1506522 1627928
V1 1506522 1627928 1490970 1643480
Net52 5 
V1 3348980 1503760 3336020 1516720
V1 3336020 1516720 2900000 1516720
V1 2900000 1516720 1875000 1633112
V1 1875000 1633112 1587938 1633112
V1 1587938 1633112 1577570 1643480
Net53 5 
V1 3392280 1503760 3375000 1521040
V1 3375000 1521040 2900000 1521040
V1 2900000 1521040 1875000 1638296
V1 1875000 1638296 1626054 1638296
V1 1626054 1638296 1620870 1643480
Net54 5 
V1 3435582 1503760 3413982 1525360
V1 3413982 1525360 2900000 1525360
V1 2900000 1525360 1875000 1648664
V1 1875000 1648664 1360153 1648664
V1 1360153 1648664 1339417 1669400
Net55 5 
V1 3154130 1477840 3147650 1484320
V1 3147650 1484320 2900000 1484320
V1 2900000 1484320 1875000 1602008
V1 1875000 1602008 1398272 1602008
V1 1398272 1602008 1382720 1617560
Net56 5 
V1 3197430 1477840 3184470 1490800
V1 3184470 1490800 2900000 1490800
V1 2900000 1490800 1875000 1607192
V1 1875000 1607192 1436388 1607192
V1 1436388 1607192 1426020 1617560
Net57 5 
V1 3284030 1477840 3264590 1497280
V1 3264590 1497280 2900000 1497280
V1 2900000 1497280 1875000 1612376
V1 1875000 1612376 1517804 1612376
V1 1517804 1612376 1512620 1617560
Net60 5 
V1 3175780 1451920 3171460 1456240
V1 3171460 1456240 2900000 1456240
V1 2900000 1456240 1875000 1570904
V1 1875000 1570904 1425106 1570904
V1 1425106 1570904 1404370 1591640
Net62 5 
V1 3262380 1451920 3253740 1460560
V1 3253740 1460560 2900000 1460560
V1 2900000 1460560 1875000 1576088
V1 1875000 1576088 1506522 1576088
V1 1506522 1576088 1490970 1591640
Net63 5 
V1 3305680 1451920 3292720 1464880
V1 3292720 1464880 2900000 1464880
V1 2900000 1464880 1875000 1581272
V1 1875000 1581272 1544638 1581272
V1 1544638 1581272 1534270 1591640
Net64 5 
V1 3392280 1451920 3375000 1469200
V1 3375000 1469200 2900000 1469200
V1 2900000 1469200 1875000 1586456
V1 1875000 1586456 1626054 1586456
V1 1626054 1586456 1620870 1591640
Net65 5 
V1 3435582 1451920 3413982 1473520
V1 3413982 1473520 2900000 1473520
V1 2900000 1473520 1875000 1596824
V1 1875000 1596824 1360153 1596824
V1 1360153 1596824 1339417 1617560
Net66 5 
V1 3154130 1426000 3148946 1431184
V1 3148946 1431184 2900000 1431184
V1 2900000 1431184 1875000 1548440
V1 1875000 1548440 1400000 1548440
V1 1400000 1548440 1382720 1565720
Net67 5 
V1 3240730 1426000 3230362 1436368
V1 3230362 1436368 2900000 1436368
V1 2900000 1436368 1875000 1552760
V1 1875000 1552760 1438980 1552760
V1 1438980 1552760 1426020 1565720
Net69 5 
V1 3327330 1426000 3311778 1441552
V1 3311778 1441552 2900000 1441552
V1 2900000 1441552 1875000 1557080
V1 1875000 1557080 1564560 1557080
V1 1564560 1557080 1555920 1565720
Net70 5 
V1 3370630 1426000 3349894 1446736
V1 3349894 1446736 2900000 1446736
V1 2900000 1446736 1875000 1561400
V1 1875000 1561400 1603540 1561400
V1 1603540 1561400 1599220 1565720
Net73 5 
V1 3262380 1400080 3257196 1405264
V1 3257196 1405264 2900000 1405264
V1 2900000 1405264 1875000 1520360
V1 1875000 1520360 1510410 1520360
V1 1510410 1520360 1490970 1539800
Net74 5 
V1 3348980 1400080 3338612 1410448
V1 3338612 1410448 2900000 1410448
V1 2900000 1410448 1875000 1526840
V1 1875000 1526840 1590530 1526840
V1 1590530 1526840 1577570 1539800
Net75 5 
V1 3392280 1400080 3376728 1415632
V1 3376728 1415632 2900000 1415632
V1 2900000 1415632 1875000 1533320
V1 1875000 1533320 1627350 1533320
V1 1627350 1533320 1620870 1539800
Net76 5 
V1 3435582 1400080 3414846 1420816
V1 3414846 1420816 2900000 1420816
V1 2900000 1420816 1875000 1544120
V1 1875000 1544120 1361017 1544120
V1 1361017 1544120 1339417 1565720
Net77 5 
V1 3154130 1374160 3148946 1379344
V1 3148946 1379344 2900000 1379344
V1 2900000 1379344 1875000 1496600
V1 1875000 1496600 1400000 1496600
V1 1400000 1496600 1382720 1513880
Net79 5 
V1 3240730 1374160 3230362 1384528
V1 3230362 1384528 2900000 1384528
V1 2900000 1384528 1875000 1500920
V1 1875000 1500920 1482280 1500920
V1 1482280 1500920 1469320 1513880
Net80 5 
V1 3284030 1374160 3268478 1389712
V1 3268478 1389712 2900000 1389712
V1 2900000 1389712 1875000 1505240
V1 1875000 1505240 1521260 1505240
V1 1521260 1505240 1512620 1513880
Net82 5 
V1 3370630 1374160 3349894 1394896
V1 3349894 1394896 2900000 1394896
V1 2900000 1394896 1875000 1509560
V1 1875000 1509560 1603540 1509560
V1 1603540 1509560 1599220 1513880
Net83 5 
V1 3175780 1348240 3171460 1352560
V1 3171460 1352560 2900000 1352560
V1 2900000 1352560 1875000 1467224
V1 1875000 1467224 1425106 1467224
V1 1425106 1467224 1404370 1487960
Net84 5 
V1 3219080 1348240 3210440 1356880
V1 3210440 1356880 2900000 1356880
V1 2900000 1356880 1875000 1472408
V1 1875000 1472408 1463222 1472408
V1 1463222 1472408 1447670 1487960
Net85 5 
V1 3305680 1348240 3292720 1361200
V1 3292720 1361200 2900000 1361200
V1 2900000 1361200 1875000 1477592
V1 1875000 1477592 1544638 1477592
V1 1544638 1477592 1534270 1487960
Net86 5 
V1 3392280 1348240 3375000 1365520
V1 3375000 1365520 2900000 1365520
V1 2900000 1365520 1875000 1482776
V1 1875000 1482776 1626054 1482776
V1 1626054 1482776 1620870 1487960
Net87 5 
V1 3435582 1348240 3413982 1369840
V1 3413982 1369840 2900000 1369840
V1 2900000 1369840 1875000 1492280
V1 1875000 1492280 1361017 1492280
V1 1361017 1492280 1339417 1513880
