Nets 51
Net9 5 
M2 4552760 1722230 4524988 1750001
M2 4524988 1750001 2900000 1750001
M2 2900000 1750001 1875000 1863801
M2 1875000 1863801 348738 1863801
M2 348738 1863801 320970 1891570
Net12 5 
M2 3552500 1666687 3547450 1671737
M2 3547450 1671737 2900000 1671737
M2 2900000 1671737 1875000 1785536
M2 1875000 1785536 600960 1785536
M2 600960 1785536 550467 1836030
Net13 5 
M2 3647760 1666687 3637660 1676786
M2 3637660 1676786 2900000 1676786
M2 2900000 1676786 1875000 1790586
M2 1875000 1790586 687706 1790586
M2 687706 1790586 642262 1836030
Net14 5 
M2 3743020 1666687 3727871 1681836
M2 3727871 1681836 2900000 1681836
M2 2900000 1681836 1875000 1795635
M2 1875000 1795635 774454 1795635
M2 774454 1795635 734060 1836030
Net15 5 
M2 3838290 1666687 3818092 1686885
M2 3818092 1686885 2900000 1686885
M2 2900000 1686885 1875000 1800684
M2 1875000 1800684 861205 1800684
M2 861205 1800684 825860 1836030
Net16 5 
M2 3933550 1666687 3908303 1691934
M2 3908303 1691934 2900000 1691934
M2 2900000 1691934 1875000 1805733
M2 1875000 1805733 1131556 1805733
M2 1131556 1805733 1101260 1836030
Net17 5 
M2 4028810 1666687 3998513 1696983
M2 3998513 1696983 2900000 1696983
M2 2900000 1696983 1875000 1810783
M2 1875000 1810783 1218307 1810783
M2 1218307 1810783 1193060 1836030
Net18 5 
M2 4124077 1666687 4088732 1702033
M2 4088732 1702033 2900000 1702033
M2 2900000 1702033 1875000 1815832
M2 1875000 1815832 1305055 1815832
M2 1305055 1815832 1284857 1836030
Net19 5 
M2 4219340 1666687 4178945 1707082
M2 4178945 1707082 2900000 1707082
M2 2900000 1707082 1875000 1820881
M2 1875000 1820881 1391801 1820881
M2 1391801 1820881 1376652 1836030
Net20 5 
M2 4314600 1666687 4269156 1712131
M2 4269156 1712131 2900000 1712131
M2 2900000 1712131 1875000 1825930
M2 1875000 1825930 1478549 1825930
M2 1478549 1825930 1468450 1836030
Net21 5 
M2 4409860 1666687 4359366 1717180
M2 4359366 1717180 2900000 1717180
M2 2900000 1717180 1875000 1830980
M2 1875000 1830980 1565300 1830980
M2 1565300 1830980 1560250 1836030
Net25 5 
M2 3504870 1611140 3498692 1617317
M2 3498692 1617317 2900000 1617317
M2 2900000 1617317 1875000 1731111
M2 1875000 1731111 737538 1731111
M2 737538 1731111 688162 1780487
Net26 5 
M2 3600130 1611140 3587781 1623488
M2 3587781 1623488 2900000 1623488
M2 2900000 1623488 1875000 1737282
M2 1875000 1737282 823165 1737282
M2 823165 1737282 779960 1780487
Net27 5 
M2 3695390 1611140 3676870 1629660
M2 3676870 1629660 2900000 1629660
M2 2900000 1629660 1875000 1743453
M2 1875000 1743453 908793 1743453
M2 908793 1743453 871760 1780487
Net28 5 
M2 3885920 1611140 3861228 1635831
M2 3861228 1635831 2900000 1635831
M2 2900000 1635831 1875000 1749625
M2 1875000 1749625 994422 1749625
M2 994422 1749625 963560 1780487
Net29 5 
M2 3981180 1611140 3950317 1642002
M2 3950317 1642002 2900000 1642002
M2 2900000 1642002 1875000 1755796
M2 1875000 1755796 1080051 1755796
M2 1080051 1755796 1055360 1780487
Net30 5 
M2 4171710 1611140 4134676 1648173
M2 4134676 1648173 2900000 1648173
M2 2900000 1648173 1875000 1761967
M2 1875000 1761967 1257480 1761967
M2 1257480 1761967 1238960 1780487
Net31 5 
M2 4266970 1611140 4223765 1654345
M2 4223765 1654345 2900000 1654345
M2 2900000 1654345 1875000 1768138
M2 1875000 1768138 1343101 1768138
M2 1343101 1768138 1330752 1780487
Net32 5 
M2 4457492 1611140 4408116 1660516
M2 4408116 1660516 2900000 1660516
M2 2900000 1660516 1875000 1774310
M2 1875000 1774310 1520527 1774310
M2 1520527 1774310 1514350 1780487
Net36 5 
M2 3552500 1555600 3545559 1562540
M2 3545559 1562540 2900000 1562540
M2 2900000 1562540 1875000 1676342
M2 1875000 1676342 690859 1676342
M2 690859 1676342 642262 1724940
Net37 5 
M2 3743020 1555600 3729136 1569483
M2 3729136 1569483 2900000 1569483
M2 2900000 1569483 1875000 1683285
M2 1875000 1683285 867514 1683285
M2 867514 1683285 825860 1724940
Net38 5 
M2 3838290 1555600 3817463 1576426
M2 3817463 1576426 2900000 1576426
M2 2900000 1576426 1875000 1690228
M2 1875000 1690228 952371 1690228
M2 952371 1690228 917660 1724940
Net39 5 
M2 4028810 1555600 4001041 1583369
M2 4001041 1583369 2900000 1583369
M2 2900000 1583369 1875000 1697171
M2 1875000 1697171 1129029 1697171
M2 1129029 1697171 1101260 1724940
Net40 5 
M2 4124077 1555600 4089365 1590311
M2 4089365 1590311 2900000 1590311
M2 2900000 1590311 1875000 1704113
M2 1875000 1704113 1213886 1704113
M2 1213886 1704113 1193060 1724940
Net41 5 
M2 4314600 1555600 4272945 1597254
M2 4272945 1597254 2900000 1597254
M2 2900000 1597254 1875000 1711056
M2 1875000 1711056 1390536 1711056
M2 1390536 1711056 1376652 1724940
Net42 5 
M2 4409860 1555600 4361262 1604197
M2 4361262 1604197 2900000 1604197
M2 2900000 1604197 1875000 1717999
M2 1875000 1717999 1475390 1717999
M2 1475390 1717999 1468450 1724940
Net46 5 
M2 3600130 1500060 3593189 1507000
M2 3593189 1507000 2900000 1507000
M2 2900000 1507000 1875000 1620802
M2 1875000 1620802 736759 1620802
M2 736759 1620802 688162 1669400
Net47 5 
M2 3695390 1500060 3681506 1513943
M2 3681506 1513943 2900000 1513943
M2 2900000 1513943 1875000 1627745
M2 1875000 1627745 821614 1627745
M2 821614 1627745 779960 1669400
Net48 5 
M2 3885920 1500060 3865093 1520886
M2 3865093 1520886 2900000 1520886
M2 2900000 1520886 1875000 1634688
M2 1875000 1634688 998271 1634688
M2 998271 1634688 963560 1669400
Net49 5 
M2 3981180 1500060 3953411 1527829
M2 3953411 1527829 2900000 1527829
M2 2900000 1527829 1875000 1641631
M2 1875000 1641631 1083129 1641631
M2 1083129 1641631 1055360 1669400
Net50 5 
M2 4171710 1500060 4136998 1534771
M2 4136998 1534771 2900000 1534771
M2 2900000 1534771 1875000 1648573
M2 1875000 1648573 1259786 1648573
M2 1259786 1648573 1238960 1669400
Net51 5 
M2 4266970 1500060 4225315 1541714
M2 4225315 1541714 2900000 1541714
M2 2900000 1541714 1875000 1655516
M2 1875000 1655516 1344636 1655516
M2 1344636 1655516 1330752 1669400
Net52 5 
M2 4457492 1500060 4408895 1548657
M2 4408895 1548657 2900000 1548657
M2 2900000 1548657 1875000 1662459
M2 1875000 1662459 1521290 1662459
M2 1521290 1662459 1514350 1669400
Net56 5 
M2 3552500 1444512 3546322 1450690
M2 3546322 1450690 2900000 1450690
M2 2900000 1450690 1875000 1569421
M2 1875000 1569421 686701 1569421
M2 686701 1569421 642262 1613860
Net57 5 
M2 3743020 1444512 3730671 1456861
M2 3730671 1456861 2900000 1456861
M2 2900000 1456861 1875000 1574975
M2 1875000 1574975 864744 1574975
M2 864744 1574975 825860 1613860
Net58 5 
M2 3838290 1444512 3819770 1463032
M2 3819770 1463032 2900000 1463032
M2 2900000 1463032 1875000 1580529
M2 1875000 1580529 950990 1580529
M2 950990 1580529 917660 1613860
Net59 5 
M2 3933550 1444512 3908858 1469203
M2 3908858 1469203 2900000 1469203
M2 2900000 1469203 1875000 1586083
M2 1875000 1586083 1129036 1586083
M2 1129036 1586083 1101260 1613860
Net60 5 
M2 4028810 1444512 3997947 1475375
M2 3997947 1475375 2900000 1475375
M2 2900000 1475375 1875000 1591638
M2 1875000 1591638 1215282 1591638
M2 1215282 1591638 1193060 1613860
Net61 5 
M2 4124077 1444512 4087043 1481546
M2 4087043 1481546 2900000 1481546
M2 2900000 1481546 1875000 1597192
M2 1875000 1597192 1301525 1597192
M2 1301525 1597192 1284857 1613860
Net62 5 
M2 4314600 1444512 4271395 1487717
M2 4271395 1487717 2900000 1487717
M2 2900000 1487717 1875000 1602746
M2 1875000 1602746 1387766 1602746
M2 1387766 1602746 1376652 1613860
Net63 5 
M2 4409860 1444512 4360483 1493888
M2 4360483 1493888 2900000 1493888
M2 2900000 1493888 1875000 1608300
M2 1875000 1608300 1474009 1608300
M2 1474009 1608300 1468450 1613860
Net65 5 
M2 3219080 1388970 3191308 1416741
M2 3191308 1416741 2900000 1416741
M2 2900000 1416741 1875000 1563866
M2 1875000 1563866 418324 1563866
M2 418324 1563866 412770 1558312
Net78 5 
M2 3266710 1333430 3261158 1338981
M2 3261158 1338981 2900000 1338981
M2 2900000 1338981 1875000 1453398
M2 1875000 1453398 416241 1453398
M2 416241 1453398 366870 1502770
Net80 5 
M2 3552500 1333430 3541394 1344536
M2 3541394 1344536 2900000 1344536
M2 2900000 1344536 1875000 1459570
M2 1875000 1459570 593667 1459570
M2 593667 1459570 550467 1502770
Net81 5 
M2 3647760 1333430 3631099 1350090
M2 3631099 1350090 2900000 1350090
M2 2900000 1350090 1875000 1465741
M2 1875000 1465741 771088 1465741
M2 771088 1465741 734060 1502770
Net82 5 
M2 3838290 1333430 3816075 1355644
M2 3816075 1355644 2900000 1355644
M2 2900000 1355644 1875000 1471912
M2 1875000 1471912 856717 1471912
M2 856717 1471912 825860 1502770
Net83 5 
M2 3933550 1333430 3905781 1361198
M2 3905781 1361198 2900000 1361198
M2 2900000 1361198 1875000 1478083
M2 1875000 1478083 1125946 1478083
M2 1125946 1478083 1101260 1502770
Net84 5 
M2 4124077 1333430 4090754 1366753
M2 4090754 1366753 2900000 1366753
M2 2900000 1366753 1875000 1484255
M2 1875000 1484255 1303372 1484255
M2 1303372 1484255 1284857 1502770
Net85 5 
M2 4219340 1333430 4180462 1372307
M2 4180462 1372307 2900000 1372307
M2 2900000 1372307 1875000 1490426
M2 1875000 1490426 1388996 1490426
M2 1388996 1490426 1376652 1502770
Net86 5 
M2 4409860 1333430 4365428 1377861
M2 4365428 1377861 2900000 1377861
M2 2900000 1377861 1875000 1496597
M2 1875000 1496597 1566422 1496597
M2 1566422 1496597 1560250 1502770
Net87 5 
M2 4505130 1333430 4455144 1383415
M2 4455144 1383415 2900000 1383415
M2 2900000 1383415 1875000 1530541
M2 1875000 1530541 302841 1530541
M2 302841 1530541 275070 1502770
