Nets 35
Net0 5 
V1 3208250 1728400 3202077 1734572
V1 3202077 1734572 2900000 1734572
V1 2900000 1734572 1875000 1863801
V1 1875000 1863801 440539 1863801
V1 440539 1863801 412770 1891570
Net1 5 
V1 3381460 1728400 3369116 1740743
V1 3369116 1740743 2900000 1740743
V1 2900000 1740743 1875000 1868429
V1 1875000 1868429 619508 1868429
V1 619508 1868429 596367 1891570
Net2 5 
V1 3468060 1728400 3449545 1746915
V1 3449545 1746915 2900000 1746915
V1 2900000 1746915 1875000 1873058
V1 1875000 1873058 706674 1873058
V1 706674 1873058 688162 1891570
Net3 5 
V1 3641267 1728400 3616581 1753086
V1 3616581 1753086 2900000 1753086
V1 2900000 1753086 1875000 1877686
V1 1875000 1877686 885643 1877686
V1 885643 1877686 871760 1891570
Net4 5 
V1 3727870 1728400 3697012 1759257
V1 3697012 1759257 2900000 1759257
V1 2900000 1759257 1875000 1882315
V1 1875000 1882315 972815 1882315
V1 972815 1882315 963560 1891570
Net5 5 
V1 3901070 1728400 3864041 1765428
V1 3864041 1765428 2900000 1765428
V1 2900000 1765428 1875000 1886943
V1 1875000 1886943 1151786 1886943
V1 1151786 1886943 1147160 1891570
Net7 5 
V1 3251552 1685200 3246752 1680400
V1 3246752 1680400 2900000 1680400
V1 2900000 1680400 1875000 1859172
V1 1875000 1859172 390012 1859172
V1 390012 1859172 366870 1836030
Net8 5 
V1 3338160 1685200 3328560 1675600
V1 3328560 1675600 2900000 1675600
V1 2900000 1675600 1875000 1854544
V1 1875000 1854544 477184 1854544
V1 477184 1854544 458670 1836030
Net9 5 
V1 3424760 1685200 3410360 1670800
V1 3410360 1670800 2900000 1670800
V1 2900000 1670800 1875000 1849915
V1 1875000 1849915 564353 1849915
V1 564353 1849915 550467 1836030
Net10 5 
V1 3511360 1685200 3492160 1666000
V1 3492160 1666000 2900000 1666000
V1 2900000 1666000 1875000 1845287
V1 1875000 1845287 651519 1845287
V1 651519 1845287 642262 1836030
Net11 5 
V1 3597962 1685200 3573962 1661200
V1 3573962 1661200 2900000 1661200
V1 2900000 1661200 1875000 1840658
V1 1875000 1840658 738688 1840658
V1 738688 1840658 734060 1836030
Net12 5 
V1 3771170 1685200 3742370 1656400
V1 3742370 1656400 2900000 1656400
V1 2900000 1656400 1875000 1817515
V1 1875000 1817515 844374 1817515
V1 844374 1817515 825860 1836030
Net18 5 
V1 3294857 1642000 3290057 1646800
V1 3290057 1646800 2900000 1646800
V1 2900000 1646800 1875000 1761968
V1 1875000 1761968 523089 1761968
V1 523089 1761968 504570 1780487
Net19 5 
V1 3468060 1642000 3458460 1651600
V1 3458460 1651600 2900000 1651600
V1 2900000 1651600 1875000 1799001
V1 1875000 1799001 706676 1799001
V1 706676 1799001 688162 1780487
Net26 5 
V1 3251552 1598800 3246752 1594000
V1 3246752 1594000 2900000 1594000
V1 2900000 1594000 1875000 1743454
V1 1875000 1743454 385384 1743454
V1 385384 1743454 366870 1724940
Net37 5 
V1 3294857 1555600 3290057 1560400
V1 3290057 1560400 2900000 1560400
V1 2900000 1560400 1875000 1681742
V1 1875000 1681742 685460 1681742
V1 685460 1681742 642262 1724940
Net38 5 
V1 3468060 1555600 3458460 1565200
V1 3458460 1565200 2900000 1565200
V1 2900000 1565200 1875000 1687913
V1 1875000 1687913 862886 1687913
V1 862886 1687913 825860 1724940
Net39 5 
V1 3641267 1555600 3626867 1570000
V1 3626867 1570000 2900000 1570000
V1 2900000 1570000 1875000 1694085
V1 1875000 1694085 948515 1694085
V1 948515 1694085 917660 1724940
Net40 5 
V1 3814470 1555600 3795270 1574800
V1 3795270 1574800 2900000 1574800
V1 2900000 1574800 1875000 1700256
V1 1875000 1700256 1125943 1700256
V1 1125943 1700256 1101260 1724940
Net41 5 
V1 3901070 1555600 3877070 1579600
V1 3877070 1579600 2900000 1579600
V1 2900000 1579600 1875000 1706427
V1 1875000 1706427 1211572 1706427
V1 1211572 1706427 1193060 1724940
Net42 5 
V1 3987677 1555600 3958877 1584400
V1 3958877 1584400 2900000 1584400
V1 2900000 1584400 1875000 1712598
V1 1875000 1712598 1388993 1712598
V1 1388993 1712598 1376652 1724940
Net43 5 
V1 4074280 1555600 4040680 1589200
V1 4040680 1589200 2900000 1589200
V1 2900000 1589200 1875000 1718770
V1 1875000 1718770 1474620 1718770
V1 1474620 1718770 1468450 1724940
Net44 5 
V1 3338160 1512400 3329520 1521040
V1 3329520 1521040 2900000 1521040
V1 2900000 1521040 1875000 1636077
V1 1875000 1636077 446093 1636077
V1 446093 1636077 412770 1669400
Net45 5 
V1 3424760 1512400 3407480 1529680
V1 3407480 1529680 2900000 1529680
V1 2900000 1529680 1875000 1647185
V1 1875000 1647185 526784 1647185
V1 526784 1647185 504570 1669400
Net46 5 
V1 3511360 1512400 3485440 1538320
V1 3485440 1538320 2900000 1538320
V1 2900000 1538320 1875000 1658294
V1 1875000 1658294 699268 1658294
V1 699268 1658294 688162 1669400
Net47 5 
V1 3597962 1512400 3563402 1546960
V1 3563402 1546960 2900000 1546960
V1 2900000 1546960 1875000 1675571
V1 1875000 1675571 786131 1675571
V1 786131 1675571 779960 1669400
Net62 5 
V1 3251552 1426000 3237152 1411600
V1 3237152 1411600 2900000 1411600
V1 2900000 1411600 1875000 1569421
V1 1875000 1569421 515678 1569421
V1 515678 1569421 504570 1558312
Net63 5 
V1 3424760 1426000 3395960 1397200
V1 3395960 1397200 2900000 1397200
V1 2900000 1397200 1875000 1547204
V1 1875000 1547204 607476 1547204
V1 607476 1547204 596367 1558312
Net67 5 
V1 3771170 1426000 3762530 1434640
V1 3762530 1434640 2900000 1434640
V1 2900000 1434640 1875000 1580529
V1 1875000 1580529 1318188 1580529
V1 1318188 1580529 1284857 1613860
Net68 5 
V1 3944372 1426000 3927092 1443280
V1 3927092 1443280 2900000 1443280
V1 2900000 1443280 1875000 1591638
V1 1875000 1591638 1398874 1591638
V1 1398874 1591638 1376652 1613860
Net69 5 
V1 4030980 1426000 4005060 1451920
V1 4005060 1451920 2900000 1451920
V1 2900000 1451920 1875000 1602746
V1 1875000 1602746 1479563 1602746
V1 1479563 1602746 1468450 1613860
Net70 5 
V1 4204180 1426000 4169620 1460560
V1 4169620 1460560 2900000 1460560
V1 2900000 1460560 1875000 1624968
V1 1875000 1624968 365401 1624968
V1 365401 1624968 320970 1669400
Net72 5 
V1 3294857 1382800 3284057 1372000
V1 3284057 1372000 2900000 1372000
V1 2900000 1372000 1875000 1536095
V1 1875000 1536095 491995 1536095
V1 491995 1536095 458670 1502770
Net73 5 
V1 3381460 1382800 3359860 1361200
V1 3359860 1361200 2900000 1361200
V1 2900000 1361200 1875000 1524987
V1 1875000 1524987 572684 1524987
V1 572684 1524987 550467 1502770
Net81 5 
V1 3251552 1339600 3240752 1350400
V1 3240752 1350400 2900000 1350400
V1 2900000 1350400 1875000 1513878
V1 1875000 1513878 745168 1513878
V1 745168 1513878 734060 1502770
