Nets 28
Net6 5 
M2 4266970 1722230 4239198 1750001
M2 4239198 1750001 2900000 1750001
M2 2900000 1750001 1875000 1827800
M2 1875000 1827800 1475490 1827800
M2 1475490 1827800 1461090 1842200
Net9 5 
M2 4552760 1722230 4534246 1703716
M2 4534246 1703716 2900000 1703716
M2 2900000 1703716 1875000 1813400
M2 1875000 1813400 897530 1813400
M2 897530 1813400 868730 1842200
Net16 5 
M2 3933550 1666687 3915035 1685202
M2 3915035 1685202 2900000 1685202
M2 2900000 1685202 1875000 1777400
M2 1875000 1777400 1252330 1777400
M2 1252330 1777400 1230730 1799000
Net21 5 
M2 4409860 1666687 4391346 1648173
M2 4391346 1648173 2900000 1648173
M2 2900000 1648173 1875000 1741400
M2 1875000 1741400 1607130 1741400
M2 1607130 1741400 1592730 1755800
Net26 5 
M2 3600130 1611140 3581610 1629659
M2 3581610 1629659 2900000 1629659
M2 2900000 1629659 1875000 1727000
M2 1875000 1727000 1029170 1727000
M2 1029170 1727000 1000370 1755800
Net36 5 
M2 3552500 1555600 3545559 1562540
M2 3545559 1562540 2900000 1562540
M2 2900000 1562540 1875000 1674800
M2 1875000 1674800 1071077 1674800
M2 1071077 1674800 1033277 1712600
Net37 5 
M2 3743020 1555600 3729136 1569483
M2 3729136 1569483 2900000 1569483
M2 2900000 1569483 1875000 1680200
M2 1875000 1680200 1131490 1680200
M2 1131490 1680200 1099090 1712600
Net38 5 
M2 3838290 1555600 3817463 1576426
M2 3817463 1576426 2900000 1576426
M2 2900000 1576426 1875000 1685600
M2 1875000 1685600 1191910 1685600
M2 1191910 1685600 1164910 1712600
Net39 5 
M2 4028810 1555600 4001041 1583369
M2 4001041 1583369 2900000 1583369
M2 2900000 1583369 1875000 1691000
M2 1875000 1691000 1318150 1691000
M2 1318150 1691000 1296550 1712600
Net40 5 
M2 4124077 1555600 4089365 1590311
M2 4089365 1590311 2900000 1590311
M2 2900000 1590311 1875000 1696400
M2 1875000 1696400 1378562 1696400
M2 1378562 1696400 1362362 1712600
Net41 5 
M2 4314600 1555600 4272945 1597254
M2 4272945 1597254 2900000 1597254
M2 2900000 1597254 1875000 1701800
M2 1875000 1701800 1438980 1701800
M2 1438980 1701800 1428180 1712600
Net42 5 
M2 4409860 1555600 4361262 1604197
M2 4361262 1604197 2900000 1604197
M2 2900000 1604197 1875000 1707200
M2 1875000 1707200 1499400 1707200
M2 1499400 1707200 1494000 1712600
Net44 5 
M2 3314340 1500060 3286571 1527828
M2 3286571 1527828 2900000 1527828
M2 2900000 1527828 1875000 1647800
M2 1875000 1647800 956150 1647800
M2 956150 1647800 934550 1669400
Net52 5 
M2 4457492 1500060 4450549 1493117
M2 4450549 1493117 2900000 1493117
M2 2900000 1493117 1875000 1621400
M2 1875000 1621400 1564620 1621400
M2 1564620 1621400 1559820 1626200
Net55 5 
M2 3457237 1444512 3450289 1451460
M2 3450289 1451460 2900000 1451460
M2 2900000 1451460 1875000 1592600
M2 1875000 1592600 1132690 1592600
M2 1132690 1592600 1099090 1626200
Net56 5 
M2 3552500 1444512 3538609 1458403
M2 3538609 1458403 2900000 1458403
M2 2900000 1458403 1875000 1597400
M2 1875000 1597400 1193710 1597400
M2 1193710 1597400 1164910 1626200
Net57 5 
M2 3743020 1444512 3722186 1465346
M2 3722186 1465346 2900000 1465346
M2 2900000 1465346 1875000 1602200
M2 1875000 1602200 1254730 1602200
M2 1254730 1602200 1230730 1626200
Net58 5 
M2 3838290 1444512 3810513 1472289
M2 3810513 1472289 2900000 1472289
M2 2900000 1472289 1875000 1607000
M2 1875000 1607000 1381562 1607000
M2 1381562 1607000 1362362 1626200
Net59 5 
M2 3933550 1444512 3898830 1479231
M2 3898830 1479231 2900000 1479231
M2 2900000 1479231 1875000 1611800
M2 1875000 1611800 1442580 1611800
M2 1442580 1611800 1428180 1626200
Net60 5 
M2 4028810 1444512 3987148 1486174
M2 3987148 1486174 2900000 1486174
M2 2900000 1486174 1875000 1616600
M2 1875000 1616600 1503600 1616600
M2 1503600 1616600 1494000 1626200
Net65 5 
M2 3219080 1388970 3212908 1382798
M2 3212908 1382798 2900000 1382798
M2 2900000 1382798 1875000 1587800
M2 1875000 1587800 940040 1587800
M2 940040 1587800 901640 1626200
Net72 5 
M2 4076440 1388970 4064097 1376627
M2 4064097 1376627 2900000 1376627
M2 2900000 1376627 1875000 1525400
M2 1875000 1525400 1310950 1525400
M2 1310950 1525400 1296550 1539800
Net82 5 
M2 3838290 1333430 3832120 1339600
M2 3832120 1339600 2900000 1339600
M2 2900000 1339600 1875000 1460600
M2 1875000 1460600 1233820 1460600
M2 1233820 1460600 1197820 1496600
Net83 5 
M2 3933550 1333430 3921208 1345771
M2 3921208 1345771 2900000 1345771
M2 2900000 1345771 1875000 1467800
M2 1875000 1467800 1292440 1467800
M2 1292440 1467800 1263640 1496600
Net84 5 
M2 4124077 1333430 4105565 1351942
M2 4105565 1351942 2900000 1351942
M2 2900000 1351942 1875000 1475000
M2 1875000 1475000 1416870 1475000
M2 1416870 1475000 1395270 1496600
Net85 5 
M2 4219340 1333430 4194656 1358113
M2 4194656 1358113 2900000 1358113
M2 2900000 1358113 1875000 1482200
M2 1875000 1482200 1475490 1482200
M2 1475490 1482200 1461090 1496600
Net86 5 
M2 4409860 1333430 4379005 1364285
M2 4379005 1364285 2900000 1364285
M2 2900000 1364285 1875000 1489400
M2 1875000 1489400 1599930 1489400
M2 1599930 1489400 1592730 1496600
Net87 5 
M2 4505130 1333430 4468103 1370456
M2 4468103 1370456 2900000 1370456
M2 2900000 1370456 1875000 1511000
M2 1875000 1511000 864620 1511000
M2 864620 1511000 835820 1539800
