Nets 15
Net24 5 
M3 3284030 1633360 3271070 1646320
M3 3271070 1646320 2900000 1646320
M3 2900000 1646320 1875000 1877686
M3 1875000 1877686 1252896 1877686
M3 1252896 1877686 1211240 1836030
Net25 5 
M3 3327330 1633360 3320850 1626880
M3 3320850 1626880 2900000 1626880
M3 2900000 1626880 1875000 1863801
M3 1875000 1863801 1327351 1863801
M3 1327351 1863801 1299580 1836030
Net26 5 
M3 3370630 1633360 3357670 1620400
M3 3357670 1620400 2900000 1620400
M3 2900000 1620400 1875000 1849915
M3 1875000 1849915 1490135 1849915
M3 1490135 1849915 1476250 1836030
Net31 5 
M3 3392280 1607440 3385800 1613920
M3 3385800 1613920 2900000 1613920
M3 2900000 1613920 1875000 1808258
M3 1875000 1808258 1592351 1808258
M3 1592351 1808258 1564580 1836030
Net43 5 
M3 3435582 1555600 3422622 1568560
M3 3422622 1568560 2900000 1568560
M3 2900000 1568560 1875000 1752711
M3 1875000 1752711 399838 1752711
M3 399838 1752711 372062 1780487
Net67 5 
M3 3240730 1426000 3235546 1431184
M3 3235546 1431184 2900000 1431184
M3 2900000 1431184 1875000 1569421
M3 1875000 1569421 913178 1569421
M3 913178 1569421 902070 1558312
Net68 5 
M3 3284030 1426000 3273662 1436368
M3 3273662 1436368 2900000 1436368
M3 2900000 1436368 1875000 1580529
M3 1875000 1580529 1332910 1580529
M3 1332910 1580529 1299580 1613860
Net69 5 
M3 3327330 1426000 3311778 1441552
M3 3311778 1441552 2900000 1441552
M3 2900000 1441552 1875000 1591638
M3 1875000 1591638 1410132 1591638
M3 1410132 1591638 1387910 1613860
Net70 5 
M3 3370630 1426000 3349894 1446736
M3 3349894 1446736 2900000 1446736
M3 2900000 1446736 1875000 1602746
M3 1875000 1602746 1487363 1602746
M3 1487363 1602746 1476250 1613860
Net75 5 
M3 3392280 1400080 3379320 1413040
M3 3379320 1413040 2900000 1413040
M3 2900000 1413040 1875000 1550377
M3 1875000 1550377 1528348 1550377
M3 1528348 1550377 1520412 1558312
Net79 5 
M3 3240730 1374160 3235546 1379344
M3 3235546 1379344 2900000 1379344
M3 2900000 1379344 1875000 1518639
M3 1875000 1518639 1030083 1518639
M3 1030083 1518639 990410 1558312
Net80 5 
M3 3284030 1374160 3273662 1384528
M3 3273662 1384528 2900000 1384528
M3 2900000 1384528 1875000 1526573
M3 1875000 1526573 1110479 1526573
M3 1110479 1526573 1078740 1558312
Net81 5 
M3 3327330 1374160 3311778 1389712
M3 3311778 1389712 2900000 1389712
M3 2900000 1389712 1875000 1534508
M3 1875000 1534508 1190884 1534508
M3 1190884 1534508 1167080 1558312
Net82 5 
M3 3370630 1374160 3349894 1394896
M3 3349894 1394896 2900000 1394896
M3 2900000 1394896 1875000 1542442
M3 1875000 1542442 1271280 1542442
M3 1271280 1542442 1255410 1558312
Net87 5 
M3 3435582 1348240 3422622 1361200
M3 3422622 1361200 2900000 1361200
M3 2900000 1361200 1875000 1510704
M3 1875000 1510704 419670 1510704
M3 419670 1510704 372062 1558312
