Nets 32
Net0 5 
V1 3167120 1737040 3161936 1742224
V1 3161936 1742224 2900000 1742224
V1 2900000 1742224 1875000 1854544
V1 1875000 1854544 449796 1854544
V1 449796 1854544 412770 1891570
Net1 5 
V1 3274502 1737040 3264134 1747408
V1 3264134 1747408 2900000 1747408
V1 2900000 1747408 1875000 1863801
V1 1875000 1863801 624136 1863801
V1 624136 1863801 596367 1891570
Net2 5 
V1 3381890 1737040 3366338 1752592
V1 3366338 1752592 2900000 1752592
V1 2900000 1752592 1875000 1873058
V1 1875000 1873058 706674 1873058
V1 706674 1873058 688162 1891570
Net3 5 
V1 3435582 1737040 3414846 1757776
V1 3414846 1757776 2900000 1757776
V1 2900000 1757776 1875000 1882315
V1 1875000 1882315 881015 1882315
V1 881015 1882315 871760 1891570
Net4 5 
V1 3193960 1711120 3188776 1716304
V1 3188776 1716304 2900000 1716304
V1 2900000 1716304 1875000 1802704
V1 1875000 1802704 583793 1802704
V1 583793 1802704 550467 1836030
Net5 5 
V1 3247660 1711120 3237292 1721488
V1 3237292 1721488 2900000 1721488
V1 2900000 1721488 1875000 1813813
V1 1875000 1813813 664479 1813813
V1 664479 1813813 642262 1836030
Net6 5 
V1 3301350 1711120 3285798 1726672
V1 3285798 1726672 2900000 1726672
V1 2900000 1726672 1875000 1824921
V1 1875000 1824921 745168 1824921
V1 745168 1824921 734060 1836030
Net7 5 
V1 3355042 1711120 3334306 1731856
V1 3334306 1731856 2900000 1731856
V1 2900000 1731856 1875000 1845287
V1 1875000 1845287 835117 1845287
V1 835117 1845287 825860 1836030
Net11 5 
V1 3167120 1685200 3160640 1678720
V1 3160640 1678720 2900000 1678720
V1 2900000 1678720 1875000 1791596
V1 1875000 1791596 411304 1791596
V1 411304 1791596 366870 1836030
Net17 5 
V1 3247660 1659280 3241180 1665760
V1 3241180 1665760 2900000 1665760
V1 2900000 1665760 1875000 1761968
V1 1875000 1761968 523089 1761968
V1 523089 1761968 504570 1780487
Net18 5 
V1 3301350 1659280 3288390 1672240
V1 3288390 1672240 2900000 1672240
V1 2900000 1672240 1875000 1771225
V1 1875000 1771225 697425 1771225
V1 697425 1771225 688162 1780487
Net33 5 
V1 3167120 1581520 3154160 1594480
V1 3154160 1594480 2900000 1594480
V1 2900000 1594480 1875000 1752711
V1 1875000 1752711 394641 1752711
V1 394641 1752711 366870 1724940
Net36 5 
V1 3328200 1581520 3323880 1577200
V1 3323880 1577200 2900000 1577200
V1 2900000 1577200 1875000 1743454
V1 1875000 1743454 1211574 1743454
V1 1211574 1743454 1193060 1724940
Net37 5 
V1 3381890 1581520 3373250 1572880
V1 3373250 1572880 2900000 1572880
V1 2900000 1572880 1875000 1734197
V1 1875000 1734197 1385909 1734197
V1 1385909 1734197 1376652 1724940
Net38 5 
V1 3435582 1581520 3422622 1568560
V1 3422622 1568560 2900000 1568560
V1 2900000 1568560 1875000 1713834
V1 1875000 1713834 1479556 1713834
V1 1479556 1713834 1468450 1724940
Net40 5 
V1 3301350 1555600 3296166 1550416
V1 3296166 1550416 2900000 1550416
V1 2900000 1550416 1875000 1680508
V1 1875000 1680508 870291 1680508
V1 870291 1680508 825860 1724940
Net41 5 
V1 3355042 1555600 3350722 1559920
V1 3350722 1559920 2900000 1559920
V1 2900000 1559920 1875000 1691617
V1 1875000 1691617 950983 1691617
V1 950983 1691617 917660 1724940
Net42 5 
V1 3462430 1555600 3453790 1564240
V1 3453790 1564240 2900000 1564240
V1 2900000 1564240 1875000 1702725
V1 1875000 1702725 1123474 1702725
V1 1123474 1702725 1101260 1724940
Net45 5 
V1 3274502 1529680 3269318 1534864
V1 3269318 1534864 2900000 1534864
V1 2900000 1534864 1875000 1648573
V1 1875000 1648573 984386 1648573
V1 984386 1648573 963560 1669400
Net46 5 
V1 3328200 1529680 3317832 1540048
V1 3317832 1540048 2900000 1540048
V1 2900000 1540048 1875000 1655516
V1 1875000 1655516 1069243 1655516
V1 1069243 1655516 1055360 1669400
Net47 5 
V1 3435582 1529680 3420030 1545232
V1 3420030 1545232 2900000 1545232
V1 2900000 1545232 1875000 1662459
V1 1875000 1662459 1337693 1662459
V1 1337693 1662459 1330752 1669400
Net48 5 
V1 3193960 1503760 3187480 1510240
V1 3187480 1510240 2900000 1510240
V1 2900000 1510240 1875000 1627745
V1 1875000 1627745 454424 1627745
V1 454424 1627745 412770 1669400
Net49 5 
V1 3247660 1503760 3234700 1516720
V1 3234700 1516720 2900000 1516720
V1 2900000 1516720 1875000 1634688
V1 1875000 1634688 539281 1634688
V1 539281 1634688 504570 1669400
Net50 5 
V1 3301350 1503760 3281910 1523200
V1 3281910 1523200 2900000 1523200
V1 2900000 1523200 1875000 1641631
V1 1875000 1641631 715931 1641631
V1 715931 1641631 688162 1669400
Net56 5 
V1 3220810 1477840 3215626 1483024
V1 3215626 1483024 2900000 1483024
V1 2900000 1483024 1875000 1580529
V1 1875000 1580529 400200 1580529
V1 400200 1580529 366870 1613860
Net57 5 
V1 3328200 1477840 3317832 1488208
V1 3317832 1488208 2900000 1488208
V1 2900000 1488208 1875000 1591638
V1 1875000 1591638 572689 1591638
V1 572689 1591638 550467 1613860
Net58 5 
V1 3381890 1477840 3366338 1493392
V1 3366338 1493392 2900000 1493392
V1 2900000 1493392 1875000 1602746
V1 1875000 1602746 1112373 1602746
V1 1112373 1602746 1101260 1613860
Net59 5 
V1 3435582 1477840 3414846 1498576
V1 3414846 1498576 2900000 1498576
V1 2900000 1498576 1875000 1620802
V1 1875000 1620802 924602 1620802
V1 924602 1620802 917660 1613860
Net60 5 
V1 3193960 1451920 3181000 1464880
V1 3181000 1464880 2900000 1464880
V1 2900000 1464880 1875000 1569421
V1 1875000 1569421 515678 1569421
V1 515678 1569421 504570 1558312
Net72 5 
V1 3247660 1400080 3241180 1406560
V1 3241180 1406560 2900000 1406560
V1 2900000 1406560 1875000 1465741
V1 1875000 1465741 495698 1465741
V1 495698 1465741 458670 1502770
Net73 5 
V1 3301350 1400080 3288390 1413040
V1 3288390 1413040 2900000 1413040
V1 2900000 1413040 1875000 1484255
V1 1875000 1484255 568982 1484255
V1 568982 1484255 550467 1502770
Net74 5 
V1 3408740 1400080 3389300 1419520
V1 3389300 1419520 2900000 1419520
V1 2900000 1419520 1875000 1530541
V1 1875000 1530541 1450321 1530541
V1 1450321 1530541 1422550 1558312
