Nets 40
Net0 5 
V1 3154130 1737040 3148946 1742224
V1 3148946 1742224 2900000 1742224
V1 2900000 1742224 1875000 1850840
V1 1875000 1850840 1067837 1850840
V1 1067837 1850840 1033277 1885400
Net1 5 
V1 3240730 1737040 3230362 1747408
V1 3230362 1747408 2900000 1747408
V1 2900000 1747408 1875000 1859480
V1 1875000 1859480 1190830 1859480
V1 1190830 1859480 1164910 1885400
Net2 5 
V1 3327330 1737040 3311778 1752592
V1 3311778 1752592 2900000 1752592
V1 2900000 1752592 1875000 1868120
V1 1875000 1868120 1248010 1868120
V1 1248010 1868120 1230730 1885400
Net3 5 
V1 3370630 1737040 3349894 1757776
V1 3349894 1757776 2900000 1757776
V1 2900000 1757776 1875000 1876760
V1 1875000 1876760 1371002 1876760
V1 1371002 1876760 1362362 1885400
Net4 5 
V1 3175780 1711120 3170596 1716304
V1 3170596 1716304 2900000 1716304
V1 2900000 1716304 1875000 1823000
V1 1875000 1823000 1085382 1823000
V1 1085382 1823000 1066182 1842200
Net5 5 
V1 3219080 1711120 3208712 1721488
V1 3208712 1721488 2900000 1721488
V1 2900000 1721488 1875000 1827800
V1 1875000 1827800 1146400 1827800
V1 1146400 1827800 1132000 1842200
Net6 5 
V1 3262380 1711120 3246828 1726672
V1 3246828 1726672 2900000 1726672
V1 2900000 1726672 1875000 1832600
V1 1875000 1832600 1273240 1832600
V1 1273240 1832600 1263640 1842200
Net7 5 
V1 3305680 1711120 3284944 1731856
V1 3284944 1731856 2900000 1731856
V1 2900000 1731856 1875000 1837400
V1 1875000 1837400 1400070 1837400
V1 1400070 1837400 1395270 1842200
Net11 5 
V1 3154130 1685200 3145490 1693840
V1 3145490 1693840 2900000 1693840
V1 2900000 1693840 1875000 1813400
V1 1875000 1813400 963350 1813400
V1 963350 1813400 934550 1842200
Net12 5 
V1 3197430 1685200 3180150 1702480
V1 3180150 1702480 2900000 1702480
V1 2900000 1702480 1875000 1818200
V1 1875000 1818200 1024370 1818200
V1 1024370 1818200 1000370 1842200
Net17 5 
V1 3219080 1659280 3206120 1672240
V1 3206120 1672240 2900000 1672240
V1 2900000 1672240 1875000 1808600
V1 1875000 1808600 1042877 1808600
V1 1042877 1808600 1033277 1799000
Net20 5 
V1 3392280 1659280 3387960 1654960
V1 3387960 1654960 2900000 1654960
V1 2900000 1654960 1875000 1803800
V1 1875000 1803800 1432980 1803800
V1 1432980 1803800 1428180 1799000
Net22 5 
V1 3154130 1633360 3149810 1637680
V1 3149810 1637680 2900000 1637680
V1 2900000 1637680 1875000 1743456
V1 1875000 1743456 1210163 1743456
V1 1210163 1743456 1197820 1755800
Net23 5 
V1 3240730 1633360 3232090 1642000
V1 3232090 1642000 2900000 1642000
V1 2900000 1642000 1875000 1749627
V1 1875000 1749627 1269812 1749627
V1 1269812 1749627 1263640 1755800
Net25 5 
V1 3327330 1633360 3314370 1646320
V1 3314370 1646320 2900000 1646320
V1 2900000 1646320 1875000 1770200
V1 1875000 1770200 1391162 1770200
V1 1391162 1770200 1362362 1799000
Net26 5 
V1 3370630 1633360 3353350 1650640
V1 3353350 1650640 2900000 1650640
V1 2900000 1650640 1875000 1784600
V1 1875000 1784600 1574220 1784600
V1 1574220 1784600 1559820 1799000
Net28 5 
V1 3219080 1607440 3206120 1620400
V1 3206120 1620400 2900000 1620400
V1 2900000 1620400 1875000 1737285
V1 1875000 1737285 1084697 1737285
V1 1084697 1737285 1066182 1755800
Net34 5 
V1 3197430 1581520 3184470 1594480
V1 3184470 1594480 2900000 1594480
V1 2900000 1594480 1875000 1731113
V1 1875000 1731113 1025056 1731113
V1 1025056 1731113 1000370 1755800
Net36 5 
V1 3284030 1581520 3279710 1577200
V1 3279710 1577200 2900000 1577200
V1 2900000 1577200 1875000 1724942
V1 1875000 1724942 1374705 1724942
V1 1374705 1724942 1362362 1712600
Net37 5 
V1 3327330 1581520 3318690 1572880
V1 3318690 1572880 2900000 1572880
V1 2900000 1572880 1875000 1718771
V1 1875000 1718771 1434351 1718771
V1 1434351 1718771 1428180 1712600
Net38 5 
V1 3370630 1581520 3357670 1568560
V1 3357670 1568560 2900000 1568560
V1 2900000 1568560 1875000 1705400
V1 1875000 1705400 1501200 1705400
V1 1501200 1705400 1494000 1712600
Net40 5 
V1 3262380 1555600 3257196 1550416
V1 3257196 1550416 2900000 1550416
V1 2900000 1550416 1875000 1683800
V1 1875000 1683800 1127890 1683800
V1 1127890 1683800 1099090 1712600
Net41 5 
V1 3305680 1555600 3301360 1559920
V1 3301360 1559920 2900000 1559920
V1 2900000 1559920 1875000 1691000
V1 1875000 1691000 1186510 1691000
V1 1186510 1691000 1164910 1712600
Net42 5 
V1 3392280 1555600 3383640 1564240
V1 3383640 1564240 2900000 1564240
V1 2900000 1564240 1875000 1698200
V1 1875000 1698200 1310950 1698200
V1 1310950 1698200 1296550 1712600
Net45 5 
V1 3240730 1529680 3235546 1534864
V1 3235546 1534864 2900000 1534864
V1 2900000 1534864 1875000 1647800
V1 1875000 1647800 1285240 1647800
V1 1285240 1647800 1263640 1669400
Net46 5 
V1 3284030 1529680 3273662 1540048
V1 3273662 1540048 2900000 1540048
V1 2900000 1540048 1875000 1658600
V1 1875000 1658600 1406070 1658600
V1 1406070 1658600 1395270 1669400
Net47 5 
V1 3370630 1529680 3355078 1545232
V1 3355078 1545232 2900000 1545232
V1 2900000 1545232 1875000 1676600
V1 1875000 1676600 1599930 1676600
V1 1599930 1676600 1592730 1669400
Net53 5 
V1 3392280 1503760 3379320 1516720
V1 3379320 1516720 2900000 1516720
V1 2900000 1516720 1875000 1637000
V1 1875000 1637000 1570620 1637000
V1 1570620 1637000 1559820 1626200
Net54 5 
V1 3435582 1503760 3422622 1490800
V1 3422622 1490800 2900000 1490800
V1 2900000 1490800 1875000 1604600
V1 1875000 1604600 857420 1604600
V1 857420 1604600 835820 1626200
Net60 5 
V1 3175780 1451920 3169300 1458400
V1 3169300 1458400 2900000 1458400
V1 2900000 1458400 1875000 1566800
V1 1875000 1566800 950750 1566800
V1 950750 1566800 934550 1583000
Net61 5 
V1 3219080 1451920 3206120 1464880
V1 3206120 1464880 2900000 1464880
V1 2900000 1464880 1875000 1572200
V1 1875000 1572200 1142800 1572200
V1 1142800 1572200 1132000 1583000
Net62 5 
V1 3262380 1451920 3242940 1471360
V1 3242940 1471360 2900000 1471360
V1 2900000 1471360 1875000 1577600
V1 1875000 1577600 1203220 1577600
V1 1203220 1577600 1197820 1583000
Net72 5 
V1 3219080 1400080 3206120 1413040
V1 3206120 1413040 2900000 1413040
V1 2900000 1413040 1875000 1561400
V1 1875000 1561400 1054877 1561400
V1 1054877 1561400 1033277 1539800
Net73 5 
V1 3262380 1400080 3258060 1395760
V1 3258060 1395760 2900000 1395760
V1 2900000 1395760 1875000 1556000
V1 1875000 1556000 1115290 1556000
V1 1115290 1556000 1099090 1539800
Net74 5 
V1 3348980 1400080 3340340 1391440
V1 3340340 1391440 2900000 1391440
V1 2900000 1391440 1875000 1550600
V1 1875000 1550600 1504800 1550600
V1 1504800 1550600 1494000 1539800
Net75 5 
V1 3392280 1400080 3379320 1387120
V1 3379320 1387120 2900000 1387120
V1 2900000 1387120 1875000 1545200
V1 1875000 1545200 1565220 1545200
V1 1565220 1545200 1559820 1539800
Net76 5 
V1 3435582 1400080 3418302 1382800
V1 3418302 1382800 2900000 1382800
V1 2900000 1382800 1875000 1525400
V1 1875000 1525400 850220 1525400
V1 850220 1525400 835820 1539800
Net77 5 
V1 3154130 1374160 3145490 1365520
V1 3145490 1365520 2900000 1365520
V1 2900000 1365520 1875000 1482200
V1 1875000 1482200 1080582 1482200
V1 1080582 1482200 1066182 1496600
Net78 5 
V1 3197430 1374160 3193110 1378480
V1 3193110 1378480 2900000 1378480
V1 2900000 1378480 1875000 1511000
V1 1875000 1511000 1212220 1511000
V1 1212220 1511000 1197820 1496600
Net87 5 
V1 3435582 1348240 3426942 1356880
V1 3426942 1356880 2900000 1356880
V1 2900000 1356880 1875000 1467800
V1 1875000 1467800 897530 1467800
V1 897530 1467800 868730 1496600
