Nets 21
Net6 5 
M2 4160880 1728400 4139280 1750000
M2 4139280 1750000 2900000 1750000
M2 2900000 1750000 1875000 1808258
M2 1875000 1808258 355671 1808258
M2 355671 1808258 327900 1836030
Net17 5 
M2 3208250 1642000 3186650 1663600
M2 3186650 1663600 2900000 1663600
M2 2900000 1663600 1875000 1752711
M2 1875000 1752711 488176 1752711
M2 488176 1752711 460400 1780487
Net25 5 
M2 4160880 1642000 4139280 1620400
M2 4139280 1620400 2900000 1620400
M2 2900000 1620400 1875000 1697171
M2 1875000 1697171 355668 1697171
M2 355668 1697171 327900 1724940
Net48 5 
M2 3771170 1512400 3762530 1521040
M2 3762530 1521040 2900000 1521040
M2 2900000 1521040 1875000 1624968
M2 1875000 1624968 1034841 1624968
M2 1034841 1624968 990410 1669400
Net49 5 
M2 3857770 1512400 3840490 1529680
M2 3840490 1529680 2900000 1529680
M2 2900000 1529680 1875000 1636077
M2 1875000 1636077 1112063 1636077
M2 1112063 1636077 1078740 1669400
Net50 5 
M2 3944372 1512400 3918452 1538320
M2 3918452 1538320 2900000 1538320
M2 2900000 1538320 1875000 1647185
M2 1875000 1647185 1277624 1647185
M2 1277624 1647185 1255410 1669400
Net51 5 
M2 4117580 1512400 4083020 1546960
M2 4083020 1546960 2900000 1546960
M2 2900000 1546960 1875000 1658294
M2 1875000 1658294 1354853 1658294
M2 1354853 1658294 1343747 1669400
Net52 5 
M2 3208250 1469200 3203450 1474000
M2 3203450 1474000 2900000 1474000
M2 2900000 1474000 1875000 1539798
M2 1875000 1539798 478914 1539798
M2 478914 1539798 460400 1558312
Net53 5 
M2 3294857 1469200 3285257 1478800
M2 3285257 1478800 2900000 1478800
M2 2900000 1478800 1875000 1565255
M2 1875000 1565255 464834 1565255
M2 464834 1565255 416230 1613860
Net54 5 
M2 3468060 1469200 3453660 1483600
M2 3453660 1483600 2900000 1483600
M2 2900000 1483600 1875000 1572198
M2 1875000 1572198 634562 1572198
M2 634562 1572198 592900 1613860
Net55 5 
M2 3641267 1469200 3622067 1488400
M2 3622067 1488400 2900000 1488400
M2 2900000 1488400 1875000 1579140
M2 1875000 1579140 715956 1579140
M2 715956 1579140 681237 1613860
Net56 5 
M2 3727870 1469200 3703870 1493200
M2 3703870 1493200 2900000 1493200
M2 2900000 1493200 1875000 1586083
M2 1875000 1586083 885684 1586083
M2 885684 1586083 857907 1613860
Net57 5 
M2 3814470 1469200 3785670 1498000
M2 3785670 1498000 2900000 1498000
M2 2900000 1498000 1875000 1593026
M2 1875000 1593026 967073 1593026
M2 967073 1593026 946240 1613860
Net58 5 
M2 3901070 1469200 3867470 1502800
M2 3867470 1502800 2900000 1502800
M2 2900000 1502800 1875000 1599969
M2 1875000 1599969 1136801 1599969
M2 1136801 1599969 1122910 1613860
Net59 5 
M2 3987677 1469200 3949277 1507600
M2 3949277 1507600 2900000 1507600
M2 2900000 1507600 1875000 1606911
M2 1875000 1606911 1218188 1606911
M2 1218188 1606911 1211240 1613860
Net82 5 
M2 3424760 1339600 3418587 1345772
M2 3418587 1345772 2900000 1345772
M2 2900000 1345772 1875000 1456484
M2 1875000 1456484 904193 1456484
M2 904193 1456484 857907 1502770
Net83 5 
M2 3511360 1339600 3499016 1351943
M2 3499016 1351943 2900000 1351943
M2 2900000 1351943 1875000 1465741
M2 1875000 1465741 1159938 1465741
M2 1159938 1465741 1122910 1502770
Net84 5 
M2 3684570 1339600 3666055 1358115
M2 3666055 1358115 2900000 1358115
M2 2900000 1358115 1875000 1474998
M2 1875000 1474998 1327351 1474998
M2 1327351 1474998 1299580 1502770
Net85 5 
M2 3771170 1339600 3746483 1364286
M2 3746483 1364286 2900000 1364286
M2 2900000 1364286 1875000 1484255
M2 1875000 1484255 1406424 1484255
M2 1406424 1484255 1387910 1502770
Net86 5 
M2 3944372 1339600 3913515 1370457
M2 3913515 1370457 2900000 1370457
M2 2900000 1370457 1875000 1493512
M2 1875000 1493512 1573837 1493512
M2 1573837 1493512 1564580 1502770
Net87 5 
M2 4204180 1339600 4167151 1376628
M2 4167151 1376628 2900000 1376628
M2 2900000 1376628 1875000 1521284
M2 1875000 1521284 409091 1521284
M2 409091 1521284 372062 1558312
