Nets 26
Net4 5 
M2 3665080 1728400 3643480 1750000
M2 3643480 1750000 2900000 1750000
M2 2900000 1750000 1875000 1842200
M2 1875000 1842200 1562830 1842200
M2 1562830 1842200 1554190 1850840
Net14 5 
M2 3859940 1685200 3849140 1696000
M2 3849140 1696000 2900000 1696000
M2 2900000 1696000 1875000 1807640
M2 1875000 1807640 1544620 1807640
M2 1544620 1807640 1527340 1824920
Net15 5 
M2 3937880 1685200 3916280 1706800
M2 3916280 1706800 2900000 1706800
M2 2900000 1706800 1875000 1816280
M2 1875000 1816280 1589680 1816280
M2 1589680 1816280 1581040 1824920
Net16 5 
M2 4093762 1685200 4061362 1717600
M2 4061362 1717600 2900000 1717600
M2 2900000 1717600 1875000 1833560
M2 1875000 1833560 1267512 1833560
M2 1267512 1833560 1258872 1824920
Net21 5 
M2 3665080 1642000 3650680 1656400
M2 3650680 1656400 2900000 1656400
M2 2900000 1656400 1875000 1760120
M2 1875000 1760120 1486610 1760120
M2 1486610 1760120 1473650 1773080
Net24 5 
M2 3976850 1642000 3948050 1670800
M2 3948050 1670800 2900000 1670800
M2 2900000 1670800 1875000 1766600
M2 1875000 1766600 1587520 1766600
M2 1587520 1766600 1581040 1773080
Net25 5 
M2 4054790 1642000 4046150 1633360
M2 4046150 1633360 2900000 1633360
M2 2900000 1633360 1875000 1753640
M2 1875000 1753640 1278312 1753640
M2 1278312 1753640 1258872 1773080
Net29 5 
M2 3470227 1598800 3461587 1607440
M2 3461587 1607440 2900000 1607440
M2 2900000 1607440 1875000 1727720
M2 1875000 1727720 1358857 1727720
M2 1358857 1727720 1339417 1747160
Net33 5 
M2 3937880 1598800 3920600 1616080
M2 3920600 1616080 2900000 1616080
M2 2900000 1616080 1875000 1734200
M2 1875000 1734200 1567150 1734200
M2 1567150 1734200 1554190 1747160
Net34 5 
M2 4015820 1598800 3989900 1624720
M2 3989900 1624720 2900000 1624720
M2 2900000 1624720 1875000 1740680
M2 1875000 1740680 1614360 1740680
M2 1614360 1740680 1607880 1747160
Net37 5 
M2 3275370 1555600 3266730 1564240
M2 3266730 1564240 2900000 1564240
M2 2900000 1564240 1875000 1700504
M2 1875000 1700504 1440693 1700504
M2 1440693 1700504 1419957 1721240
Net41 5 
M2 3820970 1555600 3803690 1572880
M2 3803690 1572880 2900000 1572880
M2 2900000 1572880 1875000 1705688
M2 1875000 1705688 1489202 1705688
M2 1489202 1705688 1473650 1721240
Net42 5 
M2 3898910 1555600 3872990 1581520
M2 3872990 1581520 2900000 1581520
M2 2900000 1581520 1875000 1710872
M2 1875000 1710872 1537708 1710872
M2 1537708 1710872 1527340 1721240
Net43 5 
M2 3976850 1555600 3942290 1590160
M2 3942290 1590160 2900000 1590160
M2 2900000 1590160 1875000 1716056
M2 1875000 1716056 1586224 1716056
M2 1586224 1716056 1581040 1721240
Net44 5 
M2 3314340 1512400 3299940 1526800
M2 3299940 1526800 2900000 1526800
M2 2900000 1526800 1875000 1626200
M2 1875000 1626200 1356697 1626200
M2 1356697 1626200 1339417 1643480
Net50 5 
M2 3859940 1512400 3831140 1541200
M2 3831140 1541200 2900000 1541200
M2 2900000 1541200 1875000 1634840
M2 1875000 1634840 1509137 1634840
M2 1509137 1634840 1500497 1643480
Net57 5 
M2 3743020 1469200 3721420 1490800
M2 3721420 1490800 2900000 1490800
M2 2900000 1490800 1875000 1608920
M2 1875000 1608920 1589680 1608920
M2 1589680 1608920 1581040 1617560
Net67 5 
M2 3704050 1426000 3695410 1434640
M2 3695410 1434640 2900000 1434640
M2 2900000 1434640 1875000 1546280
M2 1875000 1546280 1493090 1546280
M2 1493090 1546280 1473650 1565720
Net68 5 
M2 3859940 1426000 3842660 1443280
M2 3842660 1443280 2900000 1443280
M2 2900000 1443280 1875000 1552760
M2 1875000 1552760 1540300 1552760
M2 1540300 1552760 1527340 1565720
Net69 5 
M2 3937880 1426000 3911960 1451920
M2 3911960 1451920 2900000 1451920
M2 2900000 1451920 1875000 1559240
M2 1875000 1559240 1587520 1559240
M2 1587520 1559240 1581040 1565720
Net70 5 
M2 4093762 1426000 4059202 1460560
M2 4059202 1460560 2900000 1460560
M2 2900000 1460560 1875000 1600280
M2 1875000 1600280 1276152 1600280
M2 1276152 1600280 1258872 1617560
Net74 5 
M2 3431252 1382800 3409652 1404400
M2 3409652 1404400 2900000 1404400
M2 2900000 1404400 1875000 1505240
M2 1875000 1505240 1428597 1505240
M2 1428597 1505240 1419957 1513880
Net84 5 
M2 3626110 1339600 3617470 1348240
M2 3617470 1348240 2900000 1348240
M2 2900000 1348240 1875000 1468520
M2 1875000 1468520 1412550 1468520
M2 1412550 1468520 1393110 1487960
Net85 5 
M2 3704050 1339600 3686770 1356880
M2 3686770 1356880 2900000 1356880
M2 2900000 1356880 1875000 1475000
M2 1875000 1475000 1513457 1475000
M2 1513457 1475000 1500497 1487960
Net86 5 
M2 3859940 1339600 3834020 1365520
M2 3834020 1365520 2900000 1365520
M2 2900000 1365520 1875000 1481480
M2 1875000 1481480 1614360 1481480
M2 1614360 1481480 1607880 1487960
Net87 5 
M2 4093762 1339600 4059202 1374160
M2 4059202 1374160 2900000 1374160
M2 2900000 1374160 1875000 1496600
M2 1875000 1496600 1276152 1496600
M2 1276152 1496600 1258872 1513880
