Nets 34
Net0 5 
V1 3219080 1722230 3211144 1730165
V1 3211144 1730165 2900000 1730165
V1 2900000 1730165 1875000 1853000
V1 1875000 1853000 863027 1853000
V1 863027 1853000 830627 1885400
Net1 5 
V1 3409602 1722230 3393732 1738100
V1 3393732 1738100 2900000 1738100
V1 2900000 1738100 1875000 1858400
V1 1875000 1858400 1030830 1858400
V1 1030830 1858400 1003830 1885400
Net2 5 
V1 3504870 1722230 3481065 1746034
V1 3481065 1746034 2900000 1746034
V1 2900000 1746034 1875000 1863800
V1 1875000 1863800 1112030 1863800
V1 1112030 1863800 1090430 1885400
Net3 5 
V1 3695390 1722230 3663651 1753969
V1 3663651 1753969 2900000 1753969
V1 2900000 1753969 1875000 1869200
V1 1875000 1869200 1279840 1869200
V1 1279840 1869200 1263640 1885400
Net4 5 
V1 3981180 1722230 3941506 1761903
V1 3941506 1761903 2900000 1761903
V1 2900000 1761903 1875000 1874600
V1 1875000 1874600 1361040 1874600
V1 1361040 1874600 1350240 1885400
Net5 5 
V1 4076440 1722230 4028832 1769838
V1 4028832 1769838 2900000 1769838
V1 2900000 1769838 1875000 1880000
V1 1875000 1880000 1528847 1880000
V1 1528847 1880000 1523447 1885400
Net7 5 
V1 4362230 1722230 4343716 1703716
V1 4343716 1703716 2900000 1703716
V1 2900000 1703716 1875000 1847600
V1 1875000 1847600 1485542 1847600
V1 1485542 1847600 1480142 1842200
Net8 5 
V1 4457492 1722230 4420464 1685202
V1 4420464 1685202 2900000 1685202
V1 2900000 1685202 1875000 1835000
V1 1875000 1835000 1573950 1835000
V1 1573950 1835000 1566750 1842200
Net10 5 
V1 3266710 1666687 3259767 1659744
V1 3259767 1659744 2900000 1659744
V1 2900000 1659744 1875000 1827800
V1 1875000 1827800 715120 1827800
V1 715120 1827800 700720 1842200
Net17 5 
V1 4028810 1666687 4014924 1652802
V1 4014924 1652802 2900000 1652802
V1 2900000 1652802 1875000 1820600
V1 1875000 1820600 1198637 1820600
V1 1198637 1820600 1177037 1799000
Net18 5 
V1 4124077 1666687 4103249 1645859
V1 4103249 1645859 2900000 1645859
V1 2900000 1645859 1875000 1813400
V1 1875000 1813400 1278040 1813400
V1 1278040 1813400 1263640 1799000
Net19 5 
V1 4219340 1666687 4191569 1638916
V1 4191569 1638916 2900000 1638916
V1 2900000 1638916 1875000 1806200
V1 1875000 1806200 1357440 1806200
V1 1357440 1806200 1350240 1799000
Net20 5 
V1 4314600 1666687 4279886 1631973
V1 4279886 1631973 2900000 1631973
V1 2900000 1631973 1875000 1794680
V1 1875000 1794680 1527767 1794680
V1 1527767 1794680 1523447 1799000
Net24 5 
V1 3409602 1611140 3402654 1618088
V1 3402654 1618088 2900000 1618088
V1 2900000 1618088 1875000 1786040
V1 1875000 1786040 843587 1786040
V1 843587 1786040 830627 1799000
Net25 5 
V1 3504870 1611140 3490979 1625031
V1 3490979 1625031 2900000 1625031
V1 2900000 1625031 1875000 1790360
V1 1875000 1790360 1012470 1790360
V1 1012470 1790360 1003830 1799000
Net27 5 
V1 3695390 1611140 3689218 1604968
V1 3689218 1604968 2900000 1604968
V1 2900000 1604968 1875000 1781720
V1 1875000 1781720 899850 1781720
V1 899850 1781720 873930 1755800
Net28 5 
V1 3885920 1611140 3873577 1598797
V1 3873577 1598797 2900000 1598797
V1 2900000 1598797 1875000 1777400
V1 1875000 1777400 982130 1777400
V1 982130 1777400 960530 1755800
Net29 5 
V1 3981180 1611140 3962666 1592626
V1 3962666 1592626 2900000 1592626
V1 2900000 1592626 1875000 1773080
V1 1875000 1773080 1064410 1773080
V1 1064410 1773080 1047130 1755800
Net30 5 
V1 4171710 1611140 4147025 1586455
V1 4147025 1586455 2900000 1586455
V1 2900000 1586455 1875000 1768760
V1 1875000 1768760 1146692 1768760
V1 1146692 1768760 1133732 1755800
Net31 5 
V1 4266970 1611140 4236113 1580283
V1 4236113 1580283 2900000 1580283
V1 2900000 1580283 1875000 1764440
V1 1875000 1764440 1315580 1764440
V1 1315580 1764440 1306940 1755800
Net32 5 
V1 4457492 1611140 4420465 1574112
V1 4420465 1574112 2900000 1574112
V1 2900000 1574112 1875000 1760120
V1 1875000 1760120 1484462 1760120
V1 1484462 1760120 1480142 1755800
Net33 5 
V1 4552760 1611140 4509561 1567941
V1 4509561 1567941 2900000 1567941
V1 2900000 1567941 1875000 1734200
V1 1875000 1734200 635720 1734200
V1 635720 1734200 614120 1755800
Net35 5 
V1 3457237 1555600 3451067 1561770
V1 3451067 1561770 2900000 1561770
V1 2900000 1561770 1875000 1691000
V1 1875000 1691000 679020 1691000
V1 679020 1691000 657420 1712600
Net45 5 
V1 3409602 1500060 3402661 1507000
V1 3402661 1507000 2900000 1507000
V1 2900000 1507000 1875000 1631600
V1 1875000 1631600 825122 1631600
V1 825122 1631600 787322 1669400
Net46 5 
V1 3600130 1500060 3586246 1513943
V1 3586246 1513943 2900000 1513943
V1 2900000 1513943 1875000 1637000
V1 1875000 1637000 906330 1637000
V1 906330 1637000 873930 1669400
Net47 5 
V1 3695390 1500060 3674563 1520886
V1 3674563 1520886 2900000 1520886
V1 2900000 1520886 1875000 1642400
V1 1875000 1642400 987530 1642400
V1 987530 1642400 960530 1669400
Net48 5 
V1 3885920 1500060 3858151 1527829
V1 3858151 1527829 2900000 1527829
V1 2900000 1527829 1875000 1647800
V1 1875000 1647800 1155332 1647800
V1 1155332 1647800 1133732 1669400
Net49 5 
V1 3981180 1500060 3946468 1534771
V1 3946468 1534771 2900000 1534771
V1 2900000 1534771 1875000 1653200
V1 1875000 1653200 1323140 1653200
V1 1323140 1653200 1306940 1669400
Net50 5 
V1 4171710 1500060 4130055 1541714
V1 4130055 1541714 2900000 1541714
V1 2900000 1541714 1875000 1658600
V1 1875000 1658600 1490942 1658600
V1 1490942 1658600 1480142 1669400
Net51 5 
V1 4266970 1500060 4218372 1548657
V1 4218372 1548657 2900000 1548657
V1 2900000 1548657 1875000 1664000
V1 1875000 1664000 1572150 1664000
V1 1572150 1664000 1566750 1669400
Net53 5 
V1 4552760 1500060 4524988 1472288
V1 4524988 1472288 2900000 1472288
V1 2900000 1472288 1875000 1561400
V1 1875000 1561400 635720 1561400
V1 635720 1561400 614120 1583000
Net71 5 
V1 3981180 1388970 3953408 1416741
V1 3953408 1416741 2900000 1416741
V1 2900000 1416741 1875000 1525400
V1 1875000 1525400 1018230 1525400
V1 1018230 1525400 1003830 1539800
Net77 5 
V1 4552760 1388970 4534246 1370456
V1 4534246 1370456 2900000 1370456
V1 2900000 1370456 1875000 1511000
V1 1875000 1511000 628520 1511000
V1 628520 1511000 614120 1496600
Net81 5 
V1 3647760 1333430 3629248 1351942
V1 3629248 1351942 2900000 1351942
V1 2900000 1351942 1875000 1475000
V1 1875000 1475000 895530 1475000
V1 895530 1475000 873930 1496600
