Nets 37
Net0 5 
V1 3219080 1722230 3213525 1727784
V1 3213525 1727784 2900000 1727784
V1 2900000 1727784 1875000 1849915
V1 1875000 1849915 454424 1849915
V1 454424 1849915 412770 1891570
Net1 5 
V1 3409602 1722230 3398494 1733338
V1 3398494 1733338 2900000 1733338
V1 2900000 1733338 1875000 1854544
V1 1875000 1854544 633393 1854544
V1 633393 1854544 596367 1891570
Net2 5 
V1 3504870 1722230 3488207 1738892
V1 3488207 1738892 2900000 1738892
V1 2900000 1738892 1875000 1859172
V1 1875000 1859172 720560 1859172
V1 720560 1859172 688162 1891570
Net3 5 
V1 3695390 1722230 3673173 1744447
V1 3673173 1744447 2900000 1744447
V1 2900000 1744447 1875000 1863801
V1 1875000 1863801 899529 1863801
V1 899529 1863801 871760 1891570
Net4 5 
V1 3981180 1722230 3953408 1750001
V1 3953408 1750001 2900000 1750001
V1 2900000 1750001 1875000 1868429
V1 1875000 1868429 986700 1868429
V1 986700 1868429 963560 1891570
Net5 5 
V1 4076440 1722230 4043114 1755555
V1 4043114 1755555 2900000 1755555
V1 2900000 1755555 1875000 1873058
V1 1875000 1873058 1165672 1873058
V1 1165672 1873058 1147160 1891570
Net6 5 
V1 4266970 1722230 4228090 1761109
V1 4228090 1761109 2900000 1761109
V1 2900000 1761109 1875000 1877686
V1 1875000 1877686 1252843 1877686
V1 1252843 1877686 1238960 1891570
Net7 5 
V1 4362230 1722230 4317796 1766664
V1 4317796 1766664 2900000 1766664
V1 2900000 1766664 1875000 1882315
V1 1875000 1882315 1431805 1882315
V1 1431805 1882315 1422550 1891570
Net8 5 
V1 4457492 1722230 4407504 1772218
V1 4407504 1772218 2900000 1772218
V1 2900000 1772218 1875000 1886943
V1 1875000 1886943 1518976 1886943
V1 1518976 1886943 1514350 1891570
Net10 5 
V1 3266710 1666687 3248195 1685202
V1 3248195 1685202 2900000 1685202
V1 2900000 1685202 1875000 1840658
V1 1875000 1840658 371498 1840658
V1 371498 1840658 366870 1836030
Net11 5 
V1 3361970 1666687 3343456 1648173
V1 3343456 1648173 2900000 1648173
V1 2900000 1648173 1875000 1817515
V1 1875000 1817515 477184 1817515
V1 477184 1817515 458670 1836030
Net22 5 
V1 4505130 1666687 4468101 1703716
V1 4468101 1703716 2900000 1703716
V1 2900000 1703716 1875000 1845287
V1 1875000 1845287 284327 1845287
V1 284327 1845287 275070 1836030
Net23 5 
V1 3314340 1611140 3303231 1600031
V1 3303231 1600031 2900000 1600031
V1 2900000 1600031 1875000 1769374
V1 1875000 1769374 423883 1769374
V1 423883 1769374 412770 1780487
Net24 5 
V1 3409602 1611140 3391083 1629659
V1 3391083 1629659 2900000 1629659
V1 2900000 1629659 1875000 1799001
V1 1875000 1799001 523084 1799001
V1 523084 1799001 504570 1780487
Net33 5 
V1 4552760 1611140 4530543 1588923
V1 4530543 1588923 2900000 1588923
V1 2900000 1588923 1875000 1758265
V1 1875000 1758265 343192 1758265
V1 343192 1758265 320970 1780487
Net34 5 
V1 3266710 1555600 3255604 1566706
V1 3255604 1566706 2900000 1566706
V1 2900000 1566706 1875000 1736048
V1 1875000 1736048 377978 1736048
V1 377978 1736048 366870 1724940
Net35 5 
V1 3457237 1555600 3438723 1537086
V1 3438723 1537086 2900000 1537086
V1 2900000 1537086 1875000 1706428
V1 1875000 1706428 568979 1706428
V1 568979 1706428 550467 1724940
Net43 5 
V1 4505130 1555600 4482915 1577814
V1 4482915 1577814 2900000 1577814
V1 2900000 1577814 1875000 1747157
V1 1875000 1747157 297287 1747157
V1 297287 1747157 275070 1724940
Net44 5 
V1 3314340 1500060 3303231 1488951
V1 3303231 1488951 2900000 1488951
V1 2900000 1488951 1875000 1658294
V1 1875000 1658294 423876 1658294
V1 423876 1658294 412770 1669400
Net45 5 
V1 3409602 1500060 3391090 1518572
V1 3391090 1518572 2900000 1518572
V1 2900000 1518572 1875000 1687914
V1 1875000 1687914 523084 1687914
V1 523084 1687914 504570 1669400
Net53 5 
V1 4552760 1500060 4530543 1477843
V1 4530543 1477843 2900000 1477843
V1 2900000 1477843 1875000 1647185
V1 1875000 1647185 343184 1647185
V1 343184 1647185 320970 1669400
Net54 5 
V1 3266710 1444512 3255596 1455626
V1 3255596 1455626 2900000 1455626
V1 2900000 1455626 1875000 1624968
V1 1875000 1624968 377978 1624968
V1 377978 1624968 366870 1613860
Net55 5 
V1 3457237 1444512 3452965 1440240
V1 3452965 1440240 2900000 1440240
V1 2900000 1440240 1875000 1595340
V1 1875000 1595340 568987 1595340
V1 568987 1595340 550467 1613860
Net64 5 
V1 4505130 1444512 4482908 1466734
V1 4482908 1466734 2900000 1466734
V1 2900000 1466734 1875000 1636077
V1 1875000 1636077 297287 1636077
V1 297287 1636077 275070 1613860
Net66 5 
V1 3314340 1388970 3295826 1370456
V1 3295826 1370456 2900000 1370456
V1 2900000 1370456 1875000 1511315
V1 1875000 1511315 551567 1511315
V1 551567 1511315 504570 1558312
Net67 5 
V1 3409602 1388970 3405330 1393242
V1 3405330 1393242 2900000 1393242
V1 2900000 1393242 1875000 1515587
V1 1875000 1515587 639092 1515587
V1 639092 1515587 596367 1558312
Net68 5 
V1 3504870 1388970 3496325 1397515
V1 3496325 1397515 2900000 1397515
V1 2900000 1397515 1875000 1519860
V1 1875000 1519860 726615 1519860
V1 726615 1519860 688162 1558312
Net69 5 
V1 3600130 1388970 3587312 1401787
V1 3587312 1401787 2900000 1401787
V1 2900000 1401787 1875000 1524132
V1 1875000 1524132 814140 1524132
V1 814140 1524132 779960 1558312
Net70 5 
V1 3695390 1388970 3678300 1406060
V1 3678300 1406060 2900000 1406060
V1 2900000 1406060 1875000 1528405
V1 1875000 1528405 901667 1528405
V1 901667 1528405 871760 1558312
Net71 5 
V1 3981180 1388970 3959817 1410332
V1 3959817 1410332 2900000 1410332
V1 2900000 1410332 1875000 1532677
V1 1875000 1532677 989195 1532677
V1 989195 1532677 963560 1558312
Net72 5 
V1 4076440 1388970 4050805 1414605
V1 4050805 1414605 2900000 1414605
V1 2900000 1414605 1875000 1536950
V1 1875000 1536950 1076722 1536950
V1 1076722 1536950 1055360 1558312
Net73 5 
V1 4171710 1388970 4141802 1418877
V1 4141802 1418877 2900000 1418877
V1 2900000 1418877 1875000 1541222
V1 1875000 1541222 1164250 1541222
V1 1164250 1541222 1147160 1558312
Net74 5 
V1 4266970 1388970 4232790 1423150
V1 4232790 1423150 2900000 1423150
V1 2900000 1423150 1875000 1545495
V1 1875000 1545495 1251777 1545495
V1 1251777 1545495 1238960 1558312
Net75 5 
V1 4362230 1388970 4323777 1427422
V1 4323777 1427422 2900000 1427422
V1 2900000 1427422 1875000 1549767
V1 1875000 1549767 1431095 1549767
V1 1431095 1549767 1422550 1558312
Net76 5 
V1 4457492 1388970 4414767 1431695
V1 4414767 1431695 2900000 1431695
V1 2900000 1431695 1875000 1554040
V1 1875000 1554040 1518622 1554040
V1 1518622 1554040 1514350 1558312
Net77 5 
V1 4552760 1388970 4505762 1435967
V1 4505762 1435967 2900000 1435967
V1 2900000 1435967 1875000 1576826
V1 1875000 1576826 339484 1576826
V1 339484 1576826 320970 1558312
Net79 5 
V1 3361970 1333430 3343458 1351942
V1 3343458 1351942 2900000 1351942
V1 2900000 1351942 1875000 1507042
V1 1875000 1507042 462942 1507042
V1 462942 1507042 458670 1502770
