Nets 15
Net8 5 
M2 3348980 1711120 3340340 1719760
M2 3340340 1719760 2900000 1719760
M2 2900000 1719760 1875000 1863801
M2 1875000 1863801 964479 1863801
M2 964479 1863801 936710 1891570
Net9 5 
M2 3392280 1711120 3375000 1728400
M2 3375000 1728400 2900000 1728400
M2 2900000 1728400 1875000 1877686
M2 1875000 1877686 1141123 1877686
M2 1141123 1877686 1127240 1891570
Net10 5 
M2 3435582 1711120 3426942 1702480
M2 3426942 1702480 2900000 1702480
M2 2900000 1702480 1875000 1849915
M2 1875000 1849915 236125 1849915
M2 236125 1849915 222240 1836030
Net12 5 
M2 3197430 1685200 3188790 1693840
M2 3188790 1693840 2900000 1693840
M2 2900000 1693840 1875000 1817515
M2 1875000 1817515 431284 1817515
M2 431284 1817515 412770 1836030
Net16 5 
M2 3175780 1659280 3162820 1672240
M2 3162820 1672240 2900000 1672240
M2 2900000 1672240 1875000 1799001
M2 1875000 1799001 383654 1799001
M2 383654 1799001 365140 1780487
Net28 5 
M2 3219080 1607440 3212600 1613920
M2 3212600 1613920 2900000 1613920
M2 2900000 1613920 1875000 1738825
M2 1875000 1738825 883112 1738825
M2 883112 1738825 841450 1780487
Net29 5 
M2 3262380 1607440 3249420 1620400
M2 3249420 1620400 2900000 1620400
M2 2900000 1620400 1875000 1752711
M2 1875000 1752711 1345539 1752711
M2 1345539 1752711 1317762 1780487
Net30 5 
M2 3348980 1607440 3329540 1626880
M2 3329540 1626880 2900000 1626880
M2 2900000 1626880 1875000 1766596
M2 1875000 1766596 1522181 1766596
M2 1522181 1766596 1508290 1780487
Net32 5 
M2 3435582 1607440 3422622 1594480
M2 3422622 1594480 2900000 1594480
M2 2900000 1594480 1875000 1697171
M2 1875000 1697171 250008 1697171
M2 250008 1697171 222240 1724940
Net44 5 
M2 3154130 1529680 3141170 1542640
M2 3141170 1542640 2900000 1542640
M2 2900000 1542640 1875000 1641631
M2 1875000 1641631 773958 1641631
M2 773958 1641631 746190 1669400
Net52 5 
M2 3348980 1503760 3336020 1516720
M2 3336020 1516720 2900000 1516720
M2 2900000 1516720 1875000 1595340
M2 1875000 1595340 1193389 1595340
M2 1193389 1595340 1174870 1613860
Net54 5 
M2 3435582 1503760 3426942 1495120
M2 3426942 1495120 2900000 1495120
M2 2900000 1495120 1875000 1576826
M2 1875000 1576826 259273 1576826
M2 259273 1576826 222240 1613860
Net55 5 
M2 3154130 1477840 3145490 1486480
M2 3145490 1486480 2900000 1486480
M2 2900000 1486480 1875000 1539798
M2 1875000 1539798 383654 1539798
M2 383654 1539798 365140 1558312
Net71 5 
M2 3175780 1400080 3167140 1408720
M2 3167140 1408720 2900000 1408720
M2 2900000 1408720 1875000 1474998
M2 1875000 1474998 345278 1474998
M2 345278 1474998 317507 1502770
Net76 5 
M2 3435582 1400080 3418302 1417360
M2 3418302 1417360 2900000 1417360
M2 2900000 1417360 1875000 1521284
M2 1875000 1521284 240754 1521284
M2 240754 1521284 222240 1502770
