Nets 22
Net4 5 
M2 3175780 1711120 3167140 1719760
M2 3167140 1719760 2900000 1719760
M2 2900000 1719760 1875000 1833560
M2 1875000 1833560 1356697 1833560
M2 1356697 1833560 1339417 1850840
Net5 5 
M2 3219080 1711120 3201800 1728400
M2 3201800 1728400 2900000 1728400
M2 2900000 1728400 1875000 1842200
M2 1875000 1842200 1401750 1842200
M2 1401750 1842200 1393110 1850840
Net16 5 
M2 3175780 1659280 3167140 1667920
M2 3167140 1667920 2900000 1667920
M2 2900000 1667920 1875000 1781720
M2 1875000 1781720 1356697 1781720
M2 1356697 1781720 1339417 1799000
Net17 5 
M2 3219080 1659280 3201800 1676560
M2 3201800 1676560 2900000 1676560
M2 2900000 1676560 1875000 1790360
M2 1875000 1790360 1401750 1790360
M2 1401750 1790360 1393110 1799000
Net23 5 
M2 3240730 1633360 3235546 1638544
M2 3235546 1638544 2900000 1638544
M2 2900000 1638544 1875000 1752344
M2 1875000 1752344 1440693 1752344
M2 1440693 1752344 1419957 1773080
Net24 5 
M2 3284030 1633360 3273662 1643728
M2 3273662 1643728 2900000 1643728
M2 2900000 1643728 1875000 1757528
M2 1875000 1757528 1489202 1757528
M2 1489202 1757528 1473650 1773080
Net25 5 
M2 3327330 1633360 3311778 1648912
M2 3311778 1648912 2900000 1648912
M2 2900000 1648912 1875000 1762712
M2 1875000 1762712 1537708 1762712
M2 1537708 1762712 1527340 1773080
Net26 5 
M2 3370630 1633360 3349894 1654096
M2 3349894 1654096 2900000 1654096
M2 2900000 1654096 1875000 1767896
M2 1875000 1767896 1586224 1767896
M2 1586224 1767896 1581040 1773080
Net30 5 
M2 3348980 1607440 3336020 1620400
M2 3336020 1620400 2900000 1620400
M2 2900000 1620400 1875000 1734200
M2 1875000 1734200 1567150 1734200
M2 1567150 1734200 1554190 1747160
Net34 5 
M2 3197430 1581520 3188790 1590160
M2 3188790 1590160 2900000 1590160
M2 2900000 1590160 1875000 1703960
M2 1875000 1703960 1383540 1703960
M2 1383540 1703960 1366260 1721240
Net37 5 
M2 3327330 1581520 3310050 1598800
M2 3310050 1598800 2900000 1598800
M2 2900000 1598800 1875000 1712600
M2 1875000 1712600 1535980 1712600
M2 1535980 1712600 1527340 1721240
Net44 5 
M2 3154130 1529680 3141170 1542640
M2 3141170 1542640 2900000 1542640
M2 2900000 1542640 1875000 1656440
M2 1875000 1656440 1325530 1656440
M2 1325530 1656440 1312570 1669400
Net48 5 
M2 3175780 1503760 3167140 1512400
M2 3167140 1512400 2900000 1512400
M2 2900000 1512400 1875000 1626200
M2 1875000 1626200 1356697 1626200
M2 1356697 1626200 1339417 1643480
Net51 5 
M2 3305680 1503760 3288400 1521040
M2 3288400 1521040 2900000 1521040
M2 2900000 1521040 1875000 1634840
M2 1875000 1634840 1509137 1634840
M2 1509137 1634840 1500497 1643480
Net58 5 
M2 3327330 1477840 3318690 1486480
M2 3318690 1486480 2900000 1486480
M2 2900000 1486480 1875000 1600280
M2 1875000 1600280 1544620 1600280
M2 1544620 1600280 1527340 1617560
Net59 5 
M2 3370630 1477840 3353350 1495120
M2 3353350 1495120 2900000 1495120
M2 2900000 1495120 1875000 1608920
M2 1875000 1608920 1589680 1608920
M2 1589680 1608920 1581040 1617560
Net61 5 
M2 3219080 1451920 3206120 1464880
M2 3206120 1464880 2900000 1464880
M2 2900000 1464880 1875000 1578680
M2 1875000 1578680 1406070 1578680
M2 1406070 1578680 1393110 1591640
Net68 5 
M2 3284030 1426000 3271070 1438960
M2 3271070 1438960 2900000 1438960
M2 2900000 1438960 1875000 1552760
M2 1875000 1552760 1486610 1552760
M2 1486610 1552760 1473650 1565720
Net71 5 
M2 3175780 1400080 3167140 1408720
M2 3167140 1408720 2900000 1408720
M2 2900000 1408720 1875000 1522520
M2 1875000 1522520 1303000 1522520
M2 1303000 1522520 1285720 1539800
Net72 5 
M2 3219080 1400080 3201800 1417360
M2 3201800 1417360 2900000 1417360
M2 2900000 1417360 1875000 1531160
M2 1875000 1531160 1401750 1531160
M2 1401750 1531160 1393110 1539800
Net78 5 
M2 3197430 1374160 3188790 1382800
M2 3188790 1382800 2900000 1382800
M2 2900000 1382800 1875000 1496600
M2 1875000 1496600 1383540 1496600
M2 1383540 1496600 1366260 1513880
Net81 5 
M2 3327330 1374160 3310050 1391440
M2 3310050 1391440 2900000 1391440
M2 2900000 1391440 1875000 1505240
M2 1875000 1505240 1535980 1505240
M2 1535980 1505240 1527340 1513880
