Nets 42
Net0 5 
V1 3182270 1728400 3173630 1737040
V1 3173630 1737040 2900000 1737040
V1 2900000 1737040 1875000 1859480
V1 1875000 1859480 1259700 1859480
V1 1259700 1859480 1242420 1876760
Net1 5 
V1 3313910 1728400 3296630 1745680
V1 3296630 1745680 2900000 1745680
V1 2900000 1745680 1875000 1863800
V1 1875000 1863800 1383550 1863800
V1 1383550 1863800 1370590 1876760
Net2 5 
V1 3379730 1728400 3353810 1754320
V1 3353810 1754320 2900000 1754320
V1 2900000 1754320 1875000 1868120
V1 1875000 1868120 1507400 1868120
V1 1507400 1868120 1498760 1876760
Net3 5 
V1 3511360 1728400 3476800 1762960
V1 3476800 1762960 2900000 1762960
V1 2900000 1762960 1875000 1872440
V1 1875000 1872440 1567170 1872440
V1 1567170 1872440 1562850 1876760
Net6 5 
V1 3906270 1728400 3900098 1722228
V1 3900098 1722228 2900000 1722228
V1 2900000 1722228 1875000 1855160
V1 1875000 1855160 1199932 1855160
V1 1199932 1855160 1178332 1876760
Net7 5 
V1 3215180 1685200 3209007 1691372
V1 3209007 1691372 2900000 1691372
V1 2900000 1691372 1875000 1829240
V1 1875000 1829240 1246740 1829240
V1 1246740 1829240 1242420 1824920
Net8 5 
V1 3281000 1685200 3272360 1676560
V1 3272360 1676560 2900000 1676560
V1 2900000 1676560 1875000 1811960
V1 1875000 1811960 1319470 1811960
V1 1319470 1811960 1306510 1824920
Net9 5 
V1 3346820 1685200 3334476 1697543
V1 3334476 1697543 2900000 1697543
V1 2900000 1697543 1875000 1833560
V1 1875000 1833560 1291740 1833560
V1 1291740 1833560 1274460 1850840
Net10 5 
V1 3412637 1685200 3394122 1703715
V1 3394122 1703715 2900000 1703715
V1 2900000 1703715 1875000 1837880
V1 1875000 1837880 1351510 1837880
V1 1351510 1837880 1338550 1850840
Net11 5 
V1 3478450 1685200 3453763 1709886
V1 3453763 1709886 2900000 1709886
V1 2900000 1709886 1875000 1842200
V1 1875000 1842200 1411277 1842200
V1 1411277 1842200 1402637 1850840
Net12 5 
V1 3610090 1685200 3579232 1716057
V1 3579232 1716057 2900000 1716057
V1 2900000 1716057 1875000 1846520
V1 1875000 1846520 1471040 1846520
V1 1471040 1846520 1466720 1850840
Net17 5 
V1 3182270 1642000 3175070 1634800
V1 3175070 1634800 2900000 1634800
V1 2900000 1634800 1875000 1778264
V1 1875000 1778264 1295196 1778264
V1 1295196 1778264 1274460 1799000
Net18 5 
V1 3248090 1642000 3239450 1650640
V1 3239450 1650640 2900000 1650640
V1 2900000 1650640 1875000 1783448
V1 1875000 1783448 1354102 1783448
V1 1354102 1783448 1338550 1799000
Net19 5 
V1 3379730 1642000 3362450 1659280
V1 3362450 1659280 2900000 1659280
V1 2900000 1659280 1875000 1788632
V1 1875000 1788632 1413005 1788632
V1 1413005 1788632 1402637 1799000
Net20 5 
V1 3511360 1642000 3485440 1667920
V1 3485440 1667920 2900000 1667920
V1 2900000 1667920 1875000 1793816
V1 1875000 1793816 1471904 1793816
V1 1471904 1793816 1466720 1799000
Net22 5 
V1 3643000 1642000 3628600 1627600
V1 3628600 1627600 2900000 1627600
V1 2900000 1627600 1875000 1764440
V1 1875000 1764440 1507400 1764440
V1 1507400 1764440 1498760 1773080
Net26 5 
V1 3215180 1598800 3204380 1588000
V1 3204380 1588000 2900000 1588000
V1 2900000 1588000 1875000 1703960
V1 1875000 1703960 1259700 1703960
V1 1259700 1703960 1242420 1721240
Net27 5 
V1 3281000 1598800 3273800 1606000
V1 3273800 1606000 2900000 1606000
V1 2900000 1606000 1875000 1712600
V1 1875000 1712600 1315150 1712600
V1 1315150 1712600 1306510 1721240
Net28 5 
V1 3346820 1598800 3332420 1613200
V1 3332420 1613200 2900000 1613200
V1 2900000 1613200 1875000 1734200
V1 1875000 1734200 1351510 1734200
V1 1351510 1734200 1338550 1747160
Net30 5 
V1 3544270 1598800 3522670 1620400
V1 3522670 1620400 2900000 1620400
V1 2900000 1620400 1875000 1755800
V1 1875000 1755800 1259700 1755800
V1 1259700 1755800 1242420 1773080
Net36 5 
V1 3182270 1555600 3175070 1548400
V1 3175070 1548400 2900000 1548400
V1 2900000 1548400 1875000 1675880
V1 1875000 1675880 1293900 1675880
V1 1293900 1675880 1274460 1695320
Net39 5 
V1 3511360 1555600 3500560 1566400
V1 3500560 1566400 2900000 1566400
V1 2900000 1566400 1875000 1682360
V1 1875000 1682360 1479680 1682360
V1 1479680 1682360 1466720 1695320
Net40 5 
V1 3643000 1555600 3621400 1577200
V1 3621400 1577200 2900000 1577200
V1 2900000 1577200 1875000 1688840
V1 1875000 1688840 1601370 1688840
V1 1601370 1688840 1594890 1695320
Net45 5 
V1 3346820 1512400 3339620 1519600
V1 3339620 1519600 2900000 1519600
V1 2900000 1519600 1875000 1626200
V1 1875000 1626200 1355830 1626200
V1 1355830 1626200 1338550 1643480
Net46 5 
V1 3412637 1512400 3398237 1526800
V1 3398237 1526800 2900000 1526800
V1 2900000 1526800 1875000 1634840
V1 1875000 1634840 1411277 1634840
V1 1411277 1634840 1402637 1643480
Net47 5 
V1 3478450 1512400 3456850 1534000
V1 3456850 1534000 2900000 1534000
V1 2900000 1534000 1875000 1652120
V1 1875000 1652120 1259700 1652120
V1 1259700 1652120 1242420 1669400
Net51 5 
V1 3873360 1512400 3844560 1541200
V1 3844560 1541200 2900000 1541200
V1 2900000 1541200 1875000 1660760
V1 1875000 1660760 1571490 1660760
V1 1571490 1660760 1562850 1669400
Net52 5 
V1 3182270 1469200 3173630 1477840
V1 3173630 1477840 2900000 1477840
V1 2900000 1477840 1875000 1596824
V1 1875000 1596824 1263156 1596824
V1 1263156 1596824 1242420 1617560
Net53 5 
V1 3248090 1469200 3230810 1486480
V1 3230810 1486480 2900000 1486480
V1 2900000 1486480 1875000 1602008
V1 1875000 1602008 1322062 1602008
V1 1322062 1602008 1306510 1617560
Net54 5 
V1 3379730 1469200 3353810 1495120
V1 3353810 1495120 2900000 1495120
V1 2900000 1495120 1875000 1607192
V1 1875000 1607192 1445048 1607192
V1 1445048 1607192 1434680 1617560
Net56 5 
V1 3577180 1469200 3566380 1458400
V1 3566380 1458400 2900000 1458400
V1 2900000 1458400 1875000 1578680
V1 1875000 1578680 1607850 1578680
V1 1607850 1578680 1594890 1591640
Net58 5 
V1 3708817 1469200 3674257 1503760
V1 3674257 1503760 2900000 1503760
V1 2900000 1503760 1875000 1612376
V1 1875000 1612376 1503944 1612376
V1 1503944 1612376 1498760 1617560
Net63 5 
V1 3346820 1426000 3336020 1436800
V1 3336020 1436800 2900000 1436800
V1 2900000 1436800 1875000 1552760
V1 1875000 1552760 1255380 1552760
V1 1255380 1552760 1242420 1565720
Net66 5 
V1 3544270 1426000 3522670 1447600
V1 3522670 1447600 2900000 1447600
V1 2900000 1447600 1875000 1559240
V1 1875000 1559240 1312990 1559240
V1 1312990 1559240 1306510 1565720
Net75 5 
V1 3511360 1382800 3505187 1388972
V1 3505187 1388972 2900000 1388972
V1 2900000 1388972 1875000 1500920
V1 1875000 1500920 1447640 1500920
V1 1447640 1500920 1434680 1513880
Net76 5 
V1 3643000 1382800 3630656 1395143
V1 3630656 1395143 2900000 1395143
V1 2900000 1395143 1875000 1505240
V1 1875000 1505240 1507400 1505240
V1 1507400 1505240 1498760 1513880
Net77 5 
V1 3708817 1382800 3690302 1401315
V1 3690302 1401315 2900000 1401315
V1 2900000 1401315 1875000 1509560
V1 1875000 1509560 1567170 1509560
V1 1567170 1509560 1562850 1513880
Net78 5 
V1 3774630 1382800 3749943 1407486
V1 3749943 1407486 2900000 1407486
V1 2900000 1407486 1875000 1522520
V1 1875000 1522520 1548090 1522520
V1 1548090 1522520 1530810 1539800
Net79 5 
V1 3840450 1382800 3809592 1413657
V1 3809592 1413657 2900000 1413657
V1 2900000 1413657 1875000 1531160
V1 1875000 1531160 1603530 1531160
V1 1603530 1531160 1594890 1539800
Net80 5 
V1 3906270 1382800 3869241 1419828
V1 3869241 1419828 2900000 1419828
V1 2900000 1419828 1875000 1546280
V1 1875000 1546280 1197772 1546280
V1 1197772 1546280 1178332 1565720
Net81 5 
V1 3215180 1339600 3200780 1354000
V1 3200780 1354000 2900000 1354000
V1 2900000 1354000 1875000 1492280
V1 1875000 1492280 1264020 1492280
V1 1264020 1492280 1242420 1513880
Net82 5 
V1 3346820 1339600 3318020 1368400
V1 3318020 1368400 2900000 1368400
V1 2900000 1368400 1875000 1496600
V1 1875000 1496600 1323790 1496600
V1 1323790 1496600 1306510 1513880
