Nets 32
Net13 5 
V2 3857770 1685200 3846970 1696000
V2 3846970 1696000 2900000 1696000
V2 2900000 1696000 1875000 1874909
V2 1875000 1874909 1255620 1874909
V2 1255620 1874909 1238960 1891570
Net14 5 
V2 3944372 1685200 3922772 1706800
V2 3922772 1706800 2900000 1706800
V2 2900000 1706800 1875000 1880464
V2 1875000 1880464 1433656 1880464
V2 1433656 1880464 1422550 1891570
Net15 5 
V2 4030980 1685200 3998580 1717600
V2 3998580 1717600 2900000 1717600
V2 2900000 1717600 1875000 1886018
V2 1875000 1886018 1519901 1886018
V2 1519901 1886018 1514350 1891570
Net16 5 
V2 4204180 1685200 4189780 1670800
V2 4189780 1670800 2900000 1670800
V2 2900000 1670800 1875000 1869355
V2 1875000 1869355 343184 1869355
V2 343184 1869355 320970 1891570
Net20 5 
V2 3641267 1642000 3626867 1656400
V2 3626867 1656400 2900000 1656400
V2 2900000 1656400 1875000 1863801
V2 1875000 1863801 1129031 1863801
V2 1129031 1863801 1101260 1836030
Net21 5 
V2 3727870 1642000 3720670 1634800
V2 3720670 1634800 2900000 1634800
V2 2900000 1634800 1875000 1858247
V2 1875000 1858247 1215277 1858247
V2 1215277 1858247 1193060 1836030
Net22 5 
V2 3814470 1642000 3800070 1627600
V2 3800070 1627600 2900000 1627600
V2 2900000 1627600 1875000 1852692
V2 1875000 1852692 1301520 1852692
V2 1301520 1852692 1284857 1836030
Net23 5 
V2 3987677 1642000 3966077 1620400
V2 3966077 1620400 2900000 1620400
V2 2900000 1620400 1875000 1847138
V2 1875000 1847138 1387761 1847138
V2 1387761 1847138 1376652 1836030
Net24 5 
V2 4074280 1642000 4045480 1613200
V2 4045480 1613200 2900000 1613200
V2 2900000 1613200 1875000 1841584
V2 1875000 1841584 1474004 1841584
V2 1474004 1841584 1468450 1836030
Net27 5 
V2 3338160 1598800 3333840 1594480
V2 3333840 1594480 2900000 1594480
V2 2900000 1594480 1875000 1822144
V2 1875000 1822144 821616 1822144
V2 821616 1822144 779960 1780487
Net28 5 
V2 3424760 1598800 3416120 1590160
V2 3416120 1590160 2900000 1590160
V2 2900000 1590160 1875000 1815201
V2 1875000 1815201 906473 1815201
V2 906473 1815201 871760 1780487
Net29 5 
V2 3511360 1598800 3498400 1585840
V2 3498400 1585840 2900000 1585840
V2 2900000 1585840 1875000 1808258
V2 1875000 1808258 991331 1808258
V2 991331 1808258 963560 1780487
Net30 5 
V2 3684570 1598800 3667290 1581520
V2 3667290 1581520 2900000 1581520
V2 2900000 1581520 1875000 1801315
V2 1875000 1801315 1076188 1801315
V2 1076188 1801315 1055360 1780487
Net31 5 
V2 3771170 1598800 3749570 1577200
V2 3749570 1577200 2900000 1577200
V2 2900000 1577200 1875000 1794373
V2 1875000 1794373 1252845 1794373
V2 1252845 1794373 1238960 1780487
Net32 5 
V2 3857770 1598800 3831850 1572880
V2 3831850 1572880 2900000 1572880
V2 2900000 1572880 1875000 1787430
V2 1875000 1787430 1337695 1787430
V2 1337695 1787430 1330752 1780487
Net33 5 
V2 4030980 1598800 4000740 1568560
V2 4000740 1568560 2900000 1568560
V2 2900000 1568560 1875000 1761968
V2 1875000 1761968 1532869 1761968
V2 1532869 1761968 1514350 1780487
Net34 5 
V2 4117580 1598800 4110380 1606000
V2 4110380 1606000 2900000 1606000
V2 2900000 1606000 1875000 1829086
V2 1875000 1829086 1567193 1829086
V2 1567193 1829086 1560250 1836030
Net35 5 
V2 4204180 1598800 4169620 1564240
V2 4169620 1564240 2900000 1564240
V2 2900000 1564240 1875000 1743454
V2 1875000 1743454 358003 1743454
V2 358003 1743454 320970 1780487
Net36 5 
V2 3208250 1555600 3203930 1559920
V2 3203930 1559920 2900000 1559920
V2 2900000 1559920 1875000 1697171
V2 1875000 1697171 578236 1697171
V2 578236 1697171 550467 1724940
Net60 5 
V2 4074280 1469200 4052680 1490800
V2 4052680 1490800 2900000 1490800
V2 2900000 1490800 1875000 1650888
V2 1875000 1650888 1532862 1650888
V2 1532862 1650888 1514350 1669400
Net61 5 
V2 4160880 1469200 4146480 1454800
V2 4146480 1454800 2900000 1454800
V2 2900000 1454800 1875000 1632374
V2 1875000 1632374 293584 1632374
V2 293584 1632374 275070 1613860
Net64 5 
V2 3511360 1426000 3496960 1440400
V2 3496960 1440400 2900000 1440400
V2 2900000 1440400 1875000 1599969
V2 1875000 1599969 729819 1599969
V2 729819 1599969 688162 1558312
Net65 5 
V2 3597962 1426000 3593642 1421680
V2 3593642 1421680 2900000 1421680
V2 2900000 1421680 1875000 1586083
V2 1875000 1586083 807731 1586083
V2 807731 1586083 779960 1558312
Net66 5 
V2 3684570 1426000 3675930 1417360
V2 3675930 1417360 2900000 1417360
V2 2900000 1417360 1875000 1572198
V2 1875000 1572198 885645 1572198
V2 885645 1572198 871760 1558312
Net71 5 
V2 3208250 1382800 3203930 1387120
V2 3203930 1387120 2900000 1387120
V2 2900000 1387120 1875000 1484255
V2 1875000 1484255 385384 1484255
V2 385384 1484255 366870 1502770
Net74 5 
V2 3468060 1382800 3459420 1391440
V2 3459420 1391440 2900000 1391440
V2 2900000 1391440 1875000 1510704
V2 1875000 1510704 1011168 1510704
V2 1011168 1510704 963560 1558312
Net75 5 
V2 3641267 1382800 3628307 1395760
V2 3628307 1395760 2900000 1395760
V2 2900000 1395760 1875000 1518639
V2 1875000 1518639 1095033 1518639
V2 1095033 1518639 1055360 1558312
Net76 5 
V2 3814470 1382800 3797190 1400080
V2 3797190 1400080 2900000 1400080
V2 2900000 1400080 1875000 1526573
V2 1875000 1526573 1178899 1526573
V2 1178899 1526573 1147160 1558312
Net77 5 
V2 3901070 1382800 3879470 1404400
V2 3879470 1404400 2900000 1404400
V2 2900000 1404400 1875000 1534508
V2 1875000 1534508 1262764 1534508
V2 1262764 1534508 1238960 1558312
Net78 5 
V2 3987677 1382800 3961757 1408720
V2 3961757 1408720 2900000 1408720
V2 2900000 1408720 1875000 1542442
V2 1875000 1542442 1438420 1542442
V2 1438420 1542442 1422550 1558312
Net79 5 
V2 4074280 1382800 4044040 1413040
V2 4044040 1413040 2900000 1413040
V2 2900000 1413040 1875000 1550377
V2 1875000 1550377 1522285 1550377
V2 1522285 1550377 1514350 1558312
Net80 5 
V2 4160880 1382800 4139280 1361200
V2 4139280 1361200 2900000 1361200
V2 2900000 1361200 1875000 1465741
V2 1875000 1465741 312098 1465741
V2 312098 1465741 275070 1502770
