Nets 40
Net0 5 
V1 2697430 1728400 2691257 1734572
V1 2691257 1734572 2400000 1734572
V1 2400000 1734572 1875000 1856600
V1 1875000 1856600 943860 1856600
V1 943860 1856600 915060 1885400
Net1 5 
V1 2853310 1728400 2840966 1740743
V1 2840966 1740743 2400000 1740743
V1 2400000 1740743 1875000 1861400
V1 1875000 1861400 1094950 1861400
V1 1094950 1861400 1070950 1885400
Net2 5 
V1 2931252 1728400 2912737 1746915
V1 2912737 1746915 2400000 1746915
V1 2400000 1746915 1875000 1866200
V1 1875000 1866200 1168090 1866200
V1 1168090 1866200 1148890 1885400
Net3 5 
V1 3087140 1728400 3062453 1753086
V1 3062453 1753086 2400000 1753086
V1 2400000 1753086 1875000 1871000
V1 1875000 1871000 1319172 1871000
V1 1319172 1871000 1304772 1885400
Net4 5 
V1 3165080 1728400 3134222 1759257
V1 3134222 1759257 2400000 1759257
V1 2400000 1759257 1875000 1875800
V1 1875000 1875800 1392320 1875800
V1 1392320 1875800 1382720 1885400
Net5 5 
V1 3320970 1728400 3283941 1765428
V1 3283941 1765428 2400000 1765428
V1 2400000 1765428 1875000 1880600
V1 1875000 1880600 1543400 1880600
V1 1543400 1880600 1538600 1885400
Net7 5 
V1 2736400 1685200 2722000 1699600
V1 2722000 1699600 2400000 1699600
V1 2400000 1699600 1875000 1847000
V1 1875000 1847000 802950 1847000
V1 802950 1847000 798150 1842200
Net8 5 
V1 2814340 1685200 2799940 1670800
V1 2799940 1670800 2400000 1670800
V1 2400000 1670800 1875000 1827800
V1 1875000 1827800 890490 1827800
V1 890490 1827800 876090 1842200
Net16 5 
V1 3593762 1685200 3564962 1714000
V1 3564962 1714000 2400000 1714000
V1 2400000 1714000 1875000 1851800
V1 1875000 1851800 729810 1851800
V1 729810 1851800 720210 1842200
Net17 5 
V1 2697430 1642000 2688790 1633360
V1 2688790 1633360 2400000 1633360
V1 2400000 1633360 1875000 1790360
V1 1875000 1790360 845760 1790360
V1 845760 1790360 837120 1799000
Net18 5 
V1 2775370 1642000 2760970 1656400
V1 2760970 1656400 2400000 1656400
V1 2400000 1656400 1875000 1813400
V1 1875000 1813400 929460 1813400
V1 929460 1813400 915060 1799000
Net25 5 
V1 3554790 1642000 3537510 1624720
V1 3537510 1624720 2400000 1624720
V1 2400000 1624720 1875000 1781720
V1 1875000 1781720 698517 1781720
V1 698517 1781720 681237 1799000
Net26 5 
V1 2736400 1598800 2727760 1607440
V1 2727760 1607440 2400000 1607440
V1 2400000 1607440 1875000 1764440
V1 1875000 1764440 806790 1764440
V1 806790 1764440 798150 1755800
Net27 5 
V1 2814340 1598800 2799940 1584400
V1 2799940 1584400 2400000 1584400
V1 2400000 1584400 1875000 1741400
V1 1875000 1741400 890490 1741400
V1 890490 1741400 876090 1755800
Net35 5 
V1 3593762 1598800 3576482 1616080
V1 3576482 1616080 2400000 1616080
V1 2400000 1616080 1875000 1773080
V1 1875000 1773080 737490 1773080
V1 737490 1773080 720210 1755800
Net36 5 
V1 2697430 1555600 2692630 1550800
V1 2692630 1550800 2400000 1550800
V1 2400000 1550800 1875000 1691000
V1 1875000 1691000 780780 1691000
V1 780780 1691000 759180 1712600
Net37 5 
V1 2775370 1555600 2760970 1570000
V1 2760970 1570000 2400000 1570000
V1 2400000 1570000 1875000 1727000
V1 1875000 1727000 929460 1727000
V1 929460 1727000 915060 1712600
Net44 5 
V1 2814340 1512400 2809540 1507600
V1 2809540 1507600 2400000 1507600
V1 2400000 1507600 1875000 1631000
V1 1875000 1631000 836550 1631000
V1 836550 1631000 798150 1669400
Net45 5 
V1 2892280 1512400 2887480 1517200
V1 2887480 1517200 2400000 1517200
V1 2400000 1517200 1875000 1635800
V1 1875000 1635800 909690 1635800
V1 909690 1635800 876090 1669400
Net46 5 
V1 2970227 1512400 2960627 1522000
V1 2960627 1522000 2400000 1522000
V1 2400000 1522000 1875000 1640600
V1 1875000 1640600 982830 1640600
V1 982830 1640600 954030 1669400
Net47 5 
V1 3048170 1512400 3033770 1526800
V1 3033770 1526800 2400000 1526800
V1 2400000 1526800 1875000 1645400
V1 1875000 1645400 1055980 1645400
V1 1055980 1645400 1031980 1669400
Net48 5 
V1 3204050 1512400 3184850 1531600
V1 3184850 1531600 2400000 1531600
V1 2400000 1531600 1875000 1650200
V1 1875000 1650200 1207060 1650200
V1 1207060 1650200 1187860 1669400
Net49 5 
V1 3281997 1512400 3257997 1536400
V1 3257997 1536400 2400000 1536400
V1 2400000 1536400 1875000 1655000
V1 1875000 1655000 1358147 1655000
V1 1358147 1655000 1343747 1669400
Net50 5 
V1 3359940 1512400 3331140 1541200
V1 3331140 1541200 2400000 1541200
V1 2400000 1541200 1875000 1659800
V1 1875000 1659800 1509230 1659800
V1 1509230 1659800 1499630 1669400
Net51 5 
V1 3515820 1512400 3482220 1546000
V1 3482220 1546000 2400000 1546000
V1 2400000 1546000 1875000 1664600
V1 1875000 1664600 1582370 1664600
V1 1582370 1664600 1577570 1669400
Net52 5 
V1 2697430 1469200 2692630 1474000
V1 2692630 1474000 2400000 1474000
V1 2400000 1474000 1875000 1595960
V1 1875000 1595960 789420 1595960
V1 789420 1595960 759180 1626200
Net53 5 
V1 2775370 1469200 2765770 1478800
V1 2765770 1478800 2400000 1478800
V1 2400000 1478800 1875000 1600280
V1 1875000 1600280 863040 1600280
V1 863040 1600280 837120 1626200
Net54 5 
V1 2931252 1469200 2916852 1483600
V1 2916852 1483600 2400000 1483600
V1 2400000 1483600 1875000 1604600
V1 1875000 1604600 1014602 1604600
V1 1014602 1604600 993002 1626200
Net57 5 
V1 3243020 1469200 3223820 1488400
V1 3223820 1488400 2400000 1488400
V1 2400000 1488400 1875000 1608920
V1 1875000 1608920 1322052 1608920
V1 1322052 1608920 1304772 1626200
Net58 5 
V1 3320970 1469200 3296970 1493200
V1 3296970 1493200 2400000 1493200
V1 2400000 1493200 1875000 1613240
V1 1875000 1613240 1395680 1613240
V1 1395680 1613240 1382720 1626200
Net59 5 
V1 3398910 1469200 3370110 1498000
V1 3370110 1498000 2400000 1498000
V1 2400000 1498000 1875000 1617560
V1 1875000 1617560 1469300 1617560
V1 1469300 1617560 1460660 1626200
Net60 5 
V1 3476850 1469200 3443250 1502800
V1 3443250 1502800 2400000 1502800
V1 2400000 1502800 1875000 1621880
V1 1875000 1621880 1542920 1621880
V1 1542920 1621880 1538600 1626200
Net62 5 
V1 2736400 1426000 2722000 1440400
V1 2722000 1440400 2400000 1440400
V1 2400000 1440400 1875000 1587320
V1 1875000 1587320 802470 1587320
V1 802470 1587320 798150 1583000
Net63 5 
V1 2892280 1426000 2877880 1411600
V1 2877880 1411600 2400000 1411600
V1 2400000 1411600 1875000 1568600
V1 1875000 1568600 890490 1568600
V1 890490 1568600 876090 1583000
Net70 5 
V1 3593762 1426000 3564962 1454800
V1 3564962 1454800 2400000 1454800
V1 2400000 1454800 1875000 1591640
V1 1875000 1591640 728850 1591640
V1 728850 1591640 720210 1583000
Net71 5 
V1 2697430 1382800 2688790 1374160
V1 2688790 1374160 2400000 1374160
V1 2400000 1374160 1875000 1531160
V1 1875000 1531160 845760 1531160
V1 845760 1531160 837120 1539800
Net72 5 
V1 2775370 1382800 2760970 1397200
V1 2760970 1397200 2400000 1397200
V1 2400000 1397200 1875000 1554200
V1 1875000 1554200 929460 1554200
V1 929460 1554200 915060 1539800
Net80 5 
V1 3554790 1382800 3537510 1365520
V1 3537510 1365520 2400000 1365520
V1 2400000 1365520 1875000 1522520
V1 1875000 1522520 698517 1522520
V1 698517 1522520 681237 1539800
Net81 5 
V1 2736400 1339600 2727760 1348240
V1 2727760 1348240 2400000 1348240
V1 2400000 1348240 1875000 1505240
V1 1875000 1505240 962670 1505240
V1 962670 1505240 954030 1496600
Net87 5 
V1 3593762 1339600 3576482 1356880
V1 3576482 1356880 2400000 1356880
V1 2400000 1356880 1875000 1513880
V1 1875000 1513880 737490 1513880
V1 737490 1513880 720210 1496600
