Nets 11
Net8 5 
M3 3957492 1722230 3929721 1750001
M3 3929721 1750001 2400000 1750001
M3 2400000 1750001 1875000 1811960
M3 1875000 1811960 1594000 1811960
M3 1594000 1811960 1581040 1824920
Net29 5 
M3 3481180 1611140 3462660 1629659
M3 3462660 1629659 2400000 1629659
M3 2400000 1629659 1875000 1760120
M3 1875000 1760120 1325530 1760120
M3 1325530 1760120 1312570 1773080
Net30 5 
M3 3671710 1611140 3634676 1648173
M3 3634676 1648173 2400000 1648173
M3 2400000 1648173 1875000 1766600
M3 1875000 1766600 1426437 1766600
M3 1426437 1766600 1419957 1773080
Net43 5 
M3 4005130 1555600 3977361 1583368
M3 3977361 1583368 2400000 1583368
M3 2400000 1583368 1875000 1753640
M3 1875000 1753640 1278312 1753640
M3 1278312 1753640 1258872 1773080
Net52 5 
M3 3957492 1500060 3929723 1527828
M3 3929723 1527828 2400000 1527828
M3 2400000 1527828 1875000 1630520
M3 1875000 1630520 1620840 1630520
M3 1620840 1630520 1607880 1643480
Net59 5 
M3 3433550 1444512 3405773 1472288
M3 3405773 1472288 2400000 1472288
M3 2400000 1472288 1875000 1604600
M3 1875000 1604600 1540300 1604600
M3 1540300 1604600 1527340 1617560
Net73 5 
M3 3671710 1388970 3660601 1400078
M3 3660601 1400078 2400000 1400078
M3 2400000 1400078 1875000 1496600
M3 1875000 1496600 1544620 1496600
M3 1544620 1496600 1527340 1513880
Net74 5 
M3 3766970 1388970 3744753 1411187
M3 3744753 1411187 2400000 1411187
M3 2400000 1411187 1875000 1505240
M3 1875000 1505240 1589680 1505240
M3 1589680 1505240 1581040 1513880
Net75 5 
M3 3862230 1388970 3828904 1422295
M3 3828904 1422295 2400000 1422295
M3 2400000 1422295 1875000 1522520
M3 1875000 1522520 1571470 1522520
M3 1571470 1522520 1554190 1539800
Net76 5 
M3 3957492 1388970 3913058 1433404
M3 3913058 1433404 2400000 1433404
M3 2400000 1433404 1875000 1531160
M3 1875000 1531160 1616520 1531160
M3 1616520 1531160 1607880 1539800
Net83 5 
M3 3433550 1333430 3405781 1361198
M3 3405781 1361198 2400000 1361198
M3 2400000 1361198 1875000 1475000
M3 1875000 1475000 1352377 1475000
M3 1352377 1475000 1339417 1487960
