Nets 27
Net4 5 
M2 3481180 1722230 3462665 1740744
M2 3462665 1740744 2400000 1740744
M2 2400000 1740744 1875000 1833560
M2 1875000 1833560 1548090 1833560
M2 1548090 1833560 1530810 1850840
Net5 5 
M2 3576440 1722230 3539411 1759258
M2 3539411 1759258 2400000 1759258
M2 2400000 1759258 1875000 1842200
M2 1875000 1842200 1603530 1842200
M2 1603530 1842200 1594890 1850840
Net7 5 
M2 3862230 1722230 3848344 1708344
M2 3848344 1708344 2400000 1708344
M2 2400000 1708344 1875000 1818440
M2 1875000 1818440 1505240 1818440
M2 1505240 1818440 1498760 1824920
Net10 5 
M2 2766710 1666687 2752824 1680573
M2 2752824 1680573 2400000 1680573
M2 2400000 1680573 1875000 1805480
M2 1875000 1805480 1261860 1805480
M2 1261860 1805480 1242420 1824920
Net11 5 
M2 2861970 1666687 2834198 1694459
M2 2834198 1694459 2400000 1694459
M2 2400000 1694459 1875000 1811960
M2 1875000 1811960 1319470 1811960
M2 1319470 1811960 1306510 1824920
Net16 5 
M2 3433550 1666687 3425615 1658753
M2 3425615 1658753 2400000 1658753
M2 2400000 1658753 1875000 1786040
M2 1875000 1786040 1479680 1786040
M2 1479680 1786040 1466720 1799000
Net18 5 
M2 3624077 1666687 3608208 1650818
M2 3608208 1650818 2400000 1650818
M2 2400000 1650818 1875000 1760120
M2 1875000 1760120 1511720 1760120
M2 1511720 1760120 1498760 1773080
Net21 5 
M2 3909860 1666687 3886056 1642884
M2 3886056 1642884 2400000 1642884
M2 2400000 1642884 1875000 1741976
M2 1875000 1741976 1600074 1741976
M2 1600074 1741976 1594890 1747160
Net27 5 
M2 3195390 1611140 3187449 1619080
M2 3187449 1619080 2400000 1619080
M2 2400000 1619080 1875000 1726424
M2 1875000 1726424 1359286 1726424
M2 1359286 1726424 1338550 1747160
Net31 5 
M2 3766970 1611140 3751095 1627015
M2 3751095 1627015 2400000 1627015
M2 2400000 1627015 1875000 1731608
M2 1875000 1731608 1418189 1731608
M2 1418189 1731608 1402637 1747160
Net32 5 
M2 3957492 1611140 3933683 1634949
M2 3933683 1634949 2400000 1634949
M2 2400000 1634949 1875000 1736792
M2 1875000 1736792 1541178 1736792
M2 1541178 1736792 1530810 1747160
Net34 5 
M2 2766710 1555600 2755604 1566706
M2 2755604 1566706 2400000 1566706
M2 2400000 1566706 1875000 1703960
M2 1875000 1703960 1259700 1703960
M2 1259700 1703960 1242420 1721240
Net38 5 
M2 3338290 1555600 3329033 1546343
M2 3329033 1546343 2400000 1546343
M2 2400000 1546343 1875000 1699640
M2 1875000 1699640 1471040 1699640
M2 1471040 1699640 1466720 1695320
Net39 5 
M2 3528810 1555600 3510296 1537086
M2 3510296 1537086 2400000 1537086
M2 2400000 1537086 1875000 1682360
M2 1875000 1682360 1607850 1682360
M2 1607850 1682360 1594890 1695320
Net40 5 
M2 3624077 1555600 3601863 1577814
M2 3601863 1577814 2400000 1577814
M2 2400000 1577814 1875000 1708280
M2 1875000 1708280 1447640 1708280
M2 1447640 1708280 1434680 1721240
Net41 5 
M2 3814600 1555600 3781277 1588923
M2 3781277 1588923 2400000 1588923
M2 2400000 1588923 1875000 1712600
M2 1875000 1712600 1507400 1712600
M2 1507400 1712600 1498760 1721240
Net42 5 
M2 3909860 1555600 3865428 1600031
M2 3865428 1600031 2400000 1600031
M2 2400000 1600031 1875000 1716920
M2 1875000 1716920 1567170 1716920
M2 1567170 1716920 1562850 1721240
Net44 5 
M2 2814340 1500060 2805085 1509315
M2 2805085 1509315 2400000 1509315
M2 2400000 1509315 1875000 1626200
M2 1875000 1626200 1291740 1626200
M2 1291740 1626200 1274460 1643480
Net50 5 
M2 3671710 1500060 3653198 1518572
M2 3653198 1518572 2400000 1518572
M2 2400000 1518572 1875000 1634840
M2 1875000 1634840 1475360 1634840
M2 1475360 1634840 1466720 1643480
Net51 5 
M2 3766970 1500060 3739201 1527829
M2 3739201 1527829 2400000 1527829
M2 2400000 1527829 1875000 1656440
M2 1875000 1656440 1575810 1656440
M2 1575810 1656440 1562850 1669400
Net53 5 
M2 4052760 1500060 4034246 1481546
M2 4034246 1481546 2400000 1481546
M2 2400000 1481546 1875000 1604600
M2 1875000 1604600 1191292 1604600
M2 1191292 1604600 1178332 1617560
Net61 5 
M2 3624077 1444512 3605558 1463032
M2 3605558 1463032 2400000 1463032
M2 2400000 1463032 1875000 1559240
M2 1875000 1559240 1441160 1559240
M2 1441160 1559240 1434680 1565720
Net67 5 
M2 2909602 1388970 2891088 1407484
M2 2891088 1407484 2400000 1407484
M2 2400000 1407484 1875000 1546280
M2 1875000 1546280 1261860 1546280
M2 1261860 1546280 1242420 1565720
Net70 5 
M2 3195390 1388970 3158361 1425998
M2 3158361 1425998 2400000 1425998
M2 2400000 1425998 1875000 1552760
M2 1875000 1552760 1319470 1552760
M2 1319470 1552760 1306510 1565720
Net72 5 
M2 3576440 1388970 3562554 1375084
M2 3562554 1375084 2400000 1375084
M2 2400000 1375084 1875000 1507400
M2 1875000 1507400 1441160 1507400
M2 1441160 1507400 1434680 1513880
Net81 5 
M2 3147760 1333430 3133876 1347313
M2 3133876 1347313 2400000 1347313
M2 2400000 1347313 1875000 1494440
M2 1875000 1494440 1261860 1494440
M2 1261860 1494440 1242420 1513880
Net82 5 
M2 3338290 1333430 3310521 1361199
M2 3310521 1361199 2400000 1361199
M2 2400000 1361199 1875000 1500920
M2 1875000 1500920 1319470 1500920
M2 1319470 1500920 1306510 1513880
