Nets 40
Net0 5 
V1 2697430 1728400 2691257 1734572
V1 2691257 1734572 2400000 1734572
V1 2400000 1734572 1875000 1856600
V1 1875000 1856600 1062077 1856600
V1 1062077 1856600 1033277 1885400
Net1 5 
V1 2853310 1728400 2840966 1740743
V1 2840966 1740743 2400000 1740743
V1 2400000 1740743 1875000 1861400
V1 1875000 1861400 1188910 1861400
V1 1188910 1861400 1164910 1885400
Net2 5 
V1 2931252 1728400 2912737 1746915
V1 2912737 1746915 2400000 1746915
V1 2400000 1746915 1875000 1866200
V1 1875000 1866200 1249930 1866200
V1 1249930 1866200 1230730 1885400
Net3 5 
V1 3087140 1728400 3062453 1753086
V1 3062453 1753086 2400000 1753086
V1 2400000 1753086 1875000 1871000
V1 1875000 1871000 1376762 1871000
V1 1376762 1871000 1362362 1885400
Net4 5 
V1 3165080 1728400 3134222 1759257
V1 3134222 1759257 2400000 1759257
V1 2400000 1759257 1875000 1875800
V1 1875000 1875800 1437780 1875800
V1 1437780 1875800 1428180 1885400
Net5 5 
V1 3320970 1728400 3283941 1765428
V1 3283941 1765428 2400000 1765428
V1 2400000 1765428 1875000 1880600
V1 1875000 1880600 1564620 1880600
V1 1564620 1880600 1559820 1885400
Net7 5 
V1 2736400 1685200 2722000 1699600
V1 2722000 1699600 2400000 1699600
V1 2400000 1699600 1875000 1847000
V1 1875000 1847000 939350 1847000
V1 939350 1847000 934550 1842200
Net8 5 
V1 2814340 1685200 2799940 1670800
V1 2799940 1670800 2400000 1670800
V1 2400000 1670800 1875000 1827800
V1 1875000 1827800 1014770 1827800
V1 1014770 1827800 1000370 1842200
Net16 5 
V1 3593762 1685200 3564962 1714000
V1 3564962 1714000 2400000 1714000
V1 2400000 1714000 1875000 1851800
V1 1875000 1851800 878330 1851800
V1 878330 1851800 868730 1842200
Net17 5 
V1 2697430 1642000 2688790 1633360
V1 2688790 1633360 2400000 1633360
V1 2400000 1633360 1875000 1790360
V1 1875000 1790360 976100 1790360
V1 976100 1790360 967460 1799000
Net18 5 
V1 2775370 1642000 2760970 1656400
V1 2760970 1656400 2400000 1656400
V1 2400000 1656400 1875000 1813400
V1 1875000 1813400 1047677 1813400
V1 1047677 1813400 1033277 1799000
Net25 5 
V1 3554790 1642000 3537510 1624720
V1 3537510 1624720 2400000 1624720
V1 2400000 1624720 1875000 1781720
V1 1875000 1781720 853100 1781720
V1 853100 1781720 835820 1799000
Net26 5 
V1 2736400 1598800 2727760 1607440
V1 2727760 1607440 2400000 1607440
V1 2400000 1607440 1875000 1764440
V1 1875000 1764440 943190 1764440
V1 943190 1764440 934550 1755800
Net27 5 
V1 2814340 1598800 2799940 1584400
V1 2799940 1584400 2400000 1584400
V1 2400000 1584400 1875000 1741400
V1 1875000 1741400 1014770 1741400
V1 1014770 1741400 1000370 1755800
Net35 5 
V1 3593762 1598800 3576482 1616080
V1 3576482 1616080 2400000 1616080
V1 2400000 1616080 1875000 1773080
V1 1875000 1773080 886010 1773080
V1 886010 1773080 868730 1755800
Net36 5 
V1 2697430 1555600 2692630 1550800
V1 2692630 1550800 2400000 1550800
V1 2400000 1550800 1875000 1691000
V1 1875000 1691000 923240 1691000
V1 923240 1691000 901640 1712600
Net37 5 
V1 2775370 1555600 2760970 1570000
V1 2760970 1570000 2400000 1570000
V1 2400000 1570000 1875000 1727000
V1 1875000 1727000 1047677 1727000
V1 1047677 1727000 1033277 1712600
Net44 5 
V1 2814340 1512400 2809540 1507600
V1 2809540 1507600 2400000 1507600
V1 2400000 1507600 1875000 1631000
V1 1875000 1631000 972950 1631000
V1 972950 1631000 934550 1669400
Net45 5 
V1 2892280 1512400 2887480 1517200
V1 2887480 1517200 2400000 1517200
V1 2400000 1517200 1875000 1635800
V1 1875000 1635800 1033970 1635800
V1 1033970 1635800 1000370 1669400
Net46 5 
V1 2970227 1512400 2960627 1522000
V1 2960627 1522000 2400000 1522000
V1 2400000 1522000 1875000 1640600
V1 1875000 1640600 1094982 1640600
V1 1094982 1640600 1066182 1669400
Net47 5 
V1 3048170 1512400 3033770 1526800
V1 3033770 1526800 2400000 1526800
V1 2400000 1526800 1875000 1645400
V1 1875000 1645400 1156000 1645400
V1 1156000 1645400 1132000 1669400
Net48 5 
V1 3204050 1512400 3184850 1531600
V1 3184850 1531600 2400000 1531600
V1 2400000 1531600 1875000 1650200
V1 1875000 1650200 1282840 1650200
V1 1282840 1650200 1263640 1669400
Net49 5 
V1 3281997 1512400 3257997 1536400
V1 3257997 1536400 2400000 1536400
V1 2400000 1536400 1875000 1655000
V1 1875000 1655000 1409670 1655000
V1 1409670 1655000 1395270 1669400
Net50 5 
V1 3359940 1512400 3331140 1541200
V1 3331140 1541200 2400000 1541200
V1 2400000 1541200 1875000 1659800
V1 1875000 1659800 1536510 1659800
V1 1536510 1659800 1526910 1669400
Net51 5 
V1 3515820 1512400 3482220 1546000
V1 3482220 1546000 2400000 1546000
V1 2400000 1546000 1875000 1664600
V1 1875000 1664600 1597530 1664600
V1 1597530 1664600 1592730 1669400
Net52 5 
V1 2697430 1469200 2692630 1474000
V1 2692630 1474000 2400000 1474000
V1 2400000 1474000 1875000 1595960
V1 1875000 1595960 931880 1595960
V1 931880 1595960 901640 1626200
Net53 5 
V1 2775370 1469200 2765770 1478800
V1 2765770 1478800 2400000 1478800
V1 2400000 1478800 1875000 1600280
V1 1875000 1600280 993380 1600280
V1 993380 1600280 967460 1626200
Net54 5 
V1 2931252 1469200 2916852 1483600
V1 2916852 1483600 2400000 1483600
V1 2400000 1483600 1875000 1604600
V1 1875000 1604600 1120690 1604600
V1 1120690 1604600 1099090 1626200
Net57 5 
V1 3243020 1469200 3223820 1488400
V1 3223820 1488400 2400000 1488400
V1 2400000 1488400 1875000 1608920
V1 1875000 1608920 1379642 1608920
V1 1379642 1608920 1362362 1626200
Net58 5 
V1 3320970 1469200 3296970 1493200
V1 3296970 1493200 2400000 1493200
V1 2400000 1493200 1875000 1613240
V1 1875000 1613240 1441140 1613240
V1 1441140 1613240 1428180 1626200
Net59 5 
V1 3398910 1469200 3370110 1498000
V1 3370110 1498000 2400000 1498000
V1 2400000 1498000 1875000 1617560
V1 1875000 1617560 1502640 1617560
V1 1502640 1617560 1494000 1626200
Net60 5 
V1 3476850 1469200 3443250 1502800
V1 3443250 1502800 2400000 1502800
V1 2400000 1502800 1875000 1621880
V1 1875000 1621880 1564140 1621880
V1 1564140 1621880 1559820 1626200
Net62 5 
V1 2736400 1426000 2722000 1440400
V1 2722000 1440400 2400000 1440400
V1 2400000 1440400 1875000 1587320
V1 1875000 1587320 938870 1587320
V1 938870 1587320 934550 1583000
Net63 5 
V1 2892280 1426000 2877880 1411600
V1 2877880 1411600 2400000 1411600
V1 2400000 1411600 1875000 1568600
V1 1875000 1568600 1014770 1568600
V1 1014770 1568600 1000370 1583000
Net70 5 
V1 3593762 1426000 3564962 1454800
V1 3564962 1454800 2400000 1454800
V1 2400000 1454800 1875000 1591640
V1 1875000 1591640 877370 1591640
V1 877370 1591640 868730 1583000
Net71 5 
V1 2697430 1382800 2688790 1374160
V1 2688790 1374160 2400000 1374160
V1 2400000 1374160 1875000 1531160
V1 1875000 1531160 976100 1531160
V1 976100 1531160 967460 1539800
Net72 5 
V1 2775370 1382800 2760970 1397200
V1 2760970 1397200 2400000 1397200
V1 2400000 1397200 1875000 1554200
V1 1875000 1554200 1047677 1554200
V1 1047677 1554200 1033277 1539800
Net80 5 
V1 3554790 1382800 3537510 1365520
V1 3537510 1365520 2400000 1365520
V1 2400000 1365520 1875000 1522520
V1 1875000 1522520 853100 1522520
V1 853100 1522520 835820 1539800
Net81 5 
V1 2736400 1339600 2727760 1348240
V1 2727760 1348240 2400000 1348240
V1 2400000 1348240 1875000 1505240
V1 1875000 1505240 1074822 1505240
V1 1074822 1505240 1066182 1496600
Net87 5 
V1 3593762 1339600 3576482 1356880
V1 3576482 1356880 2400000 1356880
V1 2400000 1356880 1875000 1513880
V1 1875000 1513880 886010 1513880
V1 886010 1513880 868730 1496600
