Nets 34
Net0 5 
V1 2719080 1722230 2711144 1730165
V1 2711144 1730165 2400000 1730165
V1 2400000 1730165 1875000 1853000
V1 1875000 1853000 863027 1853000
V1 863027 1853000 830627 1885400
Net1 5 
V1 2909602 1722230 2893732 1738100
V1 2893732 1738100 2400000 1738100
V1 2400000 1738100 1875000 1858400
V1 1875000 1858400 1030830 1858400
V1 1030830 1858400 1003830 1885400
Net2 5 
V1 3004870 1722230 2981065 1746034
V1 2981065 1746034 2400000 1746034
V1 2400000 1746034 1875000 1863800
V1 1875000 1863800 1112030 1863800
V1 1112030 1863800 1090430 1885400
Net3 5 
V1 3195390 1722230 3163651 1753969
V1 3163651 1753969 2400000 1753969
V1 2400000 1753969 1875000 1869200
V1 1875000 1869200 1279840 1869200
V1 1279840 1869200 1263640 1885400
Net4 5 
V1 3481180 1722230 3441506 1761903
V1 3441506 1761903 2400000 1761903
V1 2400000 1761903 1875000 1874600
V1 1875000 1874600 1361040 1874600
V1 1361040 1874600 1350240 1885400
Net5 5 
V1 3576440 1722230 3528832 1769838
V1 3528832 1769838 2400000 1769838
V1 2400000 1769838 1875000 1880000
V1 1875000 1880000 1528847 1880000
V1 1528847 1880000 1523447 1885400
Net7 5 
V1 3862230 1722230 3843716 1703716
V1 3843716 1703716 2400000 1703716
V1 2400000 1703716 1875000 1847600
V1 1875000 1847600 1485542 1847600
V1 1485542 1847600 1480142 1842200
Net8 5 
V1 3957492 1722230 3920464 1685202
V1 3920464 1685202 2400000 1685202
V1 2400000 1685202 1875000 1835000
V1 1875000 1835000 1573950 1835000
V1 1573950 1835000 1566750 1842200
Net10 5 
V1 2766710 1666687 2759767 1659744
V1 2759767 1659744 2400000 1659744
V1 2400000 1659744 1875000 1827800
V1 1875000 1827800 715120 1827800
V1 715120 1827800 700720 1842200
Net17 5 
V1 3528810 1666687 3514924 1652802
V1 3514924 1652802 2400000 1652802
V1 2400000 1652802 1875000 1820600
V1 1875000 1820600 1198637 1820600
V1 1198637 1820600 1177037 1799000
Net18 5 
V1 3624077 1666687 3603249 1645859
V1 3603249 1645859 2400000 1645859
V1 2400000 1645859 1875000 1813400
V1 1875000 1813400 1278040 1813400
V1 1278040 1813400 1263640 1799000
Net19 5 
V1 3719340 1666687 3691569 1638916
V1 3691569 1638916 2400000 1638916
V1 2400000 1638916 1875000 1806200
V1 1875000 1806200 1357440 1806200
V1 1357440 1806200 1350240 1799000
Net20 5 
V1 3814600 1666687 3779886 1631973
V1 3779886 1631973 2400000 1631973
V1 2400000 1631973 1875000 1794680
V1 1875000 1794680 1527767 1794680
V1 1527767 1794680 1523447 1799000
Net24 5 
V1 2909602 1611140 2902654 1618088
V1 2902654 1618088 2400000 1618088
V1 2400000 1618088 1875000 1786040
V1 1875000 1786040 843587 1786040
V1 843587 1786040 830627 1799000
Net25 5 
V1 3004870 1611140 2990979 1625031
V1 2990979 1625031 2400000 1625031
V1 2400000 1625031 1875000 1790360
V1 1875000 1790360 1012470 1790360
V1 1012470 1790360 1003830 1799000
Net27 5 
V1 3195390 1611140 3189218 1604968
V1 3189218 1604968 2400000 1604968
V1 2400000 1604968 1875000 1781720
V1 1875000 1781720 899850 1781720
V1 899850 1781720 873930 1755800
Net28 5 
V1 3385920 1611140 3373577 1598797
V1 3373577 1598797 2400000 1598797
V1 2400000 1598797 1875000 1777400
V1 1875000 1777400 982130 1777400
V1 982130 1777400 960530 1755800
Net29 5 
V1 3481180 1611140 3462666 1592626
V1 3462666 1592626 2400000 1592626
V1 2400000 1592626 1875000 1773080
V1 1875000 1773080 1064410 1773080
V1 1064410 1773080 1047130 1755800
Net30 5 
V1 3671710 1611140 3647025 1586455
V1 3647025 1586455 2400000 1586455
V1 2400000 1586455 1875000 1768760
V1 1875000 1768760 1146692 1768760
V1 1146692 1768760 1133732 1755800
Net31 5 
V1 3766970 1611140 3736113 1580283
V1 3736113 1580283 2400000 1580283
V1 2400000 1580283 1875000 1764440
V1 1875000 1764440 1315580 1764440
V1 1315580 1764440 1306940 1755800
Net32 5 
V1 3957492 1611140 3920465 1574112
V1 3920465 1574112 2400000 1574112
V1 2400000 1574112 1875000 1760120
V1 1875000 1760120 1484462 1760120
V1 1484462 1760120 1480142 1755800
Net33 5 
V1 4052760 1611140 4009561 1567941
V1 4009561 1567941 2400000 1567941
V1 2400000 1567941 1875000 1734200
V1 1875000 1734200 635720 1734200
V1 635720 1734200 614120 1755800
Net35 5 
V1 2957237 1555600 2951067 1561770
V1 2951067 1561770 2400000 1561770
V1 2400000 1561770 1875000 1691000
V1 1875000 1691000 679020 1691000
V1 679020 1691000 657420 1712600
Net45 5 
V1 2909602 1500060 2902661 1507000
V1 2902661 1507000 2400000 1507000
V1 2400000 1507000 1875000 1631600
V1 1875000 1631600 825122 1631600
V1 825122 1631600 787322 1669400
Net46 5 
V1 3100130 1500060 3086246 1513943
V1 3086246 1513943 2400000 1513943
V1 2400000 1513943 1875000 1637000
V1 1875000 1637000 906330 1637000
V1 906330 1637000 873930 1669400
Net47 5 
V1 3195390 1500060 3174563 1520886
V1 3174563 1520886 2400000 1520886
V1 2400000 1520886 1875000 1642400
V1 1875000 1642400 987530 1642400
V1 987530 1642400 960530 1669400
Net48 5 
V1 3385920 1500060 3358151 1527829
V1 3358151 1527829 2400000 1527829
V1 2400000 1527829 1875000 1647800
V1 1875000 1647800 1155332 1647800
V1 1155332 1647800 1133732 1669400
Net49 5 
V1 3481180 1500060 3446468 1534771
V1 3446468 1534771 2400000 1534771
V1 2400000 1534771 1875000 1653200
V1 1875000 1653200 1323140 1653200
V1 1323140 1653200 1306940 1669400
Net50 5 
V1 3671710 1500060 3630055 1541714
V1 3630055 1541714 2400000 1541714
V1 2400000 1541714 1875000 1658600
V1 1875000 1658600 1490942 1658600
V1 1490942 1658600 1480142 1669400
Net51 5 
V1 3766970 1500060 3718372 1548657
V1 3718372 1548657 2400000 1548657
V1 2400000 1548657 1875000 1664000
V1 1875000 1664000 1572150 1664000
V1 1572150 1664000 1566750 1669400
Net53 5 
V1 4052760 1500060 4024988 1472288
V1 4024988 1472288 2400000 1472288
V1 2400000 1472288 1875000 1561400
V1 1875000 1561400 635720 1561400
V1 635720 1561400 614120 1583000
Net71 5 
V1 3481180 1388970 3453408 1416741
V1 3453408 1416741 2400000 1416741
V1 2400000 1416741 1875000 1525400
V1 1875000 1525400 1018230 1525400
V1 1018230 1525400 1003830 1539800
Net77 5 
V1 4052760 1388970 4034246 1370456
V1 4034246 1370456 2400000 1370456
V1 2400000 1370456 1875000 1511000
V1 1875000 1511000 628520 1511000
V1 628520 1511000 614120 1496600
Net81 5 
V1 3147760 1333430 3129248 1351942
V1 3129248 1351942 2400000 1351942
V1 2400000 1351942 1875000 1475000
V1 1875000 1475000 895530 1475000
V1 895530 1475000 873930 1496600
