Nets 21
Net6 5 
M2 3660880 1728400 3639280 1750000
M2 3639280 1750000 2400000 1750000
M2 2400000 1750000 1875000 1808258
M2 1875000 1808258 355671 1808258
M2 355671 1808258 327900 1836030
Net17 5 
M2 2708250 1642000 2686650 1663600
M2 2686650 1663600 2400000 1663600
M2 2400000 1663600 1875000 1752711
M2 1875000 1752711 488176 1752711
M2 488176 1752711 460400 1780487
Net25 5 
M2 3660880 1642000 3639280 1620400
M2 3639280 1620400 2400000 1620400
M2 2400000 1620400 1875000 1697171
M2 1875000 1697171 355668 1697171
M2 355668 1697171 327900 1724940
Net48 5 
M2 3271170 1512400 3262530 1521040
M2 3262530 1521040 2400000 1521040
M2 2400000 1521040 1875000 1624968
M2 1875000 1624968 1034841 1624968
M2 1034841 1624968 990410 1669400
Net49 5 
M2 3357770 1512400 3340490 1529680
M2 3340490 1529680 2400000 1529680
M2 2400000 1529680 1875000 1636077
M2 1875000 1636077 1112063 1636077
M2 1112063 1636077 1078740 1669400
Net50 5 
M2 3444372 1512400 3418452 1538320
M2 3418452 1538320 2400000 1538320
M2 2400000 1538320 1875000 1647185
M2 1875000 1647185 1277624 1647185
M2 1277624 1647185 1255410 1669400
Net51 5 
M2 3617580 1512400 3583020 1546960
M2 3583020 1546960 2400000 1546960
M2 2400000 1546960 1875000 1658294
M2 1875000 1658294 1354853 1658294
M2 1354853 1658294 1343747 1669400
Net52 5 
M2 2708250 1469200 2703450 1474000
M2 2703450 1474000 2400000 1474000
M2 2400000 1474000 1875000 1539798
M2 1875000 1539798 478914 1539798
M2 478914 1539798 460400 1558312
Net53 5 
M2 2794857 1469200 2785257 1478800
M2 2785257 1478800 2400000 1478800
M2 2400000 1478800 1875000 1565255
M2 1875000 1565255 464834 1565255
M2 464834 1565255 416230 1613860
Net54 5 
M2 2968060 1469200 2953660 1483600
M2 2953660 1483600 2400000 1483600
M2 2400000 1483600 1875000 1572198
M2 1875000 1572198 634562 1572198
M2 634562 1572198 592900 1613860
Net55 5 
M2 3141267 1469200 3122067 1488400
M2 3122067 1488400 2400000 1488400
M2 2400000 1488400 1875000 1579140
M2 1875000 1579140 715956 1579140
M2 715956 1579140 681237 1613860
Net56 5 
M2 3227870 1469200 3203870 1493200
M2 3203870 1493200 2400000 1493200
M2 2400000 1493200 1875000 1586083
M2 1875000 1586083 885684 1586083
M2 885684 1586083 857907 1613860
Net57 5 
M2 3314470 1469200 3285670 1498000
M2 3285670 1498000 2400000 1498000
M2 2400000 1498000 1875000 1593026
M2 1875000 1593026 967073 1593026
M2 967073 1593026 946240 1613860
Net58 5 
M2 3401070 1469200 3367470 1502800
M2 3367470 1502800 2400000 1502800
M2 2400000 1502800 1875000 1599969
M2 1875000 1599969 1136801 1599969
M2 1136801 1599969 1122910 1613860
Net59 5 
M2 3487677 1469200 3449277 1507600
M2 3449277 1507600 2400000 1507600
M2 2400000 1507600 1875000 1606911
M2 1875000 1606911 1218188 1606911
M2 1218188 1606911 1211240 1613860
Net82 5 
M2 2924760 1339600 2918587 1345772
M2 2918587 1345772 2400000 1345772
M2 2400000 1345772 1875000 1456484
M2 1875000 1456484 904193 1456484
M2 904193 1456484 857907 1502770
Net83 5 
M2 3011360 1339600 2999016 1351943
M2 2999016 1351943 2400000 1351943
M2 2400000 1351943 1875000 1465741
M2 1875000 1465741 1159938 1465741
M2 1159938 1465741 1122910 1502770
Net84 5 
M2 3184570 1339600 3166055 1358115
M2 3166055 1358115 2400000 1358115
M2 2400000 1358115 1875000 1474998
M2 1875000 1474998 1327351 1474998
M2 1327351 1474998 1299580 1502770
Net85 5 
M2 3271170 1339600 3246483 1364286
M2 3246483 1364286 2400000 1364286
M2 2400000 1364286 1875000 1484255
M2 1875000 1484255 1406424 1484255
M2 1406424 1484255 1387910 1502770
Net86 5 
M2 3444372 1339600 3413515 1370457
M2 3413515 1370457 2400000 1370457
M2 2400000 1370457 1875000 1493512
M2 1875000 1493512 1573837 1493512
M2 1573837 1493512 1564580 1502770
Net87 5 
M2 3704180 1339600 3667151 1376628
M2 3667151 1376628 2400000 1376628
M2 2400000 1376628 1875000 1521284
M2 1875000 1521284 409091 1521284
M2 409091 1521284 372062 1558312
