Nets 28
Net0 5 
V1 2719080 1722230 2707971 1733338
V1 2707971 1733338 2400000 1733338
V1 2400000 1733338 1875000 1856024
V1 1875000 1856024 1263156 1856024
V1 1263156 1856024 1242420 1876760
Net1 5 
V1 2909602 1722230 2887385 1744447
V1 2887385 1744447 2400000 1744447
V1 2400000 1744447 1875000 1861208
V1 1875000 1861208 1386142 1861208
V1 1386142 1861208 1370590 1876760
Net2 5 
V1 3004870 1722230 2971544 1755555
V1 2971544 1755555 2400000 1755555
V1 2400000 1755555 1875000 1866392
V1 1875000 1866392 1509128 1866392
V1 1509128 1866392 1498760 1876760
Net3 5 
V1 3195390 1722230 3150956 1766664
V1 3150956 1766664 2400000 1766664
V1 2400000 1766664 1875000 1871576
V1 1875000 1871576 1568034 1871576
V1 1568034 1871576 1562850 1876760
Net6 5 
V1 3766970 1722230 3755861 1711121
V1 3755861 1711121 2400000 1711121
V1 2400000 1711121 1875000 1816280
V1 1875000 1816280 1443320 1816280
V1 1443320 1816280 1434680 1824920
Net9 5 
V1 4052760 1722230 4030543 1700013
V1 4030543 1700013 2400000 1700013
V1 2400000 1700013 1875000 1807640
V1 1875000 1807640 1195612 1807640
V1 1195612 1807640 1178332 1824920
Net17 5 
V1 3528810 1666687 3517701 1677796
V1 3517701 1677796 2400000 1677796
V1 2400000 1677796 1875000 1755800
V1 1875000 1755800 1451960 1755800
V1 1451960 1755800 1434680 1773080
Net20 5 
V1 3814600 1666687 3792383 1688904
V1 3792383 1688904 2400000 1688904
V1 2400000 1688904 1875000 1764440
V1 1875000 1764440 1571490 1764440
V1 1571490 1764440 1562850 1773080
Net26 5 
V1 3100130 1611140 3072353 1638916
V1 3072353 1638916 2400000 1638916
V1 2400000 1638916 1875000 1714760
V1 1875000 1714760 1312990 1714760
V1 1312990 1714760 1306510 1721240
Net33 5 
V1 4052760 1611140 4038874 1597254
V1 4038874 1597254 2400000 1597254
V1 2400000 1597254 1875000 1708280
V1 1875000 1708280 1191292 1708280
V1 1191292 1708280 1178332 1721240
Net35 5 
V1 2957237 1555600 2943354 1569483
V1 2943354 1569483 2400000 1569483
V1 2400000 1569483 1875000 1682360
V1 1875000 1682360 1287420 1682360
V1 1287420 1682360 1274460 1695320
Net37 5 
V1 3243020 1555600 3215251 1583369
V1 3215251 1583369 2400000 1583369
V1 2400000 1583369 1875000 1701800
V1 1875000 1701800 1409117 1701800
V1 1409117 1701800 1402637 1695320
Net45 5 
V1 2909602 1500060 2900347 1509315
V1 2900347 1509315 2400000 1509315
V1 2400000 1509315 1875000 1633112
V1 1875000 1633112 1348918 1633112
V1 1348918 1633112 1338550 1643480
Net46 5 
V1 3100130 1500060 3081618 1518572
V1 3081618 1518572 2400000 1518572
V1 2400000 1518572 1875000 1638296
V1 1875000 1638296 1407821 1638296
V1 1407821 1638296 1402637 1643480
Net47 5 
V1 3195390 1500060 3167621 1527829
V1 3167621 1527829 2400000 1527829
V1 2400000 1527829 1875000 1649960
V1 1875000 1649960 1261860 1649960
V1 1261860 1649960 1242420 1669400
Net48 5 
V1 3385920 1500060 3348894 1537086
V1 3348894 1537086 2400000 1537086
V1 2400000 1537086 1875000 1656440
V1 1875000 1656440 1383550 1656440
V1 1383550 1656440 1370590 1669400
Net49 5 
V1 3481180 1500060 3434897 1546343
V1 3434897 1546343 2400000 1546343
V1 2400000 1546343 1875000 1662920
V1 1875000 1662920 1441160 1662920
V1 1441160 1662920 1434680 1669400
Net54 5 
V1 2766710 1444512 2759767 1437569
V1 2759767 1437569 2400000 1437569
V1 2400000 1437569 1875000 1627928
V1 1875000 1627928 1316878 1627928
V1 1316878 1627928 1306510 1617560
Net55 5 
V1 2957237 1444512 2943352 1430627
V1 2943352 1430627 2400000 1430627
V1 2400000 1430627 1875000 1622744
V1 1875000 1622744 1439864 1622744
V1 1439864 1622744 1434680 1617560
Net56 5 
V1 3052500 1444512 3031671 1423684
V1 3031671 1423684 2400000 1423684
V1 2400000 1423684 1875000 1608920
V1 1875000 1608920 1484000 1608920
V1 1484000 1608920 1466720 1591640
Net57 5 
V1 3243020 1444512 3215249 1416741
V1 3215249 1416741 2400000 1416741
V1 2400000 1416741 1875000 1600280
V1 1875000 1600280 1603530 1600280
V1 1603530 1600280 1594890 1591640
Net62 5 
V1 3814600 1444512 3779886 1409798
V1 3779886 1409798 2400000 1409798
V1 2400000 1409798 1875000 1578680
V1 1875000 1578680 1511720 1578680
V1 1511720 1578680 1498760 1565720
Net63 5 
V1 3909860 1444512 3868203 1402856
V1 3868203 1402856 2400000 1402856
V1 2400000 1402856 1875000 1552760
V1 1875000 1552760 1575810 1552760
V1 1575810 1552760 1562850 1565720
Net71 5 
V1 3481180 1388970 3474236 1395913
V1 3474236 1395913 2400000 1395913
V1 2400000 1395913 1875000 1505240
V1 1875000 1505240 1379230 1505240
V1 1379230 1505240 1370590 1513880
Net77 5 
V1 4052760 1388970 4041651 1377861
V1 4041651 1377861 2400000 1377861
V1 2400000 1377861 1875000 1496600
V1 1875000 1496600 1195612 1496600
V1 1195612 1496600 1178332 1513880
Net84 5 
V1 3624077 1333430 3612971 1344536
V1 3612971 1344536 2400000 1344536
V1 2400000 1344536 1875000 1468520
V1 1875000 1468520 1357990 1468520
V1 1357990 1468520 1338550 1487960
Net85 5 
V1 3719340 1333430 3697125 1355644
V1 3697125 1355644 2400000 1355644
V1 2400000 1355644 1875000 1475000
V1 1875000 1475000 1479680 1475000
V1 1479680 1475000 1466720 1487960
Net86 5 
V1 3909860 1333430 3876537 1366753
V1 3876537 1366753 2400000 1366753
V1 2400000 1366753 1875000 1481480
V1 1875000 1481480 1601370 1481480
V1 1601370 1481480 1594890 1487960
