Nets 42
Net0 5 
V1 2697430 1728400 2688790 1737040
V1 2688790 1737040 2400000 1737040
V1 2400000 1737040 1875000 1859480
V1 1875000 1859480 1259700 1859480
V1 1259700 1859480 1242420 1876760
Net1 5 
V1 2853310 1728400 2836030 1745680
V1 2836030 1745680 2400000 1745680
V1 2400000 1745680 1875000 1863800
V1 1875000 1863800 1383550 1863800
V1 1383550 1863800 1370590 1876760
Net2 5 
V1 2931252 1728400 2905332 1754320
V1 2905332 1754320 2400000 1754320
V1 2400000 1754320 1875000 1868120
V1 1875000 1868120 1507400 1868120
V1 1507400 1868120 1498760 1876760
Net3 5 
V1 3087140 1728400 3052580 1762960
V1 3052580 1762960 2400000 1762960
V1 2400000 1762960 1875000 1872440
V1 1875000 1872440 1567170 1872440
V1 1567170 1872440 1562850 1876760
Net6 5 
V1 3554790 1728400 3548618 1722228
V1 3548618 1722228 2400000 1722228
V1 2400000 1722228 1875000 1855160
V1 1875000 1855160 1199932 1855160
V1 1199932 1855160 1178332 1876760
Net7 5 
V1 2736400 1685200 2730227 1691372
V1 2730227 1691372 2400000 1691372
V1 2400000 1691372 1875000 1829240
V1 1875000 1829240 1246740 1829240
V1 1246740 1829240 1242420 1824920
Net8 5 
V1 2814340 1685200 2805700 1676560
V1 2805700 1676560 2400000 1676560
V1 2400000 1676560 1875000 1811960
V1 1875000 1811960 1319470 1811960
V1 1319470 1811960 1306510 1824920
Net9 5 
V1 2892280 1685200 2879936 1697543
V1 2879936 1697543 2400000 1697543
V1 2400000 1697543 1875000 1833560
V1 1875000 1833560 1291740 1833560
V1 1291740 1833560 1274460 1850840
Net10 5 
V1 2970227 1685200 2951712 1703715
V1 2951712 1703715 2400000 1703715
V1 2400000 1703715 1875000 1837880
V1 1875000 1837880 1351510 1837880
V1 1351510 1837880 1338550 1850840
Net11 5 
V1 3048170 1685200 3023483 1709886
V1 3023483 1709886 2400000 1709886
V1 2400000 1709886 1875000 1842200
V1 1875000 1842200 1411277 1842200
V1 1411277 1842200 1402637 1850840
Net12 5 
V1 3204050 1685200 3173192 1716057
V1 3173192 1716057 2400000 1716057
V1 2400000 1716057 1875000 1846520
V1 1875000 1846520 1471040 1846520
V1 1471040 1846520 1466720 1850840
Net17 5 
V1 2697430 1642000 2690230 1634800
V1 2690230 1634800 2400000 1634800
V1 2400000 1634800 1875000 1778264
V1 1875000 1778264 1295196 1778264
V1 1295196 1778264 1274460 1799000
Net18 5 
V1 2775370 1642000 2766730 1650640
V1 2766730 1650640 2400000 1650640
V1 2400000 1650640 1875000 1783448
V1 1875000 1783448 1354102 1783448
V1 1354102 1783448 1338550 1799000
Net19 5 
V1 2931252 1642000 2913972 1659280
V1 2913972 1659280 2400000 1659280
V1 2400000 1659280 1875000 1788632
V1 1875000 1788632 1413005 1788632
V1 1413005 1788632 1402637 1799000
Net20 5 
V1 3087140 1642000 3061220 1667920
V1 3061220 1667920 2400000 1667920
V1 2400000 1667920 1875000 1793816
V1 1875000 1793816 1471904 1793816
V1 1471904 1793816 1466720 1799000
Net22 5 
V1 3243020 1642000 3228620 1627600
V1 3228620 1627600 2400000 1627600
V1 2400000 1627600 1875000 1764440
V1 1875000 1764440 1507400 1764440
V1 1507400 1764440 1498760 1773080
Net26 5 
V1 2736400 1598800 2725600 1588000
V1 2725600 1588000 2400000 1588000
V1 2400000 1588000 1875000 1703960
V1 1875000 1703960 1259700 1703960
V1 1259700 1703960 1242420 1721240
Net27 5 
V1 2814340 1598800 2807140 1606000
V1 2807140 1606000 2400000 1606000
V1 2400000 1606000 1875000 1712600
V1 1875000 1712600 1315150 1712600
V1 1315150 1712600 1306510 1721240
Net28 5 
V1 2892280 1598800 2877880 1613200
V1 2877880 1613200 2400000 1613200
V1 2400000 1613200 1875000 1734200
V1 1875000 1734200 1351510 1734200
V1 1351510 1734200 1338550 1747160
Net30 5 
V1 3126110 1598800 3104510 1620400
V1 3104510 1620400 2400000 1620400
V1 2400000 1620400 1875000 1755800
V1 1875000 1755800 1259700 1755800
V1 1259700 1755800 1242420 1773080
Net36 5 
V1 2697430 1555600 2690230 1548400
V1 2690230 1548400 2400000 1548400
V1 2400000 1548400 1875000 1675880
V1 1875000 1675880 1293900 1675880
V1 1293900 1675880 1274460 1695320
Net39 5 
V1 3087140 1555600 3076340 1566400
V1 3076340 1566400 2400000 1566400
V1 2400000 1566400 1875000 1682360
V1 1875000 1682360 1479680 1682360
V1 1479680 1682360 1466720 1695320
Net40 5 
V1 3243020 1555600 3221420 1577200
V1 3221420 1577200 2400000 1577200
V1 2400000 1577200 1875000 1688840
V1 1875000 1688840 1601370 1688840
V1 1601370 1688840 1594890 1695320
Net45 5 
V1 2892280 1512400 2885080 1519600
V1 2885080 1519600 2400000 1519600
V1 2400000 1519600 1875000 1626200
V1 1875000 1626200 1355830 1626200
V1 1355830 1626200 1338550 1643480
Net46 5 
V1 2970227 1512400 2955827 1526800
V1 2955827 1526800 2400000 1526800
V1 2400000 1526800 1875000 1634840
V1 1875000 1634840 1411277 1634840
V1 1411277 1634840 1402637 1643480
Net47 5 
V1 3048170 1512400 3026570 1534000
V1 3026570 1534000 2400000 1534000
V1 2400000 1534000 1875000 1652120
V1 1875000 1652120 1259700 1652120
V1 1259700 1652120 1242420 1669400
Net51 5 
V1 3515820 1512400 3487020 1541200
V1 3487020 1541200 2400000 1541200
V1 2400000 1541200 1875000 1660760
V1 1875000 1660760 1571490 1660760
V1 1571490 1660760 1562850 1669400
Net52 5 
V1 2697430 1469200 2688790 1477840
V1 2688790 1477840 2400000 1477840
V1 2400000 1477840 1875000 1596824
V1 1875000 1596824 1263156 1596824
V1 1263156 1596824 1242420 1617560
Net53 5 
V1 2775370 1469200 2758090 1486480
V1 2758090 1486480 2400000 1486480
V1 2400000 1486480 1875000 1602008
V1 1875000 1602008 1322062 1602008
V1 1322062 1602008 1306510 1617560
Net54 5 
V1 2931252 1469200 2905332 1495120
V1 2905332 1495120 2400000 1495120
V1 2400000 1495120 1875000 1607192
V1 1875000 1607192 1445048 1607192
V1 1445048 1607192 1434680 1617560
Net56 5 
V1 3165080 1469200 3154280 1458400
V1 3154280 1458400 2400000 1458400
V1 2400000 1458400 1875000 1578680
V1 1875000 1578680 1607850 1578680
V1 1607850 1578680 1594890 1591640
Net58 5 
V1 3320970 1469200 3286410 1503760
V1 3286410 1503760 2400000 1503760
V1 2400000 1503760 1875000 1612376
V1 1875000 1612376 1503944 1612376
V1 1503944 1612376 1498760 1617560
Net63 5 
V1 2892280 1426000 2881480 1436800
V1 2881480 1436800 2400000 1436800
V1 2400000 1436800 1875000 1552760
V1 1875000 1552760 1255380 1552760
V1 1255380 1552760 1242420 1565720
Net66 5 
V1 3126110 1426000 3104510 1447600
V1 3104510 1447600 2400000 1447600
V1 2400000 1447600 1875000 1559240
V1 1875000 1559240 1312990 1559240
V1 1312990 1559240 1306510 1565720
Net75 5 
V1 3087140 1382800 3080967 1388972
V1 3080967 1388972 2400000 1388972
V1 2400000 1388972 1875000 1500920
V1 1875000 1500920 1447640 1500920
V1 1447640 1500920 1434680 1513880
Net76 5 
V1 3243020 1382800 3230676 1395143
V1 3230676 1395143 2400000 1395143
V1 2400000 1395143 1875000 1505240
V1 1875000 1505240 1507400 1505240
V1 1507400 1505240 1498760 1513880
Net77 5 
V1 3320970 1382800 3302455 1401315
V1 3302455 1401315 2400000 1401315
V1 2400000 1401315 1875000 1509560
V1 1875000 1509560 1567170 1509560
V1 1567170 1509560 1562850 1513880
Net78 5 
V1 3398910 1382800 3374223 1407486
V1 3374223 1407486 2400000 1407486
V1 2400000 1407486 1875000 1522520
V1 1875000 1522520 1548090 1522520
V1 1548090 1522520 1530810 1539800
Net79 5 
V1 3476850 1382800 3445992 1413657
V1 3445992 1413657 2400000 1413657
V1 2400000 1413657 1875000 1531160
V1 1875000 1531160 1603530 1531160
V1 1603530 1531160 1594890 1539800
Net80 5 
V1 3554790 1382800 3517761 1419828
V1 3517761 1419828 2400000 1419828
V1 2400000 1419828 1875000 1546280
V1 1875000 1546280 1197772 1546280
V1 1197772 1546280 1178332 1565720
Net81 5 
V1 2736400 1339600 2722000 1354000
V1 2722000 1354000 2400000 1354000
V1 2400000 1354000 1875000 1492280
V1 1875000 1492280 1264020 1492280
V1 1264020 1492280 1242420 1513880
Net82 5 
V1 2892280 1339600 2863480 1368400
V1 2863480 1368400 2400000 1368400
V1 2400000 1368400 1875000 1496600
V1 1875000 1496600 1323790 1496600
V1 1323790 1496600 1306510 1513880
