Nets 26
Net4 5 
M2 3227870 1728400 3206270 1750000
M2 3206270 1750000 2400000 1750000
M2 2400000 1750000 1875000 1842200
M2 1875000 1842200 1562830 1842200
M2 1562830 1842200 1554190 1850840
Net14 5 
M2 3444372 1685200 3433572 1696000
M2 3433572 1696000 2400000 1696000
M2 2400000 1696000 1875000 1807640
M2 1875000 1807640 1544620 1807640
M2 1544620 1807640 1527340 1824920
Net15 5 
M2 3530980 1685200 3509380 1706800
M2 3509380 1706800 2400000 1706800
M2 2400000 1706800 1875000 1816280
M2 1875000 1816280 1589680 1816280
M2 1589680 1816280 1581040 1824920
Net16 5 
M2 3704180 1685200 3671780 1717600
M2 3671780 1717600 2400000 1717600
M2 2400000 1717600 1875000 1833560
M2 1875000 1833560 1267512 1833560
M2 1267512 1833560 1258872 1824920
Net21 5 
M2 3227870 1642000 3213470 1656400
M2 3213470 1656400 2400000 1656400
M2 2400000 1656400 1875000 1760120
M2 1875000 1760120 1486610 1760120
M2 1486610 1760120 1473650 1773080
Net24 5 
M2 3574280 1642000 3545480 1670800
M2 3545480 1670800 2400000 1670800
M2 2400000 1670800 1875000 1766600
M2 1875000 1766600 1587520 1766600
M2 1587520 1766600 1581040 1773080
Net25 5 
M2 3660880 1642000 3652240 1633360
M2 3652240 1633360 2400000 1633360
M2 2400000 1633360 1875000 1753640
M2 1875000 1753640 1278312 1753640
M2 1278312 1753640 1258872 1773080
Net29 5 
M2 3011360 1598800 3002720 1607440
M2 3002720 1607440 2400000 1607440
M2 2400000 1607440 1875000 1727720
M2 1875000 1727720 1358857 1727720
M2 1358857 1727720 1339417 1747160
Net33 5 
M2 3530980 1598800 3513700 1616080
M2 3513700 1616080 2400000 1616080
M2 2400000 1616080 1875000 1734200
M2 1875000 1734200 1567150 1734200
M2 1567150 1734200 1554190 1747160
Net34 5 
M2 3617580 1598800 3591660 1624720
M2 3591660 1624720 2400000 1624720
M2 2400000 1624720 1875000 1740680
M2 1875000 1740680 1614360 1740680
M2 1614360 1740680 1607880 1747160
Net37 5 
M2 2794857 1555600 2786217 1564240
M2 2786217 1564240 2400000 1564240
M2 2400000 1564240 1875000 1700504
M2 1875000 1700504 1440693 1700504
M2 1440693 1700504 1419957 1721240
Net41 5 
M2 3401070 1555600 3383790 1572880
M2 3383790 1572880 2400000 1572880
M2 2400000 1572880 1875000 1705688
M2 1875000 1705688 1489202 1705688
M2 1489202 1705688 1473650 1721240
Net42 5 
M2 3487677 1555600 3461757 1581520
M2 3461757 1581520 2400000 1581520
M2 2400000 1581520 1875000 1710872
M2 1875000 1710872 1537708 1710872
M2 1537708 1710872 1527340 1721240
Net43 5 
M2 3574280 1555600 3539720 1590160
M2 3539720 1590160 2400000 1590160
M2 2400000 1590160 1875000 1716056
M2 1875000 1716056 1586224 1716056
M2 1586224 1716056 1581040 1721240
Net44 5 
M2 2838160 1512400 2823760 1526800
M2 2823760 1526800 2400000 1526800
M2 2400000 1526800 1875000 1626200
M2 1875000 1626200 1356697 1626200
M2 1356697 1626200 1339417 1643480
Net50 5 
M2 3444372 1512400 3415572 1541200
M2 3415572 1541200 2400000 1541200
M2 2400000 1541200 1875000 1634840
M2 1875000 1634840 1509137 1634840
M2 1509137 1634840 1500497 1643480
Net57 5 
M2 3314470 1469200 3292870 1490800
M2 3292870 1490800 2400000 1490800
M2 2400000 1490800 1875000 1608920
M2 1875000 1608920 1589680 1608920
M2 1589680 1608920 1581040 1617560
Net67 5 
M2 3271170 1426000 3262530 1434640
M2 3262530 1434640 2400000 1434640
M2 2400000 1434640 1875000 1546280
M2 1875000 1546280 1493090 1546280
M2 1493090 1546280 1473650 1565720
Net68 5 
M2 3444372 1426000 3427092 1443280
M2 3427092 1443280 2400000 1443280
M2 2400000 1443280 1875000 1552760
M2 1875000 1552760 1540300 1552760
M2 1540300 1552760 1527340 1565720
Net69 5 
M2 3530980 1426000 3505060 1451920
M2 3505060 1451920 2400000 1451920
M2 2400000 1451920 1875000 1559240
M2 1875000 1559240 1587520 1559240
M2 1587520 1559240 1581040 1565720
Net70 5 
M2 3704180 1426000 3669620 1460560
M2 3669620 1460560 2400000 1460560
M2 2400000 1460560 1875000 1600280
M2 1875000 1600280 1276152 1600280
M2 1276152 1600280 1258872 1617560
Net74 5 
M2 2968060 1382800 2946460 1404400
M2 2946460 1404400 2400000 1404400
M2 2400000 1404400 1875000 1505240
M2 1875000 1505240 1428597 1505240
M2 1428597 1505240 1419957 1513880
Net84 5 
M2 3184570 1339600 3175930 1348240
M2 3175930 1348240 2400000 1348240
M2 2400000 1348240 1875000 1468520
M2 1875000 1468520 1412550 1468520
M2 1412550 1468520 1393110 1487960
Net85 5 
M2 3271170 1339600 3253890 1356880
M2 3253890 1356880 2400000 1356880
M2 2400000 1356880 1875000 1475000
M2 1875000 1475000 1513457 1475000
M2 1513457 1475000 1500497 1487960
Net86 5 
M2 3444372 1339600 3418452 1365520
M2 3418452 1365520 2400000 1365520
M2 2400000 1365520 1875000 1481480
M2 1875000 1481480 1614360 1481480
M2 1614360 1481480 1607880 1487960
Net87 5 
M2 3704180 1339600 3669620 1374160
M2 3669620 1374160 2400000 1374160
M2 2400000 1374160 1875000 1496600
M2 1875000 1496600 1276152 1496600
M2 1276152 1496600 1258872 1513880
