Nets 20
Net5 5 
V2 3320970 1728400 3299370 1750000
V2 3299370 1750000 2400000 1750000
V2 2400000 1750000 1875000 1837880
V2 1875000 1837880 1607850 1837880
V2 1607850 1837880 1594890 1850840
Net13 5 
V2 3281997 1685200 3260397 1706800
V2 3260397 1706800 2400000 1706800
V2 2400000 1706800 1875000 1811960
V2 1875000 1811960 1447640 1811960
V2 1447640 1811960 1434680 1824920
Net23 5 
V2 3398910 1642000 3377310 1663600
V2 3377310 1663600 2400000 1663600
V2 2400000 1663600 1875000 1786040
V2 1875000 1786040 1607850 1786040
V2 1607850 1786040 1594890 1799000
Net31 5 
V2 3204050 1598800 3182450 1620400
V2 3182450 1620400 2400000 1620400
V2 2400000 1620400 1875000 1760120
V2 1875000 1760120 1383550 1760120
V2 1383550 1760120 1370590 1773080
Net32 5 
V2 3281997 1598800 3271197 1588000
V2 3271197 1588000 2400000 1588000
V2 2400000 1588000 1875000 1734200
V2 1875000 1734200 1415597 1734200
V2 1415597 1734200 1402637 1747160
Net35 5 
V2 3593762 1598800 3572162 1577200
V2 3572162 1577200 2400000 1577200
V2 2400000 1577200 1875000 1708280
V2 1875000 1708280 1191292 1708280
V2 1191292 1708280 1178332 1721240
Net38 5 
V2 2931252 1555600 2920452 1566400
V2 2920452 1566400 2400000 1566400
V2 2400000 1566400 1875000 1682360
V2 1875000 1682360 1415597 1682360
V2 1415597 1682360 1402637 1695320
Net48 5 
V2 3204050 1512400 3189650 1526800
V2 3189650 1526800 2400000 1526800
V2 2400000 1526800 1875000 1656440
V2 1875000 1656440 1383550 1656440
V2 1383550 1656440 1370590 1669400
Net49 5 
V2 3281997 1512400 3253197 1541200
V2 3253197 1541200 2400000 1541200
V2 2400000 1541200 1875000 1662920
V2 1875000 1662920 1441160 1662920
V2 1441160 1662920 1434680 1669400
Net55 5 
V2 3087140 1469200 3078500 1477840
V2 3078500 1477840 2400000 1477840
V2 2400000 1477840 1875000 1586456
V2 1875000 1586456 1471904 1586456
V2 1471904 1586456 1466720 1591640
Net59 5 
V2 3398910 1469200 3381630 1486480
V2 3381630 1486480 2400000 1486480
V2 2400000 1486480 1875000 1626200
V2 1875000 1626200 1548090 1626200
V2 1548090 1626200 1530810 1643480
Net60 5 
V2 3476850 1469200 3450930 1495120
V2 3450930 1495120 2400000 1495120
V2 2400000 1495120 1875000 1634840
V2 1875000 1634840 1603530 1634840
V2 1603530 1634840 1594890 1643480
Net61 5 
V2 3554790 1469200 3520230 1503760
V2 3520230 1503760 2400000 1503760
V2 2400000 1503760 1875000 1649960
V2 1875000 1649960 1197772 1649960
V2 1197772 1649960 1178332 1669400
Net62 5 
V2 2736400 1426000 2725600 1436800
V2 2725600 1436800 2400000 1436800
V2 2400000 1436800 1875000 1570904
V2 1875000 1570904 1295196 1570904
V2 1295196 1570904 1274460 1591640
Net64 5 
V2 2970227 1426000 2948627 1447600
V2 2948627 1447600 2400000 1447600
V2 2400000 1447600 1875000 1576088
V2 1875000 1576088 1354102 1576088
V2 1354102 1576088 1338550 1591640
Net65 5 
V2 3048170 1426000 3015770 1458400
V2 3015770 1458400 2400000 1458400
V2 2400000 1458400 1875000 1581272
V2 1875000 1581272 1413005 1581272
V2 1413005 1581272 1402637 1591640
Net71 5 
V2 2697430 1382800 2686630 1393600
V2 2686630 1393600 2400000 1393600
V2 2400000 1393600 1875000 1520360
V2 1875000 1520360 1229820 1520360
V2 1229820 1520360 1210380 1539800
Net72 5 
V2 2775370 1382800 2753770 1404400
V2 2753770 1404400 2400000 1404400
V2 2400000 1404400 1875000 1526840
V2 1875000 1526840 1351510 1526840
V2 1351510 1526840 1338550 1539800
Net73 5 
V2 2853310 1382800 2820910 1415200
V2 2820910 1415200 2400000 1415200
V2 2400000 1415200 1875000 1533320
V2 1875000 1533320 1409117 1533320
V2 1409117 1533320 1402637 1539800
Net83 5 
V2 2970227 1339600 2948627 1361200
V2 2948627 1361200 2400000 1361200
V2 2400000 1361200 1875000 1475000
V2 1875000 1475000 1287420 1475000
V2 1287420 1475000 1274460 1487960
