Nets 15
Net8 5 
M2 2968490 1711120 2959850 1719760
M2 2959850 1719760 2400000 1719760
M2 2400000 1719760 1875000 1863801
M2 1875000 1863801 1018179 1863801
M2 1018179 1863801 990410 1891570
Net9 5 
M2 3032580 1711120 3015300 1728400
M2 3015300 1728400 2400000 1728400
M2 2400000 1728400 1875000 1877686
M2 1875000 1877686 1180963 1877686
M2 1180963 1877686 1167080 1891570
Net10 5 
M2 3096667 1711120 3088027 1702480
M2 3088027 1702480 2400000 1702480
M2 2400000 1702480 1875000 1849915
M2 1875000 1849915 341785 1849915
M2 341785 1849915 327900 1836030
Net12 5 
M2 2744190 1685200 2735550 1693840
M2 2735550 1693840 2400000 1693840
M2 2400000 1693840 1875000 1817515
M2 1875000 1817515 523084 1817515
M2 523084 1817515 504570 1836030
Net16 5 
M2 2712150 1659280 2699190 1672240
M2 2699190 1672240 2400000 1672240
M2 2400000 1672240 1875000 1799001
M2 1875000 1799001 478914 1799001
M2 478914 1799001 460400 1780487
Net28 5 
M2 2776240 1607440 2769760 1613920
M2 2769760 1613920 2400000 1613920
M2 2400000 1613920 1875000 1738825
M2 1875000 1738825 943732 1738825
M2 943732 1738825 902070 1780487
Net29 5 
M2 2840320 1607440 2827360 1620400
M2 2827360 1620400 2400000 1620400
M2 2400000 1620400 1875000 1752711
M2 1875000 1752711 1371524 1752711
M2 1371524 1752711 1343747 1780487
Net30 5 
M2 2968490 1607440 2949050 1626880
M2 2949050 1626880 2400000 1626880
M2 2400000 1626880 1875000 1766596
M2 1875000 1766596 1534303 1766596
M2 1534303 1766596 1520412 1780487
Net32 5 
M2 3096667 1607440 3083707 1594480
M2 3083707 1594480 2400000 1594480
M2 2400000 1594480 1875000 1697171
M2 1875000 1697171 355668 1697171
M2 355668 1697171 327900 1724940
Net44 5 
M2 2680110 1529680 2667150 1542640
M2 2667150 1542640 2400000 1542640
M2 2400000 1542640 1875000 1641631
M2 1875000 1641631 841508 1641631
M2 841508 1641631 813740 1669400
Net52 5 
M2 2968490 1503760 2955530 1516720
M2 2955530 1516720 2400000 1516720
M2 2400000 1516720 1875000 1595340
M2 1875000 1595340 1229759 1595340
M2 1229759 1595340 1211240 1613860
Net54 5 
M2 3096667 1503760 3088027 1495120
M2 3088027 1495120 2400000 1495120
M2 2400000 1495120 1875000 1576826
M2 1875000 1576826 364933 1576826
M2 364933 1576826 327900 1613860
Net55 5 
M2 2680110 1477840 2671470 1486480
M2 2671470 1486480 2400000 1486480
M2 2400000 1486480 1875000 1539798
M2 1875000 1539798 478914 1539798
M2 478914 1539798 460400 1558312
Net71 5 
M2 2712150 1400080 2703510 1408720
M2 2703510 1408720 2400000 1408720
M2 2400000 1408720 1875000 1474998
M2 1875000 1474998 444001 1474998
M2 444001 1474998 416230 1502770
Net76 5 
M2 3096667 1400080 3079387 1417360
M2 3079387 1417360 2400000 1417360
M2 2400000 1417360 1875000 1521284
M2 1875000 1521284 346414 1521284
M2 346414 1521284 327900 1502770
