Nets 26
Net11 5 
V2 2861970 1666687 2854034 1674623
V2 2854034 1674623 2400000 1674623
V2 2400000 1674623 1875000 1806200
V2 1875000 1806200 823322 1806200
V2 823322 1806200 787322 1842200
Net12 5 
V2 3052500 1666687 3036630 1682557
V2 3036630 1682557 2400000 1682557
V2 2400000 1682557 1875000 1813400
V2 1875000 1813400 902730 1813400
V2 902730 1813400 873930 1842200
Net13 5 
V2 3147760 1666687 3123955 1690492
V2 3123955 1690492 2400000 1690492
V2 2400000 1690492 1875000 1820600
V2 1875000 1820600 982130 1820600
V2 982130 1820600 960530 1842200
Net14 5 
V2 3243020 1666687 3211281 1698426
V2 3211281 1698426 2400000 1698426
V2 2400000 1698426 1875000 1827800
V2 1875000 1827800 1148132 1827800
V2 1148132 1827800 1133732 1842200
Net15 5 
V2 3338290 1666687 3298616 1706361
V2 3298616 1706361 2400000 1706361
V2 2400000 1706361 1875000 1835000
V2 1875000 1835000 1314140 1835000
V2 1314140 1835000 1306940 1842200
Net22 5 
V2 4005130 1666687 3957522 1714295
V2 3957522 1714295 2400000 1714295
V2 2400000 1714295 1875000 1863800
V2 1875000 1863800 592420 1863800
V2 592420 1863800 570820 1885400
Net23 5 
V2 2814340 1611140 2786563 1638916
V2 2786563 1638916 2400000 1638916
V2 2400000 1638916 1875000 1784600
V2 1875000 1784600 758420 1784600
V2 758420 1784600 744020 1799000
Net34 5 
V2 2766710 1555600 2748198 1574112
V2 2748198 1574112 2400000 1574112
V2 2400000 1574112 1875000 1734200
V2 1875000 1734200 722320 1734200
V2 722320 1734200 700720 1755800
Net43 5 
V2 4005130 1555600 3968104 1592626
V2 3968104 1592626 2400000 1592626
V2 2400000 1592626 1875000 1770200
V2 1875000 1770200 599620 1770200
V2 599620 1770200 570820 1799000
Net54 5 
V2 2766710 1444512 2748190 1463032
V2 2748190 1463032 2400000 1463032
V2 2400000 1463032 1875000 1615400
V2 1875000 1615400 754820 1615400
V2 754820 1615400 744020 1626200
Net61 5 
V2 3624077 1444512 3617906 1438341
V2 3617906 1438341 2400000 1438341
V2 2400000 1438341 1875000 1604600
V2 1875000 1604600 1328540 1604600
V2 1328540 1604600 1306940 1583000
Net62 5 
V2 3814600 1444512 3802257 1432170
V2 3802257 1432170 2400000 1432170
V2 2400000 1432170 1875000 1593800
V2 1875000 1593800 1490942 1593800
V2 1490942 1593800 1480142 1583000
Net63 5 
V2 3909860 1444512 3891346 1425998
V2 3891346 1425998 2400000 1425998
V2 2400000 1425998 1875000 1578680
V2 1875000 1578680 1571070 1578680
V2 1571070 1578680 1566750 1583000
Net64 5 
V2 4005130 1444512 3968096 1481546
V2 3968096 1481546 2400000 1481546
V2 2400000 1481546 1875000 1647800
V2 1875000 1647800 592420 1647800
V2 592420 1647800 570820 1626200
Net66 5 
V2 2814340 1388970 2808167 1395142
V2 2808167 1395142 2400000 1395142
V2 2400000 1395142 1875000 1557080
V2 1875000 1557080 726640 1557080
V2 726640 1557080 700720 1583000
Net67 5 
V2 2909602 1388970 2897258 1401313
V2 2897258 1401313 2400000 1401313
V2 2400000 1401313 1875000 1561400
V2 1875000 1561400 808922 1561400
V2 808922 1561400 787322 1583000
Net68 5 
V2 3004870 1388970 2986355 1407485
V2 2986355 1407485 2400000 1407485
V2 2400000 1407485 1875000 1565720
V2 1875000 1565720 977810 1565720
V2 977810 1565720 960530 1583000
Net69 5 
V2 3100130 1388970 3075443 1413656
V2 3075443 1413656 2400000 1413656
V2 2400000 1413656 1875000 1570040
V2 1875000 1570040 1060090 1570040
V2 1060090 1570040 1047130 1583000
Net70 5 
V2 3195390 1388970 3164532 1419827
V2 3164532 1419827 2400000 1419827
V2 2400000 1419827 1875000 1574360
V2 1875000 1574360 1142372 1574360
V2 1142372 1574360 1133732 1583000
Net73 5 
V2 3671710 1388970 3664767 1382027
V2 3664767 1382027 2400000 1382027
V2 2400000 1382027 1875000 1552760
V2 1875000 1552760 1276600 1552760
V2 1276600 1552760 1263640 1539800
Net74 5 
V2 3766970 1388970 3753084 1375084
V2 3753084 1375084 2400000 1375084
V2 2400000 1375084 1875000 1548440
V2 1875000 1548440 1358880 1548440
V2 1358880 1548440 1350240 1539800
Net75 5 
V2 3862230 1388970 3841401 1368141
V2 3841401 1368141 2400000 1368141
V2 2400000 1368141 1875000 1544120
V2 1875000 1544120 1441160 1544120
V2 1441160 1544120 1436840 1539800
Net76 5 
V2 3957492 1388970 3929721 1361199
V2 3929721 1361199 2400000 1361199
V2 2400000 1361199 1875000 1531160
V2 1875000 1531160 1532087 1531160
V2 1532087 1531160 1523447 1539800
Net78 5 
V2 2766710 1333430 2759769 1340370
V2 2759769 1340370 2400000 1340370
V2 2400000 1340370 1875000 1505240
V2 1875000 1505240 778580 1505240
V2 778580 1505240 744020 1539800
Net79 5 
V2 2861970 1333430 2848086 1347313
V2 2848086 1347313 2400000 1347313
V2 2400000 1347313 1875000 1513880
V2 1875000 1513880 856547 1513880
V2 856547 1513880 830627 1539800
Net80 5 
V2 3052500 1333430 3031673 1354256
V2 3031673 1354256 2400000 1354256
V2 2400000 1354256 1875000 1522520
V2 1875000 1522520 934510 1522520
V2 934510 1522520 917230 1539800
