Nets 32
Net0 5 
V1 2654130 1737040 2648946 1742224
V1 2648946 1742224 2400000 1742224
V1 2400000 1742224 1875000 1854544
V1 1875000 1854544 449796 1854544
V1 449796 1854544 412770 1891570
Net1 5 
V1 2740730 1737040 2730362 1747408
V1 2730362 1747408 2400000 1747408
V1 2400000 1747408 1875000 1863801
V1 1875000 1863801 624136 1863801
V1 624136 1863801 596367 1891570
Net2 5 
V1 2827330 1737040 2811778 1752592
V1 2811778 1752592 2400000 1752592
V1 2400000 1752592 1875000 1873058
V1 1875000 1873058 706674 1873058
V1 706674 1873058 688162 1891570
Net3 5 
V1 2870630 1737040 2849894 1757776
V1 2849894 1757776 2400000 1757776
V1 2400000 1757776 1875000 1882315
V1 1875000 1882315 881015 1882315
V1 881015 1882315 871760 1891570
Net4 5 
V1 2675780 1711120 2670596 1716304
V1 2670596 1716304 2400000 1716304
V1 2400000 1716304 1875000 1802704
V1 1875000 1802704 583793 1802704
V1 583793 1802704 550467 1836030
Net5 5 
V1 2719080 1711120 2708712 1721488
V1 2708712 1721488 2400000 1721488
V1 2400000 1721488 1875000 1813813
V1 1875000 1813813 664479 1813813
V1 664479 1813813 642262 1836030
Net6 5 
V1 2762380 1711120 2746828 1726672
V1 2746828 1726672 2400000 1726672
V1 2400000 1726672 1875000 1824921
V1 1875000 1824921 745168 1824921
V1 745168 1824921 734060 1836030
Net7 5 
V1 2805680 1711120 2784944 1731856
V1 2784944 1731856 2400000 1731856
V1 2400000 1731856 1875000 1845287
V1 1875000 1845287 835117 1845287
V1 835117 1845287 825860 1836030
Net11 5 
V1 2654130 1685200 2647650 1678720
V1 2647650 1678720 2400000 1678720
V1 2400000 1678720 1875000 1791596
V1 1875000 1791596 411304 1791596
V1 411304 1791596 366870 1836030
Net17 5 
V1 2719080 1659280 2712600 1665760
V1 2712600 1665760 2400000 1665760
V1 2400000 1665760 1875000 1761968
V1 1875000 1761968 523089 1761968
V1 523089 1761968 504570 1780487
Net18 5 
V1 2762380 1659280 2749420 1672240
V1 2749420 1672240 2400000 1672240
V1 2400000 1672240 1875000 1771225
V1 1875000 1771225 697425 1771225
V1 697425 1771225 688162 1780487
Net33 5 
V1 2654130 1581520 2641170 1594480
V1 2641170 1594480 2400000 1594480
V1 2400000 1594480 1875000 1752711
V1 1875000 1752711 394641 1752711
V1 394641 1752711 366870 1724940
Net36 5 
V1 2784030 1581520 2779710 1577200
V1 2779710 1577200 2400000 1577200
V1 2400000 1577200 1875000 1743454
V1 1875000 1743454 1211574 1743454
V1 1211574 1743454 1193060 1724940
Net37 5 
V1 2827330 1581520 2818690 1572880
V1 2818690 1572880 2400000 1572880
V1 2400000 1572880 1875000 1734197
V1 1875000 1734197 1385909 1734197
V1 1385909 1734197 1376652 1724940
Net38 5 
V1 2870630 1581520 2857670 1568560
V1 2857670 1568560 2400000 1568560
V1 2400000 1568560 1875000 1713834
V1 1875000 1713834 1479556 1713834
V1 1479556 1713834 1468450 1724940
Net40 5 
V1 2762380 1555600 2757196 1550416
V1 2757196 1550416 2400000 1550416
V1 2400000 1550416 1875000 1680508
V1 1875000 1680508 870291 1680508
V1 870291 1680508 825860 1724940
Net41 5 
V1 2805680 1555600 2801360 1559920
V1 2801360 1559920 2400000 1559920
V1 2400000 1559920 1875000 1691617
V1 1875000 1691617 950983 1691617
V1 950983 1691617 917660 1724940
Net42 5 
V1 2892280 1555600 2883640 1564240
V1 2883640 1564240 2400000 1564240
V1 2400000 1564240 1875000 1702725
V1 1875000 1702725 1123474 1702725
V1 1123474 1702725 1101260 1724940
Net45 5 
V1 2740730 1529680 2735546 1534864
V1 2735546 1534864 2400000 1534864
V1 2400000 1534864 1875000 1648573
V1 1875000 1648573 984386 1648573
V1 984386 1648573 963560 1669400
Net46 5 
V1 2784030 1529680 2773662 1540048
V1 2773662 1540048 2400000 1540048
V1 2400000 1540048 1875000 1655516
V1 1875000 1655516 1069243 1655516
V1 1069243 1655516 1055360 1669400
Net47 5 
V1 2870630 1529680 2855078 1545232
V1 2855078 1545232 2400000 1545232
V1 2400000 1545232 1875000 1662459
V1 1875000 1662459 1337693 1662459
V1 1337693 1662459 1330752 1669400
Net48 5 
V1 2675780 1503760 2669300 1510240
V1 2669300 1510240 2400000 1510240
V1 2400000 1510240 1875000 1627745
V1 1875000 1627745 454424 1627745
V1 454424 1627745 412770 1669400
Net49 5 
V1 2719080 1503760 2706120 1516720
V1 2706120 1516720 2400000 1516720
V1 2400000 1516720 1875000 1634688
V1 1875000 1634688 539281 1634688
V1 539281 1634688 504570 1669400
Net50 5 
V1 2762380 1503760 2742940 1523200
V1 2742940 1523200 2400000 1523200
V1 2400000 1523200 1875000 1641631
V1 1875000 1641631 715931 1641631
V1 715931 1641631 688162 1669400
Net56 5 
V1 2697430 1477840 2692246 1483024
V1 2692246 1483024 2400000 1483024
V1 2400000 1483024 1875000 1580529
V1 1875000 1580529 400200 1580529
V1 400200 1580529 366870 1613860
Net57 5 
V1 2784030 1477840 2773662 1488208
V1 2773662 1488208 2400000 1488208
V1 2400000 1488208 1875000 1591638
V1 1875000 1591638 572689 1591638
V1 572689 1591638 550467 1613860
Net58 5 
V1 2827330 1477840 2811778 1493392
V1 2811778 1493392 2400000 1493392
V1 2400000 1493392 1875000 1602746
V1 1875000 1602746 1112373 1602746
V1 1112373 1602746 1101260 1613860
Net59 5 
V1 2870630 1477840 2849894 1498576
V1 2849894 1498576 2400000 1498576
V1 2400000 1498576 1875000 1620802
V1 1875000 1620802 924602 1620802
V1 924602 1620802 917660 1613860
Net60 5 
V1 2675780 1451920 2662820 1464880
V1 2662820 1464880 2400000 1464880
V1 2400000 1464880 1875000 1569421
V1 1875000 1569421 515678 1569421
V1 515678 1569421 504570 1558312
Net72 5 
V1 2719080 1400080 2712600 1406560
V1 2712600 1406560 2400000 1406560
V1 2400000 1406560 1875000 1465741
V1 1875000 1465741 495698 1465741
V1 495698 1465741 458670 1502770
Net73 5 
V1 2762380 1400080 2749420 1413040
V1 2749420 1413040 2400000 1413040
V1 2400000 1413040 1875000 1484255
V1 1875000 1484255 568982 1484255
V1 568982 1484255 550467 1502770
Net74 5 
V1 2848980 1400080 2829540 1419520
V1 2829540 1419520 2400000 1419520
V1 2400000 1419520 1875000 1530541
V1 1875000 1530541 1450321 1530541
V1 1450321 1530541 1422550 1558312
