Nets 22
Net4 5 
M2 2693960 1711120 2685320 1719760
M2 2685320 1719760 2400000 1719760
M2 2400000 1719760 1875000 1833560
M2 1875000 1833560 1356697 1833560
M2 1356697 1833560 1339417 1850840
Net5 5 
M2 2747660 1711120 2730380 1728400
M2 2730380 1728400 2400000 1728400
M2 2400000 1728400 1875000 1842200
M2 1875000 1842200 1401750 1842200
M2 1401750 1842200 1393110 1850840
Net16 5 
M2 2693960 1659280 2685320 1667920
M2 2685320 1667920 2400000 1667920
M2 2400000 1667920 1875000 1781720
M2 1875000 1781720 1356697 1781720
M2 1356697 1781720 1339417 1799000
Net17 5 
M2 2747660 1659280 2730380 1676560
M2 2730380 1676560 2400000 1676560
M2 2400000 1676560 1875000 1790360
M2 1875000 1790360 1401750 1790360
M2 1401750 1790360 1393110 1799000
Net23 5 
M2 2774502 1633360 2769318 1638544
M2 2769318 1638544 2400000 1638544
M2 2400000 1638544 1875000 1752344
M2 1875000 1752344 1440693 1752344
M2 1440693 1752344 1419957 1773080
Net24 5 
M2 2828200 1633360 2817832 1643728
M2 2817832 1643728 2400000 1643728
M2 2400000 1643728 1875000 1757528
M2 1875000 1757528 1489202 1757528
M2 1489202 1757528 1473650 1773080
Net25 5 
M2 2881890 1633360 2866338 1648912
M2 2866338 1648912 2400000 1648912
M2 2400000 1648912 1875000 1762712
M2 1875000 1762712 1537708 1762712
M2 1537708 1762712 1527340 1773080
Net26 5 
M2 2935582 1633360 2914846 1654096
M2 2914846 1654096 2400000 1654096
M2 2400000 1654096 1875000 1767896
M2 1875000 1767896 1586224 1767896
M2 1586224 1767896 1581040 1773080
Net30 5 
M2 2908740 1607440 2895780 1620400
M2 2895780 1620400 2400000 1620400
M2 2400000 1620400 1875000 1734200
M2 1875000 1734200 1567150 1734200
M2 1567150 1734200 1554190 1747160
Net34 5 
M2 2720810 1581520 2712170 1590160
M2 2712170 1590160 2400000 1590160
M2 2400000 1590160 1875000 1703960
M2 1875000 1703960 1383540 1703960
M2 1383540 1703960 1366260 1721240
Net37 5 
M2 2881890 1581520 2864610 1598800
M2 2864610 1598800 2400000 1598800
M2 2400000 1598800 1875000 1712600
M2 1875000 1712600 1535980 1712600
M2 1535980 1712600 1527340 1721240
Net44 5 
M2 2667120 1529680 2654160 1542640
M2 2654160 1542640 2400000 1542640
M2 2400000 1542640 1875000 1656440
M2 1875000 1656440 1325530 1656440
M2 1325530 1656440 1312570 1669400
Net48 5 
M2 2693960 1503760 2685320 1512400
M2 2685320 1512400 2400000 1512400
M2 2400000 1512400 1875000 1626200
M2 1875000 1626200 1356697 1626200
M2 1356697 1626200 1339417 1643480
Net51 5 
M2 2855042 1503760 2837762 1521040
M2 2837762 1521040 2400000 1521040
M2 2400000 1521040 1875000 1634840
M2 1875000 1634840 1509137 1634840
M2 1509137 1634840 1500497 1643480
Net58 5 
M2 2881890 1477840 2873250 1486480
M2 2873250 1486480 2400000 1486480
M2 2400000 1486480 1875000 1600280
M2 1875000 1600280 1544620 1600280
M2 1544620 1600280 1527340 1617560
Net59 5 
M2 2935582 1477840 2918302 1495120
M2 2918302 1495120 2400000 1495120
M2 2400000 1495120 1875000 1608920
M2 1875000 1608920 1589680 1608920
M2 1589680 1608920 1581040 1617560
Net61 5 
M2 2747660 1451920 2734700 1464880
M2 2734700 1464880 2400000 1464880
M2 2400000 1464880 1875000 1578680
M2 1875000 1578680 1406070 1578680
M2 1406070 1578680 1393110 1591640
Net68 5 
M2 2828200 1426000 2815240 1438960
M2 2815240 1438960 2400000 1438960
M2 2400000 1438960 1875000 1552760
M2 1875000 1552760 1486610 1552760
M2 1486610 1552760 1473650 1565720
Net71 5 
M2 2693960 1400080 2685320 1408720
M2 2685320 1408720 2400000 1408720
M2 2400000 1408720 1875000 1522520
M2 1875000 1522520 1303000 1522520
M2 1303000 1522520 1285720 1539800
Net72 5 
M2 2747660 1400080 2730380 1417360
M2 2730380 1417360 2400000 1417360
M2 2400000 1417360 1875000 1531160
M2 1875000 1531160 1401750 1531160
M2 1401750 1531160 1393110 1539800
Net78 5 
M2 2720810 1374160 2712170 1382800
M2 2712170 1382800 2400000 1382800
M2 2400000 1382800 1875000 1496600
M2 1875000 1496600 1383540 1496600
M2 1383540 1496600 1366260 1513880
Net81 5 
M2 2881890 1374160 2864610 1391440
M2 2864610 1391440 2400000 1391440
M2 2400000 1391440 1875000 1505240
M2 1875000 1505240 1535980 1505240
M2 1535980 1505240 1527340 1513880
