Nets 26
Net4 5 
M2 3227870 1728400 3206270 1750000
M2 3206270 1750000 2400000 1750000
M2 2400000 1750000 1875000 1842200
M2 1875000 1842200 1539450 1842200
M2 1539450 1842200 1530810 1850840
Net14 5 
M2 3444372 1685200 3433572 1696000
M2 3433572 1696000 2400000 1696000
M2 2400000 1696000 1875000 1807640
M2 1875000 1807640 1516040 1807640
M2 1516040 1807640 1498760 1824920
Net15 5 
M2 3530980 1685200 3509380 1706800
M2 3509380 1706800 2400000 1706800
M2 2400000 1706800 1875000 1816280
M2 1875000 1816280 1571490 1816280
M2 1571490 1816280 1562850 1824920
Net16 5 
M2 3704180 1685200 3671780 1717600
M2 3671780 1717600 2400000 1717600
M2 2400000 1717600 1875000 1833560
M2 1875000 1833560 1186972 1833560
M2 1186972 1833560 1178332 1824920
Net21 5 
M2 3227870 1642000 3213470 1656400
M2 3213470 1656400 2400000 1656400
M2 2400000 1656400 1875000 1760120
M2 1875000 1760120 1447640 1760120
M2 1447640 1760120 1434680 1773080
Net24 5 
M2 3574280 1642000 3545480 1670800
M2 3545480 1670800 2400000 1670800
M2 2400000 1670800 1875000 1766600
M2 1875000 1766600 1569330 1766600
M2 1569330 1766600 1562850 1773080
Net25 5 
M2 3660880 1642000 3652240 1633360
M2 3652240 1633360 2400000 1633360
M2 2400000 1633360 1875000 1753640
M2 1875000 1753640 1197772 1753640
M2 1197772 1753640 1178332 1773080
Net29 5 
M2 3011360 1598800 3002720 1607440
M2 3002720 1607440 2400000 1607440
M2 2400000 1607440 1875000 1727720
M2 1875000 1727720 1293900 1727720
M2 1293900 1727720 1274460 1747160
Net33 5 
M2 3530980 1598800 3513700 1616080
M2 3513700 1616080 2400000 1616080
M2 2400000 1616080 1875000 1734200
M2 1875000 1734200 1543770 1734200
M2 1543770 1734200 1530810 1747160
Net34 5 
M2 3617580 1598800 3591660 1624720
M2 3591660 1624720 2400000 1624720
M2 2400000 1624720 1875000 1740680
M2 1875000 1740680 1601370 1740680
M2 1601370 1740680 1594890 1747160
Net37 5 
M2 2794857 1555600 2786217 1564240
M2 2786217 1564240 2400000 1564240
M2 2400000 1564240 1875000 1700504
M2 1875000 1700504 1391326 1700504
M2 1391326 1700504 1370590 1721240
Net41 5 
M2 3401070 1555600 3383790 1572880
M2 3383790 1572880 2400000 1572880
M2 2400000 1572880 1875000 1705688
M2 1875000 1705688 1450232 1705688
M2 1450232 1705688 1434680 1721240
Net42 5 
M2 3487677 1555600 3461757 1581520
M2 3461757 1581520 2400000 1581520
M2 2400000 1581520 1875000 1710872
M2 1875000 1710872 1509128 1710872
M2 1509128 1710872 1498760 1721240
Net43 5 
M2 3574280 1555600 3539720 1590160
M2 3539720 1590160 2400000 1590160
M2 2400000 1590160 1875000 1716056
M2 1875000 1716056 1568034 1716056
M2 1568034 1716056 1562850 1721240
Net44 5 
M2 2838160 1512400 2823760 1526800
M2 2823760 1526800 2400000 1526800
M2 2400000 1526800 1875000 1626200
M2 1875000 1626200 1291740 1626200
M2 1291740 1626200 1274460 1643480
Net50 5 
M2 3444372 1512400 3415572 1541200
M2 3415572 1541200 2400000 1541200
M2 2400000 1541200 1875000 1634840
M2 1875000 1634840 1475360 1634840
M2 1475360 1634840 1466720 1643480
Net57 5 
M2 3314470 1469200 3292870 1490800
M2 3292870 1490800 2400000 1490800
M2 2400000 1490800 1875000 1608920
M2 1875000 1608920 1571490 1608920
M2 1571490 1608920 1562850 1617560
Net67 5 
M2 3271170 1426000 3262530 1434640
M2 3262530 1434640 2400000 1434640
M2 2400000 1434640 1875000 1546280
M2 1875000 1546280 1454120 1546280
M2 1454120 1546280 1434680 1565720
Net68 5 
M2 3444372 1426000 3427092 1443280
M2 3427092 1443280 2400000 1443280
M2 2400000 1443280 1875000 1552760
M2 1875000 1552760 1511720 1552760
M2 1511720 1552760 1498760 1565720
Net69 5 
M2 3530980 1426000 3505060 1451920
M2 3505060 1451920 2400000 1451920
M2 2400000 1451920 1875000 1559240
M2 1875000 1559240 1569330 1559240
M2 1569330 1559240 1562850 1565720
Net70 5 
M2 3704180 1426000 3669620 1460560
M2 3669620 1460560 2400000 1460560
M2 2400000 1460560 1875000 1600280
M2 1875000 1600280 1195612 1600280
M2 1195612 1600280 1178332 1617560
Net74 5 
M2 2968060 1382800 2946460 1404400
M2 2946460 1404400 2400000 1404400
M2 2400000 1404400 1875000 1505240
M2 1875000 1505240 1379230 1505240
M2 1379230 1505240 1370590 1513880
Net84 5 
M2 3184570 1339600 3175930 1348240
M2 3175930 1348240 2400000 1348240
M2 2400000 1348240 1875000 1468520
M2 1875000 1468520 1357990 1468520
M2 1357990 1468520 1338550 1487960
Net85 5 
M2 3271170 1339600 3253890 1356880
M2 3253890 1356880 2400000 1356880
M2 2400000 1356880 1875000 1475000
M2 1875000 1475000 1479680 1475000
M2 1479680 1475000 1466720 1487960
Net86 5 
M2 3444372 1339600 3418452 1365520
M2 3418452 1365520 2400000 1365520
M2 2400000 1365520 1875000 1481480
M2 1875000 1481480 1601370 1481480
M2 1601370 1481480 1594890 1487960
Net87 5 
M2 3704180 1339600 3669620 1374160
M2 3669620 1374160 2400000 1374160
M2 2400000 1374160 1875000 1496600
M2 1875000 1496600 1195612 1496600
M2 1195612 1496600 1178332 1513880
