Nets 32
Net13 5 
V2 3357770 1685200 3346970 1696000
V2 3346970 1696000 2400000 1696000
V2 2400000 1696000 1875000 1874909
V2 1875000 1874909 1255620 1874909
V2 1255620 1874909 1238960 1891570
Net14 5 
V2 3444372 1685200 3422772 1706800
V2 3422772 1706800 2400000 1706800
V2 2400000 1706800 1875000 1880464
V2 1875000 1880464 1433656 1880464
V2 1433656 1880464 1422550 1891570
Net15 5 
V2 3530980 1685200 3498580 1717600
V2 3498580 1717600 2400000 1717600
V2 2400000 1717600 1875000 1886018
V2 1875000 1886018 1519901 1886018
V2 1519901 1886018 1514350 1891570
Net16 5 
V2 3704180 1685200 3689780 1670800
V2 3689780 1670800 2400000 1670800
V2 2400000 1670800 1875000 1869355
V2 1875000 1869355 343184 1869355
V2 343184 1869355 320970 1891570
Net20 5 
V2 3141267 1642000 3126867 1656400
V2 3126867 1656400 2400000 1656400
V2 2400000 1656400 1875000 1863801
V2 1875000 1863801 1129031 1863801
V2 1129031 1863801 1101260 1836030
Net21 5 
V2 3227870 1642000 3220670 1634800
V2 3220670 1634800 2400000 1634800
V2 2400000 1634800 1875000 1858247
V2 1875000 1858247 1215277 1858247
V2 1215277 1858247 1193060 1836030
Net22 5 
V2 3314470 1642000 3300070 1627600
V2 3300070 1627600 2400000 1627600
V2 2400000 1627600 1875000 1852692
V2 1875000 1852692 1301520 1852692
V2 1301520 1852692 1284857 1836030
Net23 5 
V2 3487677 1642000 3466077 1620400
V2 3466077 1620400 2400000 1620400
V2 2400000 1620400 1875000 1847138
V2 1875000 1847138 1387761 1847138
V2 1387761 1847138 1376652 1836030
Net24 5 
V2 3574280 1642000 3545480 1613200
V2 3545480 1613200 2400000 1613200
V2 2400000 1613200 1875000 1841584
V2 1875000 1841584 1474004 1841584
V2 1474004 1841584 1468450 1836030
Net27 5 
V2 2838160 1598800 2833840 1594480
V2 2833840 1594480 2400000 1594480
V2 2400000 1594480 1875000 1822144
V2 1875000 1822144 821616 1822144
V2 821616 1822144 779960 1780487
Net28 5 
V2 2924760 1598800 2916120 1590160
V2 2916120 1590160 2400000 1590160
V2 2400000 1590160 1875000 1815201
V2 1875000 1815201 906473 1815201
V2 906473 1815201 871760 1780487
Net29 5 
V2 3011360 1598800 2998400 1585840
V2 2998400 1585840 2400000 1585840
V2 2400000 1585840 1875000 1808258
V2 1875000 1808258 991331 1808258
V2 991331 1808258 963560 1780487
Net30 5 
V2 3184570 1598800 3167290 1581520
V2 3167290 1581520 2400000 1581520
V2 2400000 1581520 1875000 1801315
V2 1875000 1801315 1076188 1801315
V2 1076188 1801315 1055360 1780487
Net31 5 
V2 3271170 1598800 3249570 1577200
V2 3249570 1577200 2400000 1577200
V2 2400000 1577200 1875000 1794373
V2 1875000 1794373 1252845 1794373
V2 1252845 1794373 1238960 1780487
Net32 5 
V2 3357770 1598800 3331850 1572880
V2 3331850 1572880 2400000 1572880
V2 2400000 1572880 1875000 1787430
V2 1875000 1787430 1337695 1787430
V2 1337695 1787430 1330752 1780487
Net33 5 
V2 3530980 1598800 3500740 1568560
V2 3500740 1568560 2400000 1568560
V2 2400000 1568560 1875000 1761968
V2 1875000 1761968 1532869 1761968
V2 1532869 1761968 1514350 1780487
Net34 5 
V2 3617580 1598800 3610380 1606000
V2 3610380 1606000 2400000 1606000
V2 2400000 1606000 1875000 1829086
V2 1875000 1829086 1567193 1829086
V2 1567193 1829086 1560250 1836030
Net35 5 
V2 3704180 1598800 3669620 1564240
V2 3669620 1564240 2400000 1564240
V2 2400000 1564240 1875000 1743454
V2 1875000 1743454 358003 1743454
V2 358003 1743454 320970 1780487
Net36 5 
V2 2708250 1555600 2703930 1559920
V2 2703930 1559920 2400000 1559920
V2 2400000 1559920 1875000 1697171
V2 1875000 1697171 578236 1697171
V2 578236 1697171 550467 1724940
Net60 5 
V2 3574280 1469200 3552680 1490800
V2 3552680 1490800 2400000 1490800
V2 2400000 1490800 1875000 1650888
V2 1875000 1650888 1532862 1650888
V2 1532862 1650888 1514350 1669400
Net61 5 
V2 3660880 1469200 3646480 1454800
V2 3646480 1454800 2400000 1454800
V2 2400000 1454800 1875000 1632374
V2 1875000 1632374 293584 1632374
V2 293584 1632374 275070 1613860
Net64 5 
V2 3011360 1426000 2996960 1440400
V2 2996960 1440400 2400000 1440400
V2 2400000 1440400 1875000 1599969
V2 1875000 1599969 729819 1599969
V2 729819 1599969 688162 1558312
Net65 5 
V2 3097962 1426000 3093642 1421680
V2 3093642 1421680 2400000 1421680
V2 2400000 1421680 1875000 1586083
V2 1875000 1586083 807731 1586083
V2 807731 1586083 779960 1558312
Net66 5 
V2 3184570 1426000 3175930 1417360
V2 3175930 1417360 2400000 1417360
V2 2400000 1417360 1875000 1572198
V2 1875000 1572198 885645 1572198
V2 885645 1572198 871760 1558312
Net71 5 
V2 2708250 1382800 2703930 1387120
V2 2703930 1387120 2400000 1387120
V2 2400000 1387120 1875000 1484255
V2 1875000 1484255 385384 1484255
V2 385384 1484255 366870 1502770
Net74 5 
V2 2968060 1382800 2959420 1391440
V2 2959420 1391440 2400000 1391440
V2 2400000 1391440 1875000 1510704
V2 1875000 1510704 1011168 1510704
V2 1011168 1510704 963560 1558312
Net75 5 
V2 3141267 1382800 3128307 1395760
V2 3128307 1395760 2400000 1395760
V2 2400000 1395760 1875000 1518639
V2 1875000 1518639 1095033 1518639
V2 1095033 1518639 1055360 1558312
Net76 5 
V2 3314470 1382800 3297190 1400080
V2 3297190 1400080 2400000 1400080
V2 2400000 1400080 1875000 1526573
V2 1875000 1526573 1178899 1526573
V2 1178899 1526573 1147160 1558312
Net77 5 
V2 3401070 1382800 3379470 1404400
V2 3379470 1404400 2400000 1404400
V2 2400000 1404400 1875000 1534508
V2 1875000 1534508 1262764 1534508
V2 1262764 1534508 1238960 1558312
Net78 5 
V2 3487677 1382800 3461757 1408720
V2 3461757 1408720 2400000 1408720
V2 2400000 1408720 1875000 1542442
V2 1875000 1542442 1438420 1542442
V2 1438420 1542442 1422550 1558312
Net79 5 
V2 3574280 1382800 3544040 1413040
V2 3544040 1413040 2400000 1413040
V2 2400000 1413040 1875000 1550377
V2 1875000 1550377 1522285 1550377
V2 1522285 1550377 1514350 1558312
Net80 5 
V2 3660880 1382800 3639280 1361200
V2 3639280 1361200 2400000 1361200
V2 2400000 1361200 1875000 1465741
V2 1875000 1465741 312098 1465741
V2 312098 1465741 275070 1502770
