Nets 32
Net0 5 
V1 2554130 2112040 2548946 2117224
V1 2548946 2117224 2300000 2117224
V1 2300000 2117224 1875000 1854544
V1 1875000 1854544 449796 1854544
V1 449796 1854544 412770 1891570
Net1 5 
V1 2640730 2112040 2630362 2122408
V1 2630362 2122408 2300000 2122408
V1 2300000 2122408 1875000 1863801
V1 1875000 1863801 624136 1863801
V1 624136 1863801 596367 1891570
Net2 5 
V1 2727330 2112040 2711778 2127592
V1 2711778 2127592 2300000 2127592
V1 2300000 2127592 1875000 1873058
V1 1875000 1873058 706674 1873058
V1 706674 1873058 688162 1891570
Net3 5 
V1 2770630 2112040 2749894 2132776
V1 2749894 2132776 2300000 2132776
V1 2300000 2132776 1875000 1882315
V1 1875000 1882315 881015 1882315
V1 881015 1882315 871760 1891570
Net4 5 
V1 2575780 2086120 2570596 2091304
V1 2570596 2091304 2300000 2091304
V1 2300000 2091304 1875000 1802704
V1 1875000 1802704 583793 1802704
V1 583793 1802704 550467 1836030
Net5 5 
V1 2619080 2086120 2608712 2096488
V1 2608712 2096488 2300000 2096488
V1 2300000 2096488 1875000 1813813
V1 1875000 1813813 664479 1813813
V1 664479 1813813 642262 1836030
Net6 5 
V1 2662380 2086120 2646828 2101672
V1 2646828 2101672 2300000 2101672
V1 2300000 2101672 1875000 1824921
V1 1875000 1824921 745168 1824921
V1 745168 1824921 734060 1836030
Net7 5 
V1 2705680 2086120 2684944 2106856
V1 2684944 2106856 2300000 2106856
V1 2300000 2106856 1875000 1845287
V1 1875000 1845287 835117 1845287
V1 835117 1845287 825860 1836030
Net11 5 
V1 2554130 2060200 2547650 2053720
V1 2547650 2053720 2300000 2053720
V1 2300000 2053720 1875000 1791596
V1 1875000 1791596 411304 1791596
V1 411304 1791596 366870 1836030
Net17 5 
V1 2619080 2034280 2612600 2040760
V1 2612600 2040760 2300000 2040760
V1 2300000 2040760 1875000 1761968
V1 1875000 1761968 523089 1761968
V1 523089 1761968 504570 1780487
Net18 5 
V1 2662380 2034280 2649420 2047240
V1 2649420 2047240 2300000 2047240
V1 2300000 2047240 1875000 1771225
V1 1875000 1771225 697425 1771225
V1 697425 1771225 688162 1780487
Net33 5 
V1 2554130 1956520 2541170 1969480
V1 2541170 1969480 2300000 1969480
V1 2300000 1969480 1875000 1752711
V1 1875000 1752711 394641 1752711
V1 394641 1752711 366870 1724940
Net36 5 
V1 2684030 1956520 2679710 1952200
V1 2679710 1952200 2300000 1952200
V1 2300000 1952200 1875000 1743454
V1 1875000 1743454 1211574 1743454
V1 1211574 1743454 1193060 1724940
Net37 5 
V1 2727330 1956520 2718690 1947880
V1 2718690 1947880 2300000 1947880
V1 2300000 1947880 1875000 1734197
V1 1875000 1734197 1385909 1734197
V1 1385909 1734197 1376652 1724940
Net38 5 
V1 2770630 1956520 2757670 1943560
V1 2757670 1943560 2300000 1943560
V1 2300000 1943560 1875000 1713834
V1 1875000 1713834 1479556 1713834
V1 1479556 1713834 1468450 1724940
Net40 5 
V1 2662380 1930600 2657196 1925416
V1 2657196 1925416 2300000 1925416
V1 2300000 1925416 1875000 1680508
V1 1875000 1680508 870291 1680508
V1 870291 1680508 825860 1724940
Net41 5 
V1 2705680 1930600 2701360 1934920
V1 2701360 1934920 2300000 1934920
V1 2300000 1934920 1875000 1691617
V1 1875000 1691617 950983 1691617
V1 950983 1691617 917660 1724940
Net42 5 
V1 2792280 1930600 2783640 1939240
V1 2783640 1939240 2300000 1939240
V1 2300000 1939240 1875000 1702725
V1 1875000 1702725 1123474 1702725
V1 1123474 1702725 1101260 1724940
Net45 5 
V1 2640730 1904680 2635546 1909864
V1 2635546 1909864 2300000 1909864
V1 2300000 1909864 1875000 1648573
V1 1875000 1648573 984386 1648573
V1 984386 1648573 963560 1669400
Net46 5 
V1 2684030 1904680 2673662 1915048
V1 2673662 1915048 2300000 1915048
V1 2300000 1915048 1875000 1655516
V1 1875000 1655516 1069243 1655516
V1 1069243 1655516 1055360 1669400
Net47 5 
V1 2770630 1904680 2755078 1920232
V1 2755078 1920232 2300000 1920232
V1 2300000 1920232 1875000 1662459
V1 1875000 1662459 1337693 1662459
V1 1337693 1662459 1330752 1669400
Net48 5 
V1 2575780 1878760 2569300 1885240
V1 2569300 1885240 2300000 1885240
V1 2300000 1885240 1875000 1627745
V1 1875000 1627745 454424 1627745
V1 454424 1627745 412770 1669400
Net49 5 
V1 2619080 1878760 2606120 1891720
V1 2606120 1891720 2300000 1891720
V1 2300000 1891720 1875000 1634688
V1 1875000 1634688 539281 1634688
V1 539281 1634688 504570 1669400
Net50 5 
V1 2662380 1878760 2642940 1898200
V1 2642940 1898200 2300000 1898200
V1 2300000 1898200 1875000 1641631
V1 1875000 1641631 715931 1641631
V1 715931 1641631 688162 1669400
Net56 5 
V1 2597430 1852840 2592246 1858024
V1 2592246 1858024 2300000 1858024
V1 2300000 1858024 1875000 1580529
V1 1875000 1580529 400200 1580529
V1 400200 1580529 366870 1613860
Net57 5 
V1 2684030 1852840 2673662 1863208
V1 2673662 1863208 2300000 1863208
V1 2300000 1863208 1875000 1591638
V1 1875000 1591638 572689 1591638
V1 572689 1591638 550467 1613860
Net58 5 
V1 2727330 1852840 2711778 1868392
V1 2711778 1868392 2300000 1868392
V1 2300000 1868392 1875000 1602746
V1 1875000 1602746 1112373 1602746
V1 1112373 1602746 1101260 1613860
Net59 5 
V1 2770630 1852840 2749894 1873576
V1 2749894 1873576 2300000 1873576
V1 2300000 1873576 1875000 1620802
V1 1875000 1620802 924602 1620802
V1 924602 1620802 917660 1613860
Net60 5 
V1 2575780 1826920 2562820 1839880
V1 2562820 1839880 2300000 1839880
V1 2300000 1839880 1875000 1569421
V1 1875000 1569421 515678 1569421
V1 515678 1569421 504570 1558312
Net72 5 
V1 2619080 1775080 2612600 1781560
V1 2612600 1781560 2300000 1781560
V1 2300000 1781560 1875000 1465741
V1 1875000 1465741 495698 1465741
V1 495698 1465741 458670 1502770
Net73 5 
V1 2662380 1775080 2649420 1788040
V1 2649420 1788040 2300000 1788040
V1 2300000 1788040 1875000 1484255
V1 1875000 1484255 568982 1484255
V1 568982 1484255 550467 1502770
Net74 5 
V1 2748980 1775080 2729540 1794520
V1 2729540 1794520 2300000 1794520
V1 2300000 1794520 1875000 1530541
V1 1875000 1530541 1450321 1530541
V1 1450321 1530541 1422550 1558312
