Nets 34
Net0 5 
V1 2619080 2097230 2611144 2105165
V1 2611144 2105165 2300000 2105165
V1 2300000 2105165 1875000 1853000
V1 1875000 1853000 863027 1853000
V1 863027 1853000 830627 1885400
Net1 5 
V1 2809602 2097230 2793732 2113100
V1 2793732 2113100 2300000 2113100
V1 2300000 2113100 1875000 1858400
V1 1875000 1858400 1030830 1858400
V1 1030830 1858400 1003830 1885400
Net2 5 
V1 2904870 2097230 2881065 2121034
V1 2881065 2121034 2300000 2121034
V1 2300000 2121034 1875000 1863800
V1 1875000 1863800 1112030 1863800
V1 1112030 1863800 1090430 1885400
Net3 5 
V1 3095390 2097230 3063651 2128969
V1 3063651 2128969 2300000 2128969
V1 2300000 2128969 1875000 1869200
V1 1875000 1869200 1279840 1869200
V1 1279840 1869200 1263640 1885400
Net4 5 
V1 3381180 2097230 3341506 2136903
V1 3341506 2136903 2300000 2136903
V1 2300000 2136903 1875000 1874600
V1 1875000 1874600 1361040 1874600
V1 1361040 1874600 1350240 1885400
Net5 5 
V1 3476440 2097230 3428832 2144838
V1 3428832 2144838 2300000 2144838
V1 2300000 2144838 1875000 1880000
V1 1875000 1880000 1528847 1880000
V1 1528847 1880000 1523447 1885400
Net7 5 
V1 3762230 2097230 3743716 2078716
V1 3743716 2078716 2300000 2078716
V1 2300000 2078716 1875000 1847600
V1 1875000 1847600 1485542 1847600
V1 1485542 1847600 1480142 1842200
Net8 5 
V1 3857492 2097230 3820464 2060202
V1 3820464 2060202 2300000 2060202
V1 2300000 2060202 1875000 1835000
V1 1875000 1835000 1573950 1835000
V1 1573950 1835000 1566750 1842200
Net10 5 
V1 2666710 2041687 2659767 2034744
V1 2659767 2034744 2300000 2034744
V1 2300000 2034744 1875000 1827800
V1 1875000 1827800 715120 1827800
V1 715120 1827800 700720 1842200
Net17 5 
V1 3428810 2041687 3414924 2027802
V1 3414924 2027802 2300000 2027802
V1 2300000 2027802 1875000 1820600
V1 1875000 1820600 1198637 1820600
V1 1198637 1820600 1177037 1799000
Net18 5 
V1 3524077 2041687 3503249 2020859
V1 3503249 2020859 2300000 2020859
V1 2300000 2020859 1875000 1813400
V1 1875000 1813400 1278040 1813400
V1 1278040 1813400 1263640 1799000
Net19 5 
V1 3619340 2041687 3591569 2013916
V1 3591569 2013916 2300000 2013916
V1 2300000 2013916 1875000 1806200
V1 1875000 1806200 1357440 1806200
V1 1357440 1806200 1350240 1799000
Net20 5 
V1 3714600 2041687 3679886 2006973
V1 3679886 2006973 2300000 2006973
V1 2300000 2006973 1875000 1794680
V1 1875000 1794680 1527767 1794680
V1 1527767 1794680 1523447 1799000
Net24 5 
V1 2809602 1986140 2802654 1993088
V1 2802654 1993088 2300000 1993088
V1 2300000 1993088 1875000 1786040
V1 1875000 1786040 843587 1786040
V1 843587 1786040 830627 1799000
Net25 5 
V1 2904870 1986140 2890979 2000031
V1 2890979 2000031 2300000 2000031
V1 2300000 2000031 1875000 1790360
V1 1875000 1790360 1012470 1790360
V1 1012470 1790360 1003830 1799000
Net27 5 
V1 3095390 1986140 3089218 1979968
V1 3089218 1979968 2300000 1979968
V1 2300000 1979968 1875000 1781720
V1 1875000 1781720 899850 1781720
V1 899850 1781720 873930 1755800
Net28 5 
V1 3285920 1986140 3273577 1973797
V1 3273577 1973797 2300000 1973797
V1 2300000 1973797 1875000 1777400
V1 1875000 1777400 982130 1777400
V1 982130 1777400 960530 1755800
Net29 5 
V1 3381180 1986140 3362666 1967626
V1 3362666 1967626 2300000 1967626
V1 2300000 1967626 1875000 1773080
V1 1875000 1773080 1064410 1773080
V1 1064410 1773080 1047130 1755800
Net30 5 
V1 3571710 1986140 3547025 1961455
V1 3547025 1961455 2300000 1961455
V1 2300000 1961455 1875000 1768760
V1 1875000 1768760 1146692 1768760
V1 1146692 1768760 1133732 1755800
Net31 5 
V1 3666970 1986140 3636113 1955283
V1 3636113 1955283 2300000 1955283
V1 2300000 1955283 1875000 1764440
V1 1875000 1764440 1315580 1764440
V1 1315580 1764440 1306940 1755800
Net32 5 
V1 3857492 1986140 3820465 1949112
V1 3820465 1949112 2300000 1949112
V1 2300000 1949112 1875000 1760120
V1 1875000 1760120 1484462 1760120
V1 1484462 1760120 1480142 1755800
Net33 5 
V1 3952760 1986140 3909561 1942941
V1 3909561 1942941 2300000 1942941
V1 2300000 1942941 1875000 1734200
V1 1875000 1734200 635720 1734200
V1 635720 1734200 614120 1755800
Net35 5 
V1 2857237 1930600 2851067 1936770
V1 2851067 1936770 2300000 1936770
V1 2300000 1936770 1875000 1691000
V1 1875000 1691000 679020 1691000
V1 679020 1691000 657420 1712600
Net45 5 
V1 2809602 1875060 2802661 1882000
V1 2802661 1882000 2300000 1882000
V1 2300000 1882000 1875000 1631600
V1 1875000 1631600 825122 1631600
V1 825122 1631600 787322 1669400
Net46 5 
V1 3000130 1875060 2986246 1888943
V1 2986246 1888943 2300000 1888943
V1 2300000 1888943 1875000 1637000
V1 1875000 1637000 906330 1637000
V1 906330 1637000 873930 1669400
Net47 5 
V1 3095390 1875060 3074563 1895886
V1 3074563 1895886 2300000 1895886
V1 2300000 1895886 1875000 1642400
V1 1875000 1642400 987530 1642400
V1 987530 1642400 960530 1669400
Net48 5 
V1 3285920 1875060 3258151 1902829
V1 3258151 1902829 2300000 1902829
V1 2300000 1902829 1875000 1647800
V1 1875000 1647800 1155332 1647800
V1 1155332 1647800 1133732 1669400
Net49 5 
V1 3381180 1875060 3346468 1909771
V1 3346468 1909771 2300000 1909771
V1 2300000 1909771 1875000 1653200
V1 1875000 1653200 1323140 1653200
V1 1323140 1653200 1306940 1669400
Net50 5 
V1 3571710 1875060 3530055 1916714
V1 3530055 1916714 2300000 1916714
V1 2300000 1916714 1875000 1658600
V1 1875000 1658600 1490942 1658600
V1 1490942 1658600 1480142 1669400
Net51 5 
V1 3666970 1875060 3618372 1923657
V1 3618372 1923657 2300000 1923657
V1 2300000 1923657 1875000 1664000
V1 1875000 1664000 1572150 1664000
V1 1572150 1664000 1566750 1669400
Net53 5 
V1 3952760 1875060 3924988 1847288
V1 3924988 1847288 2300000 1847288
V1 2300000 1847288 1875000 1561400
V1 1875000 1561400 635720 1561400
V1 635720 1561400 614120 1583000
Net71 5 
V1 3381180 1763970 3353408 1791741
V1 3353408 1791741 2300000 1791741
V1 2300000 1791741 1875000 1525400
V1 1875000 1525400 1018230 1525400
V1 1018230 1525400 1003830 1539800
Net77 5 
V1 3952760 1763970 3934246 1745456
V1 3934246 1745456 2300000 1745456
V1 2300000 1745456 1875000 1511000
V1 1875000 1511000 628520 1511000
V1 628520 1511000 614120 1496600
Net81 5 
V1 3047760 1708430 3029248 1726942
V1 3029248 1726942 2300000 1726942
V1 2300000 1726942 1875000 1475000
V1 1875000 1475000 895530 1475000
V1 895530 1475000 873930 1496600
