Nets 15
Net8 5 
M2 2748980 2086120 2740340 2094760
M2 2740340 2094760 2300000 2094760
M2 2300000 2094760 1875000 1863801
M2 1875000 1863801 1018179 1863801
M2 1018179 1863801 990410 1891570
Net9 5 
M2 2792280 2086120 2775000 2103400
M2 2775000 2103400 2300000 2103400
M2 2300000 2103400 1875000 1877686
M2 1875000 1877686 1180963 1877686
M2 1180963 1877686 1167080 1891570
Net10 5 
M2 2835582 2086120 2826942 2077480
M2 2826942 2077480 2300000 2077480
M2 2300000 2077480 1875000 1849915
M2 1875000 1849915 341785 1849915
M2 341785 1849915 327900 1836030
Net12 5 
M2 2597430 2060200 2588790 2068840
M2 2588790 2068840 2300000 2068840
M2 2300000 2068840 1875000 1817515
M2 1875000 1817515 523084 1817515
M2 523084 1817515 504570 1836030
Net16 5 
M2 2575780 2034280 2562820 2047240
M2 2562820 2047240 2300000 2047240
M2 2300000 2047240 1875000 1799001
M2 1875000 1799001 478914 1799001
M2 478914 1799001 460400 1780487
Net28 5 
M2 2619080 1982440 2612600 1988920
M2 2612600 1988920 2300000 1988920
M2 2300000 1988920 1875000 1738825
M2 1875000 1738825 943732 1738825
M2 943732 1738825 902070 1780487
Net29 5 
M2 2662380 1982440 2649420 1995400
M2 2649420 1995400 2300000 1995400
M2 2300000 1995400 1875000 1752711
M2 1875000 1752711 1371524 1752711
M2 1371524 1752711 1343747 1780487
Net30 5 
M2 2748980 1982440 2729540 2001880
M2 2729540 2001880 2300000 2001880
M2 2300000 2001880 1875000 1766596
M2 1875000 1766596 1534303 1766596
M2 1534303 1766596 1520412 1780487
Net32 5 
M2 2835582 1982440 2822622 1969480
M2 2822622 1969480 2300000 1969480
M2 2300000 1969480 1875000 1697171
M2 1875000 1697171 355668 1697171
M2 355668 1697171 327900 1724940
Net44 5 
M2 2554130 1904680 2541170 1917640
M2 2541170 1917640 2300000 1917640
M2 2300000 1917640 1875000 1641631
M2 1875000 1641631 841508 1641631
M2 841508 1641631 813740 1669400
Net52 5 
M2 2748980 1878760 2736020 1891720
M2 2736020 1891720 2300000 1891720
M2 2300000 1891720 1875000 1595340
M2 1875000 1595340 1229759 1595340
M2 1229759 1595340 1211240 1613860
Net54 5 
M2 2835582 1878760 2826942 1870120
M2 2826942 1870120 2300000 1870120
M2 2300000 1870120 1875000 1576826
M2 1875000 1576826 364933 1576826
M2 364933 1576826 327900 1613860
Net55 5 
M2 2554130 1852840 2545490 1861480
M2 2545490 1861480 2300000 1861480
M2 2300000 1861480 1875000 1539798
M2 1875000 1539798 478914 1539798
M2 478914 1539798 460400 1558312
Net71 5 
M2 2575780 1775080 2567140 1783720
M2 2567140 1783720 2300000 1783720
M2 2300000 1783720 1875000 1474998
M2 1875000 1474998 444001 1474998
M2 444001 1474998 416230 1502770
Net76 5 
M2 2835582 1775080 2818302 1792360
M2 2818302 1792360 2300000 1792360
M2 2300000 1792360 1875000 1521284
M2 1875000 1521284 346414 1521284
M2 346414 1521284 327900 1502770
