Nets 37
Net0 5 
V1 2614750 2097230 2609195 2102784
V1 2609195 2102784 2300000 2102784
V1 2300000 2102784 1875000 1849915
V1 1875000 1849915 454424 1849915
V1 454424 1849915 412770 1891570
Net1 5 
V1 2798347 2097230 2787239 2108338
V1 2787239 2108338 2300000 2108338
V1 2300000 2108338 1875000 1854544
V1 1875000 1854544 633393 1854544
V1 633393 1854544 596367 1891570
Net2 5 
V1 2890142 2097230 2873479 2113892
V1 2873479 2113892 2300000 2113892
V1 2300000 2113892 1875000 1859172
V1 1875000 1859172 720560 1859172
V1 720560 1859172 688162 1891570
Net3 5 
V1 3073740 2097230 3051523 2119447
V1 3051523 2119447 2300000 2119447
V1 2300000 2119447 1875000 1863801
V1 1875000 1863801 899529 1863801
V1 899529 1863801 871760 1891570
Net4 5 
V1 3349140 2097230 3321368 2125001
V1 3321368 2125001 2300000 2125001
V1 2300000 2125001 1875000 1868429
V1 1875000 1868429 986700 1868429
V1 986700 1868429 963560 1891570
Net5 5 
V1 3440940 2097230 3407614 2130555
V1 3407614 2130555 2300000 2130555
V1 2300000 2130555 1875000 1873058
V1 1875000 1873058 1165672 1873058
V1 1165672 1873058 1147160 1891570
Net6 5 
V1 3624532 2097230 3585652 2136109
V1 3585652 2136109 2300000 2136109
V1 2300000 2136109 1875000 1877686
V1 1875000 1877686 1252843 1877686
V1 1252843 1877686 1238960 1891570
Net7 5 
V1 3716330 2097230 3671896 2141664
V1 3671896 2141664 2300000 2141664
V1 2300000 2141664 1875000 1882315
V1 1875000 1882315 1431805 1882315
V1 1431805 1882315 1422550 1891570
Net8 5 
V1 3808130 2097230 3758141 2147218
V1 3758141 2147218 2300000 2147218
V1 2300000 2147218 1875000 1886943
V1 1875000 1886943 1518976 1886943
V1 1518976 1886943 1514350 1891570
Net10 5 
V1 2660650 2041687 2642135 2060202
V1 2642135 2060202 2300000 2060202
V1 2300000 2060202 1875000 1840658
V1 1875000 1840658 371498 1840658
V1 371498 1840658 366870 1836030
Net11 5 
V1 2752450 2041687 2733936 2023173
V1 2733936 2023173 2300000 2023173
V1 2300000 2023173 1875000 1817515
V1 1875000 1817515 477184 1817515
V1 477184 1817515 458670 1836030
Net22 5 
V1 3854030 2041687 3817001 2078716
V1 3817001 2078716 2300000 2078716
V1 2300000 2078716 1875000 1845287
V1 1875000 1845287 284327 1845287
V1 284327 1845287 275070 1836030
Net23 5 
V1 2706550 1986140 2695441 1975031
V1 2695441 1975031 2300000 1975031
V1 2300000 1975031 1875000 1769374
V1 1875000 1769374 423883 1769374
V1 423883 1769374 412770 1780487
Net24 5 
V1 2798347 1986140 2779828 2004659
V1 2779828 2004659 2300000 2004659
V1 2300000 2004659 1875000 1799001
V1 1875000 1799001 523084 1799001
V1 523084 1799001 504570 1780487
Net33 5 
V1 3899930 1986140 3877713 1963923
V1 3877713 1963923 2300000 1963923
V1 2300000 1963923 1875000 1758265
V1 1875000 1758265 343192 1758265
V1 343192 1758265 320970 1780487
Net34 5 
V1 2660650 1930600 2649544 1941706
V1 2649544 1941706 2300000 1941706
V1 2300000 1941706 1875000 1736048
V1 1875000 1736048 377978 1736048
V1 377978 1736048 366870 1724940
Net35 5 
V1 2844247 1930600 2825733 1912086
V1 2825733 1912086 2300000 1912086
V1 2300000 1912086 1875000 1706428
V1 1875000 1706428 568979 1706428
V1 568979 1706428 550467 1724940
Net43 5 
V1 3854030 1930600 3831815 1952814
V1 3831815 1952814 2300000 1952814
V1 2300000 1952814 1875000 1747157
V1 1875000 1747157 297287 1747157
V1 297287 1747157 275070 1724940
Net44 5 
V1 2706550 1875060 2695441 1863951
V1 2695441 1863951 2300000 1863951
V1 2300000 1863951 1875000 1658294
V1 1875000 1658294 423876 1658294
V1 423876 1658294 412770 1669400
Net45 5 
V1 2798347 1875060 2779835 1893572
V1 2779835 1893572 2300000 1893572
V1 2300000 1893572 1875000 1687914
V1 1875000 1687914 523084 1687914
V1 523084 1687914 504570 1669400
Net53 5 
V1 3899930 1875060 3877713 1852843
V1 3877713 1852843 2300000 1852843
V1 2300000 1852843 1875000 1647185
V1 1875000 1647185 343184 1647185
V1 343184 1647185 320970 1669400
Net54 5 
V1 2660650 1819512 2649536 1830626
V1 2649536 1830626 2300000 1830626
V1 2300000 1830626 1875000 1624968
V1 1875000 1624968 377978 1624968
V1 377978 1624968 366870 1613860
Net55 5 
V1 2844247 1819512 2839975 1815240
V1 2839975 1815240 2300000 1815240
V1 2300000 1815240 1875000 1595340
V1 1875000 1595340 568987 1595340
V1 568987 1595340 550467 1613860
Net64 5 
V1 3854030 1819512 3831808 1841734
V1 3831808 1841734 2300000 1841734
V1 2300000 1841734 1875000 1636077
V1 1875000 1636077 297287 1636077
V1 297287 1636077 275070 1613860
Net66 5 
V1 2706550 1763970 2688036 1745456
V1 2688036 1745456 2300000 1745456
V1 2300000 1745456 1875000 1511315
V1 1875000 1511315 551567 1511315
V1 551567 1511315 504570 1558312
Net67 5 
V1 2798347 1763970 2794075 1768242
V1 2794075 1768242 2300000 1768242
V1 2300000 1768242 1875000 1515587
V1 1875000 1515587 639092 1515587
V1 639092 1515587 596367 1558312
Net68 5 
V1 2890142 1763970 2881597 1772515
V1 2881597 1772515 2300000 1772515
V1 2300000 1772515 1875000 1519860
V1 1875000 1519860 726615 1519860
V1 726615 1519860 688162 1558312
Net69 5 
V1 2981940 1763970 2969122 1776787
V1 2969122 1776787 2300000 1776787
V1 2300000 1776787 1875000 1524132
V1 1875000 1524132 814140 1524132
V1 814140 1524132 779960 1558312
Net70 5 
V1 3073740 1763970 3056650 1781060
V1 3056650 1781060 2300000 1781060
V1 2300000 1781060 1875000 1528405
V1 1875000 1528405 901667 1528405
V1 901667 1528405 871760 1558312
Net71 5 
V1 3349140 1763970 3327777 1785332
V1 3327777 1785332 2300000 1785332
V1 2300000 1785332 1875000 1532677
V1 1875000 1532677 989195 1532677
V1 989195 1532677 963560 1558312
Net72 5 
V1 3440940 1763970 3415305 1789605
V1 3415305 1789605 2300000 1789605
V1 2300000 1789605 1875000 1536950
V1 1875000 1536950 1076722 1536950
V1 1076722 1536950 1055360 1558312
Net73 5 
V1 3532737 1763970 3502830 1793877
V1 3502830 1793877 2300000 1793877
V1 2300000 1793877 1875000 1541222
V1 1875000 1541222 1164250 1541222
V1 1164250 1541222 1147160 1558312
Net74 5 
V1 3624532 1763970 3590352 1798150
V1 3590352 1798150 2300000 1798150
V1 2300000 1798150 1875000 1545495
V1 1875000 1545495 1251777 1545495
V1 1251777 1545495 1238960 1558312
Net75 5 
V1 3716330 1763970 3677877 1802422
V1 3677877 1802422 2300000 1802422
V1 2300000 1802422 1875000 1549767
V1 1875000 1549767 1431095 1549767
V1 1431095 1549767 1422550 1558312
Net76 5 
V1 3808130 1763970 3765405 1806695
V1 3765405 1806695 2300000 1806695
V1 2300000 1806695 1875000 1554040
V1 1875000 1554040 1518622 1554040
V1 1518622 1554040 1514350 1558312
Net77 5 
V1 3899930 1763970 3852932 1810967
V1 3852932 1810967 2300000 1810967
V1 2300000 1810967 1875000 1576826
V1 1875000 1576826 339484 1576826
V1 339484 1576826 320970 1558312
Net79 5 
V1 2752450 1708430 2733938 1726942
V1 2733938 1726942 2300000 1726942
V1 2300000 1726942 1875000 1507042
V1 1875000 1507042 462942 1507042
V1 462942 1507042 458670 1502770
