Nets 15
Net24 5 
M3 2684030 2008360 2671070 2021320
M3 2671070 2021320 2300000 2021320
M3 2300000 2021320 1875000 1877686
M3 1875000 1877686 1252896 1877686
M3 1252896 1877686 1211240 1836030
Net25 5 
M3 2727330 2008360 2720850 2001880
M3 2720850 2001880 2300000 2001880
M3 2300000 2001880 1875000 1863801
M3 1875000 1863801 1327351 1863801
M3 1327351 1863801 1299580 1836030
Net26 5 
M3 2770630 2008360 2757670 1995400
M3 2757670 1995400 2300000 1995400
M3 2300000 1995400 1875000 1849915
M3 1875000 1849915 1490135 1849915
M3 1490135 1849915 1476250 1836030
Net31 5 
M3 2792280 1982440 2785800 1988920
M3 2785800 1988920 2300000 1988920
M3 2300000 1988920 1875000 1808258
M3 1875000 1808258 1592351 1808258
M3 1592351 1808258 1564580 1836030
Net43 5 
M3 2835582 1930600 2822622 1943560
M3 2822622 1943560 2300000 1943560
M3 2300000 1943560 1875000 1752711
M3 1875000 1752711 399838 1752711
M3 399838 1752711 372062 1780487
Net67 5 
M3 2640730 1801000 2635546 1806184
M3 2635546 1806184 2300000 1806184
M3 2300000 1806184 1875000 1569421
M3 1875000 1569421 913178 1569421
M3 913178 1569421 902070 1558312
Net68 5 
M3 2684030 1801000 2673662 1811368
M3 2673662 1811368 2300000 1811368
M3 2300000 1811368 1875000 1580529
M3 1875000 1580529 1332910 1580529
M3 1332910 1580529 1299580 1613860
Net69 5 
M3 2727330 1801000 2711778 1816552
M3 2711778 1816552 2300000 1816552
M3 2300000 1816552 1875000 1591638
M3 1875000 1591638 1410132 1591638
M3 1410132 1591638 1387910 1613860
Net70 5 
M3 2770630 1801000 2749894 1821736
M3 2749894 1821736 2300000 1821736
M3 2300000 1821736 1875000 1602746
M3 1875000 1602746 1487363 1602746
M3 1487363 1602746 1476250 1613860
Net75 5 
M3 2792280 1775080 2779320 1788040
M3 2779320 1788040 2300000 1788040
M3 2300000 1788040 1875000 1550377
M3 1875000 1550377 1528348 1550377
M3 1528348 1550377 1520412 1558312
Net79 5 
M3 2640730 1749160 2635546 1754344
M3 2635546 1754344 2300000 1754344
M3 2300000 1754344 1875000 1518639
M3 1875000 1518639 1030083 1518639
M3 1030083 1518639 990410 1558312
Net80 5 
M3 2684030 1749160 2673662 1759528
M3 2673662 1759528 2300000 1759528
M3 2300000 1759528 1875000 1526573
M3 1875000 1526573 1110479 1526573
M3 1110479 1526573 1078740 1558312
Net81 5 
M3 2727330 1749160 2711778 1764712
M3 2711778 1764712 2300000 1764712
M3 2300000 1764712 1875000 1534508
M3 1875000 1534508 1190884 1534508
M3 1190884 1534508 1167080 1558312
Net82 5 
M3 2770630 1749160 2749894 1769896
M3 2749894 1769896 2300000 1769896
M3 2300000 1769896 1875000 1542442
M3 1875000 1542442 1271280 1542442
M3 1271280 1542442 1255410 1558312
Net87 5 
M3 2835582 1723240 2822622 1736200
M3 2822622 1736200 2300000 1736200
M3 2300000 1736200 1875000 1510704
M3 1875000 1510704 419670 1510704
M3 419670 1510704 372062 1558312
