Nets 28
Net6 5 
M2 3666970 2097230 3639198 2125001
M2 3639198 2125001 2300000 2125001
M2 2300000 2125001 1875000 1827800
M2 1875000 1827800 1475490 1827800
M2 1475490 1827800 1461090 1842200
Net9 5 
M2 3952760 2097230 3934246 2078716
M2 3934246 2078716 2300000 2078716
M2 2300000 2078716 1875000 1813400
M2 1875000 1813400 897530 1813400
M2 897530 1813400 868730 1842200
Net16 5 
M2 3333550 2041687 3315035 2060202
M2 3315035 2060202 2300000 2060202
M2 2300000 2060202 1875000 1777400
M2 1875000 1777400 1252330 1777400
M2 1252330 1777400 1230730 1799000
Net21 5 
M2 3809860 2041687 3791346 2023173
M2 3791346 2023173 2300000 2023173
M2 2300000 2023173 1875000 1741400
M2 1875000 1741400 1607130 1741400
M2 1607130 1741400 1592730 1755800
Net26 5 
M2 3000130 1986140 2981610 2004659
M2 2981610 2004659 2300000 2004659
M2 2300000 2004659 1875000 1727000
M2 1875000 1727000 1029170 1727000
M2 1029170 1727000 1000370 1755800
Net36 5 
M2 2952500 1930600 2945559 1937540
M2 2945559 1937540 2300000 1937540
M2 2300000 1937540 1875000 1674800
M2 1875000 1674800 1071077 1674800
M2 1071077 1674800 1033277 1712600
Net37 5 
M2 3143020 1930600 3129136 1944483
M2 3129136 1944483 2300000 1944483
M2 2300000 1944483 1875000 1680200
M2 1875000 1680200 1131490 1680200
M2 1131490 1680200 1099090 1712600
Net38 5 
M2 3238290 1930600 3217463 1951426
M2 3217463 1951426 2300000 1951426
M2 2300000 1951426 1875000 1685600
M2 1875000 1685600 1191910 1685600
M2 1191910 1685600 1164910 1712600
Net39 5 
M2 3428810 1930600 3401041 1958369
M2 3401041 1958369 2300000 1958369
M2 2300000 1958369 1875000 1691000
M2 1875000 1691000 1318150 1691000
M2 1318150 1691000 1296550 1712600
Net40 5 
M2 3524077 1930600 3489365 1965311
M2 3489365 1965311 2300000 1965311
M2 2300000 1965311 1875000 1696400
M2 1875000 1696400 1378562 1696400
M2 1378562 1696400 1362362 1712600
Net41 5 
M2 3714600 1930600 3672945 1972254
M2 3672945 1972254 2300000 1972254
M2 2300000 1972254 1875000 1701800
M2 1875000 1701800 1438980 1701800
M2 1438980 1701800 1428180 1712600
Net42 5 
M2 3809860 1930600 3761262 1979197
M2 3761262 1979197 2300000 1979197
M2 2300000 1979197 1875000 1707200
M2 1875000 1707200 1499400 1707200
M2 1499400 1707200 1494000 1712600
Net44 5 
M2 2714340 1875060 2686571 1902828
M2 2686571 1902828 2300000 1902828
M2 2300000 1902828 1875000 1647800
M2 1875000 1647800 956150 1647800
M2 956150 1647800 934550 1669400
Net52 5 
M2 3857492 1875060 3850549 1868117
M2 3850549 1868117 2300000 1868117
M2 2300000 1868117 1875000 1621400
M2 1875000 1621400 1564620 1621400
M2 1564620 1621400 1559820 1626200
Net55 5 
M2 2857237 1819512 2850289 1826460
M2 2850289 1826460 2300000 1826460
M2 2300000 1826460 1875000 1592600
M2 1875000 1592600 1132690 1592600
M2 1132690 1592600 1099090 1626200
Net56 5 
M2 2952500 1819512 2938609 1833403
M2 2938609 1833403 2300000 1833403
M2 2300000 1833403 1875000 1597400
M2 1875000 1597400 1193710 1597400
M2 1193710 1597400 1164910 1626200
Net57 5 
M2 3143020 1819512 3122186 1840346
M2 3122186 1840346 2300000 1840346
M2 2300000 1840346 1875000 1602200
M2 1875000 1602200 1254730 1602200
M2 1254730 1602200 1230730 1626200
Net58 5 
M2 3238290 1819512 3210513 1847289
M2 3210513 1847289 2300000 1847289
M2 2300000 1847289 1875000 1607000
M2 1875000 1607000 1381562 1607000
M2 1381562 1607000 1362362 1626200
Net59 5 
M2 3333550 1819512 3298830 1854231
M2 3298830 1854231 2300000 1854231
M2 2300000 1854231 1875000 1611800
M2 1875000 1611800 1442580 1611800
M2 1442580 1611800 1428180 1626200
Net60 5 
M2 3428810 1819512 3387148 1861174
M2 3387148 1861174 2300000 1861174
M2 2300000 1861174 1875000 1616600
M2 1875000 1616600 1503600 1616600
M2 1503600 1616600 1494000 1626200
Net65 5 
M2 2619080 1763970 2612908 1757798
M2 2612908 1757798 2300000 1757798
M2 2300000 1757798 1875000 1587800
M2 1875000 1587800 940040 1587800
M2 940040 1587800 901640 1626200
Net72 5 
M2 3476440 1763970 3464097 1751627
M2 3464097 1751627 2300000 1751627
M2 2300000 1751627 1875000 1525400
M2 1875000 1525400 1310950 1525400
M2 1310950 1525400 1296550 1539800
Net82 5 
M2 3238290 1708430 3232120 1714600
M2 3232120 1714600 2300000 1714600
M2 2300000 1714600 1875000 1460600
M2 1875000 1460600 1233820 1460600
M2 1233820 1460600 1197820 1496600
Net83 5 
M2 3333550 1708430 3321208 1720771
M2 3321208 1720771 2300000 1720771
M2 2300000 1720771 1875000 1467800
M2 1875000 1467800 1292440 1467800
M2 1292440 1467800 1263640 1496600
Net84 5 
M2 3524077 1708430 3505565 1726942
M2 3505565 1726942 2300000 1726942
M2 2300000 1726942 1875000 1475000
M2 1875000 1475000 1416870 1475000
M2 1416870 1475000 1395270 1496600
Net85 5 
M2 3619340 1708430 3594656 1733113
M2 3594656 1733113 2300000 1733113
M2 2300000 1733113 1875000 1482200
M2 1875000 1482200 1475490 1482200
M2 1475490 1482200 1461090 1496600
Net86 5 
M2 3809860 1708430 3779005 1739285
M2 3779005 1739285 2300000 1739285
M2 2300000 1739285 1875000 1489400
M2 1875000 1489400 1599930 1489400
M2 1599930 1489400 1592730 1496600
Net87 5 
M2 3905130 1708430 3868103 1745456
M2 3868103 1745456 2300000 1745456
M2 2300000 1745456 1875000 1511000
M2 1875000 1511000 864620 1511000
M2 864620 1511000 835820 1539800
