Nets 20
Net5 5 
V2 3108817 2103400 3087217 2125000
V2 3087217 2125000 2300000 2125000
V2 2300000 2125000 1875000 1837880
V2 1875000 1837880 1620840 1837880
V2 1620840 1837880 1607880 1850840
Net13 5 
V2 3075910 2060200 3054310 2081800
V2 3054310 2081800 2300000 2081800
V2 2300000 2081800 1875000 1811960
V2 1875000 1811960 1486610 1811960
V2 1486610 1811960 1473650 1824920
Net23 5 
V2 3174630 2017000 3153030 2038600
V2 3153030 2038600 2300000 2038600
V2 2300000 2038600 1875000 1786040
V2 1875000 1786040 1620840 1786040
V2 1620840 1786040 1607880 1799000
Net31 5 
V2 3010090 1973800 2988490 1995400
V2 2988490 1995400 2300000 1995400
V2 2300000 1995400 1875000 1760120
V2 1875000 1760120 1432917 1760120
V2 1432917 1760120 1419957 1773080
Net32 5 
V2 3075910 1973800 3065110 1963000
V2 3065110 1963000 2300000 1963000
V2 2300000 1963000 1875000 1734200
V2 1875000 1734200 1459760 1734200
V2 1459760 1734200 1446800 1747160
Net35 5 
V2 3339180 1973800 3317580 1952200
V2 3317580 1952200 2300000 1952200
V2 2300000 1952200 1875000 1708280
V2 1875000 1708280 1271832 1708280
V2 1271832 1708280 1258872 1721240
Net38 5 
V2 2779730 1930600 2768930 1941400
V2 2768930 1941400 2300000 1941400
V2 2300000 1941400 1875000 1682360
V2 1875000 1682360 1459760 1682360
V2 1459760 1682360 1446800 1695320
Net48 5 
V2 3010090 1887400 2995690 1901800
V2 2995690 1901800 2300000 1901800
V2 2300000 1901800 1875000 1656440
V2 1875000 1656440 1432917 1656440
V2 1432917 1656440 1419957 1669400
Net49 5 
V2 3075910 1887400 3047110 1916200
V2 3047110 1916200 2300000 1916200
V2 2300000 1916200 1875000 1662920
V2 1875000 1662920 1480130 1662920
V2 1480130 1662920 1473650 1669400
Net55 5 
V2 2911360 1844200 2902720 1852840
V2 2902720 1852840 2300000 1852840
V2 2300000 1852840 1875000 1586456
V2 1875000 1586456 1505681 1586456
V2 1505681 1586456 1500497 1591640
Net59 5 
V2 3174630 1844200 3157350 1861480
V2 3157350 1861480 2300000 1861480
V2 2300000 1861480 1875000 1626200
V2 1875000 1626200 1571470 1626200
V2 1571470 1626200 1554190 1643480
Net60 5 
V2 3240450 1844200 3214530 1870120
V2 3214530 1870120 2300000 1870120
V2 2300000 1870120 1875000 1634840
V2 1875000 1634840 1616520 1634840
V2 1616520 1634840 1607880 1643480
Net61 5 
V2 3306270 1844200 3271710 1878760
V2 3271710 1878760 2300000 1878760
V2 2300000 1878760 1875000 1649960
V2 1875000 1649960 1278312 1649960
V2 1278312 1649960 1258872 1669400
Net62 5 
V2 2615180 1801000 2604380 1811800
V2 2604380 1811800 2300000 1811800
V2 2300000 1811800 1875000 1570904
V2 1875000 1570904 1360153 1570904
V2 1360153 1570904 1339417 1591640
Net64 5 
V2 2812637 1801000 2791037 1822600
V2 2791037 1822600 2300000 1822600
V2 2300000 1822600 1875000 1576088
V2 1875000 1576088 1408662 1576088
V2 1408662 1576088 1393110 1591640
Net65 5 
V2 2878450 1801000 2846050 1833400
V2 2846050 1833400 2300000 1833400
V2 2300000 1833400 1875000 1581272
V2 1875000 1581272 1457168 1581272
V2 1457168 1581272 1446800 1591640
Net71 5 
V2 2582270 1757800 2571470 1768600
V2 2571470 1768600 2300000 1768600
V2 2300000 1768600 1875000 1520360
V2 1875000 1520360 1305160 1520360
V2 1305160 1520360 1285720 1539800
Net72 5 
V2 2648090 1757800 2626490 1779400
V2 2626490 1779400 2300000 1779400
V2 2300000 1779400 1875000 1526840
V2 1875000 1526840 1406070 1526840
V2 1406070 1526840 1393110 1539800
Net73 5 
V2 2713910 1757800 2681510 1790200
V2 2681510 1790200 2300000 1790200
V2 2300000 1790200 1875000 1533320
V2 1875000 1533320 1453280 1533320
V2 1453280 1533320 1446800 1539800
Net83 5 
V2 2812637 1714600 2791037 1736200
V2 2791037 1736200 2300000 1736200
V2 2300000 1736200 1875000 1475000
V2 1875000 1475000 1352377 1475000
V2 1352377 1475000 1339417 1487960
