Nets 15
Net24 5 
M3 2772362 2008360 2759402 2021320
M3 2759402 2021320 2300000 2021320
M3 2300000 2021320 1875000 1877686
M3 1875000 1877686 1234716 1877686
M3 1234716 1877686 1193060 1836030
Net25 5 
M3 2836450 2008360 2829970 2001880
M3 2829970 2001880 2300000 2001880
M3 2300000 2001880 1875000 1863801
M3 1875000 1863801 1312628 1863801
M3 1312628 1863801 1284857 1836030
Net26 5 
M3 2900540 2008360 2887580 1995400
M3 2887580 1995400 2300000 1995400
M3 2300000 1995400 1875000 1849915
M3 1875000 1849915 1482335 1849915
M3 1482335 1849915 1468450 1836030
Net31 5 
M3 2932580 1982440 2926100 1988920
M3 2926100 1988920 2300000 1988920
M3 2300000 1988920 1875000 1808258
M3 1875000 1808258 1588021 1808258
M3 1588021 1808258 1560250 1836030
Net43 5 
M3 2996667 1930600 2983707 1943560
M3 2983707 1943560 2300000 1943560
M3 2300000 1943560 1875000 1752711
M3 1875000 1752711 348746 1752711
M3 348746 1752711 320970 1780487
Net67 5 
M3 2708280 1801000 2703096 1806184
M3 2703096 1806184 2300000 1806184
M3 2300000 1806184 1875000 1569421
M3 1875000 1569421 882868 1569421
M3 882868 1569421 871760 1558312
Net68 5 
M3 2772362 1801000 2761994 1811368
M3 2761994 1811368 2300000 1811368
M3 2300000 1811368 1875000 1580529
M3 1875000 1580529 1318188 1580529
M3 1318188 1580529 1284857 1613860
Net69 5 
M3 2836450 1801000 2820898 1816552
M3 2820898 1816552 2300000 1816552
M3 2300000 1816552 1875000 1591638
M3 1875000 1591638 1398874 1591638
M3 1398874 1591638 1376652 1613860
Net70 5 
M3 2900540 1801000 2879804 1821736
M3 2879804 1821736 2300000 1821736
M3 2300000 1821736 1875000 1602746
M3 1875000 1602746 1479563 1602746
M3 1479563 1602746 1468450 1613860
Net75 5 
M3 2932580 1775080 2919620 1788040
M3 2919620 1788040 2300000 1788040
M3 2300000 1788040 1875000 1550377
M3 1875000 1550377 1522285 1550377
M3 1522285 1550377 1514350 1558312
Net79 5 
M3 2708280 1749160 2703096 1754344
M3 2703096 1754344 2300000 1754344
M3 2300000 1754344 1875000 1518639
M3 1875000 1518639 1003233 1518639
M3 1003233 1518639 963560 1558312
Net80 5 
M3 2772362 1749160 2761994 1759528
M3 2761994 1759528 2300000 1759528
M3 2300000 1759528 1875000 1526573
M3 1875000 1526573 1087099 1526573
M3 1087099 1526573 1055360 1558312
Net81 5 
M3 2836450 1749160 2820898 1764712
M3 2820898 1764712 2300000 1764712
M3 2300000 1764712 1875000 1534508
M3 1875000 1534508 1170964 1534508
M3 1170964 1534508 1147160 1558312
Net82 5 
M3 2900540 1749160 2879804 1769896
M3 2879804 1769896 2300000 1769896
M3 2300000 1769896 1875000 1542442
M3 1875000 1542442 1254830 1542442
M3 1254830 1542442 1238960 1558312
Net87 5 
M3 2996667 1723240 2983707 1736200
M3 2983707 1736200 2300000 1736200
M3 2300000 1736200 1875000 1510704
M3 1875000 1510704 368578 1510704
M3 368578 1510704 320970 1558312
