Nets 51
Net9 5 
M2 3952760 2097230 3924988 2125001
M2 3924988 2125001 2300000 2125001
M2 2300000 2125001 1875000 1863801
M2 1875000 1863801 399831 1863801
M2 399831 1863801 372062 1891570
Net12 5 
M2 2952500 2041687 2947450 2046737
M2 2947450 2046737 2300000 2046737
M2 2300000 2046737 1875000 1785536
M2 1875000 1785536 643393 1785536
M2 643393 1785536 592900 1836030
Net13 5 
M2 3047760 2041687 3037660 2051786
M2 3037660 2051786 2300000 2051786
M2 2300000 2051786 1875000 1790586
M2 1875000 1790586 726681 1790586
M2 726681 1790586 681237 1836030
Net14 5 
M2 3143020 2041687 3127871 2056836
M2 3127871 2056836 2300000 2056836
M2 2300000 2056836 1875000 1795635
M2 1875000 1795635 809964 1795635
M2 809964 1795635 769570 1836030
Net15 5 
M2 3238290 2041687 3218092 2061885
M2 3218092 2061885 2300000 2061885
M2 2300000 2061885 1875000 1800684
M2 1875000 1800684 893253 1800684
M2 893253 1800684 857907 1836030
Net16 5 
M2 3333550 2041687 3308303 2066934
M2 3308303 2066934 2300000 2066934
M2 2300000 2066934 1875000 1805733
M2 1875000 1805733 1153206 1805733
M2 1153206 1805733 1122910 1836030
Net17 5 
M2 3428810 2041687 3398513 2071983
M2 3398513 2071983 2300000 2071983
M2 2300000 2071983 1875000 1810783
M2 1875000 1810783 1236487 1810783
M2 1236487 1810783 1211240 1836030
Net18 5 
M2 3524077 2041687 3488732 2077033
M2 3488732 2077033 2300000 2077033
M2 2300000 2077033 1875000 1815832
M2 1875000 1815832 1319777 1815832
M2 1319777 1815832 1299580 1836030
Net19 5 
M2 3619340 2041687 3578945 2082082
M2 3578945 2082082 2300000 2082082
M2 2300000 2082082 1875000 1820881
M2 1875000 1820881 1403058 1820881
M2 1403058 1820881 1387910 1836030
Net20 5 
M2 3714600 2041687 3669156 2087131
M2 3669156 2087131 2300000 2087131
M2 2300000 2087131 1875000 1825930
M2 1875000 1825930 1486349 1825930
M2 1486349 1825930 1476250 1836030
Net21 5 
M2 3809860 2041687 3759366 2092180
M2 3759366 2092180 2300000 2092180
M2 2300000 2092180 1875000 1830980
M2 1875000 1830980 1569630 1830980
M2 1569630 1830980 1564580 1836030
Net25 5 
M2 2904870 1986140 2898692 1992317
M2 2898692 1992317 2300000 1992317
M2 2300000 1992317 1875000 1731111
M2 1875000 1731111 774776 1731111
M2 774776 1731111 725400 1780487
Net26 5 
M2 3000130 1986140 2987781 1998488
M2 2987781 1998488 2300000 1998488
M2 2300000 1998488 1875000 1737282
M2 1875000 1737282 856945 1737282
M2 856945 1737282 813740 1780487
Net27 5 
M2 3095390 1986140 3076870 2004660
M2 3076870 2004660 2300000 2004660
M2 2300000 2004660 1875000 1743453
M2 1875000 1743453 939103 1743453
M2 939103 1743453 902070 1780487
Net28 5 
M2 3285920 1986140 3261228 2010831
M2 3261228 2010831 2300000 2010831
M2 2300000 2010831 1875000 1749625
M2 1875000 1749625 1021272 1749625
M2 1021272 1749625 990410 1780487
Net29 5 
M2 3381180 1986140 3350317 2017002
M2 3350317 2017002 2300000 2017002
M2 2300000 2017002 1875000 1755796
M2 1875000 1755796 1103431 1755796
M2 1103431 1755796 1078740 1780487
Net30 5 
M2 3571710 1986140 3534676 2023173
M2 3534676 2023173 2300000 2023173
M2 2300000 2023173 1875000 1761967
M2 1875000 1761967 1273930 1761967
M2 1273930 1761967 1255410 1780487
Net31 5 
M2 3666970 1986140 3623765 2029345
M2 3623765 2029345 2300000 2029345
M2 2300000 2029345 1875000 1768138
M2 1875000 1768138 1356096 1768138
M2 1356096 1768138 1343747 1780487
Net32 5 
M2 3857492 1986140 3808116 2035516
M2 3808116 2035516 2300000 2035516
M2 2300000 2035516 1875000 1774310
M2 1875000 1774310 1526590 1774310
M2 1526590 1774310 1520412 1780487
Net36 5 
M2 2952500 1930600 2945559 1937540
M2 2945559 1937540 2300000 1937540
M2 2300000 1937540 1875000 1676342
M2 1875000 1676342 729834 1676342
M2 729834 1676342 681237 1724940
Net37 5 
M2 3143020 1930600 3129136 1944483
M2 3129136 1944483 2300000 1944483
M2 2300000 1944483 1875000 1683285
M2 1875000 1683285 899562 1683285
M2 899562 1683285 857907 1724940
Net38 5 
M2 3238290 1930600 3217463 1951426
M2 3217463 1951426 2300000 1951426
M2 2300000 1951426 1875000 1690228
M2 1875000 1690228 980951 1690228
M2 980951 1690228 946240 1724940
Net39 5 
M2 3428810 1930600 3401041 1958369
M2 3401041 1958369 2300000 1958369
M2 2300000 1958369 1875000 1697171
M2 1875000 1697171 1150679 1697171
M2 1150679 1697171 1122910 1724940
Net40 5 
M2 3524077 1930600 3489365 1965311
M2 3489365 1965311 2300000 1965311
M2 2300000 1965311 1875000 1704113
M2 1875000 1704113 1232066 1704113
M2 1232066 1704113 1211240 1724940
Net41 5 
M2 3714600 1930600 3672945 1972254
M2 3672945 1972254 2300000 1972254
M2 2300000 1972254 1875000 1711056
M2 1875000 1711056 1401793 1711056
M2 1401793 1711056 1387910 1724940
Net42 5 
M2 3809860 1930600 3761262 1979197
M2 3761262 1979197 2300000 1979197
M2 2300000 1979197 1875000 1717999
M2 1875000 1717999 1483190 1717999
M2 1483190 1717999 1476250 1724940
Net46 5 
M2 3000130 1875060 2993189 1882000
M2 2993189 1882000 2300000 1882000
M2 2300000 1882000 1875000 1620802
M2 1875000 1620802 773997 1620802
M2 773997 1620802 725400 1669400
Net47 5 
M2 3095390 1875060 3081506 1888943
M2 3081506 1888943 2300000 1888943
M2 2300000 1888943 1875000 1627745
M2 1875000 1627745 855394 1627745
M2 855394 1627745 813740 1669400
Net48 5 
M2 3285920 1875060 3265093 1895886
M2 3265093 1895886 2300000 1895886
M2 2300000 1895886 1875000 1634688
M2 1875000 1634688 1025121 1634688
M2 1025121 1634688 990410 1669400
Net49 5 
M2 3381180 1875060 3353411 1902829
M2 3353411 1902829 2300000 1902829
M2 2300000 1902829 1875000 1641631
M2 1875000 1641631 1106509 1641631
M2 1106509 1641631 1078740 1669400
Net50 5 
M2 3571710 1875060 3536998 1909771
M2 3536998 1909771 2300000 1909771
M2 2300000 1909771 1875000 1648573
M2 1875000 1648573 1276236 1648573
M2 1276236 1648573 1255410 1669400
Net51 5 
M2 3666970 1875060 3625315 1916714
M2 3625315 1916714 2300000 1916714
M2 2300000 1916714 1875000 1655516
M2 1875000 1655516 1357631 1655516
M2 1357631 1655516 1343747 1669400
Net52 5 
M2 3857492 1875060 3808895 1923657
M2 3808895 1923657 2300000 1923657
M2 2300000 1923657 1875000 1662459
M2 1875000 1662459 1527353 1662459
M2 1527353 1662459 1520412 1669400
Net56 5 
M2 2952500 1819512 2946322 1825690
M2 2946322 1825690 2300000 1825690
M2 2300000 1825690 1875000 1569421
M2 1875000 1569421 725676 1569421
M2 725676 1569421 681237 1613860
Net57 5 
M2 3143020 1819512 3130671 1831861
M2 3130671 1831861 2300000 1831861
M2 2300000 1831861 1875000 1574975
M2 1875000 1574975 896792 1574975
M2 896792 1574975 857907 1613860
Net58 5 
M2 3238290 1819512 3219770 1838032
M2 3219770 1838032 2300000 1838032
M2 2300000 1838032 1875000 1580529
M2 1875000 1580529 979570 1580529
M2 979570 1580529 946240 1613860
Net59 5 
M2 3333550 1819512 3308858 1844203
M2 3308858 1844203 2300000 1844203
M2 2300000 1844203 1875000 1586083
M2 1875000 1586083 1150686 1586083
M2 1150686 1586083 1122910 1613860
Net60 5 
M2 3428810 1819512 3397947 1850375
M2 3397947 1850375 2300000 1850375
M2 2300000 1850375 1875000 1591638
M2 1875000 1591638 1233462 1591638
M2 1233462 1591638 1211240 1613860
Net61 5 
M2 3524077 1819512 3487043 1856546
M2 3487043 1856546 2300000 1856546
M2 2300000 1856546 1875000 1597192
M2 1875000 1597192 1316247 1597192
M2 1316247 1597192 1299580 1613860
Net62 5 
M2 3714600 1819512 3671395 1862717
M2 3671395 1862717 2300000 1862717
M2 2300000 1862717 1875000 1602746
M2 1875000 1602746 1399023 1602746
M2 1399023 1602746 1387910 1613860
Net63 5 
M2 3809860 1819512 3760483 1868888
M2 3760483 1868888 2300000 1868888
M2 2300000 1868888 1875000 1608300
M2 1875000 1608300 1481809 1608300
M2 1481809 1608300 1476250 1613860
Net65 5 
M2 2619080 1763970 2591308 1791741
M2 2591308 1791741 2300000 1791741
M2 2300000 1791741 1875000 1563866
M2 1875000 1563866 465954 1563866
M2 465954 1563866 460400 1558312
Net78 5 
M2 2666710 1708430 2661158 1713981
M2 2661158 1713981 2300000 1713981
M2 2300000 1713981 1875000 1453398
M2 1875000 1453398 465601 1453398
M2 465601 1453398 416230 1502770
Net80 5 
M2 2952500 1708430 2941394 1719536
M2 2941394 1719536 2300000 1719536
M2 2300000 1719536 1875000 1459570
M2 1875000 1459570 636100 1459570
M2 636100 1459570 592900 1502770
Net81 5 
M2 3047760 1708430 3031099 1725090
M2 3031099 1725090 2300000 1725090
M2 2300000 1725090 1875000 1465741
M2 1875000 1465741 806598 1465741
M2 806598 1465741 769570 1502770
Net82 5 
M2 3238290 1708430 3216075 1730644
M2 3216075 1730644 2300000 1730644
M2 2300000 1730644 1875000 1471912
M2 1875000 1471912 888765 1471912
M2 888765 1471912 857907 1502770
Net83 5 
M2 3333550 1708430 3305781 1736198
M2 3305781 1736198 2300000 1736198
M2 2300000 1736198 1875000 1478083
M2 1875000 1478083 1147596 1478083
M2 1147596 1478083 1122910 1502770
Net84 5 
M2 3524077 1708430 3490754 1741753
M2 3490754 1741753 2300000 1741753
M2 2300000 1741753 1875000 1484255
M2 1875000 1484255 1318095 1484255
M2 1318095 1484255 1299580 1502770
Net85 5 
M2 3619340 1708430 3580462 1747307
M2 3580462 1747307 2300000 1747307
M2 2300000 1747307 1875000 1490426
M2 1875000 1490426 1400253 1490426
M2 1400253 1490426 1387910 1502770
Net86 5 
M2 3809860 1708430 3765428 1752861
M2 3765428 1752861 2300000 1752861
M2 2300000 1752861 1875000 1496597
M2 1875000 1496597 1570752 1496597
M2 1570752 1496597 1564580 1502770
Net87 5 
M2 3905130 1708430 3855144 1758415
M2 3855144 1758415 2300000 1758415
M2 2300000 1758415 1875000 1530541
M2 1875000 1530541 355671 1530541
M2 355671 1530541 327900 1502770
