Nets 20
Net5 5 
V2 3220970 2103400 3199370 2125000
V2 3199370 2125000 2300000 2125000
V2 2300000 2125000 1875000 1837880
V2 1875000 1837880 1633830 1837880
V2 1633830 1837880 1620870 1850840
Net13 5 
V2 3181997 2060200 3160397 2081800
V2 3160397 2081800 2300000 2081800
V2 2300000 2081800 1875000 1811960
V2 1875000 1811960 1525580 1811960
V2 1525580 1811960 1512620 1824920
Net23 5 
V2 3298910 2017000 3277310 2038600
V2 3277310 2038600 2300000 2038600
V2 2300000 2038600 1875000 1786040
V2 1875000 1786040 1633830 1786040
V2 1633830 1786040 1620870 1799000
Net31 5 
V2 3104050 1973800 3082450 1995400
V2 3082450 1995400 2300000 1995400
V2 2300000 1995400 1875000 1760120
V2 1875000 1760120 1482280 1760120
V2 1482280 1760120 1469320 1773080
Net32 5 
V2 3181997 1973800 3171197 1963000
V2 3171197 1963000 2300000 1963000
V2 2300000 1963000 1875000 1734200
V2 1875000 1734200 1503930 1734200
V2 1503930 1734200 1490970 1747160
Net35 5 
V2 3493762 1973800 3472162 1952200
V2 3472162 1952200 2300000 1952200
V2 2300000 1952200 1875000 1708280
V2 1875000 1708280 1352377 1708280
V2 1352377 1708280 1339417 1721240
Net38 5 
V2 2831252 1930600 2820452 1941400
V2 2820452 1941400 2300000 1941400
V2 2300000 1941400 1875000 1682360
V2 1875000 1682360 1503930 1682360
V2 1503930 1682360 1490970 1695320
Net48 5 
V2 3104050 1887400 3089650 1901800
V2 3089650 1901800 2300000 1901800
V2 2300000 1901800 1875000 1656440
V2 1875000 1656440 1482280 1656440
V2 1482280 1656440 1469320 1669400
Net49 5 
V2 3181997 1887400 3153197 1916200
V2 3153197 1916200 2300000 1916200
V2 2300000 1916200 1875000 1662920
V2 1875000 1662920 1519100 1662920
V2 1519100 1662920 1512620 1669400
Net55 5 
V2 2987140 1844200 2978500 1852840
V2 2978500 1852840 2300000 1852840
V2 2300000 1852840 1875000 1586456
V2 1875000 1586456 1539454 1586456
V2 1539454 1586456 1534270 1591640
Net59 5 
V2 3298910 1844200 3281630 1861480
V2 3281630 1861480 2300000 1861480
V2 2300000 1861480 1875000 1626200
V2 1875000 1626200 1594850 1626200
V2 1594850 1626200 1577570 1643480
Net60 5 
V2 3376850 1844200 3350930 1870120
V2 3350930 1870120 2300000 1870120
V2 2300000 1870120 1875000 1634840
V2 1875000 1634840 1629510 1634840
V2 1629510 1634840 1620870 1643480
Net61 5 
V2 3454790 1844200 3420230 1878760
V2 3420230 1878760 2300000 1878760
V2 2300000 1878760 1875000 1649960
V2 1875000 1649960 1358857 1649960
V2 1358857 1649960 1339417 1669400
Net62 5 
V2 2636400 1801000 2625600 1811800
V2 2625600 1811800 2300000 1811800
V2 2300000 1811800 1875000 1570904
V2 1875000 1570904 1425106 1570904
V2 1425106 1570904 1404370 1591640
Net64 5 
V2 2870227 1801000 2848627 1822600
V2 2848627 1822600 2300000 1822600
V2 2300000 1822600 1875000 1576088
V2 1875000 1576088 1463222 1576088
V2 1463222 1576088 1447670 1591640
Net65 5 
V2 2948170 1801000 2915770 1833400
V2 2915770 1833400 2300000 1833400
V2 2300000 1833400 1875000 1581272
V2 1875000 1581272 1501338 1581272
V2 1501338 1581272 1490970 1591640
Net71 5 
V2 2597430 1757800 2586630 1768600
V2 2586630 1768600 2300000 1768600
V2 2300000 1768600 1875000 1520360
V2 1875000 1520360 1380507 1520360
V2 1380507 1520360 1361067 1539800
Net72 5 
V2 2675370 1757800 2653770 1779400
V2 2653770 1779400 2300000 1779400
V2 2300000 1779400 1875000 1526840
V2 1875000 1526840 1460630 1526840
V2 1460630 1526840 1447670 1539800
Net73 5 
V2 2753310 1757800 2720910 1790200
V2 2720910 1790200 2300000 1790200
V2 2300000 1790200 1875000 1533320
V2 1875000 1533320 1497450 1533320
V2 1497450 1533320 1490970 1539800
Net83 5 
V2 2870227 1714600 2848627 1736200
V2 2848627 1736200 2300000 1736200
V2 2300000 1736200 1875000 1475000
V2 1875000 1475000 1417330 1475000
V2 1417330 1475000 1404370 1487960
