Nets 22
Net4 5 
M2 2575780 2086120 2567140 2094760
M2 2567140 2094760 2300000 2094760
M2 2300000 2094760 1875000 1833560
M2 1875000 1833560 1291740 1833560
M2 1291740 1833560 1274460 1850840
Net5 5 
M2 2619080 2086120 2601800 2103400
M2 2601800 2103400 2300000 2103400
M2 2300000 2103400 1875000 1842200
M2 1875000 1842200 1347190 1842200
M2 1347190 1842200 1338550 1850840
Net16 5 
M2 2575780 2034280 2567140 2042920
M2 2567140 2042920 2300000 2042920
M2 2300000 2042920 1875000 1781720
M2 1875000 1781720 1291740 1781720
M2 1291740 1781720 1274460 1799000
Net17 5 
M2 2619080 2034280 2601800 2051560
M2 2601800 2051560 2300000 2051560
M2 2300000 2051560 1875000 1790360
M2 1875000 1790360 1347190 1790360
M2 1347190 1790360 1338550 1799000
Net23 5 
M2 2640730 2008360 2635546 2013544
M2 2635546 2013544 2300000 2013544
M2 2300000 2013544 1875000 1752344
M2 1875000 1752344 1391326 1752344
M2 1391326 1752344 1370590 1773080
Net24 5 
M2 2684030 2008360 2673662 2018728
M2 2673662 2018728 2300000 2018728
M2 2300000 2018728 1875000 1757528
M2 1875000 1757528 1450232 1757528
M2 1450232 1757528 1434680 1773080
Net25 5 
M2 2727330 2008360 2711778 2023912
M2 2711778 2023912 2300000 2023912
M2 2300000 2023912 1875000 1762712
M2 1875000 1762712 1509128 1762712
M2 1509128 1762712 1498760 1773080
Net26 5 
M2 2770630 2008360 2749894 2029096
M2 2749894 2029096 2300000 2029096
M2 2300000 2029096 1875000 1767896
M2 1875000 1767896 1568034 1767896
M2 1568034 1767896 1562850 1773080
Net30 5 
M2 2748980 1982440 2736020 1995400
M2 2736020 1995400 2300000 1995400
M2 2300000 1995400 1875000 1734200
M2 1875000 1734200 1543770 1734200
M2 1543770 1734200 1530810 1747160
Net34 5 
M2 2597430 1956520 2588790 1965160
M2 2588790 1965160 2300000 1965160
M2 2300000 1965160 1875000 1703960
M2 1875000 1703960 1323790 1703960
M2 1323790 1703960 1306510 1721240
Net37 5 
M2 2727330 1956520 2710050 1973800
M2 2710050 1973800 2300000 1973800
M2 2300000 1973800 1875000 1712600
M2 1875000 1712600 1507400 1712600
M2 1507400 1712600 1498760 1721240
Net44 5 
M2 2554130 1904680 2541170 1917640
M2 2541170 1917640 2300000 1917640
M2 2300000 1917640 1875000 1656440
M2 1875000 1656440 1255380 1656440
M2 1255380 1656440 1242420 1669400
Net48 5 
M2 2575780 1878760 2567140 1887400
M2 2567140 1887400 2300000 1887400
M2 2300000 1887400 1875000 1626200
M2 1875000 1626200 1291740 1626200
M2 1291740 1626200 1274460 1643480
Net51 5 
M2 2705680 1878760 2688400 1896040
M2 2688400 1896040 2300000 1896040
M2 2300000 1896040 1875000 1634840
M2 1875000 1634840 1475360 1634840
M2 1475360 1634840 1466720 1643480
Net58 5 
M2 2727330 1852840 2718690 1861480
M2 2718690 1861480 2300000 1861480
M2 2300000 1861480 1875000 1600280
M2 1875000 1600280 1516040 1600280
M2 1516040 1600280 1498760 1617560
Net59 5 
M2 2770630 1852840 2753350 1870120
M2 2753350 1870120 2300000 1870120
M2 2300000 1870120 1875000 1608920
M2 1875000 1608920 1571490 1608920
M2 1571490 1608920 1562850 1617560
Net61 5 
M2 2619080 1826920 2606120 1839880
M2 2606120 1839880 2300000 1839880
M2 2300000 1839880 1875000 1578680
M2 1875000 1578680 1351510 1578680
M2 1351510 1578680 1338550 1591640
Net68 5 
M2 2684030 1801000 2671070 1813960
M2 2671070 1813960 2300000 1813960
M2 2300000 1813960 1875000 1552760
M2 1875000 1552760 1447640 1552760
M2 1447640 1552760 1434680 1565720
Net71 5 
M2 2575780 1775080 2567140 1783720
M2 2567140 1783720 2300000 1783720
M2 2300000 1783720 1875000 1522520
M2 1875000 1522520 1227660 1522520
M2 1227660 1522520 1210380 1539800
Net72 5 
M2 2619080 1775080 2601800 1792360
M2 2601800 1792360 2300000 1792360
M2 2300000 1792360 1875000 1531160
M2 1875000 1531160 1347190 1531160
M2 1347190 1531160 1338550 1539800
Net78 5 
M2 2597430 1749160 2588790 1757800
M2 2588790 1757800 2300000 1757800
M2 2300000 1757800 1875000 1496600
M2 1875000 1496600 1323790 1496600
M2 1323790 1496600 1306510 1513880
Net81 5 
M2 2727330 1749160 2710050 1766440
M2 2710050 1766440 2300000 1766440
M2 2300000 1766440 1875000 1505240
M2 1875000 1505240 1507400 1505240
M2 1507400 1505240 1498760 1513880
