Nets 26
Net11 5 
V2 2761970 2041687 2754034 2049623
V2 2754034 2049623 2300000 2049623
V2 2300000 2049623 1875000 1806200
V2 1875000 1806200 1036370 1806200
V2 1036370 1806200 1000370 1842200
Net12 5 
V2 2952500 2041687 2936630 2057557
V2 2936630 2057557 2300000 2057557
V2 2300000 2057557 1875000 1813400
V2 1875000 1813400 1094982 1813400
V2 1094982 1813400 1066182 1842200
Net13 5 
V2 3047760 2041687 3023955 2065492
V2 3023955 2065492 2300000 2065492
V2 2300000 2065492 1875000 1820600
V2 1875000 1820600 1153600 1820600
V2 1153600 1820600 1132000 1842200
Net14 5 
V2 3143020 2041687 3111281 2073426
V2 3111281 2073426 2300000 2073426
V2 2300000 2073426 1875000 1827800
V2 1875000 1827800 1278040 1827800
V2 1278040 1827800 1263640 1842200
Net15 5 
V2 3238290 2041687 3198616 2081361
V2 3198616 2081361 2300000 2081361
V2 2300000 2081361 1875000 1835000
V2 1875000 1835000 1402470 1835000
V2 1402470 1835000 1395270 1842200
Net22 5 
V2 3905130 2041687 3857522 2089295
V2 3857522 2089295 2300000 2089295
V2 2300000 2089295 1875000 1863800
V2 1875000 1863800 857420 1863800
V2 857420 1863800 835820 1885400
Net23 5 
V2 2714340 1986140 2686563 2013916
V2 2686563 2013916 2300000 2013916
V2 2300000 2013916 1875000 1784600
V2 1875000 1784600 981860 1784600
V2 981860 1784600 967460 1799000
Net34 5 
V2 2666710 1930600 2648198 1949112
V2 2648198 1949112 2300000 1949112
V2 2300000 1949112 1875000 1734200
V2 1875000 1734200 956150 1734200
V2 956150 1734200 934550 1755800
Net43 5 
V2 3905130 1930600 3868104 1967626
V2 3868104 1967626 2300000 1967626
V2 2300000 1967626 1875000 1770200
V2 1875000 1770200 864620 1770200
V2 864620 1770200 835820 1799000
Net54 5 
V2 2666710 1819512 2648190 1838032
V2 2648190 1838032 2300000 1838032
V2 2300000 1838032 1875000 1615400
V2 1875000 1615400 978260 1615400
V2 978260 1615400 967460 1626200
Net61 5 
V2 3524077 1819512 3517906 1813341
V2 3517906 1813341 2300000 1813341
V2 2300000 1813341 1875000 1604600
V2 1875000 1604600 1416870 1604600
V2 1416870 1604600 1395270 1583000
Net62 5 
V2 3714600 1819512 3702257 1807170
V2 3702257 1807170 2300000 1807170
V2 2300000 1807170 1875000 1593800
V2 1875000 1593800 1537710 1593800
V2 1537710 1593800 1526910 1583000
Net63 5 
V2 3809860 1819512 3791346 1800998
V2 3791346 1800998 2300000 1800998
V2 2300000 1800998 1875000 1578680
V2 1875000 1578680 1597050 1578680
V2 1597050 1578680 1592730 1583000
Net64 5 
V2 3905130 1819512 3868096 1856546
V2 3868096 1856546 2300000 1856546
V2 2300000 1856546 1875000 1647800
V2 1875000 1647800 857420 1647800
V2 857420 1647800 835820 1626200
Net66 5 
V2 2714340 1763970 2708167 1770142
V2 2708167 1770142 2300000 1770142
V2 2300000 1770142 1875000 1557080
V2 1875000 1557080 960470 1557080
V2 960470 1557080 934550 1583000
Net67 5 
V2 2809602 1763970 2797258 1776313
V2 2797258 1776313 2300000 1776313
V2 2300000 1776313 1875000 1561400
V2 1875000 1561400 1021970 1561400
V2 1021970 1561400 1000370 1583000
Net68 5 
V2 2904870 1763970 2886355 1782485
V2 2886355 1782485 2300000 1782485
V2 2300000 1782485 1875000 1565720
V2 1875000 1565720 1149280 1565720
V2 1149280 1565720 1132000 1583000
Net69 5 
V2 3000130 1763970 2975443 1788656
V2 2975443 1788656 2300000 1788656
V2 2300000 1788656 1875000 1570040
V2 1875000 1570040 1210780 1570040
V2 1210780 1570040 1197820 1583000
Net70 5 
V2 3095390 1763970 3064532 1794827
V2 3064532 1794827 2300000 1794827
V2 2300000 1794827 1875000 1574360
V2 1875000 1574360 1272280 1574360
V2 1272280 1574360 1263640 1583000
Net73 5 
V2 3571710 1763970 3564767 1757027
V2 3564767 1757027 2300000 1757027
V2 2300000 1757027 1875000 1552760
V2 1875000 1552760 1375322 1552760
V2 1375322 1552760 1362362 1539800
Net74 5 
V2 3666970 1763970 3653084 1750084
V2 3653084 1750084 2300000 1750084
V2 2300000 1750084 1875000 1548440
V2 1875000 1548440 1436820 1548440
V2 1436820 1548440 1428180 1539800
Net75 5 
V2 3762230 1763970 3741401 1743141
V2 3741401 1743141 2300000 1743141
V2 2300000 1743141 1875000 1544120
V2 1875000 1544120 1498320 1544120
V2 1498320 1544120 1494000 1539800
Net76 5 
V2 3857492 1763970 3829721 1736199
V2 3829721 1736199 2300000 1736199
V2 2300000 1736199 1875000 1531160
V2 1875000 1531160 1568460 1531160
V2 1568460 1531160 1559820 1539800
Net78 5 
V2 2666710 1708430 2659769 1715370
V2 2659769 1715370 2300000 1715370
V2 2300000 1715370 1875000 1505240
V2 1875000 1505240 1002020 1505240
V2 1002020 1505240 967460 1539800
Net79 5 
V2 2761970 1708430 2748086 1722313
V2 2748086 1722313 2300000 1722313
V2 2300000 1722313 1875000 1513880
V2 1875000 1513880 1059197 1513880
V2 1059197 1513880 1033277 1539800
Net80 5 
V2 2952500 1708430 2931673 1729256
V2 2931673 1729256 2300000 1729256
V2 2300000 1729256 1875000 1522520
V2 1875000 1522520 1116370 1522520
V2 1116370 1522520 1099090 1539800
