Nets 66
Net0 5 
V1 2567120 2112040 2561936 2117224
V1 2561936 2117224 2300000 2117224
V1 2300000 2117224 1875000 1859480
V1 1875000 1859480 1329850 1859480
V1 1329850 1859480 1312570 1876760
Net1 5 
V1 2674502 2112040 2664134 2122408
V1 2664134 2122408 2300000 2122408
V1 2300000 2122408 1875000 1863800
V1 1875000 1863800 1432917 1863800
V1 1432917 1863800 1419957 1876760
Net2 5 
V1 2781890 2112040 2766338 2127592
V1 2766338 2127592 2300000 2127592
V1 2300000 2127592 1875000 1868120
V1 1875000 1868120 1535980 1868120
V1 1535980 1868120 1527340 1876760
Net3 5 
V1 2835582 2112040 2814846 2132776
V1 2814846 2132776 2300000 2132776
V1 2300000 2132776 1875000 1872440
V1 1875000 1872440 1585360 1872440
V1 1585360 1872440 1581040 1876760
Net6 5 
V1 2701350 2086120 2697030 2090440
V1 2697030 2090440 2300000 2090440
V1 2300000 2090440 1875000 1833560
V1 1875000 1833560 1464080 1833560
V1 1464080 1833560 1446800 1850840
Net7 5 
V1 2755042 2086120 2746402 2094760
V1 2746402 2094760 2300000 2094760
V1 2300000 2094760 1875000 1837880
V1 1875000 1837880 1513457 1837880
V1 1513457 1837880 1500497 1850840
Net8 5 
V1 2808740 2086120 2795780 2099080
V1 2795780 2099080 2300000 2099080
V1 2300000 2099080 1875000 1842200
V1 1875000 1842200 1562830 1842200
V1 1562830 1842200 1554190 1850840
Net9 5 
V1 2862430 2086120 2845150 2103400
V1 2845150 2103400 2300000 2103400
V1 2300000 2103400 1875000 1846520
V1 1875000 1846520 1612200 1846520
V1 1612200 1846520 1607880 1850840
Net10 5 
V1 2916127 2086120 2894527 2107720
V1 2894527 2107720 2300000 2107720
V1 2300000 2107720 1875000 1855160
V1 1875000 1855160 1280472 1855160
V1 1280472 1855160 1258872 1876760
Net11 5 
V1 2567120 2060200 2562800 2064520
V1 2562800 2064520 2300000 2064520
V1 2300000 2064520 1875000 1807640
V1 1875000 1807640 1329850 1807640
V1 1329850 1807640 1312570 1824920
Net12 5 
V1 2620810 2060200 2612170 2068840
V1 2612170 2068840 2300000 2068840
V1 2300000 2068840 1875000 1811960
V1 1875000 1811960 1379220 1811960
V1 1379220 1811960 1366260 1824920
Net13 5 
V1 2728200 2060200 2715240 2073160
V1 2715240 2073160 2300000 2073160
V1 2300000 2073160 1875000 1816280
V1 1875000 1816280 1482290 1816280
V1 1482290 1816280 1473650 1824920
Net14 5 
V1 2781890 2060200 2764610 2077480
V1 2764610 2077480 2300000 2077480
V1 2300000 2077480 1875000 1820600
V1 1875000 1820600 1531660 1820600
V1 1531660 1820600 1527340 1824920
Net15 5 
V1 2889280 2060200 2867680 2081800
V1 2867680 2081800 2300000 2081800
V1 2300000 2081800 1875000 1829240
V1 1875000 1829240 1585360 1829240
V1 1585360 1829240 1581040 1824920
Net18 5 
V1 2701350 2034280 2692710 2025640
V1 2692710 2025640 2300000 2025640
V1 2300000 2025640 1875000 1779560
V1 1875000 1779560 1466240 1779560
V1 1466240 1779560 1446800 1799000
Net19 5 
V1 2808740 2034280 2802260 2040760
V1 2802260 2040760 2300000 2040760
V1 2300000 2040760 1875000 1786040
V1 1875000 1786040 1513457 1786040
V1 1513457 1786040 1500497 1799000
Net20 5 
V1 2862430 2034280 2849470 2047240
V1 2849470 2047240 2300000 2047240
V1 2300000 2047240 1875000 1792520
V1 1875000 1792520 1614360 1792520
V1 1614360 1792520 1607880 1799000
Net21 5 
V1 2916127 2034280 2896687 2053720
V1 2896687 2053720 2300000 2053720
V1 2300000 2053720 1875000 1803320
V1 1875000 1803320 1280472 1803320
V1 1280472 1803320 1258872 1824920
Net22 5 
V1 2567120 2008360 2558480 2017000
V1 2558480 2017000 2300000 2017000
V1 2300000 2017000 1875000 1764440
V1 1875000 1764440 1321210 1764440
V1 1321210 1764440 1312570 1773080
Net27 5 
V1 2593960 1982440 2589640 1986760
V1 2589640 1986760 2300000 1986760
V1 2300000 1986760 1875000 1726424
V1 1875000 1726424 1360153 1726424
V1 1360153 1726424 1339417 1747160
Net28 5 
V1 2647660 1982440 2639020 1991080
V1 2639020 1991080 2300000 1991080
V1 2300000 1991080 1875000 1731608
V1 1875000 1731608 1408662 1731608
V1 1408662 1731608 1393110 1747160
Net29 5 
V1 2701350 1982440 2688390 1995400
V1 2688390 1995400 2300000 1995400
V1 2300000 1995400 1875000 1736792
V1 1875000 1736792 1457168 1736792
V1 1457168 1736792 1446800 1747160
Net31 5 
V1 2862430 1982440 2845150 1999720
V1 2845150 1999720 2300000 1999720
V1 2300000 1999720 1875000 1741976
V1 1875000 1741976 1613064 1741976
V1 1613064 1741976 1607880 1747160
Net32 5 
V1 2916127 1982440 2894527 2004040
V1 2894527 2004040 2300000 2004040
V1 2300000 2004040 1875000 1755800
V1 1875000 1755800 1276152 1755800
V1 1276152 1755800 1258872 1773080
Net33 5 
V1 2567120 1956520 2561936 1961704
V1 2561936 1961704 2300000 1961704
V1 2300000 1961704 1875000 1703960
V1 1875000 1703960 1329850 1703960
V1 1329850 1703960 1312570 1721240
Net35 5 
V1 2674502 1956520 2664134 1966888
V1 2664134 1966888 2300000 1966888
V1 2300000 1966888 1875000 1708280
V1 1875000 1708280 1432917 1708280
V1 1432917 1708280 1419957 1721240
Net36 5 
V1 2728200 1956520 2712648 1972072
V1 2712648 1972072 2300000 1972072
V1 2300000 1972072 1875000 1712600
V1 1875000 1712600 1482290 1712600
V1 1482290 1712600 1473650 1721240
Net38 5 
V1 2835582 1956520 2814846 1977256
V1 2814846 1977256 2300000 1977256
V1 2300000 1977256 1875000 1716920
V1 1875000 1716920 1585360 1716920
V1 1585360 1716920 1581040 1721240
Net39 5 
V1 2593960 1930600 2589640 1934920
V1 2589640 1934920 2300000 1934920
V1 2300000 1934920 1875000 1674584
V1 1875000 1674584 1360153 1674584
V1 1360153 1674584 1339417 1695320
Net40 5 
V1 2701350 1930600 2692710 1939240
V1 2692710 1939240 2300000 1939240
V1 2300000 1939240 1875000 1679768
V1 1875000 1679768 1462352 1679768
V1 1462352 1679768 1446800 1695320
Net41 5 
V1 2755042 1930600 2742082 1943560
V1 2742082 1943560 2300000 1943560
V1 2300000 1943560 1875000 1684952
V1 1875000 1684952 1510865 1684952
V1 1510865 1684952 1500497 1695320
Net42 5 
V1 2862430 1930600 2845150 1947880
V1 2845150 1947880 2300000 1947880
V1 2300000 1947880 1875000 1690136
V1 1875000 1690136 1613064 1690136
V1 1613064 1690136 1607880 1695320
Net43 5 
V1 2916127 1930600 2894527 1952200
V1 2894527 1952200 2300000 1952200
V1 2300000 1952200 1875000 1699640
V1 1875000 1699640 1280472 1699640
V1 1280472 1699640 1258872 1721240
Net45 5 
V1 2674502 1904680 2668022 1911160
V1 2668022 1911160 2300000 1911160
V1 2300000 1911160 1875000 1653848
V1 1875000 1653848 1435509 1653848
V1 1435509 1653848 1419957 1669400
Net46 5 
V1 2728200 1904680 2715240 1917640
V1 2715240 1917640 2300000 1917640
V1 2300000 1917640 1875000 1659032
V1 1875000 1659032 1484018 1659032
V1 1484018 1659032 1473650 1669400
Net47 5 
V1 2835582 1904680 2816142 1924120
V1 2816142 1924120 2300000 1924120
V1 2300000 1924120 1875000 1664216
V1 1875000 1664216 1586224 1664216
V1 1586224 1664216 1581040 1669400
Net49 5 
V1 2647660 1878760 2643340 1883080
V1 2643340 1883080 2300000 1883080
V1 2300000 1883080 1875000 1622744
V1 1875000 1622744 1413846 1622744
V1 1413846 1622744 1393110 1643480
Net50 5 
V1 2701350 1878760 2692710 1887400
V1 2692710 1887400 2300000 1887400
V1 2300000 1887400 1875000 1627928
V1 1875000 1627928 1462352 1627928
V1 1462352 1627928 1446800 1643480
Net52 5 
V1 2808740 1878760 2795780 1891720
V1 2795780 1891720 2300000 1891720
V1 2300000 1891720 1875000 1633112
V1 1875000 1633112 1564558 1633112
V1 1564558 1633112 1554190 1643480
Net53 5 
V1 2862430 1878760 2845150 1896040
V1 2845150 1896040 2300000 1896040
V1 2300000 1896040 1875000 1638296
V1 1875000 1638296 1613064 1638296
V1 1613064 1638296 1607880 1643480
Net54 5 
V1 2916127 1878760 2894527 1900360
V1 2894527 1900360 2300000 1900360
V1 2300000 1900360 1875000 1648664
V1 1875000 1648664 1279608 1648664
V1 1279608 1648664 1258872 1669400
Net55 5 
V1 2567120 1852840 2560640 1859320
V1 2560640 1859320 2300000 1859320
V1 2300000 1859320 1875000 1602008
V1 1875000 1602008 1328122 1602008
V1 1328122 1602008 1312570 1617560
Net56 5 
V1 2620810 1852840 2607850 1865800
V1 2607850 1865800 2300000 1865800
V1 2300000 1865800 1875000 1607192
V1 1875000 1607192 1376628 1607192
V1 1376628 1607192 1366260 1617560
Net57 5 
V1 2728200 1852840 2708760 1872280
V1 2708760 1872280 2300000 1872280
V1 2300000 1872280 1875000 1612376
V1 1875000 1612376 1478834 1612376
V1 1478834 1612376 1473650 1617560
Net60 5 
V1 2593960 1826920 2589640 1831240
V1 2589640 1831240 2300000 1831240
V1 2300000 1831240 1875000 1570904
V1 1875000 1570904 1360153 1570904
V1 1360153 1570904 1339417 1591640
Net62 5 
V1 2701350 1826920 2692710 1835560
V1 2692710 1835560 2300000 1835560
V1 2300000 1835560 1875000 1576088
V1 1875000 1576088 1462352 1576088
V1 1462352 1576088 1446800 1591640
Net63 5 
V1 2755042 1826920 2742082 1839880
V1 2742082 1839880 2300000 1839880
V1 2300000 1839880 1875000 1581272
V1 1875000 1581272 1510865 1581272
V1 1510865 1581272 1500497 1591640
Net64 5 
V1 2862430 1826920 2845150 1844200
V1 2845150 1844200 2300000 1844200
V1 2300000 1844200 1875000 1586456
V1 1875000 1586456 1613064 1586456
V1 1613064 1586456 1607880 1591640
Net65 5 
V1 2916127 1826920 2894527 1848520
V1 2894527 1848520 2300000 1848520
V1 2300000 1848520 1875000 1596824
V1 1875000 1596824 1279608 1596824
V1 1279608 1596824 1258872 1617560
Net66 5 
V1 2567120 1801000 2561936 1806184
V1 2561936 1806184 2300000 1806184
V1 2300000 1806184 1875000 1548440
V1 1875000 1548440 1329850 1548440
V1 1329850 1548440 1312570 1565720
Net67 5 
V1 2674502 1801000 2664134 1811368
V1 2664134 1811368 2300000 1811368
V1 2300000 1811368 1875000 1552760
V1 1875000 1552760 1379220 1552760
V1 1379220 1552760 1366260 1565720
Net69 5 
V1 2781890 1801000 2766338 1816552
V1 2766338 1816552 2300000 1816552
V1 2300000 1816552 1875000 1557080
V1 1875000 1557080 1535980 1557080
V1 1535980 1557080 1527340 1565720
Net70 5 
V1 2835582 1801000 2814846 1821736
V1 2814846 1821736 2300000 1821736
V1 2300000 1821736 1875000 1561400
V1 1875000 1561400 1585360 1561400
V1 1585360 1561400 1581040 1565720
Net73 5 
V1 2701350 1775080 2696166 1780264
V1 2696166 1780264 2300000 1780264
V1 2300000 1780264 1875000 1520360
V1 1875000 1520360 1466240 1520360
V1 1466240 1520360 1446800 1539800
Net74 5 
V1 2808740 1775080 2798372 1785448
V1 2798372 1785448 2300000 1785448
V1 2300000 1785448 1875000 1526840
V1 1875000 1526840 1567150 1526840
V1 1567150 1526840 1554190 1539800
Net75 5 
V1 2862430 1775080 2846878 1790632
V1 2846878 1790632 2300000 1790632
V1 2300000 1790632 1875000 1533320
V1 1875000 1533320 1614360 1533320
V1 1614360 1533320 1607880 1539800
Net76 5 
V1 2916127 1775080 2895391 1795816
V1 2895391 1795816 2300000 1795816
V1 2300000 1795816 1875000 1544120
V1 1875000 1544120 1280472 1544120
V1 1280472 1544120 1258872 1565720
Net77 5 
V1 2567120 1749160 2561936 1754344
V1 2561936 1754344 2300000 1754344
V1 2300000 1754344 1875000 1496600
V1 1875000 1496600 1329850 1496600
V1 1329850 1496600 1312570 1513880
Net79 5 
V1 2674502 1749160 2664134 1759528
V1 2664134 1759528 2300000 1759528
V1 2300000 1759528 1875000 1500920
V1 1875000 1500920 1432917 1500920
V1 1432917 1500920 1419957 1513880
Net80 5 
V1 2728200 1749160 2712648 1764712
V1 2712648 1764712 2300000 1764712
V1 2300000 1764712 1875000 1505240
V1 1875000 1505240 1482290 1505240
V1 1482290 1505240 1473650 1513880
Net82 5 
V1 2835582 1749160 2814846 1769896
V1 2814846 1769896 2300000 1769896
V1 2300000 1769896 1875000 1509560
V1 1875000 1509560 1585360 1509560
V1 1585360 1509560 1581040 1513880
Net83 5 
V1 2593960 1723240 2589640 1727560
V1 2589640 1727560 2300000 1727560
V1 2300000 1727560 1875000 1467224
V1 1875000 1467224 1360153 1467224
V1 1360153 1467224 1339417 1487960
Net84 5 
V1 2647660 1723240 2639020 1731880
V1 2639020 1731880 2300000 1731880
V1 2300000 1731880 1875000 1472408
V1 1875000 1472408 1408662 1472408
V1 1408662 1472408 1393110 1487960
Net85 5 
V1 2755042 1723240 2742082 1736200
V1 2742082 1736200 2300000 1736200
V1 2300000 1736200 1875000 1477592
V1 1875000 1477592 1510865 1477592
V1 1510865 1477592 1500497 1487960
Net86 5 
V1 2862430 1723240 2845150 1740520
V1 2845150 1740520 2300000 1740520
V1 2300000 1740520 1875000 1482776
V1 1875000 1482776 1613064 1482776
V1 1613064 1482776 1607880 1487960
Net87 5 
V1 2916127 1723240 2894527 1744840
V1 2894527 1744840 2300000 1744840
V1 2300000 1744840 1875000 1492280
V1 1875000 1492280 1280472 1492280
V1 1280472 1492280 1258872 1513880
