Nets 26
Net13 5 
V2 2684030 2060200 2677550 2066680
V2 2677550 2066680 2300000 2066680
V2 2300000 2066680 1875000 1858247
V2 1875000 1858247 1288733 1858247
V2 1288733 1858247 1255410 1891570
Net14 5 
V2 2727330 2060200 2714370 2073160
V2 2714370 2073160 2300000 2073160
V2 2300000 2073160 1875000 1869355
V2 1875000 1869355 1454294 1869355
V2 1454294 1869355 1432080 1891570
Net15 5 
V2 2813932 2060200 2794492 2079640
V2 2794492 2079640 2300000 2079640
V2 2300000 2079640 1875000 1880464
V2 1875000 1880464 1531518 1880464
V2 1531518 1880464 1520412 1891570
Net19 5 
V2 2748980 2034280 2742500 2040760
V2 2742500 2040760 2300000 2040760
V2 2300000 2040760 1875000 1799001
V2 1875000 1799001 1159938 1799001
V2 1159938 1799001 1122910 1836030
Net20 5 
V2 2792280 2034280 2779320 2047240
V2 2779320 2047240 2300000 2047240
V2 2300000 2047240 1875000 1817515
V2 1875000 1817515 1406424 1817515
V2 1406424 1817515 1387910 1836030
Net21 5 
V2 2835582 2034280 2816142 2053720
V2 2816142 2053720 2300000 2053720
V2 2300000 2053720 1875000 1847138
V2 1875000 1847138 416494 1847138
V2 416494 1847138 372062 1891570
Net22 5 
V2 2554130 2008360 2545490 2017000
V2 2545490 2017000 2300000 2017000
V2 2300000 2017000 1875000 1758265
V2 1875000 1758265 1100962 1758265
V2 1100962 1758265 1078740 1780487
Net23 5 
V2 2640730 2008360 2623450 2025640
V2 2623450 2025640 2300000 2025640
V2 2300000 2025640 1875000 1769374
V2 1875000 1769374 1266523 1769374
V2 1266523 1769374 1255410 1780487
Net27 5 
V2 2575780 1982440 2562820 1995400
V2 2562820 1995400 2300000 1995400
V2 2300000 1995400 1875000 1747157
V2 1875000 1747157 1023740 1747157
V2 1023740 1747157 990410 1780487
Net34 5 
V2 2597430 1956520 2584470 1969480
V2 2584470 1969480 2300000 1969480
V2 2300000 1969480 1875000 1736048
V2 1875000 1736048 858179 1736048
V2 858179 1736048 813740 1780487
Net35 5 
V2 2640730 1956520 2632090 1947880
V2 2632090 1947880 2300000 1947880
V2 2300000 1947880 1875000 1706428
V2 1875000 1706428 699749 1706428
V2 699749 1706428 681237 1724940
Net39 5 
V2 2575780 1930600 2567140 1939240
V2 2567140 1939240 2300000 1939240
V2 2300000 1939240 1875000 1687914
V2 1875000 1687914 629926 1687914
V2 629926 1687914 592900 1724940
Net51 5 
V2 2705680 1878760 2697040 1887400
V2 2697040 1887400 2300000 1887400
V2 2300000 1887400 1875000 1641631
V2 1875000 1641631 1283179 1641631
V2 1283179 1641631 1255410 1669400
Net53 5 
V2 2792280 1878760 2775000 1896040
V2 2775000 1896040 2300000 1896040
V2 2300000 1896040 1875000 1655516
V2 1875000 1655516 1534296 1655516
V2 1534296 1655516 1520412 1669400
Net61 5 
V2 2619080 1826920 2614760 1831240
V2 2614760 1831240 2300000 1831240
V2 2300000 1831240 1875000 1539798
V2 1875000 1539798 743914 1539798
V2 743914 1539798 725400 1558312
Net62 5 
V2 2662380 1826920 2653740 1835560
V2 2653740 1835560 2300000 1835560
V2 2300000 1835560 1875000 1549055
V2 1875000 1549055 822997 1549055
V2 822997 1549055 813740 1558312
Net63 5 
V2 2705680 1826920 2692720 1839880
V2 2692720 1839880 2300000 1839880
V2 2300000 1839880 1875000 1576826
V2 1875000 1576826 718271 1576826
V2 718271 1576826 681237 1613860
Net64 5 
V2 2792280 1826920 2775000 1844200
V2 2775000 1844200 2300000 1844200
V2 2300000 1844200 1875000 1595340
V2 1875000 1595340 876427 1595340
V2 876427 1595340 857907 1613860
Net65 5 
V2 2835582 1826920 2813982 1848520
V2 2813982 1848520 2300000 1848520
V2 2300000 1848520 1875000 1627745
V2 1875000 1627745 413717 1627745
V2 413717 1627745 372062 1669400
Net66 5 
V2 2554130 1801000 2541170 1813960
V2 2541170 1813960 2300000 1813960
V2 2300000 1813960 1875000 1530541
V2 1875000 1530541 664841 1530541
V2 664841 1530541 637070 1558312
Net77 5 
V2 2554130 1749160 2541170 1762120
V2 2541170 1762120 2300000 1762120
V2 2300000 1762120 1875000 1521284
V2 1875000 1521284 788084 1521284
V2 788084 1521284 769570 1502770
Net78 5 
V2 2597430 1749160 2593110 1744840
V2 2593110 1744840 2300000 1744840
V2 2300000 1744840 1875000 1512027
V2 1875000 1512027 867164 1512027
V2 867164 1512027 857907 1502770
Net83 5 
V2 2575780 1723240 2571460 1727560
V2 2571460 1727560 2300000 1727560
V2 2300000 1727560 1875000 1458336
V2 1875000 1458336 1167344 1458336
V2 1167344 1458336 1122910 1502770
Net84 5 
V2 2619080 1723240 2610440 1731880
V2 2610440 1731880 2300000 1731880
V2 2300000 1731880 1875000 1469444
V2 1875000 1469444 1332905 1469444
V2 1332905 1469444 1299580 1502770
Net85 5 
V2 2705680 1723240 2692720 1736200
V2 2692720 1736200 2300000 1736200
V2 2300000 1736200 1875000 1480553
V2 1875000 1480553 1410127 1480553
V2 1410127 1480553 1387910 1502770
Net86 5 
V2 2792280 1723240 2775000 1740520
V2 2775000 1740520 2300000 1740520
V2 2300000 1740520 1875000 1491661
V2 1875000 1491661 1575688 1491661
V2 1575688 1491661 1564580 1502770
