Nets 20
Net8 5 
V2 2748980 2086120 2740340 2094760
V2 2740340 2094760 2300000 2094760
V2 2300000 2094760 1875000 1856600
V2 1875000 1856600 1379040 1856600
V2 1379040 1856600 1350240 1885400
Net9 5 
V2 2792280 2086120 2775000 2103400
V2 2775000 2103400 2300000 2103400
V2 2300000 2103400 1875000 1871000
V2 1875000 1871000 1537847 1871000
V2 1537847 1871000 1523447 1885400
Net24 5 
V2 2684030 2008360 2671070 2021320
V2 2671070 2021320 2300000 2021320
V2 2300000 2021320 1875000 1777400
V2 1875000 1777400 1198637 1777400
V2 1198637 1777400 1177037 1799000
Net27 5 
V2 2575780 1982440 2562820 1995400
V2 2562820 1995400 2300000 1995400
V2 2300000 1995400 1875000 1741400
V2 1875000 1741400 974930 1741400
V2 974930 1741400 960530 1755800
Net43 5 
V2 2835582 1930600 2822622 1943560
V2 2822622 1943560 2300000 1943560
V2 2300000 1943560 1875000 1727000
V2 1875000 1727000 642920 1727000
V2 642920 1727000 614120 1755800
Net44 5 
V2 2554130 1904680 2541170 1917640
V2 2541170 1917640 2300000 1917640
V2 2300000 1917640 1875000 1663227
V2 1875000 1663227 966702 1663227
V2 966702 1663227 960530 1669400
Net48 5 
V2 2575780 1878760 2569300 1885240
V2 2569300 1885240 2300000 1885240
V2 2300000 1885240 1875000 1644713
V2 1875000 1644713 725406 1644713
V2 725406 1644713 700720 1669400
Net49 5 
V2 2619080 1878760 2606120 1891720
V2 2606120 1891720 2300000 1891720
V2 2300000 1891720 1875000 1650885
V2 1875000 1650885 805837 1650885
V2 805837 1650885 787322 1669400
Net50 5 
V2 2662380 1878760 2642940 1898200
V2 2642940 1898200 2300000 1898200
V2 2300000 1898200 1875000 1657056
V2 1875000 1657056 886273 1657056
V2 886273 1657056 873930 1669400
Net56 5 
V2 2597430 1852840 2584470 1865800
V2 2584470 1865800 2300000 1865800
V2 2300000 1865800 1875000 1638542
V2 1875000 1638542 756362 1638542
V2 756362 1638542 744020 1626200
Net57 5 
V2 2684030 1852840 2679710 1848520
V2 2679710 1848520 2300000 1848520
V2 2300000 1848520 1875000 1632371
V2 1875000 1632371 923401 1632371
V2 923401 1632371 917230 1626200
Net58 5 
V2 2727330 1852840 2718690 1844200
V2 2718690 1844200 2300000 1844200
V2 2300000 1844200 1875000 1617560
V2 1875000 1617560 1358880 1617560
V2 1358880 1617560 1350240 1626200
Net59 5 
V2 2770630 1852840 2757670 1839880
V2 2757670 1839880 2300000 1839880
V2 2300000 1839880 1875000 1608920
V2 1875000 1608920 1280920 1608920
V2 1280920 1608920 1263640 1626200
Net63 5 
V2 2705680 1826920 2701360 1831240
V2 2701360 1831240 2300000 1831240
V2 2300000 1831240 1875000 1591640
V2 1875000 1591640 1038390 1591640
V2 1038390 1591640 1003830 1626200
Net64 5 
V2 2792280 1826920 2783640 1835560
V2 2783640 1835560 2300000 1835560
V2 2300000 1835560 1875000 1600280
V2 1875000 1600280 1116350 1600280
V2 1116350 1600280 1090430 1626200
Net65 5 
V2 2835582 1826920 2822622 1813960
V2 2822622 1813960 2300000 1813960
V2 2300000 1813960 1875000 1561400
V2 1875000 1561400 635720 1561400
V2 635720 1561400 614120 1583000
Net71 5 
V2 2575780 1775080 2562820 1788040
V2 2562820 1788040 2300000 1788040
V2 2300000 1788040 1875000 1518200
V2 1875000 1518200 765620 1518200
V2 765620 1518200 744020 1539800
Net84 5 
V2 2619080 1723240 2612600 1729720
V2 2612600 1729720 2300000 1729720
V2 2300000 1729720 1875000 1464200
V2 1875000 1464200 1339340 1464200
V2 1339340 1464200 1306940 1496600
Net85 5 
V2 2705680 1723240 2692720 1736200
V2 2692720 1736200 2300000 1736200
V2 2300000 1736200 1875000 1475000
V2 1875000 1475000 1415140 1475000
V2 1415140 1475000 1393540 1496600
Net86 5 
V2 2792280 1723240 2772840 1742680
V2 2772840 1742680 2300000 1742680
V2 2300000 1742680 1875000 1485800
V2 1875000 1485800 1577550 1485800
V2 1577550 1485800 1566750 1496600
