Nets 26
Net4 5 
M2 3377180 2103400 3355580 2125000
M2 3355580 2125000 2700000 2125000
M2 2700000 2125000 1875000 1842200
M2 1875000 1842200 1539450 1842200
M2 1539450 1842200 1530810 1850840
Net14 5 
M2 3541722 2060200 3530922 2071000
M2 3530922 2071000 2700000 2071000
M2 2700000 2071000 1875000 1807640
M2 1875000 1807640 1516040 1807640
M2 1516040 1807640 1498760 1824920
Net15 5 
M2 3607540 2060200 3585940 2081800
M2 3585940 2081800 2700000 2081800
M2 2700000 2081800 1875000 1816280
M2 1875000 1816280 1571490 1816280
M2 1571490 1816280 1562850 1824920
Net16 5 
M2 3739180 2060200 3706780 2092600
M2 3706780 2092600 2700000 2092600
M2 2700000 2092600 1875000 1833560
M2 1875000 1833560 1186972 1833560
M2 1186972 1833560 1178332 1824920
Net21 5 
M2 3377180 2017000 3362780 2031400
M2 3362780 2031400 2700000 2031400
M2 2700000 2031400 1875000 1760120
M2 1875000 1760120 1447640 1760120
M2 1447640 1760120 1434680 1773080
Net24 5 
M2 3640450 2017000 3611650 2045800
M2 3611650 2045800 2700000 2045800
M2 2700000 2045800 1875000 1766600
M2 1875000 1766600 1569330 1766600
M2 1569330 1766600 1562850 1773080
Net25 5 
M2 3706270 2017000 3697630 2008360
M2 3697630 2008360 2700000 2008360
M2 2700000 2008360 1875000 1753640
M2 1875000 1753640 1197772 1753640
M2 1197772 1753640 1178332 1773080
Net29 5 
M2 3212637 1973800 3203997 1982440
M2 3203997 1982440 2700000 1982440
M2 2700000 1982440 1875000 1727720
M2 1875000 1727720 1293900 1727720
M2 1293900 1727720 1274460 1747160
Net33 5 
M2 3607540 1973800 3590260 1991080
M2 3590260 1991080 2700000 1991080
M2 2700000 1991080 1875000 1734200
M2 1875000 1734200 1543770 1734200
M2 1543770 1734200 1530810 1747160
Net34 5 
M2 3673360 1973800 3647440 1999720
M2 3647440 1999720 2700000 1999720
M2 2700000 1999720 1875000 1740680
M2 1875000 1740680 1601370 1740680
M2 1601370 1740680 1594890 1747160
Net37 5 
M2 3048090 1930600 3039450 1939240
M2 3039450 1939240 2700000 1939240
M2 2700000 1939240 1875000 1700504
M2 1875000 1700504 1391326 1700504
M2 1391326 1700504 1370590 1721240
Net41 5 
M2 3508817 1930600 3491537 1947880
M2 3491537 1947880 2700000 1947880
M2 2700000 1947880 1875000 1705688
M2 1875000 1705688 1450232 1705688
M2 1450232 1705688 1434680 1721240
Net42 5 
M2 3574630 1930600 3548710 1956520
M2 3548710 1956520 2700000 1956520
M2 2700000 1956520 1875000 1710872
M2 1875000 1710872 1509128 1710872
M2 1509128 1710872 1498760 1721240
Net43 5 
M2 3640450 1930600 3605890 1965160
M2 3605890 1965160 2700000 1965160
M2 2700000 1965160 1875000 1716056
M2 1875000 1716056 1568034 1716056
M2 1568034 1716056 1562850 1721240
Net44 5 
M2 3081000 1887400 3066600 1901800
M2 3066600 1901800 2700000 1901800
M2 2700000 1901800 1875000 1626200
M2 1875000 1626200 1291740 1626200
M2 1291740 1626200 1274460 1643480
Net50 5 
M2 3541722 1887400 3512922 1916200
M2 3512922 1916200 2700000 1916200
M2 2700000 1916200 1875000 1634840
M2 1875000 1634840 1475360 1634840
M2 1475360 1634840 1466720 1643480
Net57 5 
M2 3443000 1844200 3421400 1865800
M2 3421400 1865800 2700000 1865800
M2 2700000 1865800 1875000 1608920
M2 1875000 1608920 1571490 1608920
M2 1571490 1608920 1562850 1617560
Net67 5 
M2 3410090 1801000 3401450 1809640
M2 3401450 1809640 2700000 1809640
M2 2700000 1809640 1875000 1546280
M2 1875000 1546280 1454120 1546280
M2 1454120 1546280 1434680 1565720
Net68 5 
M2 3541722 1801000 3524442 1818280
M2 3524442 1818280 2700000 1818280
M2 2700000 1818280 1875000 1552760
M2 1875000 1552760 1511720 1552760
M2 1511720 1552760 1498760 1565720
Net69 5 
M2 3607540 1801000 3581620 1826920
M2 3581620 1826920 2700000 1826920
M2 2700000 1826920 1875000 1559240
M2 1875000 1559240 1569330 1559240
M2 1569330 1559240 1562850 1565720
Net70 5 
M2 3739180 1801000 3704620 1835560
M2 3704620 1835560 2700000 1835560
M2 2700000 1835560 1875000 1600280
M2 1875000 1600280 1195612 1600280
M2 1195612 1600280 1178332 1617560
Net74 5 
M2 3179730 1757800 3158130 1779400
M2 3158130 1779400 2700000 1779400
M2 2700000 1779400 1875000 1505240
M2 1875000 1505240 1379230 1505240
M2 1379230 1505240 1370590 1513880
Net84 5 
M2 3344270 1714600 3335630 1723240
M2 3335630 1723240 2700000 1723240
M2 2700000 1723240 1875000 1468520
M2 1875000 1468520 1357990 1468520
M2 1357990 1468520 1338550 1487960
Net85 5 
M2 3410090 1714600 3392810 1731880
M2 3392810 1731880 2700000 1731880
M2 2700000 1731880 1875000 1475000
M2 1875000 1475000 1479680 1475000
M2 1479680 1475000 1466720 1487960
Net86 5 
M2 3541722 1714600 3515802 1740520
M2 3515802 1740520 2700000 1740520
M2 2700000 1740520 1875000 1481480
M2 1875000 1481480 1601370 1481480
M2 1601370 1481480 1594890 1487960
Net87 5 
M2 3739180 1714600 3704620 1749160
M2 3704620 1749160 2700000 1749160
M2 2700000 1749160 1875000 1496600
M2 1875000 1496600 1195612 1496600
M2 1195612 1496600 1178332 1513880
