Nets 15
Net24 5 
M3 3084030 2008360 3071070 2021320
M3 3071070 2021320 2700000 2021320
M3 2700000 2021320 1875000 1877686
M3 1875000 1877686 1216526 1877686
M3 1216526 1877686 1174870 1836030
Net25 5 
M3 3127330 2008360 3120850 2001880
M3 3120850 2001880 2700000 2001880
M3 2700000 2001880 1875000 1863801
M3 1875000 1863801 1297901 1863801
M3 1297901 1863801 1270130 1836030
Net26 5 
M3 3170630 2008360 3157670 1995400
M3 3157670 1995400 2700000 1995400
M3 2700000 1995400 1875000 1849915
M3 1875000 1849915 1474545 1849915
M3 1474545 1849915 1460660 1836030
Net31 5 
M3 3192280 1982440 3185800 1988920
M3 3185800 1988920 2700000 1988920
M3 2700000 1988920 1875000 1808258
M3 1875000 1808258 1583691 1808258
M3 1583691 1808258 1555920 1836030
Net43 5 
M3 3235582 1930600 3222622 1943560
M3 3222622 1943560 2700000 1943560
M3 2700000 1943560 1875000 1752711
M3 1875000 1752711 297646 1752711
M3 297646 1752711 269870 1780487
Net67 5 
M3 3040730 1801000 3035546 1806184
M3 3035546 1806184 2700000 1806184
M3 2700000 1806184 1875000 1569421
M3 1875000 1569421 852558 1569421
M3 852558 1569421 841450 1558312
Net68 5 
M3 3084030 1801000 3073662 1811368
M3 3073662 1811368 2700000 1811368
M3 2700000 1811368 1875000 1580529
M3 1875000 1580529 1303460 1580529
M3 1303460 1580529 1270130 1613860
Net69 5 
M3 3127330 1801000 3111778 1816552
M3 3111778 1816552 2700000 1816552
M3 2700000 1816552 1875000 1591638
M3 1875000 1591638 1387619 1591638
M3 1387619 1591638 1365397 1613860
Net70 5 
M3 3170630 1801000 3149894 1821736
M3 3149894 1821736 2700000 1821736
M3 2700000 1821736 1875000 1602746
M3 1875000 1602746 1471773 1602746
M3 1471773 1602746 1460660 1613860
Net75 5 
M3 3192280 1775080 3179320 1788040
M3 3179320 1788040 2700000 1788040
M3 2700000 1788040 1875000 1550377
M3 1875000 1550377 1516225 1550377
M3 1516225 1550377 1508290 1558312
Net79 5 
M3 3040730 1749160 3035546 1754344
M3 3035546 1754344 2700000 1754344
M3 2700000 1754344 1875000 1518639
M3 1875000 1518639 976383 1518639
M3 976383 1518639 936710 1558312
Net80 5 
M3 3084030 1749160 3073662 1759528
M3 3073662 1759528 2700000 1759528
M3 2700000 1759528 1875000 1526573
M3 1875000 1526573 1063719 1526573
M3 1063719 1526573 1031980 1558312
Net81 5 
M3 3127330 1749160 3111778 1764712
M3 3111778 1764712 2700000 1764712
M3 2700000 1764712 1875000 1534508
M3 1875000 1534508 1151044 1534508
M3 1151044 1534508 1127240 1558312
Net82 5 
M3 3170630 1749160 3149894 1769896
M3 3149894 1769896 2700000 1769896
M3 2700000 1769896 1875000 1542442
M3 1875000 1542442 1238370 1542442
M3 1238370 1542442 1222500 1558312
Net87 5 
M3 3235582 1723240 3222622 1736200
M3 3222622 1736200 2700000 1736200
M3 2700000 1736200 1875000 1510704
M3 1875000 1510704 317478 1510704
M3 317478 1510704 269870 1558312
