Nets 66
Net0 5 
V1 2954130 2112040 2948946 2117224
V1 2948946 2117224 2700000 2117224
V1 2700000 2117224 1875000 1859480
V1 1875000 1859480 1329850 1859480
V1 1329850 1859480 1312570 1876760
Net1 5 
V1 3040730 2112040 3030362 2122408
V1 3030362 2122408 2700000 2122408
V1 2700000 2122408 1875000 1863800
V1 1875000 1863800 1432917 1863800
V1 1432917 1863800 1419957 1876760
Net2 5 
V1 3127330 2112040 3111778 2127592
V1 3111778 2127592 2700000 2127592
V1 2700000 2127592 1875000 1868120
V1 1875000 1868120 1535980 1868120
V1 1535980 1868120 1527340 1876760
Net3 5 
V1 3170630 2112040 3149894 2132776
V1 3149894 2132776 2700000 2132776
V1 2700000 2132776 1875000 1872440
V1 1875000 1872440 1585360 1872440
V1 1585360 1872440 1581040 1876760
Net6 5 
V1 3062380 2086120 3058060 2090440
V1 3058060 2090440 2700000 2090440
V1 2700000 2090440 1875000 1833560
V1 1875000 1833560 1464080 1833560
V1 1464080 1833560 1446800 1850840
Net7 5 
V1 3105680 2086120 3097040 2094760
V1 3097040 2094760 2700000 2094760
V1 2700000 2094760 1875000 1837880
V1 1875000 1837880 1513457 1837880
V1 1513457 1837880 1500497 1850840
Net8 5 
V1 3148980 2086120 3136020 2099080
V1 3136020 2099080 2700000 2099080
V1 2700000 2099080 1875000 1842200
V1 1875000 1842200 1562830 1842200
V1 1562830 1842200 1554190 1850840
Net9 5 
V1 3192280 2086120 3175000 2103400
V1 3175000 2103400 2700000 2103400
V1 2700000 2103400 1875000 1846520
V1 1875000 1846520 1612200 1846520
V1 1612200 1846520 1607880 1850840
Net10 5 
V1 3235582 2086120 3213982 2107720
V1 3213982 2107720 2700000 2107720
V1 2700000 2107720 1875000 1855160
V1 1875000 1855160 1280472 1855160
V1 1280472 1855160 1258872 1876760
Net11 5 
V1 2954130 2060200 2949810 2064520
V1 2949810 2064520 2700000 2064520
V1 2700000 2064520 1875000 1807640
V1 1875000 1807640 1329850 1807640
V1 1329850 1807640 1312570 1824920
Net12 5 
V1 2997430 2060200 2988790 2068840
V1 2988790 2068840 2700000 2068840
V1 2700000 2068840 1875000 1811960
V1 1875000 1811960 1379220 1811960
V1 1379220 1811960 1366260 1824920
Net13 5 
V1 3084030 2060200 3071070 2073160
V1 3071070 2073160 2700000 2073160
V1 2700000 2073160 1875000 1816280
V1 1875000 1816280 1482290 1816280
V1 1482290 1816280 1473650 1824920
Net14 5 
V1 3127330 2060200 3110050 2077480
V1 3110050 2077480 2700000 2077480
V1 2700000 2077480 1875000 1820600
V1 1875000 1820600 1531660 1820600
V1 1531660 1820600 1527340 1824920
Net15 5 
V1 3213932 2060200 3192332 2081800
V1 3192332 2081800 2700000 2081800
V1 2700000 2081800 1875000 1829240
V1 1875000 1829240 1585360 1829240
V1 1585360 1829240 1581040 1824920
Net18 5 
V1 3062380 2034280 3053740 2025640
V1 3053740 2025640 2700000 2025640
V1 2700000 2025640 1875000 1779560
V1 1875000 1779560 1466240 1779560
V1 1466240 1779560 1446800 1799000
Net19 5 
V1 3148980 2034280 3142500 2040760
V1 3142500 2040760 2700000 2040760
V1 2700000 2040760 1875000 1786040
V1 1875000 1786040 1513457 1786040
V1 1513457 1786040 1500497 1799000
Net20 5 
V1 3192280 2034280 3179320 2047240
V1 3179320 2047240 2700000 2047240
V1 2700000 2047240 1875000 1792520
V1 1875000 1792520 1614360 1792520
V1 1614360 1792520 1607880 1799000
Net21 5 
V1 3235582 2034280 3216142 2053720
V1 3216142 2053720 2700000 2053720
V1 2700000 2053720 1875000 1803320
V1 1875000 1803320 1280472 1803320
V1 1280472 1803320 1258872 1824920
Net22 5 
V1 2954130 2008360 2945490 2017000
V1 2945490 2017000 2700000 2017000
V1 2700000 2017000 1875000 1764440
V1 1875000 1764440 1321210 1764440
V1 1321210 1764440 1312570 1773080
Net27 5 
V1 2975780 1982440 2971460 1986760
V1 2971460 1986760 2700000 1986760
V1 2700000 1986760 1875000 1726424
V1 1875000 1726424 1360153 1726424
V1 1360153 1726424 1339417 1747160
Net28 5 
V1 3019080 1982440 3010440 1991080
V1 3010440 1991080 2700000 1991080
V1 2700000 1991080 1875000 1731608
V1 1875000 1731608 1408662 1731608
V1 1408662 1731608 1393110 1747160
Net29 5 
V1 3062380 1982440 3049420 1995400
V1 3049420 1995400 2700000 1995400
V1 2700000 1995400 1875000 1736792
V1 1875000 1736792 1457168 1736792
V1 1457168 1736792 1446800 1747160
Net31 5 
V1 3192280 1982440 3175000 1999720
V1 3175000 1999720 2700000 1999720
V1 2700000 1999720 1875000 1741976
V1 1875000 1741976 1613064 1741976
V1 1613064 1741976 1607880 1747160
Net32 5 
V1 3235582 1982440 3213982 2004040
V1 3213982 2004040 2700000 2004040
V1 2700000 2004040 1875000 1755800
V1 1875000 1755800 1276152 1755800
V1 1276152 1755800 1258872 1773080
Net33 5 
V1 2954130 1956520 2948946 1961704
V1 2948946 1961704 2700000 1961704
V1 2700000 1961704 1875000 1703960
V1 1875000 1703960 1329850 1703960
V1 1329850 1703960 1312570 1721240
Net35 5 
V1 3040730 1956520 3030362 1966888
V1 3030362 1966888 2700000 1966888
V1 2700000 1966888 1875000 1708280
V1 1875000 1708280 1432917 1708280
V1 1432917 1708280 1419957 1721240
Net36 5 
V1 3084030 1956520 3068478 1972072
V1 3068478 1972072 2700000 1972072
V1 2700000 1972072 1875000 1712600
V1 1875000 1712600 1482290 1712600
V1 1482290 1712600 1473650 1721240
Net38 5 
V1 3170630 1956520 3149894 1977256
V1 3149894 1977256 2700000 1977256
V1 2700000 1977256 1875000 1716920
V1 1875000 1716920 1585360 1716920
V1 1585360 1716920 1581040 1721240
Net39 5 
V1 2975780 1930600 2971460 1934920
V1 2971460 1934920 2700000 1934920
V1 2700000 1934920 1875000 1674584
V1 1875000 1674584 1360153 1674584
V1 1360153 1674584 1339417 1695320
Net40 5 
V1 3062380 1930600 3053740 1939240
V1 3053740 1939240 2700000 1939240
V1 2700000 1939240 1875000 1679768
V1 1875000 1679768 1462352 1679768
V1 1462352 1679768 1446800 1695320
Net41 5 
V1 3105680 1930600 3092720 1943560
V1 3092720 1943560 2700000 1943560
V1 2700000 1943560 1875000 1684952
V1 1875000 1684952 1510865 1684952
V1 1510865 1684952 1500497 1695320
Net42 5 
V1 3192280 1930600 3175000 1947880
V1 3175000 1947880 2700000 1947880
V1 2700000 1947880 1875000 1690136
V1 1875000 1690136 1613064 1690136
V1 1613064 1690136 1607880 1695320
Net43 5 
V1 3235582 1930600 3213982 1952200
V1 3213982 1952200 2700000 1952200
V1 2700000 1952200 1875000 1699640
V1 1875000 1699640 1280472 1699640
V1 1280472 1699640 1258872 1721240
Net45 5 
V1 3040730 1904680 3034250 1911160
V1 3034250 1911160 2700000 1911160
V1 2700000 1911160 1875000 1653848
V1 1875000 1653848 1435509 1653848
V1 1435509 1653848 1419957 1669400
Net46 5 
V1 3084030 1904680 3071070 1917640
V1 3071070 1917640 2700000 1917640
V1 2700000 1917640 1875000 1659032
V1 1875000 1659032 1484018 1659032
V1 1484018 1659032 1473650 1669400
Net47 5 
V1 3170630 1904680 3151190 1924120
V1 3151190 1924120 2700000 1924120
V1 2700000 1924120 1875000 1664216
V1 1875000 1664216 1586224 1664216
V1 1586224 1664216 1581040 1669400
Net49 5 
V1 3019080 1878760 3014760 1883080
V1 3014760 1883080 2700000 1883080
V1 2700000 1883080 1875000 1622744
V1 1875000 1622744 1413846 1622744
V1 1413846 1622744 1393110 1643480
Net50 5 
V1 3062380 1878760 3053740 1887400
V1 3053740 1887400 2700000 1887400
V1 2700000 1887400 1875000 1627928
V1 1875000 1627928 1462352 1627928
V1 1462352 1627928 1446800 1643480
Net52 5 
V1 3148980 1878760 3136020 1891720
V1 3136020 1891720 2700000 1891720
V1 2700000 1891720 1875000 1633112
V1 1875000 1633112 1564558 1633112
V1 1564558 1633112 1554190 1643480
Net53 5 
V1 3192280 1878760 3175000 1896040
V1 3175000 1896040 2700000 1896040
V1 2700000 1896040 1875000 1638296
V1 1875000 1638296 1613064 1638296
V1 1613064 1638296 1607880 1643480
Net54 5 
V1 3235582 1878760 3213982 1900360
V1 3213982 1900360 2700000 1900360
V1 2700000 1900360 1875000 1648664
V1 1875000 1648664 1279608 1648664
V1 1279608 1648664 1258872 1669400
Net55 5 
V1 2954130 1852840 2947650 1859320
V1 2947650 1859320 2700000 1859320
V1 2700000 1859320 1875000 1602008
V1 1875000 1602008 1328122 1602008
V1 1328122 1602008 1312570 1617560
Net56 5 
V1 2997430 1852840 2984470 1865800
V1 2984470 1865800 2700000 1865800
V1 2700000 1865800 1875000 1607192
V1 1875000 1607192 1376628 1607192
V1 1376628 1607192 1366260 1617560
Net57 5 
V1 3084030 1852840 3064590 1872280
V1 3064590 1872280 2700000 1872280
V1 2700000 1872280 1875000 1612376
V1 1875000 1612376 1478834 1612376
V1 1478834 1612376 1473650 1617560
Net60 5 
V1 2975780 1826920 2971460 1831240
V1 2971460 1831240 2700000 1831240
V1 2700000 1831240 1875000 1570904
V1 1875000 1570904 1360153 1570904
V1 1360153 1570904 1339417 1591640
Net62 5 
V1 3062380 1826920 3053740 1835560
V1 3053740 1835560 2700000 1835560
V1 2700000 1835560 1875000 1576088
V1 1875000 1576088 1462352 1576088
V1 1462352 1576088 1446800 1591640
Net63 5 
V1 3105680 1826920 3092720 1839880
V1 3092720 1839880 2700000 1839880
V1 2700000 1839880 1875000 1581272
V1 1875000 1581272 1510865 1581272
V1 1510865 1581272 1500497 1591640
Net64 5 
V1 3192280 1826920 3175000 1844200
V1 3175000 1844200 2700000 1844200
V1 2700000 1844200 1875000 1586456
V1 1875000 1586456 1613064 1586456
V1 1613064 1586456 1607880 1591640
Net65 5 
V1 3235582 1826920 3213982 1848520
V1 3213982 1848520 2700000 1848520
V1 2700000 1848520 1875000 1596824
V1 1875000 1596824 1279608 1596824
V1 1279608 1596824 1258872 1617560
Net66 5 
V1 2954130 1801000 2948946 1806184
V1 2948946 1806184 2700000 1806184
V1 2700000 1806184 1875000 1548440
V1 1875000 1548440 1329850 1548440
V1 1329850 1548440 1312570 1565720
Net67 5 
V1 3040730 1801000 3030362 1811368
V1 3030362 1811368 2700000 1811368
V1 2700000 1811368 1875000 1552760
V1 1875000 1552760 1379220 1552760
V1 1379220 1552760 1366260 1565720
Net69 5 
V1 3127330 1801000 3111778 1816552
V1 3111778 1816552 2700000 1816552
V1 2700000 1816552 1875000 1557080
V1 1875000 1557080 1535980 1557080
V1 1535980 1557080 1527340 1565720
Net70 5 
V1 3170630 1801000 3149894 1821736
V1 3149894 1821736 2700000 1821736
V1 2700000 1821736 1875000 1561400
V1 1875000 1561400 1585360 1561400
V1 1585360 1561400 1581040 1565720
Net73 5 
V1 3062380 1775080 3057196 1780264
V1 3057196 1780264 2700000 1780264
V1 2700000 1780264 1875000 1520360
V1 1875000 1520360 1466240 1520360
V1 1466240 1520360 1446800 1539800
Net74 5 
V1 3148980 1775080 3138612 1785448
V1 3138612 1785448 2700000 1785448
V1 2700000 1785448 1875000 1526840
V1 1875000 1526840 1567150 1526840
V1 1567150 1526840 1554190 1539800
Net75 5 
V1 3192280 1775080 3176728 1790632
V1 3176728 1790632 2700000 1790632
V1 2700000 1790632 1875000 1533320
V1 1875000 1533320 1614360 1533320
V1 1614360 1533320 1607880 1539800
Net76 5 
V1 3235582 1775080 3214846 1795816
V1 3214846 1795816 2700000 1795816
V1 2700000 1795816 1875000 1544120
V1 1875000 1544120 1280472 1544120
V1 1280472 1544120 1258872 1565720
Net77 5 
V1 2954130 1749160 2948946 1754344
V1 2948946 1754344 2700000 1754344
V1 2700000 1754344 1875000 1496600
V1 1875000 1496600 1329850 1496600
V1 1329850 1496600 1312570 1513880
Net79 5 
V1 3040730 1749160 3030362 1759528
V1 3030362 1759528 2700000 1759528
V1 2700000 1759528 1875000 1500920
V1 1875000 1500920 1432917 1500920
V1 1432917 1500920 1419957 1513880
Net80 5 
V1 3084030 1749160 3068478 1764712
V1 3068478 1764712 2700000 1764712
V1 2700000 1764712 1875000 1505240
V1 1875000 1505240 1482290 1505240
V1 1482290 1505240 1473650 1513880
Net82 5 
V1 3170630 1749160 3149894 1769896
V1 3149894 1769896 2700000 1769896
V1 2700000 1769896 1875000 1509560
V1 1875000 1509560 1585360 1509560
V1 1585360 1509560 1581040 1513880
Net83 5 
V1 2975780 1723240 2971460 1727560
V1 2971460 1727560 2700000 1727560
V1 2700000 1727560 1875000 1467224
V1 1875000 1467224 1360153 1467224
V1 1360153 1467224 1339417 1487960
Net84 5 
V1 3019080 1723240 3010440 1731880
V1 3010440 1731880 2700000 1731880
V1 2700000 1731880 1875000 1472408
V1 1875000 1472408 1408662 1472408
V1 1408662 1472408 1393110 1487960
Net85 5 
V1 3105680 1723240 3092720 1736200
V1 3092720 1736200 2700000 1736200
V1 2700000 1736200 1875000 1477592
V1 1875000 1477592 1510865 1477592
V1 1510865 1477592 1500497 1487960
Net86 5 
V1 3192280 1723240 3175000 1740520
V1 3175000 1740520 2700000 1740520
V1 2700000 1740520 1875000 1482776
V1 1875000 1482776 1613064 1482776
V1 1613064 1482776 1607880 1487960
Net87 5 
V1 3235582 1723240 3213982 1744840
V1 3213982 1744840 2700000 1744840
V1 2700000 1744840 1875000 1492280
V1 1875000 1492280 1280472 1492280
V1 1280472 1492280 1258872 1513880
