Nets 15
Net8 5 
M2 3208740 2086120 3200100 2094760
M2 3200100 2094760 2700000 2094760
M2 2700000 2094760 1875000 1863801
M2 1875000 1863801 1018179 1863801
M2 1018179 1863801 990410 1891570
Net9 5 
M2 3262430 2086120 3245150 2103400
M2 3245150 2103400 2700000 2103400
M2 2700000 2103400 1875000 1877686
M2 1875000 1877686 1180963 1877686
M2 1180963 1877686 1167080 1891570
Net10 5 
M2 3316127 2086120 3307487 2077480
M2 3307487 2077480 2700000 2077480
M2 2700000 2077480 1875000 1849915
M2 1875000 1849915 341785 1849915
M2 341785 1849915 327900 1836030
Net12 5 
M2 3020810 2060200 3012170 2068840
M2 3012170 2068840 2700000 2068840
M2 2700000 2068840 1875000 1817515
M2 1875000 1817515 523084 1817515
M2 523084 1817515 504570 1836030
Net16 5 
M2 2993960 2034280 2981000 2047240
M2 2981000 2047240 2700000 2047240
M2 2700000 2047240 1875000 1799001
M2 1875000 1799001 478914 1799001
M2 478914 1799001 460400 1780487
Net28 5 
M2 3047660 1982440 3041180 1988920
M2 3041180 1988920 2700000 1988920
M2 2700000 1988920 1875000 1738825
M2 1875000 1738825 943732 1738825
M2 943732 1738825 902070 1780487
Net29 5 
M2 3101350 1982440 3088390 1995400
M2 3088390 1995400 2700000 1995400
M2 2700000 1995400 1875000 1752711
M2 1875000 1752711 1371524 1752711
M2 1371524 1752711 1343747 1780487
Net30 5 
M2 3208740 1982440 3189300 2001880
M2 3189300 2001880 2700000 2001880
M2 2700000 2001880 1875000 1766596
M2 1875000 1766596 1534303 1766596
M2 1534303 1766596 1520412 1780487
Net32 5 
M2 3316127 1982440 3303167 1969480
M2 3303167 1969480 2700000 1969480
M2 2700000 1969480 1875000 1697171
M2 1875000 1697171 355668 1697171
M2 355668 1697171 327900 1724940
Net44 5 
M2 2967120 1904680 2954160 1917640
M2 2954160 1917640 2700000 1917640
M2 2700000 1917640 1875000 1641631
M2 1875000 1641631 841508 1641631
M2 841508 1641631 813740 1669400
Net52 5 
M2 3208740 1878760 3195780 1891720
M2 3195780 1891720 2700000 1891720
M2 2700000 1891720 1875000 1595340
M2 1875000 1595340 1229759 1595340
M2 1229759 1595340 1211240 1613860
Net54 5 
M2 3316127 1878760 3307487 1870120
M2 3307487 1870120 2700000 1870120
M2 2700000 1870120 1875000 1576826
M2 1875000 1576826 364933 1576826
M2 364933 1576826 327900 1613860
Net55 5 
M2 2967120 1852840 2958480 1861480
M2 2958480 1861480 2700000 1861480
M2 2700000 1861480 1875000 1539798
M2 1875000 1539798 478914 1539798
M2 478914 1539798 460400 1558312
Net71 5 
M2 2993960 1775080 2985320 1783720
M2 2985320 1783720 2700000 1783720
M2 2700000 1783720 1875000 1474998
M2 1875000 1474998 444001 1474998
M2 444001 1474998 416230 1502770
Net76 5 
M2 3316127 1775080 3298847 1792360
M2 3298847 1792360 2700000 1792360
M2 2700000 1792360 1875000 1521284
M2 1875000 1521284 346414 1521284
M2 346414 1521284 327900 1502770
