Nets 26
Net11 5 
V2 3161970 2041687 3154034 2049623
V2 3154034 2049623 2700000 2049623
V2 2700000 2049623 1875000 1806200
V2 1875000 1806200 823322 1806200
V2 823322 1806200 787322 1842200
Net12 5 
V2 3352500 2041687 3336630 2057557
V2 3336630 2057557 2700000 2057557
V2 2700000 2057557 1875000 1813400
V2 1875000 1813400 902730 1813400
V2 902730 1813400 873930 1842200
Net13 5 
V2 3447760 2041687 3423955 2065492
V2 3423955 2065492 2700000 2065492
V2 2700000 2065492 1875000 1820600
V2 1875000 1820600 982130 1820600
V2 982130 1820600 960530 1842200
Net14 5 
V2 3543020 2041687 3511281 2073426
V2 3511281 2073426 2700000 2073426
V2 2700000 2073426 1875000 1827800
V2 1875000 1827800 1148132 1827800
V2 1148132 1827800 1133732 1842200
Net15 5 
V2 3638290 2041687 3598616 2081361
V2 3598616 2081361 2700000 2081361
V2 2700000 2081361 1875000 1835000
V2 1875000 1835000 1314140 1835000
V2 1314140 1835000 1306940 1842200
Net22 5 
V2 4305130 2041687 4257522 2089295
V2 4257522 2089295 2700000 2089295
V2 2700000 2089295 1875000 1863800
V2 1875000 1863800 592420 1863800
V2 592420 1863800 570820 1885400
Net23 5 
V2 3114340 1986140 3086563 2013916
V2 3086563 2013916 2700000 2013916
V2 2700000 2013916 1875000 1784600
V2 1875000 1784600 758420 1784600
V2 758420 1784600 744020 1799000
Net34 5 
V2 3066710 1930600 3048198 1949112
V2 3048198 1949112 2700000 1949112
V2 2700000 1949112 1875000 1734200
V2 1875000 1734200 722320 1734200
V2 722320 1734200 700720 1755800
Net43 5 
V2 4305130 1930600 4268104 1967626
V2 4268104 1967626 2700000 1967626
V2 2700000 1967626 1875000 1770200
V2 1875000 1770200 599620 1770200
V2 599620 1770200 570820 1799000
Net54 5 
V2 3066710 1819512 3048190 1838032
V2 3048190 1838032 2700000 1838032
V2 2700000 1838032 1875000 1615400
V2 1875000 1615400 754820 1615400
V2 754820 1615400 744020 1626200
Net61 5 
V2 3924077 1819512 3917906 1813341
V2 3917906 1813341 2700000 1813341
V2 2700000 1813341 1875000 1604600
V2 1875000 1604600 1328540 1604600
V2 1328540 1604600 1306940 1583000
Net62 5 
V2 4114600 1819512 4102257 1807170
V2 4102257 1807170 2700000 1807170
V2 2700000 1807170 1875000 1593800
V2 1875000 1593800 1490942 1593800
V2 1490942 1593800 1480142 1583000
Net63 5 
V2 4209860 1819512 4191346 1800998
V2 4191346 1800998 2700000 1800998
V2 2700000 1800998 1875000 1578680
V2 1875000 1578680 1571070 1578680
V2 1571070 1578680 1566750 1583000
Net64 5 
V2 4305130 1819512 4268096 1856546
V2 4268096 1856546 2700000 1856546
V2 2700000 1856546 1875000 1647800
V2 1875000 1647800 592420 1647800
V2 592420 1647800 570820 1626200
Net66 5 
V2 3114340 1763970 3108167 1770142
V2 3108167 1770142 2700000 1770142
V2 2700000 1770142 1875000 1557080
V2 1875000 1557080 726640 1557080
V2 726640 1557080 700720 1583000
Net67 5 
V2 3209602 1763970 3197258 1776313
V2 3197258 1776313 2700000 1776313
V2 2700000 1776313 1875000 1561400
V2 1875000 1561400 808922 1561400
V2 808922 1561400 787322 1583000
Net68 5 
V2 3304870 1763970 3286355 1782485
V2 3286355 1782485 2700000 1782485
V2 2700000 1782485 1875000 1565720
V2 1875000 1565720 977810 1565720
V2 977810 1565720 960530 1583000
Net69 5 
V2 3400130 1763970 3375443 1788656
V2 3375443 1788656 2700000 1788656
V2 2700000 1788656 1875000 1570040
V2 1875000 1570040 1060090 1570040
V2 1060090 1570040 1047130 1583000
Net70 5 
V2 3495390 1763970 3464532 1794827
V2 3464532 1794827 2700000 1794827
V2 2700000 1794827 1875000 1574360
V2 1875000 1574360 1142372 1574360
V2 1142372 1574360 1133732 1583000
Net73 5 
V2 3971710 1763970 3964767 1757027
V2 3964767 1757027 2700000 1757027
V2 2700000 1757027 1875000 1552760
V2 1875000 1552760 1276600 1552760
V2 1276600 1552760 1263640 1539800
Net74 5 
V2 4066970 1763970 4053084 1750084
V2 4053084 1750084 2700000 1750084
V2 2700000 1750084 1875000 1548440
V2 1875000 1548440 1358880 1548440
V2 1358880 1548440 1350240 1539800
Net75 5 
V2 4162230 1763970 4141401 1743141
V2 4141401 1743141 2700000 1743141
V2 2700000 1743141 1875000 1544120
V2 1875000 1544120 1441160 1544120
V2 1441160 1544120 1436840 1539800
Net76 5 
V2 4257492 1763970 4229721 1736199
V2 4229721 1736199 2700000 1736199
V2 2700000 1736199 1875000 1531160
V2 1875000 1531160 1532087 1531160
V2 1532087 1531160 1523447 1539800
Net78 5 
V2 3066710 1708430 3059769 1715370
V2 3059769 1715370 2700000 1715370
V2 2700000 1715370 1875000 1505240
V2 1875000 1505240 778580 1505240
V2 778580 1505240 744020 1539800
Net79 5 
V2 3161970 1708430 3148086 1722313
V2 3148086 1722313 2700000 1722313
V2 2700000 1722313 1875000 1513880
V2 1875000 1513880 856547 1513880
V2 856547 1513880 830627 1539800
Net80 5 
V2 3352500 1708430 3331673 1729256
V2 3331673 1729256 2700000 1729256
V2 2700000 1729256 1875000 1522520
V2 1875000 1522520 934510 1522520
V2 934510 1522520 917230 1539800
