Nets 26
Net4 5 
M2 3465080 2103400 3443480 2125000
M2 3443480 2125000 2700000 2125000
M2 2700000 2125000 1875000 1842200
M2 1875000 1842200 1586210 1842200
M2 1586210 1842200 1577570 1850840
Net14 5 
M2 3659940 2060200 3649140 2071000
M2 3649140 2071000 2700000 2071000
M2 2700000 2071000 1875000 1807640
M2 1875000 1807640 1573200 1807640
M2 1573200 1807640 1555920 1824920
Net15 5 
M2 3737880 2060200 3716280 2081800
M2 3716280 2081800 2700000 2081800
M2 2700000 2081800 1875000 1816280
M2 1875000 1816280 1607860 1816280
M2 1607860 1816280 1599220 1824920
Net16 5 
M2 3893762 2060200 3861362 2092600
M2 3861362 2092600 2700000 2092600
M2 2700000 2092600 1875000 1833560
M2 1875000 1833560 1348057 1833560
M2 1348057 1833560 1339417 1824920
Net21 5 
M2 3465080 2017000 3450680 2031400
M2 3450680 2031400 2700000 2031400
M2 2700000 2031400 1875000 1760120
M2 1875000 1760120 1525580 1760120
M2 1525580 1760120 1512620 1773080
Net24 5 
M2 3776850 2017000 3748050 2045800
M2 3748050 2045800 2700000 2045800
M2 2700000 2045800 1875000 1766600
M2 1875000 1766600 1605700 1766600
M2 1605700 1766600 1599220 1773080
Net25 5 
M2 3854790 2017000 3846150 2008360
M2 3846150 2008360 2700000 2008360
M2 2700000 2008360 1875000 1753640
M2 1875000 1753640 1358857 1753640
M2 1358857 1753640 1339417 1773080
Net29 5 
M2 3270227 1973800 3261587 1982440
M2 3261587 1982440 2700000 1982440
M2 2700000 1982440 1875000 1727720
M2 1875000 1727720 1423810 1727720
M2 1423810 1727720 1404370 1747160
Net33 5 
M2 3737880 1973800 3720600 1991080
M2 3720600 1991080 2700000 1991080
M2 2700000 1991080 1875000 1734200
M2 1875000 1734200 1590530 1734200
M2 1590530 1734200 1577570 1747160
Net34 5 
M2 3815820 1973800 3789900 1999720
M2 3789900 1999720 2700000 1999720
M2 2700000 1999720 1875000 1740680
M2 1875000 1740680 1627350 1740680
M2 1627350 1740680 1620870 1747160
Net37 5 
M2 3075370 1930600 3066730 1939240
M2 3066730 1939240 2700000 1939240
M2 2700000 1939240 1875000 1700504
M2 1875000 1700504 1490056 1700504
M2 1490056 1700504 1469320 1721240
Net41 5 
M2 3620970 1930600 3603690 1947880
M2 3603690 1947880 2700000 1947880
M2 2700000 1947880 1875000 1705688
M2 1875000 1705688 1528172 1705688
M2 1528172 1705688 1512620 1721240
Net42 5 
M2 3698910 1930600 3672990 1956520
M2 3672990 1956520 2700000 1956520
M2 2700000 1956520 1875000 1710872
M2 1875000 1710872 1566288 1710872
M2 1566288 1710872 1555920 1721240
Net43 5 
M2 3776850 1930600 3742290 1965160
M2 3742290 1965160 2700000 1965160
M2 2700000 1965160 1875000 1716056
M2 1875000 1716056 1604404 1716056
M2 1604404 1716056 1599220 1721240
Net44 5 
M2 3114340 1887400 3099940 1901800
M2 3099940 1901800 2700000 1901800
M2 2700000 1901800 1875000 1626200
M2 1875000 1626200 1421650 1626200
M2 1421650 1626200 1404370 1643480
Net50 5 
M2 3659940 1887400 3631140 1916200
M2 3631140 1916200 2700000 1916200
M2 2700000 1916200 1875000 1634840
M2 1875000 1634840 1542910 1634840
M2 1542910 1634840 1534270 1643480
Net57 5 
M2 3543020 1844200 3521420 1865800
M2 3521420 1865800 2700000 1865800
M2 2700000 1865800 1875000 1608920
M2 1875000 1608920 1607860 1608920
M2 1607860 1608920 1599220 1617560
Net67 5 
M2 3504050 1801000 3495410 1809640
M2 3495410 1809640 2700000 1809640
M2 2700000 1809640 1875000 1546280
M2 1875000 1546280 1532060 1546280
M2 1532060 1546280 1512620 1565720
Net68 5 
M2 3659940 1801000 3642660 1818280
M2 3642660 1818280 2700000 1818280
M2 2700000 1818280 1875000 1552760
M2 1875000 1552760 1568880 1552760
M2 1568880 1552760 1555920 1565720
Net69 5 
M2 3737880 1801000 3711960 1826920
M2 3711960 1826920 2700000 1826920
M2 2700000 1826920 1875000 1559240
M2 1875000 1559240 1605700 1559240
M2 1605700 1559240 1599220 1565720
Net70 5 
M2 3893762 1801000 3859202 1835560
M2 3859202 1835560 2700000 1835560
M2 2700000 1835560 1875000 1600280
M2 1875000 1600280 1356697 1600280
M2 1356697 1600280 1339417 1617560
Net74 5 
M2 3231252 1757800 3209652 1779400
M2 3209652 1779400 2700000 1779400
M2 2700000 1779400 1875000 1505240
M2 1875000 1505240 1477960 1505240
M2 1477960 1505240 1469320 1513880
Net84 5 
M2 3426110 1714600 3417470 1723240
M2 3417470 1723240 2700000 1723240
M2 2700000 1723240 1875000 1468520
M2 1875000 1468520 1467110 1468520
M2 1467110 1468520 1447670 1487960
Net85 5 
M2 3504050 1714600 3486770 1731880
M2 3486770 1731880 2700000 1731880
M2 2700000 1731880 1875000 1475000
M2 1875000 1475000 1547230 1475000
M2 1547230 1475000 1534270 1487960
Net86 5 
M2 3659940 1714600 3634020 1740520
M2 3634020 1740520 2700000 1740520
M2 2700000 1740520 1875000 1481480
M2 1875000 1481480 1627350 1481480
M2 1627350 1481480 1620870 1487960
Net87 5 
M2 3893762 1714600 3859202 1749160
M2 3859202 1749160 2700000 1749160
M2 2700000 1749160 1875000 1496600
M2 1875000 1496600 1356697 1496600
M2 1356697 1496600 1339417 1513880
