Nets 15
Net8 5 
M2 3148980 2086120 3140340 2094760
M2 3140340 2094760 2700000 2094760
M2 2700000 2094760 1875000 1863801
M2 1875000 1863801 991329 1863801
M2 991329 1863801 963560 1891570
Net9 5 
M2 3192280 2086120 3175000 2103400
M2 3175000 2103400 2700000 2103400
M2 2700000 2103400 1875000 1877686
M2 1875000 1877686 1161043 1877686
M2 1161043 1877686 1147160 1891570
Net10 5 
M2 3235582 2086120 3226942 2077480
M2 3226942 2077480 2700000 2077480
M2 2700000 2077480 1875000 1849915
M2 1875000 1849915 288955 1849915
M2 288955 1849915 275070 1836030
Net12 5 
M2 2997430 2060200 2988790 2068840
M2 2988790 2068840 2700000 2068840
M2 2700000 2068840 1875000 1817515
M2 1875000 1817515 477184 1817515
M2 477184 1817515 458670 1836030
Net16 5 
M2 2975780 2034280 2962820 2047240
M2 2962820 2047240 2700000 2047240
M2 2700000 2047240 1875000 1799001
M2 1875000 1799001 431284 1799001
M2 431284 1799001 412770 1780487
Net28 5 
M2 3019080 1982440 3012600 1988920
M2 3012600 1988920 2700000 1988920
M2 2700000 1988920 1875000 1738825
M2 1875000 1738825 913422 1738825
M2 913422 1738825 871760 1780487
Net29 5 
M2 3062380 1982440 3049420 1995400
M2 3049420 1995400 2700000 1995400
M2 2700000 1995400 1875000 1752711
M2 1875000 1752711 1358529 1752711
M2 1358529 1752711 1330752 1780487
Net30 5 
M2 3148980 1982440 3129540 2001880
M2 3129540 2001880 2700000 2001880
M2 2700000 2001880 1875000 1766596
M2 1875000 1766596 1528241 1766596
M2 1528241 1766596 1514350 1780487
Net32 5 
M2 3235582 1982440 3222622 1969480
M2 3222622 1969480 2700000 1969480
M2 2700000 1969480 1875000 1697171
M2 1875000 1697171 302838 1697171
M2 302838 1697171 275070 1724940
Net44 5 
M2 2954130 1904680 2941170 1917640
M2 2941170 1917640 2700000 1917640
M2 2700000 1917640 1875000 1641631
M2 1875000 1641631 807728 1641631
M2 807728 1641631 779960 1669400
Net52 5 
M2 3148980 1878760 3136020 1891720
M2 3136020 1891720 2700000 1891720
M2 2700000 1891720 1875000 1595340
M2 1875000 1595340 1211579 1595340
M2 1211579 1595340 1193060 1613860
Net54 5 
M2 3235582 1878760 3226942 1870120
M2 3226942 1870120 2700000 1870120
M2 2700000 1870120 1875000 1576826
M2 1875000 1576826 312103 1576826
M2 312103 1576826 275070 1613860
Net55 5 
M2 2954130 1852840 2945490 1861480
M2 2945490 1861480 2700000 1861480
M2 2700000 1861480 1875000 1539798
M2 1875000 1539798 431284 1539798
M2 431284 1539798 412770 1558312
Net71 5 
M2 2975780 1775080 2967140 1783720
M2 2967140 1783720 2700000 1783720
M2 2700000 1783720 1875000 1474998
M2 1875000 1474998 394641 1474998
M2 394641 1474998 366870 1502770
Net76 5 
M2 3235582 1775080 3218302 1792360
M2 3218302 1792360 2700000 1792360
M2 2700000 1792360 1875000 1521284
M2 1875000 1521284 293584 1521284
M2 293584 1521284 275070 1502770
