Nets 26
Net13 5 
V2 3172362 2060200 3165882 2066680
V2 3165882 2066680 2700000 2066680
V2 2700000 2066680 1875000 1858247
V2 1875000 1858247 1288733 1858247
V2 1288733 1858247 1255410 1891570
Net14 5 
V2 3236450 2060200 3223490 2073160
V2 3223490 2073160 2700000 2073160
V2 2700000 2073160 1875000 1869355
V2 1875000 1869355 1454294 1869355
V2 1454294 1869355 1432080 1891570
Net15 5 
V2 3364620 2060200 3345180 2079640
V2 3345180 2079640 2700000 2079640
V2 2700000 2079640 1875000 1880464
V2 1875000 1880464 1531518 1880464
V2 1531518 1880464 1520412 1891570
Net19 5 
V2 3268490 2034280 3262010 2040760
V2 3262010 2040760 2700000 2040760
V2 2700000 2040760 1875000 1799001
V2 1875000 1799001 1159938 1799001
V2 1159938 1799001 1122910 1836030
Net20 5 
V2 3332580 2034280 3319620 2047240
V2 3319620 2047240 2700000 2047240
V2 2700000 2047240 1875000 1817515
V2 1875000 1817515 1406424 1817515
V2 1406424 1817515 1387910 1836030
Net21 5 
V2 3396667 2034280 3377227 2053720
V2 3377227 2053720 2700000 2053720
V2 2700000 2053720 1875000 1847138
V2 1875000 1847138 416494 1847138
V2 416494 1847138 372062 1891570
Net22 5 
V2 2980110 2008360 2971470 2017000
V2 2971470 2017000 2700000 2017000
V2 2700000 2017000 1875000 1758265
V2 1875000 1758265 1100962 1758265
V2 1100962 1758265 1078740 1780487
Net23 5 
V2 3108280 2008360 3091000 2025640
V2 3091000 2025640 2700000 2025640
V2 2700000 2025640 1875000 1769374
V2 1875000 1769374 1266523 1769374
V2 1266523 1769374 1255410 1780487
Net27 5 
V2 3012150 1982440 2999190 1995400
V2 2999190 1995400 2700000 1995400
V2 2700000 1995400 1875000 1747157
V2 1875000 1747157 1023740 1747157
V2 1023740 1747157 990410 1780487
Net34 5 
V2 3044190 1956520 3031230 1969480
V2 3031230 1969480 2700000 1969480
V2 2700000 1969480 1875000 1736048
V2 1875000 1736048 858179 1736048
V2 858179 1736048 813740 1780487
Net35 5 
V2 3108280 1956520 3099640 1947880
V2 3099640 1947880 2700000 1947880
V2 2700000 1947880 1875000 1706428
V2 1875000 1706428 699749 1706428
V2 699749 1706428 681237 1724940
Net39 5 
V2 3012150 1930600 3003510 1939240
V2 3003510 1939240 2700000 1939240
V2 2700000 1939240 1875000 1687914
V2 1875000 1687914 629926 1687914
V2 629926 1687914 592900 1724940
Net51 5 
V2 3204410 1878760 3195770 1887400
V2 3195770 1887400 2700000 1887400
V2 2700000 1887400 1875000 1641631
V2 1875000 1641631 1283179 1641631
V2 1283179 1641631 1255410 1669400
Net53 5 
V2 3332580 1878760 3315300 1896040
V2 3315300 1896040 2700000 1896040
V2 2700000 1896040 1875000 1655516
V2 1875000 1655516 1534296 1655516
V2 1534296 1655516 1520412 1669400
Net61 5 
V2 3076240 1826920 3071920 1831240
V2 3071920 1831240 2700000 1831240
V2 2700000 1831240 1875000 1539798
V2 1875000 1539798 743914 1539798
V2 743914 1539798 725400 1558312
Net62 5 
V2 3140320 1826920 3131680 1835560
V2 3131680 1835560 2700000 1835560
V2 2700000 1835560 1875000 1549055
V2 1875000 1549055 822997 1549055
V2 822997 1549055 813740 1558312
Net63 5 
V2 3204410 1826920 3191450 1839880
V2 3191450 1839880 2700000 1839880
V2 2700000 1839880 1875000 1576826
V2 1875000 1576826 718271 1576826
V2 718271 1576826 681237 1613860
Net64 5 
V2 3332580 1826920 3315300 1844200
V2 3315300 1844200 2700000 1844200
V2 2700000 1844200 1875000 1595340
V2 1875000 1595340 876427 1595340
V2 876427 1595340 857907 1613860
Net65 5 
V2 3396667 1826920 3375067 1848520
V2 3375067 1848520 2700000 1848520
V2 2700000 1848520 1875000 1627745
V2 1875000 1627745 413717 1627745
V2 413717 1627745 372062 1669400
Net66 5 
V2 2980110 1801000 2967150 1813960
V2 2967150 1813960 2700000 1813960
V2 2700000 1813960 1875000 1530541
V2 1875000 1530541 664841 1530541
V2 664841 1530541 637070 1558312
Net77 5 
V2 2980110 1749160 2967150 1762120
V2 2967150 1762120 2700000 1762120
V2 2700000 1762120 1875000 1521284
V2 1875000 1521284 788084 1521284
V2 788084 1521284 769570 1502770
Net78 5 
V2 3044190 1749160 3039870 1744840
V2 3039870 1744840 2700000 1744840
V2 2700000 1744840 1875000 1512027
V2 1875000 1512027 867164 1512027
V2 867164 1512027 857907 1502770
Net83 5 
V2 3012150 1723240 3007830 1727560
V2 3007830 1727560 2700000 1727560
V2 2700000 1727560 1875000 1458336
V2 1875000 1458336 1167344 1458336
V2 1167344 1458336 1122910 1502770
Net84 5 
V2 3076240 1723240 3067600 1731880
V2 3067600 1731880 2700000 1731880
V2 2700000 1731880 1875000 1469444
V2 1875000 1469444 1332905 1469444
V2 1332905 1469444 1299580 1502770
Net85 5 
V2 3204410 1723240 3191450 1736200
V2 3191450 1736200 2700000 1736200
V2 2700000 1736200 1875000 1480553
V2 1875000 1480553 1410127 1480553
V2 1410127 1480553 1387910 1502770
Net86 5 
V2 3332580 1723240 3315300 1740520
V2 3315300 1740520 2700000 1740520
V2 2700000 1740520 1875000 1491661
V2 1875000 1491661 1575688 1491661
V2 1575688 1491661 1564580 1502770
