Nets 32
Net13 5 
V2 3475910 2060200 3465110 2071000
V2 3465110 2071000 2700000 2071000
V2 2700000 2071000 1875000 1874909
V2 1875000 1874909 1272070 1874909
V2 1272070 1874909 1255410 1891570
Net14 5 
V2 3541722 2060200 3520122 2081800
V2 3520122 2081800 2700000 2081800
V2 2700000 2081800 1875000 1880464
V2 1875000 1880464 1443186 1880464
V2 1443186 1880464 1432080 1891570
Net15 5 
V2 3607540 2060200 3575140 2092600
V2 3575140 2092600 2700000 2092600
V2 2700000 2092600 1875000 1886018
V2 1875000 1886018 1525964 1886018
V2 1525964 1886018 1520412 1891570
Net16 5 
V2 3739180 2060200 3724780 2045800
V2 3724780 2045800 2700000 2045800
V2 2700000 2045800 1875000 1869355
V2 1875000 1869355 394277 1869355
V2 394277 1869355 372062 1891570
Net20 5 
V2 3311360 2017000 3296960 2031400
V2 3296960 2031400 2700000 2031400
V2 2700000 2031400 1875000 1863801
V2 1875000 1863801 1150681 1863801
V2 1150681 1863801 1122910 1836030
Net21 5 
V2 3377180 2017000 3369980 2009800
V2 3369980 2009800 2700000 2009800
V2 2700000 2009800 1875000 1858247
V2 1875000 1858247 1233457 1858247
V2 1233457 1858247 1211240 1836030
Net22 5 
V2 3443000 2017000 3428600 2002600
V2 3428600 2002600 2700000 2002600
V2 2700000 2002600 1875000 1852692
V2 1875000 1852692 1316242 1852692
V2 1316242 1852692 1299580 1836030
Net23 5 
V2 3574630 2017000 3553030 1995400
V2 3553030 1995400 2700000 1995400
V2 2700000 1995400 1875000 1847138
V2 1875000 1847138 1399018 1847138
V2 1399018 1847138 1387910 1836030
Net24 5 
V2 3640450 2017000 3611650 1988200
V2 3611650 1988200 2700000 1988200
V2 2700000 1988200 1875000 1841584
V2 1875000 1841584 1481804 1841584
V2 1481804 1841584 1476250 1836030
Net27 5 
V2 3081000 1973800 3076680 1969480
V2 3076680 1969480 2700000 1969480
V2 2700000 1969480 1875000 1822144
V2 1875000 1822144 855396 1822144
V2 855396 1822144 813740 1780487
Net28 5 
V2 3146820 1973800 3138180 1965160
V2 3138180 1965160 2700000 1965160
V2 2700000 1965160 1875000 1815201
V2 1875000 1815201 936783 1815201
V2 936783 1815201 902070 1780487
Net29 5 
V2 3212637 1973800 3199677 1960840
V2 3199677 1960840 2700000 1960840
V2 2700000 1960840 1875000 1808258
V2 1875000 1808258 1018181 1808258
V2 1018181 1808258 990410 1780487
Net30 5 
V2 3344270 1973800 3326990 1956520
V2 3326990 1956520 2700000 1956520
V2 2700000 1956520 1875000 1801315
V2 1875000 1801315 1099568 1801315
V2 1099568 1801315 1078740 1780487
Net31 5 
V2 3410090 1973800 3388490 1952200
V2 3388490 1952200 2700000 1952200
V2 2700000 1952200 1875000 1794373
V2 1875000 1794373 1269295 1794373
V2 1269295 1794373 1255410 1780487
Net32 5 
V2 3475910 1973800 3449990 1947880
V2 3449990 1947880 2700000 1947880
V2 2700000 1947880 1875000 1787430
V2 1875000 1787430 1350690 1787430
V2 1350690 1787430 1343747 1780487
Net33 5 
V2 3607540 1973800 3577300 1943560
V2 3577300 1943560 2700000 1943560
V2 2700000 1943560 1875000 1761968
V2 1875000 1761968 1538932 1761968
V2 1538932 1761968 1520412 1780487
Net34 5 
V2 3673360 1973800 3666160 1981000
V2 3666160 1981000 2700000 1981000
V2 2700000 1981000 1875000 1829086
V2 1875000 1829086 1571523 1829086
V2 1571523 1829086 1564580 1836030
Net35 5 
V2 3739180 1973800 3704620 1939240
V2 3704620 1939240 2700000 1939240
V2 2700000 1939240 1875000 1743454
V2 1875000 1743454 409096 1743454
V2 409096 1743454 372062 1780487
Net36 5 
V2 2982270 1930600 2977950 1934920
V2 2977950 1934920 2700000 1934920
V2 2700000 1934920 1875000 1697171
V2 1875000 1697171 620668 1697171
V2 620668 1697171 592900 1724940
Net60 5 
V2 3640450 1844200 3618850 1865800
V2 3618850 1865800 2700000 1865800
V2 2700000 1865800 1875000 1650888
V2 1875000 1650888 1538924 1650888
V2 1538924 1650888 1520412 1669400
Net61 5 
V2 3706270 1844200 3691870 1829800
V2 3691870 1829800 2700000 1829800
V2 2700000 1829800 1875000 1632374
V2 1875000 1632374 346414 1632374
V2 346414 1632374 327900 1613860
Net64 5 
V2 3212637 1801000 3198237 1815400
V2 3198237 1815400 2700000 1815400
V2 2700000 1815400 1875000 1599969
V2 1875000 1599969 767056 1599969
V2 767056 1599969 725400 1558312
Net65 5 
V2 3278450 1801000 3274130 1796680
V2 3274130 1796680 2700000 1796680
V2 2700000 1796680 1875000 1586083
V2 1875000 1586083 841511 1586083
V2 841511 1586083 813740 1558312
Net66 5 
V2 3344270 1801000 3335630 1792360
V2 3335630 1792360 2700000 1792360
V2 2700000 1792360 1875000 1572198
V2 1875000 1572198 915955 1572198
V2 915955 1572198 902070 1558312
Net71 5 
V2 2982270 1757800 2977950 1762120
V2 2977950 1762120 2700000 1762120
V2 2700000 1762120 1875000 1484255
V2 1875000 1484255 434744 1484255
V2 434744 1484255 416230 1502770
Net74 5 
V2 3179730 1757800 3171090 1766440
V2 3171090 1766440 2700000 1766440
V2 2700000 1766440 1875000 1510704
V2 1875000 1510704 1038018 1510704
V2 1038018 1510704 990410 1558312
Net75 5 
V2 3311360 1757800 3298400 1770760
V2 3298400 1770760 2700000 1770760
V2 2700000 1770760 1875000 1518639
V2 1875000 1518639 1118413 1518639
V2 1118413 1518639 1078740 1558312
Net76 5 
V2 3443000 1757800 3425720 1775080
V2 3425720 1775080 2700000 1775080
V2 2700000 1775080 1875000 1526573
V2 1875000 1526573 1198819 1526573
V2 1198819 1526573 1167080 1558312
Net77 5 
V2 3508817 1757800 3487217 1779400
V2 3487217 1779400 2700000 1779400
V2 2700000 1779400 1875000 1534508
V2 1875000 1534508 1279214 1534508
V2 1279214 1534508 1255410 1558312
Net78 5 
V2 3574630 1757800 3548710 1783720
V2 3548710 1783720 2700000 1783720
V2 2700000 1783720 1875000 1542442
V2 1875000 1542442 1447950 1542442
V2 1447950 1542442 1432080 1558312
Net79 5 
V2 3640450 1757800 3610210 1788040
V2 3610210 1788040 2700000 1788040
V2 2700000 1788040 1875000 1550377
V2 1875000 1550377 1528348 1550377
V2 1528348 1550377 1520412 1558312
Net80 5 
V2 3706270 1757800 3684670 1736200
V2 3684670 1736200 2700000 1736200
V2 2700000 1736200 1875000 1465741
V2 1875000 1465741 364928 1465741
V2 364928 1465741 327900 1502770
