Nets 22
Net4 5 
M2 2993960 2086120 2985320 2094760
M2 2985320 2094760 2700000 2094760
M2 2700000 2094760 1875000 1833560
M2 1875000 1833560 1291740 1833560
M2 1291740 1833560 1274460 1850840
Net5 5 
M2 3047660 2086120 3030380 2103400
M2 3030380 2103400 2700000 2103400
M2 2700000 2103400 1875000 1842200
M2 1875000 1842200 1347190 1842200
M2 1347190 1842200 1338550 1850840
Net16 5 
M2 2993960 2034280 2985320 2042920
M2 2985320 2042920 2700000 2042920
M2 2700000 2042920 1875000 1781720
M2 1875000 1781720 1291740 1781720
M2 1291740 1781720 1274460 1799000
Net17 5 
M2 3047660 2034280 3030380 2051560
M2 3030380 2051560 2700000 2051560
M2 2700000 2051560 1875000 1790360
M2 1875000 1790360 1347190 1790360
M2 1347190 1790360 1338550 1799000
Net23 5 
M2 3074502 2008360 3069318 2013544
M2 3069318 2013544 2700000 2013544
M2 2700000 2013544 1875000 1752344
M2 1875000 1752344 1391326 1752344
M2 1391326 1752344 1370590 1773080
Net24 5 
M2 3128200 2008360 3117832 2018728
M2 3117832 2018728 2700000 2018728
M2 2700000 2018728 1875000 1757528
M2 1875000 1757528 1450232 1757528
M2 1450232 1757528 1434680 1773080
Net25 5 
M2 3181890 2008360 3166338 2023912
M2 3166338 2023912 2700000 2023912
M2 2700000 2023912 1875000 1762712
M2 1875000 1762712 1509128 1762712
M2 1509128 1762712 1498760 1773080
Net26 5 
M2 3235582 2008360 3214846 2029096
M2 3214846 2029096 2700000 2029096
M2 2700000 2029096 1875000 1767896
M2 1875000 1767896 1568034 1767896
M2 1568034 1767896 1562850 1773080
Net30 5 
M2 3208740 1982440 3195780 1995400
M2 3195780 1995400 2700000 1995400
M2 2700000 1995400 1875000 1734200
M2 1875000 1734200 1543770 1734200
M2 1543770 1734200 1530810 1747160
Net34 5 
M2 3020810 1956520 3012170 1965160
M2 3012170 1965160 2700000 1965160
M2 2700000 1965160 1875000 1703960
M2 1875000 1703960 1323790 1703960
M2 1323790 1703960 1306510 1721240
Net37 5 
M2 3181890 1956520 3164610 1973800
M2 3164610 1973800 2700000 1973800
M2 2700000 1973800 1875000 1712600
M2 1875000 1712600 1507400 1712600
M2 1507400 1712600 1498760 1721240
Net44 5 
M2 2967120 1904680 2954160 1917640
M2 2954160 1917640 2700000 1917640
M2 2700000 1917640 1875000 1656440
M2 1875000 1656440 1255380 1656440
M2 1255380 1656440 1242420 1669400
Net48 5 
M2 2993960 1878760 2985320 1887400
M2 2985320 1887400 2700000 1887400
M2 2700000 1887400 1875000 1626200
M2 1875000 1626200 1291740 1626200
M2 1291740 1626200 1274460 1643480
Net51 5 
M2 3155042 1878760 3137762 1896040
M2 3137762 1896040 2700000 1896040
M2 2700000 1896040 1875000 1634840
M2 1875000 1634840 1475360 1634840
M2 1475360 1634840 1466720 1643480
Net58 5 
M2 3181890 1852840 3173250 1861480
M2 3173250 1861480 2700000 1861480
M2 2700000 1861480 1875000 1600280
M2 1875000 1600280 1516040 1600280
M2 1516040 1600280 1498760 1617560
Net59 5 
M2 3235582 1852840 3218302 1870120
M2 3218302 1870120 2700000 1870120
M2 2700000 1870120 1875000 1608920
M2 1875000 1608920 1571490 1608920
M2 1571490 1608920 1562850 1617560
Net61 5 
M2 3047660 1826920 3034700 1839880
M2 3034700 1839880 2700000 1839880
M2 2700000 1839880 1875000 1578680
M2 1875000 1578680 1351510 1578680
M2 1351510 1578680 1338550 1591640
Net68 5 
M2 3128200 1801000 3115240 1813960
M2 3115240 1813960 2700000 1813960
M2 2700000 1813960 1875000 1552760
M2 1875000 1552760 1447640 1552760
M2 1447640 1552760 1434680 1565720
Net71 5 
M2 2993960 1775080 2985320 1783720
M2 2985320 1783720 2700000 1783720
M2 2700000 1783720 1875000 1522520
M2 1875000 1522520 1227660 1522520
M2 1227660 1522520 1210380 1539800
Net72 5 
M2 3047660 1775080 3030380 1792360
M2 3030380 1792360 2700000 1792360
M2 2700000 1792360 1875000 1531160
M2 1875000 1531160 1347190 1531160
M2 1347190 1531160 1338550 1539800
Net78 5 
M2 3020810 1749160 3012170 1757800
M2 3012170 1757800 2700000 1757800
M2 2700000 1757800 1875000 1496600
M2 1875000 1496600 1323790 1496600
M2 1323790 1496600 1306510 1513880
Net81 5 
M2 3181890 1749160 3164610 1766440
M2 3164610 1766440 2700000 1766440
M2 2700000 1766440 1875000 1505240
M2 1875000 1505240 1507400 1505240
M2 1507400 1505240 1498760 1513880
