Nets 21
Net6 5 
M2 3854790 2103400 3833190 2125000
M2 3833190 2125000 2700000 2125000
M2 2700000 2125000 1875000 1808258
M2 1875000 1808258 302841 1808258
M2 302841 1808258 275070 1836030
Net17 5 
M2 2997430 2017000 2975830 2038600
M2 2975830 2038600 2700000 2038600
M2 2700000 2038600 1875000 1752711
M2 1875000 1752711 440546 1752711
M2 440546 1752711 412770 1780487
Net25 5 
M2 3854790 2017000 3833190 1995400
M2 3833190 1995400 2700000 1995400
M2 2700000 1995400 1875000 1697171
M2 1875000 1697171 302838 1697171
M2 302838 1697171 275070 1724940
Net48 5 
M2 3504050 1887400 3495410 1896040
M2 3495410 1896040 2700000 1896040
M2 2700000 1896040 1875000 1624968
M2 1875000 1624968 1007991 1624968
M2 1007991 1624968 963560 1669400
Net49 5 
M2 3581997 1887400 3564717 1904680
M2 3564717 1904680 2700000 1904680
M2 2700000 1904680 1875000 1636077
M2 1875000 1636077 1088683 1636077
M2 1088683 1636077 1055360 1669400
Net50 5 
M2 3659940 1887400 3634020 1913320
M2 3634020 1913320 2700000 1913320
M2 2700000 1913320 1875000 1647185
M2 1875000 1647185 1261174 1647185
M2 1261174 1647185 1238960 1669400
Net51 5 
M2 3815820 1887400 3781260 1921960
M2 3781260 1921960 2700000 1921960
M2 2700000 1921960 1875000 1658294
M2 1875000 1658294 1341858 1658294
M2 1341858 1658294 1330752 1669400
Net52 5 
M2 2997430 1844200 2992630 1849000
M2 2992630 1849000 2700000 1849000
M2 2700000 1849000 1875000 1539798
M2 1875000 1539798 431284 1539798
M2 431284 1539798 412770 1558312
Net53 5 
M2 3075370 1844200 3065770 1853800
M2 3065770 1853800 2700000 1853800
M2 2700000 1853800 1875000 1565255
M2 1875000 1565255 415474 1565255
M2 415474 1565255 366870 1613860
Net54 5 
M2 3231252 1844200 3216852 1858600
M2 3216852 1858600 2700000 1858600
M2 2700000 1858600 1875000 1572198
M2 1875000 1572198 592129 1572198
M2 592129 1572198 550467 1613860
Net55 5 
M2 3387140 1844200 3367940 1863400
M2 3367940 1863400 2700000 1863400
M2 2700000 1863400 1875000 1579140
M2 1875000 1579140 676981 1579140
M2 676981 1579140 642262 1613860
Net56 5 
M2 3465080 1844200 3441080 1868200
M2 3441080 1868200 2700000 1868200
M2 2700000 1868200 1875000 1586083
M2 1875000 1586083 853636 1586083
M2 853636 1586083 825860 1613860
Net57 5 
M2 3543020 1844200 3514220 1873000
M2 3514220 1873000 2700000 1873000
M2 2700000 1873000 1875000 1593026
M2 1875000 1593026 938493 1593026
M2 938493 1593026 917660 1613860
Net58 5 
M2 3620970 1844200 3587370 1877800
M2 3587370 1877800 2700000 1877800
M2 2700000 1877800 1875000 1599969
M2 1875000 1599969 1115151 1599969
M2 1115151 1599969 1101260 1613860
Net59 5 
M2 3698910 1844200 3660510 1882600
M2 3660510 1882600 2700000 1882600
M2 2700000 1882600 1875000 1606911
M2 1875000 1606911 1200008 1606911
M2 1200008 1606911 1193060 1613860
Net82 5 
M2 3192280 1714600 3186107 1720772
M2 3186107 1720772 2700000 1720772
M2 2700000 1720772 1875000 1456484
M2 1875000 1456484 872145 1456484
M2 872145 1456484 825860 1502770
Net83 5 
M2 3270227 1714600 3257883 1726943
M2 3257883 1726943 2700000 1726943
M2 2700000 1726943 1875000 1465741
M2 1875000 1465741 1138288 1465741
M2 1138288 1465741 1101260 1502770
Net84 5 
M2 3426110 1714600 3407595 1733115
M2 3407595 1733115 2700000 1733115
M2 2700000 1733115 1875000 1474998
M2 1875000 1474998 1312629 1474998
M2 1312629 1474998 1284857 1502770
Net85 5 
M2 3504050 1714600 3479363 1739286
M2 3479363 1739286 2700000 1739286
M2 2700000 1739286 1875000 1484255
M2 1875000 1484255 1395167 1484255
M2 1395167 1484255 1376652 1502770
Net86 5 
M2 3659940 1714600 3629082 1745457
M2 3629082 1745457 2700000 1745457
M2 2700000 1745457 1875000 1493512
M2 1875000 1493512 1569507 1493512
M2 1569507 1493512 1560250 1502770
Net87 5 
M2 3893762 1714600 3856733 1751628
M2 3856733 1751628 2700000 1751628
M2 2700000 1751628 1875000 1521284
M2 1875000 1521284 357998 1521284
M2 357998 1521284 320970 1558312
