Nets 20
Net8 5 
V2 2948980 1961120 2940340 1969760
V2 2940340 1969760 2500000 1969760
V2 2500000 1969760 1875000 1856600
V2 1875000 1856600 1379040 1856600
V2 1379040 1856600 1350240 1885400
Net9 5 
V2 2992280 1961120 2975000 1978400
V2 2975000 1978400 2500000 1978400
V2 2500000 1978400 1875000 1871000
V2 1875000 1871000 1537847 1871000
V2 1537847 1871000 1523447 1885400
Net24 5 
V2 2884030 1883360 2871070 1896320
V2 2871070 1896320 2500000 1896320
V2 2500000 1896320 1875000 1777400
V2 1875000 1777400 1198637 1777400
V2 1198637 1777400 1177037 1799000
Net27 5 
V2 2775780 1857440 2762820 1870400
V2 2762820 1870400 2500000 1870400
V2 2500000 1870400 1875000 1741400
V2 1875000 1741400 974930 1741400
V2 974930 1741400 960530 1755800
Net43 5 
V2 3035582 1805600 3022622 1818560
V2 3022622 1818560 2500000 1818560
V2 2500000 1818560 1875000 1727000
V2 1875000 1727000 642920 1727000
V2 642920 1727000 614120 1755800
Net44 5 
V2 2754130 1779680 2741170 1792640
V2 2741170 1792640 2500000 1792640
V2 2500000 1792640 1875000 1663227
V2 1875000 1663227 966702 1663227
V2 966702 1663227 960530 1669400
Net48 5 
V2 2775780 1753760 2769300 1760240
V2 2769300 1760240 2500000 1760240
V2 2500000 1760240 1875000 1644713
V2 1875000 1644713 725406 1644713
V2 725406 1644713 700720 1669400
Net49 5 
V2 2819080 1753760 2806120 1766720
V2 2806120 1766720 2500000 1766720
V2 2500000 1766720 1875000 1650885
V2 1875000 1650885 805837 1650885
V2 805837 1650885 787322 1669400
Net50 5 
V2 2862380 1753760 2842940 1773200
V2 2842940 1773200 2500000 1773200
V2 2500000 1773200 1875000 1657056
V2 1875000 1657056 886273 1657056
V2 886273 1657056 873930 1669400
Net56 5 
V2 2797430 1727840 2784470 1740800
V2 2784470 1740800 2500000 1740800
V2 2500000 1740800 1875000 1638542
V2 1875000 1638542 756362 1638542
V2 756362 1638542 744020 1626200
Net57 5 
V2 2884030 1727840 2879710 1723520
V2 2879710 1723520 2500000 1723520
V2 2500000 1723520 1875000 1632371
V2 1875000 1632371 923401 1632371
V2 923401 1632371 917230 1626200
Net58 5 
V2 2927330 1727840 2918690 1719200
V2 2918690 1719200 2500000 1719200
V2 2500000 1719200 1875000 1617560
V2 1875000 1617560 1358880 1617560
V2 1358880 1617560 1350240 1626200
Net59 5 
V2 2970630 1727840 2957670 1714880
V2 2957670 1714880 2500000 1714880
V2 2500000 1714880 1875000 1608920
V2 1875000 1608920 1280920 1608920
V2 1280920 1608920 1263640 1626200
Net63 5 
V2 2905680 1701920 2901360 1706240
V2 2901360 1706240 2500000 1706240
V2 2500000 1706240 1875000 1591640
V2 1875000 1591640 1038390 1591640
V2 1038390 1591640 1003830 1626200
Net64 5 
V2 2992280 1701920 2983640 1710560
V2 2983640 1710560 2500000 1710560
V2 2500000 1710560 1875000 1600280
V2 1875000 1600280 1116350 1600280
V2 1116350 1600280 1090430 1626200
Net65 5 
V2 3035582 1701920 3022622 1688960
V2 3022622 1688960 2500000 1688960
V2 2500000 1688960 1875000 1561400
V2 1875000 1561400 635720 1561400
V2 635720 1561400 614120 1583000
Net71 5 
V2 2775780 1650080 2762820 1663040
V2 2762820 1663040 2500000 1663040
V2 2500000 1663040 1875000 1518200
V2 1875000 1518200 765620 1518200
V2 765620 1518200 744020 1539800
Net84 5 
V2 2819080 1598240 2812600 1604720
V2 2812600 1604720 2500000 1604720
V2 2500000 1604720 1875000 1464200
V2 1875000 1464200 1339340 1464200
V2 1339340 1464200 1306940 1496600
Net85 5 
V2 2905680 1598240 2892720 1611200
V2 2892720 1611200 2500000 1611200
V2 2500000 1611200 1875000 1475000
V2 1875000 1475000 1415140 1475000
V2 1415140 1475000 1393540 1496600
Net86 5 
V2 2992280 1598240 2972840 1617680
V2 2972840 1617680 2500000 1617680
V2 2500000 1617680 1875000 1485800
V2 1875000 1485800 1577550 1485800
V2 1577550 1485800 1566750 1496600
