Nets 26
Net13 5 
V2 2884030 1935200 2877550 1941680
V2 2877550 1941680 2500000 1941680
V2 2500000 1941680 1875000 1858247
V2 1875000 1858247 1272283 1858247
V2 1272283 1858247 1238960 1891570
Net14 5 
V2 2927330 1935200 2914370 1948160
V2 2914370 1948160 2500000 1948160
V2 2500000 1948160 1875000 1869355
V2 1875000 1869355 1444764 1869355
V2 1444764 1869355 1422550 1891570
Net15 5 
V2 3013932 1935200 2994492 1954640
V2 2994492 1954640 2500000 1954640
V2 2500000 1954640 1875000 1880464
V2 1875000 1880464 1525456 1880464
V2 1525456 1880464 1514350 1891570
Net19 5 
V2 2948980 1909280 2942500 1915760
V2 2942500 1915760 2500000 1915760
V2 2500000 1915760 1875000 1799001
V2 1875000 1799001 1138288 1799001
V2 1138288 1799001 1101260 1836030
Net20 5 
V2 2992280 1909280 2979320 1922240
V2 2979320 1922240 2500000 1922240
V2 2500000 1922240 1875000 1817515
V2 1875000 1817515 1395167 1817515
V2 1395167 1817515 1376652 1836030
Net21 5 
V2 3035582 1909280 3016142 1928720
V2 3016142 1928720 2500000 1928720
V2 2500000 1928720 1875000 1847138
V2 1875000 1847138 365401 1847138
V2 365401 1847138 320970 1891570
Net22 5 
V2 2754130 1883360 2745490 1892000
V2 2745490 1892000 2500000 1892000
V2 2500000 1892000 1875000 1758265
V2 1875000 1758265 1077582 1758265
V2 1077582 1758265 1055360 1780487
Net23 5 
V2 2840730 1883360 2823450 1900640
V2 2823450 1900640 2500000 1900640
V2 2500000 1900640 1875000 1769374
V2 1875000 1769374 1250073 1769374
V2 1250073 1769374 1238960 1780487
Net27 5 
V2 2775780 1857440 2762820 1870400
V2 2762820 1870400 2500000 1870400
V2 2500000 1870400 1875000 1747157
V2 1875000 1747157 996890 1747157
V2 996890 1747157 963560 1780487
Net34 5 
V2 2797430 1831520 2784470 1844480
V2 2784470 1844480 2500000 1844480
V2 2500000 1844480 1875000 1736048
V2 1875000 1736048 824399 1736048
V2 824399 1736048 779960 1780487
Net35 5 
V2 2840730 1831520 2832090 1822880
V2 2832090 1822880 2500000 1822880
V2 2500000 1822880 1875000 1706428
V2 1875000 1706428 660774 1706428
V2 660774 1706428 642262 1724940
Net39 5 
V2 2775780 1805600 2767140 1814240
V2 2767140 1814240 2500000 1814240
V2 2500000 1814240 1875000 1687914
V2 1875000 1687914 587493 1687914
V2 587493 1687914 550467 1724940
Net51 5 
V2 2905680 1753760 2897040 1762400
V2 2897040 1762400 2500000 1762400
V2 2500000 1762400 1875000 1641631
V2 1875000 1641631 1266729 1641631
V2 1266729 1641631 1238960 1669400
Net53 5 
V2 2992280 1753760 2975000 1771040
V2 2975000 1771040 2500000 1771040
V2 2500000 1771040 1875000 1655516
V2 1875000 1655516 1528233 1655516
V2 1528233 1655516 1514350 1669400
Net61 5 
V2 2819080 1701920 2814760 1706240
V2 2814760 1706240 2500000 1706240
V2 2500000 1706240 1875000 1539798
V2 1875000 1539798 706677 1539798
V2 706677 1539798 688162 1558312
Net62 5 
V2 2862380 1701920 2853740 1710560
V2 2853740 1710560 2500000 1710560
V2 2500000 1710560 1875000 1549055
V2 1875000 1549055 789217 1549055
V2 789217 1549055 779960 1558312
Net63 5 
V2 2905680 1701920 2892720 1714880
V2 2892720 1714880 2500000 1714880
V2 2500000 1714880 1875000 1576826
V2 1875000 1576826 679296 1576826
V2 679296 1576826 642262 1613860
Net64 5 
V2 2992280 1701920 2975000 1719200
V2 2975000 1719200 2500000 1719200
V2 2500000 1719200 1875000 1595340
V2 1875000 1595340 844379 1595340
V2 844379 1595340 825860 1613860
Net65 5 
V2 3035582 1701920 3013982 1723520
V2 3013982 1723520 2500000 1723520
V2 2500000 1723520 1875000 1627745
V2 1875000 1627745 362624 1627745
V2 362624 1627745 320970 1669400
Net66 5 
V2 2754130 1676000 2741170 1688960
V2 2741170 1688960 2500000 1688960
V2 2500000 1688960 1875000 1530541
V2 1875000 1530541 624139 1530541
V2 624139 1530541 596367 1558312
Net77 5 
V2 2754130 1624160 2741170 1637120
V2 2741170 1637120 2500000 1637120
V2 2500000 1637120 1875000 1521284
V2 1875000 1521284 752574 1521284
V2 752574 1521284 734060 1502770
Net78 5 
V2 2797430 1624160 2793110 1619840
V2 2793110 1619840 2500000 1619840
V2 2500000 1619840 1875000 1512027
V2 1875000 1512027 835117 1512027
V2 835117 1512027 825860 1502770
Net83 5 
V2 2775780 1598240 2771460 1602560
V2 2771460 1602560 2500000 1602560
V2 2500000 1602560 1875000 1458336
V2 1875000 1458336 1145694 1458336
V2 1145694 1458336 1101260 1502770
Net84 5 
V2 2819080 1598240 2810440 1606880
V2 2810440 1606880 2500000 1606880
V2 2500000 1606880 1875000 1469444
V2 1875000 1469444 1318183 1469444
V2 1318183 1469444 1284857 1502770
Net85 5 
V2 2905680 1598240 2892720 1611200
V2 2892720 1611200 2500000 1611200
V2 2500000 1611200 1875000 1480553
V2 1875000 1480553 1398869 1480553
V2 1398869 1480553 1376652 1502770
Net86 5 
V2 2992280 1598240 2975000 1615520
V2 2975000 1615520 2500000 1615520
V2 2500000 1615520 1875000 1491661
V2 1875000 1491661 1571358 1491661
V2 1571358 1491661 1560250 1502770
