Nets 28
Net10 5 
M2 3035582 1961120 3022622 1974080
M2 3022622 1974080 2500000 1974080
M2 2500000 1974080 1875000 1863800
M2 1875000 1863800 857420 1863800
M2 857420 1863800 835820 1885400
Net13 5 
M2 2884030 1935200 2877550 1941680
M2 2877550 1941680 2500000 1941680
M2 2500000 1941680 1875000 1816280
M2 1875000 1816280 1487010 1816280
M2 1487010 1816280 1461090 1842200
Net14 5 
M2 2927330 1935200 2914370 1948160
M2 2914370 1948160 2500000 1948160
M2 2500000 1948160 1875000 1824920
M2 1875000 1824920 1544190 1824920
M2 1544190 1824920 1526910 1842200
Net15 5 
M2 3013932 1935200 2994492 1954640
M2 2994492 1954640 2500000 1954640
M2 2500000 1954640 1875000 1833560
M2 1875000 1833560 1601370 1833560
M2 1601370 1833560 1592730 1842200
Net16 5 
M2 2775780 1909280 2770596 1914464
M2 2770596 1914464 2500000 1914464
M2 2500000 1914464 1875000 1773080
M2 1875000 1773080 993380 1773080
M2 993380 1773080 967460 1799000
Net18 5 
M2 2862380 1909280 2852012 1919648
M2 2852012 1919648 2500000 1919648
M2 2500000 1919648 1875000 1781720
M2 1875000 1781720 1182190 1781720
M2 1182190 1781720 1164910 1799000
Net19 5 
M2 2948980 1909280 2933428 1924832
M2 2933428 1924832 2500000 1924832
M2 2500000 1924832 1875000 1790360
M2 1875000 1790360 1239370 1790360
M2 1239370 1790360 1230730 1799000
Net21 5 
M2 3035582 1909280 3014846 1930016
M2 3014846 1930016 2500000 1930016
M2 2500000 1930016 1875000 1807640
M2 1875000 1807640 903290 1807640
M2 903290 1807640 868730 1842200
Net29 5 
M2 2862380 1857440 2857196 1862624
M2 2857196 1862624 2500000 1862624
M2 2500000 1862624 1875000 1729880
M2 1875000 1729880 1421190 1729880
M2 1421190 1729880 1395270 1755800
Net30 5 
M2 2948980 1857440 2938612 1867808
M2 2938612 1867808 2500000 1867808
M2 2500000 1867808 1875000 1738520
M2 1875000 1738520 1544190 1738520
M2 1544190 1738520 1526910 1755800
Net31 5 
M2 2992280 1857440 2976728 1872992
M2 2976728 1872992 2500000 1872992
M2 2500000 1872992 1875000 1747160
M2 1875000 1747160 1601370 1747160
M2 1601370 1747160 1592730 1755800
Net32 5 
M2 3035582 1857440 3014846 1878176
M2 3014846 1878176 2500000 1878176
M2 2500000 1878176 1875000 1764440
M2 1875000 1764440 870380 1764440
M2 870380 1764440 835820 1799000
Net33 5 
M2 2754130 1831520 2741170 1844480
M2 2741170 1844480 2500000 1844480
M2 2500000 1844480 1875000 1721240
M2 1875000 1721240 969110 1721240
M2 969110 1721240 934550 1755800
Net35 5 
M2 2840730 1831520 2827770 1818560
M2 2827770 1818560 2500000 1818560
M2 2500000 1818560 1875000 1701800
M2 1875000 1701800 1044077 1701800
M2 1044077 1701800 1033277 1712600
Net39 5 
M2 2775780 1805600 2762820 1792640
M2 2762820 1792640 2500000 1792640
M2 2500000 1792640 1875000 1691000
M2 1875000 1691000 923240 1691000
M2 923240 1691000 901640 1712600
Net51 5 
M2 2905680 1753760 2892720 1766720
M2 2892720 1766720 2500000 1766720
M2 2500000 1766720 1875000 1680200
M2 1875000 1680200 1537710 1680200
M2 1537710 1680200 1526910 1669400
Net52 5 
M2 2948980 1753760 2936020 1740800
M2 2936020 1740800 2500000 1740800
M2 2500000 1740800 1875000 1620027
M2 1875000 1620027 1500172 1620027
M2 1500172 1620027 1494000 1626200
Net55 5 
M2 2754130 1727840 2741170 1714880
M2 2741170 1714880 2500000 1714880
M2 2500000 1714880 1875000 1613856
M2 1875000 1613856 913983 1613856
M2 913983 1613856 901640 1626200
Net66 5 
M2 2754130 1676000 2741170 1688960
M2 2741170 1688960 2500000 1688960
M2 2500000 1688960 1875000 1607685
M2 1875000 1607685 1025055 1607685
M2 1025055 1607685 1000370 1583000
Net67 5 
M2 2840730 1676000 2835546 1670816
M2 2835546 1670816 2500000 1670816
M2 2500000 1670816 1875000 1601513
M2 1875000 1601513 1282153 1601513
M2 1282153 1601513 1263640 1583000
Net68 5 
M2 2884030 1676000 2873662 1665632
M2 2873662 1665632 2500000 1665632
M2 2500000 1665632 1875000 1595342
M2 1875000 1595342 1407612 1595342
M2 1407612 1595342 1395270 1583000
Net69 5 
M2 2927330 1676000 2911778 1660448
M2 2911778 1660448 2500000 1660448
M2 2500000 1660448 1875000 1589171
M2 1875000 1589171 1533081 1589171
M2 1533081 1589171 1526910 1583000
Net70 5 
M2 2970630 1676000 2949894 1655264
M2 2949894 1655264 2500000 1655264
M2 2500000 1655264 1875000 1561400
M2 1875000 1561400 1614330 1561400
M2 1614330 1561400 1592730 1583000
Net79 5 
M2 2840730 1624160 2835546 1629344
M2 2835546 1629344 2500000 1629344
M2 2500000 1629344 1875000 1505240
M2 1875000 1505240 1199470 1505240
M2 1199470 1505240 1164910 1539800
Net80 5 
M2 2884030 1624160 2873662 1634528
M2 2873662 1634528 2500000 1634528
M2 2500000 1634528 1875000 1513880
M2 1875000 1513880 1322470 1513880
M2 1322470 1513880 1296550 1539800
Net81 5 
M2 2927330 1624160 2911778 1639712
M2 2911778 1639712 2500000 1639712
M2 2500000 1639712 1875000 1522520
M2 1875000 1522520 1379642 1522520
M2 1379642 1522520 1362362 1539800
Net82 5 
M2 2970630 1624160 2949894 1644896
M2 2949894 1644896 2500000 1644896
M2 2500000 1644896 1875000 1531160
M2 1875000 1531160 1436820 1531160
M2 1436820 1531160 1428180 1539800
Net83 5 
M2 2775780 1598240 2762820 1611200
M2 2762820 1611200 2500000 1611200
M2 2500000 1611200 1875000 1475000
M2 1875000 1475000 1285240 1475000
M2 1285240 1475000 1263640 1496600
