Nets 26
Net11 5 
V2 2961970 1916687 2954034 1924623
V2 2954034 1924623 2500000 1924623
V2 2500000 1924623 1875000 1806200
V2 1875000 1806200 1036370 1806200
V2 1036370 1806200 1000370 1842200
Net12 5 
V2 3152500 1916687 3136630 1932557
V2 3136630 1932557 2500000 1932557
V2 2500000 1932557 1875000 1813400
V2 1875000 1813400 1094982 1813400
V2 1094982 1813400 1066182 1842200
Net13 5 
V2 3247760 1916687 3223955 1940492
V2 3223955 1940492 2500000 1940492
V2 2500000 1940492 1875000 1820600
V2 1875000 1820600 1153600 1820600
V2 1153600 1820600 1132000 1842200
Net14 5 
V2 3343020 1916687 3311281 1948426
V2 3311281 1948426 2500000 1948426
V2 2500000 1948426 1875000 1827800
V2 1875000 1827800 1278040 1827800
V2 1278040 1827800 1263640 1842200
Net15 5 
V2 3438290 1916687 3398616 1956361
V2 3398616 1956361 2500000 1956361
V2 2500000 1956361 1875000 1835000
V2 1875000 1835000 1402470 1835000
V2 1402470 1835000 1395270 1842200
Net22 5 
V2 4105130 1916687 4057522 1964295
V2 4057522 1964295 2500000 1964295
V2 2500000 1964295 1875000 1863800
V2 1875000 1863800 857420 1863800
V2 857420 1863800 835820 1885400
Net23 5 
V2 2914340 1861140 2886563 1888916
V2 2886563 1888916 2500000 1888916
V2 2500000 1888916 1875000 1784600
V2 1875000 1784600 981860 1784600
V2 981860 1784600 967460 1799000
Net34 5 
V2 2866710 1805600 2848198 1824112
V2 2848198 1824112 2500000 1824112
V2 2500000 1824112 1875000 1734200
V2 1875000 1734200 956150 1734200
V2 956150 1734200 934550 1755800
Net43 5 
V2 4105130 1805600 4068104 1842626
V2 4068104 1842626 2500000 1842626
V2 2500000 1842626 1875000 1770200
V2 1875000 1770200 864620 1770200
V2 864620 1770200 835820 1799000
Net54 5 
V2 2866710 1694512 2848190 1713032
V2 2848190 1713032 2500000 1713032
V2 2500000 1713032 1875000 1615400
V2 1875000 1615400 978260 1615400
V2 978260 1615400 967460 1626200
Net61 5 
V2 3724077 1694512 3717906 1688341
V2 3717906 1688341 2500000 1688341
V2 2500000 1688341 1875000 1604600
V2 1875000 1604600 1416870 1604600
V2 1416870 1604600 1395270 1583000
Net62 5 
V2 3914600 1694512 3902257 1682170
V2 3902257 1682170 2500000 1682170
V2 2500000 1682170 1875000 1593800
V2 1875000 1593800 1537710 1593800
V2 1537710 1593800 1526910 1583000
Net63 5 
V2 4009860 1694512 3991346 1675998
V2 3991346 1675998 2500000 1675998
V2 2500000 1675998 1875000 1578680
V2 1875000 1578680 1597050 1578680
V2 1597050 1578680 1592730 1583000
Net64 5 
V2 4105130 1694512 4068096 1731546
V2 4068096 1731546 2500000 1731546
V2 2500000 1731546 1875000 1647800
V2 1875000 1647800 857420 1647800
V2 857420 1647800 835820 1626200
Net66 5 
V2 2914340 1638970 2908167 1645142
V2 2908167 1645142 2500000 1645142
V2 2500000 1645142 1875000 1557080
V2 1875000 1557080 960470 1557080
V2 960470 1557080 934550 1583000
Net67 5 
V2 3009602 1638970 2997258 1651313
V2 2997258 1651313 2500000 1651313
V2 2500000 1651313 1875000 1561400
V2 1875000 1561400 1021970 1561400
V2 1021970 1561400 1000370 1583000
Net68 5 
V2 3104870 1638970 3086355 1657485
V2 3086355 1657485 2500000 1657485
V2 2500000 1657485 1875000 1565720
V2 1875000 1565720 1149280 1565720
V2 1149280 1565720 1132000 1583000
Net69 5 
V2 3200130 1638970 3175443 1663656
V2 3175443 1663656 2500000 1663656
V2 2500000 1663656 1875000 1570040
V2 1875000 1570040 1210780 1570040
V2 1210780 1570040 1197820 1583000
Net70 5 
V2 3295390 1638970 3264532 1669827
V2 3264532 1669827 2500000 1669827
V2 2500000 1669827 1875000 1574360
V2 1875000 1574360 1272280 1574360
V2 1272280 1574360 1263640 1583000
Net73 5 
V2 3771710 1638970 3764767 1632027
V2 3764767 1632027 2500000 1632027
V2 2500000 1632027 1875000 1552760
V2 1875000 1552760 1375322 1552760
V2 1375322 1552760 1362362 1539800
Net74 5 
V2 3866970 1638970 3853084 1625084
V2 3853084 1625084 2500000 1625084
V2 2500000 1625084 1875000 1548440
V2 1875000 1548440 1436820 1548440
V2 1436820 1548440 1428180 1539800
Net75 5 
V2 3962230 1638970 3941401 1618141
V2 3941401 1618141 2500000 1618141
V2 2500000 1618141 1875000 1544120
V2 1875000 1544120 1498320 1544120
V2 1498320 1544120 1494000 1539800
Net76 5 
V2 4057492 1638970 4029721 1611199
V2 4029721 1611199 2500000 1611199
V2 2500000 1611199 1875000 1531160
V2 1875000 1531160 1568460 1531160
V2 1568460 1531160 1559820 1539800
Net78 5 
V2 2866710 1583430 2859769 1590370
V2 2859769 1590370 2500000 1590370
V2 2500000 1590370 1875000 1505240
V2 1875000 1505240 1002020 1505240
V2 1002020 1505240 967460 1539800
Net79 5 
V2 2961970 1583430 2948086 1597313
V2 2948086 1597313 2500000 1597313
V2 2500000 1597313 1875000 1513880
V2 1875000 1513880 1059197 1513880
V2 1059197 1513880 1033277 1539800
Net80 5 
V2 3152500 1583430 3131673 1604256
V2 3131673 1604256 2500000 1604256
V2 2500000 1604256 1875000 1522520
V2 1875000 1522520 1116370 1522520
V2 1116370 1522520 1099090 1539800
