Nets 15
Net8 5 
M2 3068490 1961120 3059850 1969760
M2 3059850 1969760 2500000 1969760
M2 2500000 1969760 1875000 1863801
M2 1875000 1863801 991329 1863801
M2 991329 1863801 963560 1891570
Net9 5 
M2 3132580 1961120 3115300 1978400
M2 3115300 1978400 2500000 1978400
M2 2500000 1978400 1875000 1877686
M2 1875000 1877686 1161043 1877686
M2 1161043 1877686 1147160 1891570
Net10 5 
M2 3196667 1961120 3188027 1952480
M2 3188027 1952480 2500000 1952480
M2 2500000 1952480 1875000 1849915
M2 1875000 1849915 288955 1849915
M2 288955 1849915 275070 1836030
Net12 5 
M2 2844190 1935200 2835550 1943840
M2 2835550 1943840 2500000 1943840
M2 2500000 1943840 1875000 1817515
M2 1875000 1817515 477184 1817515
M2 477184 1817515 458670 1836030
Net16 5 
M2 2812150 1909280 2799190 1922240
M2 2799190 1922240 2500000 1922240
M2 2500000 1922240 1875000 1799001
M2 1875000 1799001 431284 1799001
M2 431284 1799001 412770 1780487
Net28 5 
M2 2876240 1857440 2869760 1863920
M2 2869760 1863920 2500000 1863920
M2 2500000 1863920 1875000 1738825
M2 1875000 1738825 913422 1738825
M2 913422 1738825 871760 1780487
Net29 5 
M2 2940320 1857440 2927360 1870400
M2 2927360 1870400 2500000 1870400
M2 2500000 1870400 1875000 1752711
M2 1875000 1752711 1358529 1752711
M2 1358529 1752711 1330752 1780487
Net30 5 
M2 3068490 1857440 3049050 1876880
M2 3049050 1876880 2500000 1876880
M2 2500000 1876880 1875000 1766596
M2 1875000 1766596 1528241 1766596
M2 1528241 1766596 1514350 1780487
Net32 5 
M2 3196667 1857440 3183707 1844480
M2 3183707 1844480 2500000 1844480
M2 2500000 1844480 1875000 1697171
M2 1875000 1697171 302838 1697171
M2 302838 1697171 275070 1724940
Net44 5 
M2 2780110 1779680 2767150 1792640
M2 2767150 1792640 2500000 1792640
M2 2500000 1792640 1875000 1641631
M2 1875000 1641631 807728 1641631
M2 807728 1641631 779960 1669400
Net52 5 
M2 3068490 1753760 3055530 1766720
M2 3055530 1766720 2500000 1766720
M2 2500000 1766720 1875000 1595340
M2 1875000 1595340 1211579 1595340
M2 1211579 1595340 1193060 1613860
Net54 5 
M2 3196667 1753760 3188027 1745120
M2 3188027 1745120 2500000 1745120
M2 2500000 1745120 1875000 1576826
M2 1875000 1576826 312103 1576826
M2 312103 1576826 275070 1613860
Net55 5 
M2 2780110 1727840 2771470 1736480
M2 2771470 1736480 2500000 1736480
M2 2500000 1736480 1875000 1539798
M2 1875000 1539798 431284 1539798
M2 431284 1539798 412770 1558312
Net71 5 
M2 2812150 1650080 2803510 1658720
M2 2803510 1658720 2500000 1658720
M2 2500000 1658720 1875000 1474998
M2 1875000 1474998 394641 1474998
M2 394641 1474998 366870 1502770
Net76 5 
M2 3196667 1650080 3179387 1667360
M2 3179387 1667360 2500000 1667360
M2 2500000 1667360 1875000 1521284
M2 1875000 1521284 293584 1521284
M2 293584 1521284 275070 1502770
