Nets 22
Net4 5 
M2 2775780 1961120 2767140 1969760
M2 2767140 1969760 2500000 1969760
M2 2500000 1969760 1875000 1833560
M2 1875000 1833560 1291740 1833560
M2 1291740 1833560 1274460 1850840
Net5 5 
M2 2819080 1961120 2801800 1978400
M2 2801800 1978400 2500000 1978400
M2 2500000 1978400 1875000 1842200
M2 1875000 1842200 1347190 1842200
M2 1347190 1842200 1338550 1850840
Net16 5 
M2 2775780 1909280 2767140 1917920
M2 2767140 1917920 2500000 1917920
M2 2500000 1917920 1875000 1781720
M2 1875000 1781720 1291740 1781720
M2 1291740 1781720 1274460 1799000
Net17 5 
M2 2819080 1909280 2801800 1926560
M2 2801800 1926560 2500000 1926560
M2 2500000 1926560 1875000 1790360
M2 1875000 1790360 1347190 1790360
M2 1347190 1790360 1338550 1799000
Net23 5 
M2 2840730 1883360 2835546 1888544
M2 2835546 1888544 2500000 1888544
M2 2500000 1888544 1875000 1752344
M2 1875000 1752344 1391326 1752344
M2 1391326 1752344 1370590 1773080
Net24 5 
M2 2884030 1883360 2873662 1893728
M2 2873662 1893728 2500000 1893728
M2 2500000 1893728 1875000 1757528
M2 1875000 1757528 1450232 1757528
M2 1450232 1757528 1434680 1773080
Net25 5 
M2 2927330 1883360 2911778 1898912
M2 2911778 1898912 2500000 1898912
M2 2500000 1898912 1875000 1762712
M2 1875000 1762712 1509128 1762712
M2 1509128 1762712 1498760 1773080
Net26 5 
M2 2970630 1883360 2949894 1904096
M2 2949894 1904096 2500000 1904096
M2 2500000 1904096 1875000 1767896
M2 1875000 1767896 1568034 1767896
M2 1568034 1767896 1562850 1773080
Net30 5 
M2 2948980 1857440 2936020 1870400
M2 2936020 1870400 2500000 1870400
M2 2500000 1870400 1875000 1734200
M2 1875000 1734200 1543770 1734200
M2 1543770 1734200 1530810 1747160
Net34 5 
M2 2797430 1831520 2788790 1840160
M2 2788790 1840160 2500000 1840160
M2 2500000 1840160 1875000 1703960
M2 1875000 1703960 1323790 1703960
M2 1323790 1703960 1306510 1721240
Net37 5 
M2 2927330 1831520 2910050 1848800
M2 2910050 1848800 2500000 1848800
M2 2500000 1848800 1875000 1712600
M2 1875000 1712600 1507400 1712600
M2 1507400 1712600 1498760 1721240
Net44 5 
M2 2754130 1779680 2741170 1792640
M2 2741170 1792640 2500000 1792640
M2 2500000 1792640 1875000 1656440
M2 1875000 1656440 1255380 1656440
M2 1255380 1656440 1242420 1669400
Net48 5 
M2 2775780 1753760 2767140 1762400
M2 2767140 1762400 2500000 1762400
M2 2500000 1762400 1875000 1626200
M2 1875000 1626200 1291740 1626200
M2 1291740 1626200 1274460 1643480
Net51 5 
M2 2905680 1753760 2888400 1771040
M2 2888400 1771040 2500000 1771040
M2 2500000 1771040 1875000 1634840
M2 1875000 1634840 1475360 1634840
M2 1475360 1634840 1466720 1643480
Net58 5 
M2 2927330 1727840 2918690 1736480
M2 2918690 1736480 2500000 1736480
M2 2500000 1736480 1875000 1600280
M2 1875000 1600280 1516040 1600280
M2 1516040 1600280 1498760 1617560
Net59 5 
M2 2970630 1727840 2953350 1745120
M2 2953350 1745120 2500000 1745120
M2 2500000 1745120 1875000 1608920
M2 1875000 1608920 1571490 1608920
M2 1571490 1608920 1562850 1617560
Net61 5 
M2 2819080 1701920 2806120 1714880
M2 2806120 1714880 2500000 1714880
M2 2500000 1714880 1875000 1578680
M2 1875000 1578680 1351510 1578680
M2 1351510 1578680 1338550 1591640
Net68 5 
M2 2884030 1676000 2871070 1688960
M2 2871070 1688960 2500000 1688960
M2 2500000 1688960 1875000 1552760
M2 1875000 1552760 1447640 1552760
M2 1447640 1552760 1434680 1565720
Net71 5 
M2 2775780 1650080 2767140 1658720
M2 2767140 1658720 2500000 1658720
M2 2500000 1658720 1875000 1522520
M2 1875000 1522520 1227660 1522520
M2 1227660 1522520 1210380 1539800
Net72 5 
M2 2819080 1650080 2801800 1667360
M2 2801800 1667360 2500000 1667360
M2 2500000 1667360 1875000 1531160
M2 1875000 1531160 1347190 1531160
M2 1347190 1531160 1338550 1539800
Net78 5 
M2 2797430 1624160 2788790 1632800
M2 2788790 1632800 2500000 1632800
M2 2500000 1632800 1875000 1496600
M2 1875000 1496600 1323790 1496600
M2 1323790 1496600 1306510 1513880
Net81 5 
M2 2927330 1624160 2910050 1641440
M2 2910050 1641440 2500000 1641440
M2 2500000 1641440 1875000 1505240
M2 1875000 1505240 1507400 1505240
M2 1507400 1505240 1498760 1513880
