Nets 28
Net0 5 
V1 4219080 1597230 4207971 1608338
V1 4207971 1608338 3900000 1608338
V1 3900000 1608338 1875000 1856024
V1 1875000 1856024 1263156 1856024
V1 1263156 1856024 1242420 1876760
Net1 5 
V1 4409602 1597230 4387385 1619447
V1 4387385 1619447 3900000 1619447
V1 3900000 1619447 1875000 1861208
V1 1875000 1861208 1386142 1861208
V1 1386142 1861208 1370590 1876760
Net2 5 
V1 4504870 1597230 4471544 1630555
V1 4471544 1630555 3900000 1630555
V1 3900000 1630555 1875000 1866392
V1 1875000 1866392 1509128 1866392
V1 1509128 1866392 1498760 1876760
Net3 5 
V1 4695390 1597230 4650956 1641664
V1 4650956 1641664 3900000 1641664
V1 3900000 1641664 1875000 1871576
V1 1875000 1871576 1568034 1871576
V1 1568034 1871576 1562850 1876760
Net6 5 
V1 5266970 1597230 5255861 1586121
V1 5255861 1586121 3900000 1586121
V1 3900000 1586121 1875000 1816280
V1 1875000 1816280 1443320 1816280
V1 1443320 1816280 1434680 1824920
Net9 5 
V1 5552760 1597230 5530543 1575013
V1 5530543 1575013 3900000 1575013
V1 3900000 1575013 1875000 1807640
V1 1875000 1807640 1195612 1807640
V1 1195612 1807640 1178332 1824920
Net17 5 
V1 5028810 1541687 5017701 1552796
V1 5017701 1552796 3900000 1552796
V1 3900000 1552796 1875000 1755800
V1 1875000 1755800 1451960 1755800
V1 1451960 1755800 1434680 1773080
Net20 5 
V1 5314600 1541687 5292383 1563904
V1 5292383 1563904 3900000 1563904
V1 3900000 1563904 1875000 1764440
V1 1875000 1764440 1571490 1764440
V1 1571490 1764440 1562850 1773080
Net26 5 
V1 4600130 1486140 4572353 1513916
V1 4572353 1513916 3900000 1513916
V1 3900000 1513916 1875000 1714760
V1 1875000 1714760 1312990 1714760
V1 1312990 1714760 1306510 1721240
Net33 5 
V1 5552760 1486140 5538874 1472254
V1 5538874 1472254 3900000 1472254
V1 3900000 1472254 1875000 1708280
V1 1875000 1708280 1191292 1708280
V1 1191292 1708280 1178332 1721240
Net35 5 
V1 4457237 1430600 4443354 1444483
V1 4443354 1444483 3900000 1444483
V1 3900000 1444483 1875000 1682360
V1 1875000 1682360 1287420 1682360
V1 1287420 1682360 1274460 1695320
Net37 5 
V1 4743020 1430600 4715251 1458369
V1 4715251 1458369 3900000 1458369
V1 3900000 1458369 1875000 1701800
V1 1875000 1701800 1409117 1701800
V1 1409117 1701800 1402637 1695320
Net45 5 
V1 4409602 1375060 4400347 1384315
V1 4400347 1384315 3900000 1384315
V1 3900000 1384315 1875000 1633112
V1 1875000 1633112 1348918 1633112
V1 1348918 1633112 1338550 1643480
Net46 5 
V1 4600130 1375060 4581618 1393572
V1 4581618 1393572 3900000 1393572
V1 3900000 1393572 1875000 1638296
V1 1875000 1638296 1407821 1638296
V1 1407821 1638296 1402637 1643480
Net47 5 
V1 4695390 1375060 4667621 1402829
V1 4667621 1402829 3900000 1402829
V1 3900000 1402829 1875000 1649960
V1 1875000 1649960 1261860 1649960
V1 1261860 1649960 1242420 1669400
Net48 5 
V1 4885920 1375060 4848894 1412086
V1 4848894 1412086 3900000 1412086
V1 3900000 1412086 1875000 1656440
V1 1875000 1656440 1383550 1656440
V1 1383550 1656440 1370590 1669400
Net49 5 
V1 4981180 1375060 4934897 1421343
V1 4934897 1421343 3900000 1421343
V1 3900000 1421343 1875000 1662920
V1 1875000 1662920 1441160 1662920
V1 1441160 1662920 1434680 1669400
Net54 5 
V1 4266710 1319512 4259767 1312569
V1 4259767 1312569 3900000 1312569
V1 3900000 1312569 1875000 1627928
V1 1875000 1627928 1316878 1627928
V1 1316878 1627928 1306510 1617560
Net55 5 
V1 4457237 1319512 4443352 1305627
V1 4443352 1305627 3900000 1305627
V1 3900000 1305627 1875000 1622744
V1 1875000 1622744 1439864 1622744
V1 1439864 1622744 1434680 1617560
Net56 5 
V1 4552500 1319512 4531671 1298684
V1 4531671 1298684 3900000 1298684
V1 3900000 1298684 1875000 1608920
V1 1875000 1608920 1484000 1608920
V1 1484000 1608920 1466720 1591640
Net57 5 
V1 4743020 1319512 4715249 1291741
V1 4715249 1291741 3900000 1291741
V1 3900000 1291741 1875000 1600280
V1 1875000 1600280 1603530 1600280
V1 1603530 1600280 1594890 1591640
Net62 5 
V1 5314600 1319512 5279886 1284798
V1 5279886 1284798 3900000 1284798
V1 3900000 1284798 1875000 1578680
V1 1875000 1578680 1511720 1578680
V1 1511720 1578680 1498760 1565720
Net63 5 
V1 5409860 1319512 5368203 1277856
V1 5368203 1277856 3900000 1277856
V1 3900000 1277856 1875000 1552760
V1 1875000 1552760 1575810 1552760
V1 1575810 1552760 1562850 1565720
Net71 5 
V1 4981180 1263970 4974236 1270913
V1 4974236 1270913 3900000 1270913
V1 3900000 1270913 1875000 1505240
V1 1875000 1505240 1379230 1505240
V1 1379230 1505240 1370590 1513880
Net77 5 
V1 5552760 1263970 5541651 1252861
V1 5541651 1252861 3900000 1252861
V1 3900000 1252861 1875000 1496600
V1 1875000 1496600 1195612 1496600
V1 1195612 1496600 1178332 1513880
Net84 5 
V1 5124077 1208430 5112971 1219536
V1 5112971 1219536 3900000 1219536
V1 3900000 1219536 1875000 1468520
V1 1875000 1468520 1357990 1468520
V1 1357990 1468520 1338550 1487960
Net85 5 
V1 5219340 1208430 5197125 1230644
V1 5197125 1230644 3900000 1230644
V1 3900000 1230644 1875000 1475000
V1 1875000 1475000 1479680 1475000
V1 1479680 1475000 1466720 1487960
Net86 5 
V1 5409860 1208430 5376537 1241753
V1 5376537 1241753 3900000 1241753
V1 3900000 1241753 1875000 1481480
V1 1875000 1481480 1601370 1481480
V1 1601370 1481480 1594890 1487960
