Nets 37
Net0 5 
V1 2819080 1972230 2813525 1977784
V1 2813525 1977784 2500000 1977784
V1 2500000 1977784 1875000 1849915
V1 1875000 1849915 454424 1849915
V1 454424 1849915 412770 1891570
Net1 5 
V1 3009602 1972230 2998494 1983338
V1 2998494 1983338 2500000 1983338
V1 2500000 1983338 1875000 1854544
V1 1875000 1854544 633393 1854544
V1 633393 1854544 596367 1891570
Net2 5 
V1 3104870 1972230 3088207 1988892
V1 3088207 1988892 2500000 1988892
V1 2500000 1988892 1875000 1859172
V1 1875000 1859172 720560 1859172
V1 720560 1859172 688162 1891570
Net3 5 
V1 3295390 1972230 3273173 1994447
V1 3273173 1994447 2500000 1994447
V1 2500000 1994447 1875000 1863801
V1 1875000 1863801 899529 1863801
V1 899529 1863801 871760 1891570
Net4 5 
V1 3581180 1972230 3553408 2000001
V1 3553408 2000001 2500000 2000001
V1 2500000 2000001 1875000 1868429
V1 1875000 1868429 986700 1868429
V1 986700 1868429 963560 1891570
Net5 5 
V1 3676440 1972230 3643114 2005555
V1 3643114 2005555 2500000 2005555
V1 2500000 2005555 1875000 1873058
V1 1875000 1873058 1165672 1873058
V1 1165672 1873058 1147160 1891570
Net6 5 
V1 3866970 1972230 3828090 2011109
V1 3828090 2011109 2500000 2011109
V1 2500000 2011109 1875000 1877686
V1 1875000 1877686 1252843 1877686
V1 1252843 1877686 1238960 1891570
Net7 5 
V1 3962230 1972230 3917796 2016664
V1 3917796 2016664 2500000 2016664
V1 2500000 2016664 1875000 1882315
V1 1875000 1882315 1431805 1882315
V1 1431805 1882315 1422550 1891570
Net8 5 
V1 4057492 1972230 4007504 2022218
V1 4007504 2022218 2500000 2022218
V1 2500000 2022218 1875000 1886943
V1 1875000 1886943 1518976 1886943
V1 1518976 1886943 1514350 1891570
Net10 5 
V1 2866710 1916687 2848195 1935202
V1 2848195 1935202 2500000 1935202
V1 2500000 1935202 1875000 1840658
V1 1875000 1840658 371498 1840658
V1 371498 1840658 366870 1836030
Net11 5 
V1 2961970 1916687 2943456 1898173
V1 2943456 1898173 2500000 1898173
V1 2500000 1898173 1875000 1817515
V1 1875000 1817515 477184 1817515
V1 477184 1817515 458670 1836030
Net22 5 
V1 4105130 1916687 4068101 1953716
V1 4068101 1953716 2500000 1953716
V1 2500000 1953716 1875000 1845287
V1 1875000 1845287 284327 1845287
V1 284327 1845287 275070 1836030
Net23 5 
V1 2914340 1861140 2903231 1850031
V1 2903231 1850031 2500000 1850031
V1 2500000 1850031 1875000 1769374
V1 1875000 1769374 423883 1769374
V1 423883 1769374 412770 1780487
Net24 5 
V1 3009602 1861140 2991083 1879659
V1 2991083 1879659 2500000 1879659
V1 2500000 1879659 1875000 1799001
V1 1875000 1799001 523084 1799001
V1 523084 1799001 504570 1780487
Net33 5 
V1 4152760 1861140 4130543 1838923
V1 4130543 1838923 2500000 1838923
V1 2500000 1838923 1875000 1758265
V1 1875000 1758265 343192 1758265
V1 343192 1758265 320970 1780487
Net34 5 
V1 2866710 1805600 2855604 1816706
V1 2855604 1816706 2500000 1816706
V1 2500000 1816706 1875000 1736048
V1 1875000 1736048 377978 1736048
V1 377978 1736048 366870 1724940
Net35 5 
V1 3057237 1805600 3038723 1787086
V1 3038723 1787086 2500000 1787086
V1 2500000 1787086 1875000 1706428
V1 1875000 1706428 568979 1706428
V1 568979 1706428 550467 1724940
Net43 5 
V1 4105130 1805600 4082915 1827814
V1 4082915 1827814 2500000 1827814
V1 2500000 1827814 1875000 1747157
V1 1875000 1747157 297287 1747157
V1 297287 1747157 275070 1724940
Net44 5 
V1 2914340 1750060 2903231 1738951
V1 2903231 1738951 2500000 1738951
V1 2500000 1738951 1875000 1658294
V1 1875000 1658294 423876 1658294
V1 423876 1658294 412770 1669400
Net45 5 
V1 3009602 1750060 2991090 1768572
V1 2991090 1768572 2500000 1768572
V1 2500000 1768572 1875000 1687914
V1 1875000 1687914 523084 1687914
V1 523084 1687914 504570 1669400
Net53 5 
V1 4152760 1750060 4130543 1727843
V1 4130543 1727843 2500000 1727843
V1 2500000 1727843 1875000 1647185
V1 1875000 1647185 343184 1647185
V1 343184 1647185 320970 1669400
Net54 5 
V1 2866710 1694512 2855596 1705626
V1 2855596 1705626 2500000 1705626
V1 2500000 1705626 1875000 1624968
V1 1875000 1624968 377978 1624968
V1 377978 1624968 366870 1613860
Net55 5 
V1 3057237 1694512 3052965 1690240
V1 3052965 1690240 2500000 1690240
V1 2500000 1690240 1875000 1595340
V1 1875000 1595340 568987 1595340
V1 568987 1595340 550467 1613860
Net64 5 
V1 4105130 1694512 4082908 1716734
V1 4082908 1716734 2500000 1716734
V1 2500000 1716734 1875000 1636077
V1 1875000 1636077 297287 1636077
V1 297287 1636077 275070 1613860
Net66 5 
V1 2914340 1638970 2895826 1620456
V1 2895826 1620456 2500000 1620456
V1 2500000 1620456 1875000 1511315
V1 1875000 1511315 551567 1511315
V1 551567 1511315 504570 1558312
Net67 5 
V1 3009602 1638970 3005330 1643242
V1 3005330 1643242 2500000 1643242
V1 2500000 1643242 1875000 1515587
V1 1875000 1515587 639092 1515587
V1 639092 1515587 596367 1558312
Net68 5 
V1 3104870 1638970 3096325 1647515
V1 3096325 1647515 2500000 1647515
V1 2500000 1647515 1875000 1519860
V1 1875000 1519860 726615 1519860
V1 726615 1519860 688162 1558312
Net69 5 
V1 3200130 1638970 3187312 1651787
V1 3187312 1651787 2500000 1651787
V1 2500000 1651787 1875000 1524132
V1 1875000 1524132 814140 1524132
V1 814140 1524132 779960 1558312
Net70 5 
V1 3295390 1638970 3278300 1656060
V1 3278300 1656060 2500000 1656060
V1 2500000 1656060 1875000 1528405
V1 1875000 1528405 901667 1528405
V1 901667 1528405 871760 1558312
Net71 5 
V1 3581180 1638970 3559817 1660332
V1 3559817 1660332 2500000 1660332
V1 2500000 1660332 1875000 1532677
V1 1875000 1532677 989195 1532677
V1 989195 1532677 963560 1558312
Net72 5 
V1 3676440 1638970 3650805 1664605
V1 3650805 1664605 2500000 1664605
V1 2500000 1664605 1875000 1536950
V1 1875000 1536950 1076722 1536950
V1 1076722 1536950 1055360 1558312
Net73 5 
V1 3771710 1638970 3741802 1668877
V1 3741802 1668877 2500000 1668877
V1 2500000 1668877 1875000 1541222
V1 1875000 1541222 1164250 1541222
V1 1164250 1541222 1147160 1558312
Net74 5 
V1 3866970 1638970 3832790 1673150
V1 3832790 1673150 2500000 1673150
V1 2500000 1673150 1875000 1545495
V1 1875000 1545495 1251777 1545495
V1 1251777 1545495 1238960 1558312
Net75 5 
V1 3962230 1638970 3923777 1677422
V1 3923777 1677422 2500000 1677422
V1 2500000 1677422 1875000 1549767
V1 1875000 1549767 1431095 1549767
V1 1431095 1549767 1422550 1558312
Net76 5 
V1 4057492 1638970 4014767 1681695
V1 4014767 1681695 2500000 1681695
V1 2500000 1681695 1875000 1554040
V1 1875000 1554040 1518622 1554040
V1 1518622 1554040 1514350 1558312
Net77 5 
V1 4152760 1638970 4105762 1685967
V1 4105762 1685967 2500000 1685967
V1 2500000 1685967 1875000 1576826
V1 1875000 1576826 339484 1576826
V1 339484 1576826 320970 1558312
Net79 5 
V1 2961970 1583430 2943458 1601942
V1 2943458 1601942 2500000 1601942
V1 2500000 1601942 1875000 1507042
V1 1875000 1507042 462942 1507042
V1 462942 1507042 458670 1502770
