Nets 32
Net0 5 
V1 2754130 1987040 2748946 1992224
V1 2748946 1992224 2500000 1992224
V1 2500000 1992224 1875000 1854544
V1 1875000 1854544 497426 1854544
V1 497426 1854544 460400 1891570
Net1 5 
V1 2840730 1987040 2830362 1997408
V1 2830362 1997408 2500000 1997408
V1 2500000 1997408 1875000 1863801
V1 1875000 1863801 664839 1863801
V1 664839 1863801 637070 1891570
Net2 5 
V1 2927330 1987040 2911778 2002592
V1 2911778 2002592 2500000 2002592
V1 2500000 2002592 1875000 1873058
V1 1875000 1873058 743912 1873058
V1 743912 1873058 725400 1891570
Net3 5 
V1 2970630 1987040 2949894 2007776
V1 2949894 2007776 2500000 2007776
V1 2500000 2007776 1875000 1882315
V1 1875000 1882315 911325 1882315
V1 911325 1882315 902070 1891570
Net4 5 
V1 2775780 1961120 2770596 1966304
V1 2770596 1966304 2500000 1966304
V1 2500000 1966304 1875000 1802704
V1 1875000 1802704 626225 1802704
V1 626225 1802704 592900 1836030
Net5 5 
V1 2819080 1961120 2808712 1971488
V1 2808712 1971488 2500000 1971488
V1 2500000 1971488 1875000 1813813
V1 1875000 1813813 703454 1813813
V1 703454 1813813 681237 1836030
Net6 5 
V1 2862380 1961120 2846828 1976672
V1 2846828 1976672 2500000 1976672
V1 2500000 1976672 1875000 1824921
V1 1875000 1824921 780678 1824921
V1 780678 1824921 769570 1836030
Net7 5 
V1 2905680 1961120 2884944 1981856
V1 2884944 1981856 2500000 1981856
V1 2500000 1981856 1875000 1845287
V1 1875000 1845287 867164 1845287
V1 867164 1845287 857907 1836030
Net11 5 
V1 2754130 1935200 2747650 1928720
V1 2747650 1928720 2500000 1928720
V1 2500000 1928720 1875000 1791596
V1 1875000 1791596 460664 1791596
V1 460664 1791596 416230 1836030
Net17 5 
V1 2819080 1909280 2812600 1915760
V1 2812600 1915760 2500000 1915760
V1 2500000 1915760 1875000 1761968
V1 1875000 1761968 567252 1761968
V1 567252 1761968 548732 1780487
Net18 5 
V1 2862380 1909280 2849420 1922240
V1 2849420 1922240 2500000 1922240
V1 2500000 1922240 1875000 1771225
V1 1875000 1771225 734662 1771225
V1 734662 1771225 725400 1780487
Net33 5 
V1 2754130 1831520 2741170 1844480
V1 2741170 1844480 2500000 1844480
V1 2500000 1844480 1875000 1752711
V1 1875000 1752711 444001 1752711
V1 444001 1752711 416230 1724940
Net36 5 
V1 2884030 1831520 2879710 1827200
V1 2879710 1827200 2500000 1827200
V1 2500000 1827200 1875000 1743454
V1 1875000 1743454 1229754 1743454
V1 1229754 1743454 1211240 1724940
Net37 5 
V1 2927330 1831520 2918690 1822880
V1 2918690 1822880 2500000 1822880
V1 2500000 1822880 1875000 1734197
V1 1875000 1734197 1397167 1734197
V1 1397167 1734197 1387910 1724940
Net38 5 
V1 2970630 1831520 2957670 1818560
V1 2957670 1818560 2500000 1818560
V1 2500000 1818560 1875000 1713834
V1 1875000 1713834 1487356 1713834
V1 1487356 1713834 1476250 1724940
Net40 5 
V1 2862380 1805600 2857196 1800416
V1 2857196 1800416 2500000 1800416
V1 2500000 1800416 1875000 1680508
V1 1875000 1680508 902339 1680508
V1 902339 1680508 857907 1724940
Net41 5 
V1 2905680 1805600 2901360 1809920
V1 2901360 1809920 2500000 1809920
V1 2500000 1809920 1875000 1691617
V1 1875000 1691617 979563 1691617
V1 979563 1691617 946240 1724940
Net42 5 
V1 2992280 1805600 2983640 1814240
V1 2983640 1814240 2500000 1814240
V1 2500000 1814240 1875000 1702725
V1 1875000 1702725 1145124 1702725
V1 1145124 1702725 1122910 1724940
Net45 5 
V1 2840730 1779680 2835546 1784864
V1 2835546 1784864 2500000 1784864
V1 2500000 1784864 1875000 1648573
V1 1875000 1648573 1011236 1648573
V1 1011236 1648573 990410 1669400
Net46 5 
V1 2884030 1779680 2873662 1790048
V1 2873662 1790048 2500000 1790048
V1 2500000 1790048 1875000 1655516
V1 1875000 1655516 1092623 1655516
V1 1092623 1655516 1078740 1669400
Net47 5 
V1 2970630 1779680 2955078 1795232
V1 2955078 1795232 2500000 1795232
V1 2500000 1795232 1875000 1662459
V1 1875000 1662459 1350688 1662459
V1 1350688 1662459 1343747 1669400
Net48 5 
V1 2775780 1753760 2769300 1760240
V1 2769300 1760240 2500000 1760240
V1 2500000 1760240 1875000 1627745
V1 1875000 1627745 502054 1627745
V1 502054 1627745 460400 1669400
Net49 5 
V1 2819080 1753760 2806120 1766720
V1 2806120 1766720 2500000 1766720
V1 2500000 1766720 1875000 1634688
V1 1875000 1634688 583444 1634688
V1 583444 1634688 548732 1669400
Net50 5 
V1 2862380 1753760 2842940 1773200
V1 2842940 1773200 2500000 1773200
V1 2500000 1773200 1875000 1641631
V1 1875000 1641631 753169 1641631
V1 753169 1641631 725400 1669400
Net56 5 
V1 2797430 1727840 2792246 1733024
V1 2792246 1733024 2500000 1733024
V1 2500000 1733024 1875000 1580529
V1 1875000 1580529 449560 1580529
V1 449560 1580529 416230 1613860
Net57 5 
V1 2884030 1727840 2873662 1738208
V1 2873662 1738208 2500000 1738208
V1 2500000 1738208 1875000 1591638
V1 1875000 1591638 615122 1591638
V1 615122 1591638 592900 1613860
Net58 5 
V1 2927330 1727840 2911778 1743392
V1 2911778 1743392 2500000 1743392
V1 2500000 1743392 1875000 1602746
V1 1875000 1602746 1134023 1602746
V1 1134023 1602746 1122910 1613860
Net59 5 
V1 2970630 1727840 2949894 1748576
V1 2949894 1748576 2500000 1748576
V1 2500000 1748576 1875000 1620802
V1 1875000 1620802 953182 1620802
V1 953182 1620802 946240 1613860
Net60 5 
V1 2775780 1701920 2762820 1714880
V1 2762820 1714880 2500000 1714880
V1 2500000 1714880 1875000 1569421
V1 1875000 1569421 559841 1569421
V1 559841 1569421 548732 1558312
Net72 5 
V1 2819080 1650080 2812600 1656560
V1 2812600 1656560 2500000 1656560
V1 2500000 1656560 1875000 1465741
V1 1875000 1465741 541598 1465741
V1 541598 1465741 504570 1502770
Net73 5 
V1 2862380 1650080 2849420 1663040
V1 2849420 1663040 2500000 1663040
V1 2500000 1663040 1875000 1484255
V1 1875000 1484255 611414 1484255
V1 611414 1484255 592900 1502770
Net74 5 
V1 2948980 1650080 2929540 1669520
V1 2929540 1669520 2500000 1669520
V1 2500000 1669520 1875000 1530541
V1 1875000 1530541 1459851 1530541
V1 1459851 1530541 1432080 1558312
