Nets 37
Net0 5 
V1 2810420 1972230 2804865 1977784
V1 2804865 1977784 2500000 1977784
V1 2500000 1977784 1875000 1849915
V1 1875000 1849915 454424 1849915
V1 454424 1849915 412770 1891570
Net1 5 
V1 2987090 1972230 2975981 1983338
V1 2975981 1983338 2500000 1983338
V1 2500000 1983338 1875000 1854544
V1 1875000 1854544 633393 1854544
V1 633393 1854544 596367 1891570
Net2 5 
V1 3075420 1972230 3058757 1988892
V1 3058757 1988892 2500000 1988892
V1 2500000 1988892 1875000 1859172
V1 1875000 1859172 720560 1859172
V1 720560 1859172 688162 1891570
Net3 5 
V1 3252090 1972230 3229873 1994447
V1 3229873 1994447 2500000 1994447
V1 2500000 1994447 1875000 1863801
V1 1875000 1863801 899529 1863801
V1 899529 1863801 871760 1891570
Net4 5 
V1 3517092 1972230 3489321 2000001
V1 3489321 2000001 2500000 2000001
V1 2500000 2000001 1875000 1868429
V1 1875000 1868429 986700 1868429
V1 986700 1868429 963560 1891570
Net5 5 
V1 3605430 1972230 3572104 2005555
V1 3572104 2005555 2500000 2005555
V1 2500000 2005555 1875000 1873058
V1 1875000 1873058 1165672 1873058
V1 1165672 1873058 1147160 1891570
Net6 5 
V1 3782100 1972230 3743220 2011109
V1 3743220 2011109 2500000 2011109
V1 2500000 2011109 1875000 1877686
V1 1875000 1877686 1252843 1877686
V1 1252843 1877686 1238960 1891570
Net7 5 
V1 3870430 1972230 3825996 2016664
V1 3825996 2016664 2500000 2016664
V1 2500000 2016664 1875000 1882315
V1 1875000 1882315 1431805 1882315
V1 1431805 1882315 1422550 1891570
Net8 5 
V1 3958770 1972230 3908781 2022218
V1 3908781 2022218 2500000 2022218
V1 2500000 2022218 1875000 1886943
V1 1875000 1886943 1518976 1886943
V1 1518976 1886943 1514350 1891570
Net10 5 
V1 2854587 1916687 2836073 1935202
V1 2836073 1935202 2500000 1935202
V1 2500000 1935202 1875000 1840658
V1 1875000 1840658 371498 1840658
V1 371498 1840658 366870 1836030
Net11 5 
V1 2942920 1916687 2924406 1898173
V1 2924406 1898173 2500000 1898173
V1 2500000 1898173 1875000 1817515
V1 1875000 1817515 477184 1817515
V1 477184 1817515 458670 1836030
Net22 5 
V1 4002937 1916687 3965909 1953716
V1 3965909 1953716 2500000 1953716
V1 2500000 1953716 1875000 1845287
V1 1875000 1845287 284327 1845287
V1 284327 1845287 275070 1836030
Net23 5 
V1 2898750 1861140 2887641 1850031
V1 2887641 1850031 2500000 1850031
V1 2500000 1850031 1875000 1769374
V1 1875000 1769374 423883 1769374
V1 423883 1769374 412770 1780487
Net24 5 
V1 2987090 1861140 2968570 1879659
V1 2968570 1879659 2500000 1879659
V1 2500000 1879659 1875000 1799001
V1 1875000 1799001 523084 1799001
V1 523084 1799001 504570 1780487
Net33 5 
V1 4047100 1861140 4024883 1838923
V1 4024883 1838923 2500000 1838923
V1 2500000 1838923 1875000 1758265
V1 1875000 1758265 343192 1758265
V1 343192 1758265 320970 1780487
Net34 5 
V1 2854587 1805600 2843481 1816706
V1 2843481 1816706 2500000 1816706
V1 2500000 1816706 1875000 1736048
V1 1875000 1736048 377978 1736048
V1 377978 1736048 366870 1724940
Net35 5 
V1 3031252 1805600 3012738 1787086
V1 3012738 1787086 2500000 1787086
V1 2500000 1787086 1875000 1706428
V1 1875000 1706428 568979 1706428
V1 568979 1706428 550467 1724940
Net43 5 
V1 4002937 1805600 3980723 1827814
V1 3980723 1827814 2500000 1827814
V1 2500000 1827814 1875000 1747157
V1 1875000 1747157 297287 1747157
V1 297287 1747157 275070 1724940
Net44 5 
V1 2898750 1750060 2887641 1738951
V1 2887641 1738951 2500000 1738951
V1 2500000 1738951 1875000 1658294
V1 1875000 1658294 423876 1658294
V1 423876 1658294 412770 1669400
Net45 5 
V1 2987090 1750060 2968578 1768572
V1 2968578 1768572 2500000 1768572
V1 2500000 1768572 1875000 1687914
V1 1875000 1687914 523084 1687914
V1 523084 1687914 504570 1669400
Net53 5 
V1 4047100 1750060 4024883 1727843
V1 4024883 1727843 2500000 1727843
V1 2500000 1727843 1875000 1647185
V1 1875000 1647185 343184 1647185
V1 343184 1647185 320970 1669400
Net54 5 
V1 2854587 1694512 2843474 1705626
V1 2843474 1705626 2500000 1705626
V1 2500000 1705626 1875000 1624968
V1 1875000 1624968 377978 1624968
V1 377978 1624968 366870 1613860
Net55 5 
V1 3031252 1694512 3026980 1690240
V1 3026980 1690240 2500000 1690240
V1 2500000 1690240 1875000 1595340
V1 1875000 1595340 568987 1595340
V1 568987 1595340 550467 1613860
Net64 5 
V1 4002937 1694512 3980715 1716734
V1 3980715 1716734 2500000 1716734
V1 2500000 1716734 1875000 1636077
V1 1875000 1636077 297287 1636077
V1 297287 1636077 275070 1613860
Net66 5 
V1 2898750 1638970 2880236 1620456
V1 2880236 1620456 2500000 1620456
V1 2500000 1620456 1875000 1511315
V1 1875000 1511315 551567 1511315
V1 551567 1511315 504570 1558312
Net67 5 
V1 2987090 1638970 2982817 1643242
V1 2982817 1643242 2500000 1643242
V1 2500000 1643242 1875000 1515587
V1 1875000 1515587 639092 1515587
V1 639092 1515587 596367 1558312
Net68 5 
V1 3075420 1638970 3066875 1647515
V1 3066875 1647515 2500000 1647515
V1 2500000 1647515 1875000 1519860
V1 1875000 1519860 726615 1519860
V1 726615 1519860 688162 1558312
Net69 5 
V1 3163760 1638970 3150942 1651787
V1 3150942 1651787 2500000 1651787
V1 2500000 1651787 1875000 1524132
V1 1875000 1524132 814140 1524132
V1 814140 1524132 779960 1558312
Net70 5 
V1 3252090 1638970 3235000 1656060
V1 3235000 1656060 2500000 1656060
V1 2500000 1656060 1875000 1528405
V1 1875000 1528405 901667 1528405
V1 901667 1528405 871760 1558312
Net71 5 
V1 3517092 1638970 3495730 1660332
V1 3495730 1660332 2500000 1660332
V1 2500000 1660332 1875000 1532677
V1 1875000 1532677 989195 1532677
V1 989195 1532677 963560 1558312
Net72 5 
V1 3605430 1638970 3579795 1664605
V1 3579795 1664605 2500000 1664605
V1 2500000 1664605 1875000 1536950
V1 1875000 1536950 1076722 1536950
V1 1076722 1536950 1055360 1558312
Net73 5 
V1 3693762 1638970 3663855 1668877
V1 3663855 1668877 2500000 1668877
V1 2500000 1668877 1875000 1541222
V1 1875000 1541222 1164250 1541222
V1 1164250 1541222 1147160 1558312
Net74 5 
V1 3782100 1638970 3747920 1673150
V1 3747920 1673150 2500000 1673150
V1 2500000 1673150 1875000 1545495
V1 1875000 1545495 1251777 1545495
V1 1251777 1545495 1238960 1558312
Net75 5 
V1 3870430 1638970 3831977 1677422
V1 3831977 1677422 2500000 1677422
V1 2500000 1677422 1875000 1549767
V1 1875000 1549767 1431095 1549767
V1 1431095 1549767 1422550 1558312
Net76 5 
V1 3958770 1638970 3916045 1681695
V1 3916045 1681695 2500000 1681695
V1 2500000 1681695 1875000 1554040
V1 1875000 1554040 1518622 1554040
V1 1518622 1554040 1514350 1558312
Net77 5 
V1 4047100 1638970 4000102 1685967
V1 4000102 1685967 2500000 1685967
V1 2500000 1685967 1875000 1576826
V1 1875000 1576826 339484 1576826
V1 339484 1576826 320970 1558312
Net79 5 
V1 2942920 1583430 2924408 1601942
V1 2924408 1601942 2500000 1601942
V1 2500000 1601942 1875000 1507042
V1 1875000 1507042 462942 1507042
V1 462942 1507042 458670 1502770
