Nets 35
Net0 5 
V1 2782270 1978400 2776097 1984572
V1 2776097 1984572 2500000 1984572
V1 2500000 1984572 1875000 1863801
V1 1875000 1863801 440539 1863801
V1 440539 1863801 412770 1891570
Net1 5 
V1 2913910 1978400 2901566 1990743
V1 2901566 1990743 2500000 1990743
V1 2500000 1990743 1875000 1868429
V1 1875000 1868429 619508 1868429
V1 619508 1868429 596367 1891570
Net2 5 
V1 2979730 1978400 2961215 1996915
V1 2961215 1996915 2500000 1996915
V1 2500000 1996915 1875000 1873058
V1 1875000 1873058 706674 1873058
V1 706674 1873058 688162 1891570
Net3 5 
V1 3111360 1978400 3086673 2003086
V1 3086673 2003086 2500000 2003086
V1 2500000 2003086 1875000 1877686
V1 1875000 1877686 885643 1877686
V1 885643 1877686 871760 1891570
Net4 5 
V1 3177180 1978400 3146322 2009257
V1 3146322 2009257 2500000 2009257
V1 2500000 2009257 1875000 1882315
V1 1875000 1882315 972815 1882315
V1 972815 1882315 963560 1891570
Net5 5 
V1 3308817 1978400 3271788 2015428
V1 3271788 2015428 2500000 2015428
V1 2500000 2015428 1875000 1886943
V1 1875000 1886943 1151786 1886943
V1 1151786 1886943 1147160 1891570
Net7 5 
V1 2815180 1935200 2810380 1930400
V1 2810380 1930400 2500000 1930400
V1 2500000 1930400 1875000 1859172
V1 1875000 1859172 390012 1859172
V1 390012 1859172 366870 1836030
Net8 5 
V1 2881000 1935200 2871400 1925600
V1 2871400 1925600 2500000 1925600
V1 2500000 1925600 1875000 1854544
V1 1875000 1854544 477184 1854544
V1 477184 1854544 458670 1836030
Net9 5 
V1 2946820 1935200 2932420 1920800
V1 2932420 1920800 2500000 1920800
V1 2500000 1920800 1875000 1849915
V1 1875000 1849915 564353 1849915
V1 564353 1849915 550467 1836030
Net10 5 
V1 3012637 1935200 2993437 1916000
V1 2993437 1916000 2500000 1916000
V1 2500000 1916000 1875000 1845287
V1 1875000 1845287 651519 1845287
V1 651519 1845287 642262 1836030
Net11 5 
V1 3078450 1935200 3054450 1911200
V1 3054450 1911200 2500000 1911200
V1 2500000 1911200 1875000 1840658
V1 1875000 1840658 738688 1840658
V1 738688 1840658 734060 1836030
Net12 5 
V1 3210090 1935200 3181290 1906400
V1 3181290 1906400 2500000 1906400
V1 2500000 1906400 1875000 1817515
V1 1875000 1817515 844374 1817515
V1 844374 1817515 825860 1836030
Net18 5 
V1 2848090 1892000 2843290 1896800
V1 2843290 1896800 2500000 1896800
V1 2500000 1896800 1875000 1761968
V1 1875000 1761968 523089 1761968
V1 523089 1761968 504570 1780487
Net19 5 
V1 2979730 1892000 2970130 1901600
V1 2970130 1901600 2500000 1901600
V1 2500000 1901600 1875000 1799001
V1 1875000 1799001 706676 1799001
V1 706676 1799001 688162 1780487
Net26 5 
V1 2815180 1848800 2810380 1844000
V1 2810380 1844000 2500000 1844000
V1 2500000 1844000 1875000 1743454
V1 1875000 1743454 385384 1743454
V1 385384 1743454 366870 1724940
Net37 5 
V1 2848090 1805600 2843290 1810400
V1 2843290 1810400 2500000 1810400
V1 2500000 1810400 1875000 1681742
V1 1875000 1681742 685460 1681742
V1 685460 1681742 642262 1724940
Net38 5 
V1 2979730 1805600 2970130 1815200
V1 2970130 1815200 2500000 1815200
V1 2500000 1815200 1875000 1687913
V1 1875000 1687913 862886 1687913
V1 862886 1687913 825860 1724940
Net39 5 
V1 3111360 1805600 3096960 1820000
V1 3096960 1820000 2500000 1820000
V1 2500000 1820000 1875000 1694085
V1 1875000 1694085 948515 1694085
V1 948515 1694085 917660 1724940
Net40 5 
V1 3243000 1805600 3223800 1824800
V1 3223800 1824800 2500000 1824800
V1 2500000 1824800 1875000 1700256
V1 1875000 1700256 1125943 1700256
V1 1125943 1700256 1101260 1724940
Net41 5 
V1 3308817 1805600 3284817 1829600
V1 3284817 1829600 2500000 1829600
V1 2500000 1829600 1875000 1706427
V1 1875000 1706427 1211572 1706427
V1 1211572 1706427 1193060 1724940
Net42 5 
V1 3374630 1805600 3345830 1834400
V1 3345830 1834400 2500000 1834400
V1 2500000 1834400 1875000 1712598
V1 1875000 1712598 1388993 1712598
V1 1388993 1712598 1376652 1724940
Net43 5 
V1 3440450 1805600 3406850 1839200
V1 3406850 1839200 2500000 1839200
V1 2500000 1839200 1875000 1718770
V1 1875000 1718770 1474620 1718770
V1 1474620 1718770 1468450 1724940
Net44 5 
V1 2881000 1762400 2872360 1771040
V1 2872360 1771040 2500000 1771040
V1 2500000 1771040 1875000 1636077
V1 1875000 1636077 446093 1636077
V1 446093 1636077 412770 1669400
Net45 5 
V1 2946820 1762400 2929540 1779680
V1 2929540 1779680 2500000 1779680
V1 2500000 1779680 1875000 1647185
V1 1875000 1647185 526784 1647185
V1 526784 1647185 504570 1669400
Net46 5 
V1 3012637 1762400 2986717 1788320
V1 2986717 1788320 2500000 1788320
V1 2500000 1788320 1875000 1658294
V1 1875000 1658294 699268 1658294
V1 699268 1658294 688162 1669400
Net47 5 
V1 3078450 1762400 3043890 1796960
V1 3043890 1796960 2500000 1796960
V1 2500000 1796960 1875000 1675571
V1 1875000 1675571 786131 1675571
V1 786131 1675571 779960 1669400
Net62 5 
V1 2815180 1676000 2800780 1661600
V1 2800780 1661600 2500000 1661600
V1 2500000 1661600 1875000 1569421
V1 1875000 1569421 515678 1569421
V1 515678 1569421 504570 1558312
Net63 5 
V1 2946820 1676000 2918020 1647200
V1 2918020 1647200 2500000 1647200
V1 2500000 1647200 1875000 1547204
V1 1875000 1547204 607476 1547204
V1 607476 1547204 596367 1558312
Net67 5 
V1 3210090 1676000 3201450 1684640
V1 3201450 1684640 2500000 1684640
V1 2500000 1684640 1875000 1580529
V1 1875000 1580529 1318188 1580529
V1 1318188 1580529 1284857 1613860
Net68 5 
V1 3341722 1676000 3324442 1693280
V1 3324442 1693280 2500000 1693280
V1 2500000 1693280 1875000 1591638
V1 1875000 1591638 1398874 1591638
V1 1398874 1591638 1376652 1613860
Net69 5 
V1 3407540 1676000 3381620 1701920
V1 3381620 1701920 2500000 1701920
V1 2500000 1701920 1875000 1602746
V1 1875000 1602746 1479563 1602746
V1 1479563 1602746 1468450 1613860
Net70 5 
V1 3539180 1676000 3504620 1710560
V1 3504620 1710560 2500000 1710560
V1 2500000 1710560 1875000 1624968
V1 1875000 1624968 365401 1624968
V1 365401 1624968 320970 1669400
Net72 5 
V1 2848090 1632800 2837290 1622000
V1 2837290 1622000 2500000 1622000
V1 2500000 1622000 1875000 1536095
V1 1875000 1536095 491995 1536095
V1 491995 1536095 458670 1502770
Net73 5 
V1 2913910 1632800 2892310 1611200
V1 2892310 1611200 2500000 1611200
V1 2500000 1611200 1875000 1524987
V1 1875000 1524987 572684 1524987
V1 572684 1524987 550467 1502770
Net81 5 
V1 2815180 1589600 2804380 1600400
V1 2804380 1600400 2500000 1600400
V1 2500000 1600400 1875000 1513878
V1 1875000 1513878 745168 1513878
V1 745168 1513878 734060 1502770
