Nets 32
Net0 5 
V1 2780110 1987040 2774926 1992224
V1 2774926 1992224 2500000 1992224
V1 2500000 1992224 1875000 1854544
V1 1875000 1854544 497426 1854544
V1 497426 1854544 460400 1891570
Net1 5 
V1 2908280 1987040 2897912 1997408
V1 2897912 1997408 2500000 1997408
V1 2500000 1997408 1875000 1863801
V1 1875000 1863801 664839 1863801
V1 664839 1863801 637070 1891570
Net2 5 
V1 3036450 1987040 3020898 2002592
V1 3020898 2002592 2500000 2002592
V1 2500000 2002592 1875000 1873058
V1 1875000 1873058 743912 1873058
V1 743912 1873058 725400 1891570
Net3 5 
V1 3100540 1987040 3079804 2007776
V1 3079804 2007776 2500000 2007776
V1 2500000 2007776 1875000 1882315
V1 1875000 1882315 911325 1882315
V1 911325 1882315 902070 1891570
Net4 5 
V1 2812150 1961120 2806966 1966304
V1 2806966 1966304 2500000 1966304
V1 2500000 1966304 1875000 1802704
V1 1875000 1802704 626225 1802704
V1 626225 1802704 592900 1836030
Net5 5 
V1 2876240 1961120 2865872 1971488
V1 2865872 1971488 2500000 1971488
V1 2500000 1971488 1875000 1813813
V1 1875000 1813813 703454 1813813
V1 703454 1813813 681237 1836030
Net6 5 
V1 2940320 1961120 2924768 1976672
V1 2924768 1976672 2500000 1976672
V1 2500000 1976672 1875000 1824921
V1 1875000 1824921 780678 1824921
V1 780678 1824921 769570 1836030
Net7 5 
V1 3004410 1961120 2983674 1981856
V1 2983674 1981856 2500000 1981856
V1 2500000 1981856 1875000 1845287
V1 1875000 1845287 867164 1845287
V1 867164 1845287 857907 1836030
Net11 5 
V1 2780110 1935200 2773630 1928720
V1 2773630 1928720 2500000 1928720
V1 2500000 1928720 1875000 1791596
V1 1875000 1791596 460664 1791596
V1 460664 1791596 416230 1836030
Net17 5 
V1 2876240 1909280 2869760 1915760
V1 2869760 1915760 2500000 1915760
V1 2500000 1915760 1875000 1761968
V1 1875000 1761968 567252 1761968
V1 567252 1761968 548732 1780487
Net18 5 
V1 2940320 1909280 2927360 1922240
V1 2927360 1922240 2500000 1922240
V1 2500000 1922240 1875000 1771225
V1 1875000 1771225 734662 1771225
V1 734662 1771225 725400 1780487
Net33 5 
V1 2780110 1831520 2767150 1844480
V1 2767150 1844480 2500000 1844480
V1 2500000 1844480 1875000 1752711
V1 1875000 1752711 444001 1752711
V1 444001 1752711 416230 1724940
Net36 5 
V1 2972362 1831520 2968042 1827200
V1 2968042 1827200 2500000 1827200
V1 2500000 1827200 1875000 1743454
V1 1875000 1743454 1229754 1743454
V1 1229754 1743454 1211240 1724940
Net37 5 
V1 3036450 1831520 3027810 1822880
V1 3027810 1822880 2500000 1822880
V1 2500000 1822880 1875000 1734197
V1 1875000 1734197 1397167 1734197
V1 1397167 1734197 1387910 1724940
Net38 5 
V1 3100540 1831520 3087580 1818560
V1 3087580 1818560 2500000 1818560
V1 2500000 1818560 1875000 1713834
V1 1875000 1713834 1487356 1713834
V1 1487356 1713834 1476250 1724940
Net40 5 
V1 2940320 1805600 2935136 1800416
V1 2935136 1800416 2500000 1800416
V1 2500000 1800416 1875000 1680508
V1 1875000 1680508 902339 1680508
V1 902339 1680508 857907 1724940
Net41 5 
V1 3004410 1805600 3000090 1809920
V1 3000090 1809920 2500000 1809920
V1 2500000 1809920 1875000 1691617
V1 1875000 1691617 979563 1691617
V1 979563 1691617 946240 1724940
Net42 5 
V1 3132580 1805600 3123940 1814240
V1 3123940 1814240 2500000 1814240
V1 2500000 1814240 1875000 1702725
V1 1875000 1702725 1145124 1702725
V1 1145124 1702725 1122910 1724940
Net45 5 
V1 2908280 1779680 2903096 1784864
V1 2903096 1784864 2500000 1784864
V1 2500000 1784864 1875000 1648573
V1 1875000 1648573 1011236 1648573
V1 1011236 1648573 990410 1669400
Net46 5 
V1 2972362 1779680 2961994 1790048
V1 2961994 1790048 2500000 1790048
V1 2500000 1790048 1875000 1655516
V1 1875000 1655516 1092623 1655516
V1 1092623 1655516 1078740 1669400
Net47 5 
V1 3100540 1779680 3084988 1795232
V1 3084988 1795232 2500000 1795232
V1 2500000 1795232 1875000 1662459
V1 1875000 1662459 1350688 1662459
V1 1350688 1662459 1343747 1669400
Net48 5 
V1 2812150 1753760 2805670 1760240
V1 2805670 1760240 2500000 1760240
V1 2500000 1760240 1875000 1627745
V1 1875000 1627745 502054 1627745
V1 502054 1627745 460400 1669400
Net49 5 
V1 2876240 1753760 2863280 1766720
V1 2863280 1766720 2500000 1766720
V1 2500000 1766720 1875000 1634688
V1 1875000 1634688 583444 1634688
V1 583444 1634688 548732 1669400
Net50 5 
V1 2940320 1753760 2920880 1773200
V1 2920880 1773200 2500000 1773200
V1 2500000 1773200 1875000 1641631
V1 1875000 1641631 753169 1641631
V1 753169 1641631 725400 1669400
Net56 5 
V1 2844190 1727840 2839006 1733024
V1 2839006 1733024 2500000 1733024
V1 2500000 1733024 1875000 1580529
V1 1875000 1580529 449560 1580529
V1 449560 1580529 416230 1613860
Net57 5 
V1 2972362 1727840 2961994 1738208
V1 2961994 1738208 2500000 1738208
V1 2500000 1738208 1875000 1591638
V1 1875000 1591638 615122 1591638
V1 615122 1591638 592900 1613860
Net58 5 
V1 3036450 1727840 3020898 1743392
V1 3020898 1743392 2500000 1743392
V1 2500000 1743392 1875000 1602746
V1 1875000 1602746 1134023 1602746
V1 1134023 1602746 1122910 1613860
Net59 5 
V1 3100540 1727840 3079804 1748576
V1 3079804 1748576 2500000 1748576
V1 2500000 1748576 1875000 1620802
V1 1875000 1620802 953182 1620802
V1 953182 1620802 946240 1613860
Net60 5 
V1 2812150 1701920 2799190 1714880
V1 2799190 1714880 2500000 1714880
V1 2500000 1714880 1875000 1569421
V1 1875000 1569421 559841 1569421
V1 559841 1569421 548732 1558312
Net72 5 
V1 2876240 1650080 2869760 1656560
V1 2869760 1656560 2500000 1656560
V1 2500000 1656560 1875000 1465741
V1 1875000 1465741 541598 1465741
V1 541598 1465741 504570 1502770
Net73 5 
V1 2940320 1650080 2927360 1663040
V1 2927360 1663040 2500000 1663040
V1 2500000 1663040 1875000 1484255
V1 1875000 1484255 611414 1484255
V1 611414 1484255 592900 1502770
Net74 5 
V1 3068490 1650080 3049050 1669520
V1 3049050 1669520 2500000 1669520
V1 2500000 1669520 1875000 1530541
V1 1875000 1530541 1459851 1530541
V1 1459851 1530541 1432080 1558312
