Nets 22
Net4 5 
M2 2793960 1961120 2785320 1969760
M2 2785320 1969760 2500000 1969760
M2 2500000 1969760 1875000 1833560
M2 1875000 1833560 1356697 1833560
M2 1356697 1833560 1339417 1850840
Net5 5 
M2 2847660 1961120 2830380 1978400
M2 2830380 1978400 2500000 1978400
M2 2500000 1978400 1875000 1842200
M2 1875000 1842200 1401750 1842200
M2 1401750 1842200 1393110 1850840
Net16 5 
M2 2793960 1909280 2785320 1917920
M2 2785320 1917920 2500000 1917920
M2 2500000 1917920 1875000 1781720
M2 1875000 1781720 1356697 1781720
M2 1356697 1781720 1339417 1799000
Net17 5 
M2 2847660 1909280 2830380 1926560
M2 2830380 1926560 2500000 1926560
M2 2500000 1926560 1875000 1790360
M2 1875000 1790360 1401750 1790360
M2 1401750 1790360 1393110 1799000
Net23 5 
M2 2874502 1883360 2869318 1888544
M2 2869318 1888544 2500000 1888544
M2 2500000 1888544 1875000 1752344
M2 1875000 1752344 1440693 1752344
M2 1440693 1752344 1419957 1773080
Net24 5 
M2 2928200 1883360 2917832 1893728
M2 2917832 1893728 2500000 1893728
M2 2500000 1893728 1875000 1757528
M2 1875000 1757528 1489202 1757528
M2 1489202 1757528 1473650 1773080
Net25 5 
M2 2981890 1883360 2966338 1898912
M2 2966338 1898912 2500000 1898912
M2 2500000 1898912 1875000 1762712
M2 1875000 1762712 1537708 1762712
M2 1537708 1762712 1527340 1773080
Net26 5 
M2 3035582 1883360 3014846 1904096
M2 3014846 1904096 2500000 1904096
M2 2500000 1904096 1875000 1767896
M2 1875000 1767896 1586224 1767896
M2 1586224 1767896 1581040 1773080
Net30 5 
M2 3008740 1857440 2995780 1870400
M2 2995780 1870400 2500000 1870400
M2 2500000 1870400 1875000 1734200
M2 1875000 1734200 1567150 1734200
M2 1567150 1734200 1554190 1747160
Net34 5 
M2 2820810 1831520 2812170 1840160
M2 2812170 1840160 2500000 1840160
M2 2500000 1840160 1875000 1703960
M2 1875000 1703960 1383540 1703960
M2 1383540 1703960 1366260 1721240
Net37 5 
M2 2981890 1831520 2964610 1848800
M2 2964610 1848800 2500000 1848800
M2 2500000 1848800 1875000 1712600
M2 1875000 1712600 1535980 1712600
M2 1535980 1712600 1527340 1721240
Net44 5 
M2 2767120 1779680 2754160 1792640
M2 2754160 1792640 2500000 1792640
M2 2500000 1792640 1875000 1656440
M2 1875000 1656440 1325530 1656440
M2 1325530 1656440 1312570 1669400
Net48 5 
M2 2793960 1753760 2785320 1762400
M2 2785320 1762400 2500000 1762400
M2 2500000 1762400 1875000 1626200
M2 1875000 1626200 1356697 1626200
M2 1356697 1626200 1339417 1643480
Net51 5 
M2 2955042 1753760 2937762 1771040
M2 2937762 1771040 2500000 1771040
M2 2500000 1771040 1875000 1634840
M2 1875000 1634840 1509137 1634840
M2 1509137 1634840 1500497 1643480
Net58 5 
M2 2981890 1727840 2973250 1736480
M2 2973250 1736480 2500000 1736480
M2 2500000 1736480 1875000 1600280
M2 1875000 1600280 1544620 1600280
M2 1544620 1600280 1527340 1617560
Net59 5 
M2 3035582 1727840 3018302 1745120
M2 3018302 1745120 2500000 1745120
M2 2500000 1745120 1875000 1608920
M2 1875000 1608920 1589680 1608920
M2 1589680 1608920 1581040 1617560
Net61 5 
M2 2847660 1701920 2834700 1714880
M2 2834700 1714880 2500000 1714880
M2 2500000 1714880 1875000 1578680
M2 1875000 1578680 1406070 1578680
M2 1406070 1578680 1393110 1591640
Net68 5 
M2 2928200 1676000 2915240 1688960
M2 2915240 1688960 2500000 1688960
M2 2500000 1688960 1875000 1552760
M2 1875000 1552760 1486610 1552760
M2 1486610 1552760 1473650 1565720
Net71 5 
M2 2793960 1650080 2785320 1658720
M2 2785320 1658720 2500000 1658720
M2 2500000 1658720 1875000 1522520
M2 1875000 1522520 1303000 1522520
M2 1303000 1522520 1285720 1539800
Net72 5 
M2 2847660 1650080 2830380 1667360
M2 2830380 1667360 2500000 1667360
M2 2500000 1667360 1875000 1531160
M2 1875000 1531160 1401750 1531160
M2 1401750 1531160 1393110 1539800
Net78 5 
M2 2820810 1624160 2812170 1632800
M2 2812170 1632800 2500000 1632800
M2 2500000 1632800 1875000 1496600
M2 1875000 1496600 1383540 1496600
M2 1383540 1496600 1366260 1513880
Net81 5 
M2 2981890 1624160 2964610 1641440
M2 2964610 1641440 2500000 1641440
M2 2500000 1641440 1875000 1505240
M2 1875000 1505240 1535980 1505240
M2 1535980 1505240 1527340 1513880
