Nets 28
Net6 5 
M2 3866970 1972230 3839198 2000001
M2 3839198 2000001 2500000 2000001
M2 2500000 2000001 1875000 1827800
M2 1875000 1827800 1475490 1827800
M2 1475490 1827800 1461090 1842200
Net9 5 
M2 4152760 1972230 4134246 1953716
M2 4134246 1953716 2500000 1953716
M2 2500000 1953716 1875000 1813400
M2 1875000 1813400 897530 1813400
M2 897530 1813400 868730 1842200
Net16 5 
M2 3533550 1916687 3515035 1935202
M2 3515035 1935202 2500000 1935202
M2 2500000 1935202 1875000 1777400
M2 1875000 1777400 1252330 1777400
M2 1252330 1777400 1230730 1799000
Net21 5 
M2 4009860 1916687 3991346 1898173
M2 3991346 1898173 2500000 1898173
M2 2500000 1898173 1875000 1741400
M2 1875000 1741400 1607130 1741400
M2 1607130 1741400 1592730 1755800
Net26 5 
M2 3200130 1861140 3181610 1879659
M2 3181610 1879659 2500000 1879659
M2 2500000 1879659 1875000 1727000
M2 1875000 1727000 1029170 1727000
M2 1029170 1727000 1000370 1755800
Net36 5 
M2 3152500 1805600 3145559 1812540
M2 3145559 1812540 2500000 1812540
M2 2500000 1812540 1875000 1674800
M2 1875000 1674800 1071077 1674800
M2 1071077 1674800 1033277 1712600
Net37 5 
M2 3343020 1805600 3329136 1819483
M2 3329136 1819483 2500000 1819483
M2 2500000 1819483 1875000 1680200
M2 1875000 1680200 1131490 1680200
M2 1131490 1680200 1099090 1712600
Net38 5 
M2 3438290 1805600 3417463 1826426
M2 3417463 1826426 2500000 1826426
M2 2500000 1826426 1875000 1685600
M2 1875000 1685600 1191910 1685600
M2 1191910 1685600 1164910 1712600
Net39 5 
M2 3628810 1805600 3601041 1833369
M2 3601041 1833369 2500000 1833369
M2 2500000 1833369 1875000 1691000
M2 1875000 1691000 1318150 1691000
M2 1318150 1691000 1296550 1712600
Net40 5 
M2 3724077 1805600 3689365 1840311
M2 3689365 1840311 2500000 1840311
M2 2500000 1840311 1875000 1696400
M2 1875000 1696400 1378562 1696400
M2 1378562 1696400 1362362 1712600
Net41 5 
M2 3914600 1805600 3872945 1847254
M2 3872945 1847254 2500000 1847254
M2 2500000 1847254 1875000 1701800
M2 1875000 1701800 1438980 1701800
M2 1438980 1701800 1428180 1712600
Net42 5 
M2 4009860 1805600 3961262 1854197
M2 3961262 1854197 2500000 1854197
M2 2500000 1854197 1875000 1707200
M2 1875000 1707200 1499400 1707200
M2 1499400 1707200 1494000 1712600
Net44 5 
M2 2914340 1750060 2886571 1777828
M2 2886571 1777828 2500000 1777828
M2 2500000 1777828 1875000 1647800
M2 1875000 1647800 956150 1647800
M2 956150 1647800 934550 1669400
Net52 5 
M2 4057492 1750060 4050549 1743117
M2 4050549 1743117 2500000 1743117
M2 2500000 1743117 1875000 1621400
M2 1875000 1621400 1564620 1621400
M2 1564620 1621400 1559820 1626200
Net55 5 
M2 3057237 1694512 3050289 1701460
M2 3050289 1701460 2500000 1701460
M2 2500000 1701460 1875000 1592600
M2 1875000 1592600 1132690 1592600
M2 1132690 1592600 1099090 1626200
Net56 5 
M2 3152500 1694512 3138609 1708403
M2 3138609 1708403 2500000 1708403
M2 2500000 1708403 1875000 1597400
M2 1875000 1597400 1193710 1597400
M2 1193710 1597400 1164910 1626200
Net57 5 
M2 3343020 1694512 3322186 1715346
M2 3322186 1715346 2500000 1715346
M2 2500000 1715346 1875000 1602200
M2 1875000 1602200 1254730 1602200
M2 1254730 1602200 1230730 1626200
Net58 5 
M2 3438290 1694512 3410513 1722289
M2 3410513 1722289 2500000 1722289
M2 2500000 1722289 1875000 1607000
M2 1875000 1607000 1381562 1607000
M2 1381562 1607000 1362362 1626200
Net59 5 
M2 3533550 1694512 3498830 1729231
M2 3498830 1729231 2500000 1729231
M2 2500000 1729231 1875000 1611800
M2 1875000 1611800 1442580 1611800
M2 1442580 1611800 1428180 1626200
Net60 5 
M2 3628810 1694512 3587148 1736174
M2 3587148 1736174 2500000 1736174
M2 2500000 1736174 1875000 1616600
M2 1875000 1616600 1503600 1616600
M2 1503600 1616600 1494000 1626200
Net65 5 
M2 2819080 1638970 2812908 1632798
M2 2812908 1632798 2500000 1632798
M2 2500000 1632798 1875000 1587800
M2 1875000 1587800 940040 1587800
M2 940040 1587800 901640 1626200
Net72 5 
M2 3676440 1638970 3664097 1626627
M2 3664097 1626627 2500000 1626627
M2 2500000 1626627 1875000 1525400
M2 1875000 1525400 1310950 1525400
M2 1310950 1525400 1296550 1539800
Net82 5 
M2 3438290 1583430 3432120 1589600
M2 3432120 1589600 2500000 1589600
M2 2500000 1589600 1875000 1460600
M2 1875000 1460600 1233820 1460600
M2 1233820 1460600 1197820 1496600
Net83 5 
M2 3533550 1583430 3521208 1595771
M2 3521208 1595771 2500000 1595771
M2 2500000 1595771 1875000 1467800
M2 1875000 1467800 1292440 1467800
M2 1292440 1467800 1263640 1496600
Net84 5 
M2 3724077 1583430 3705565 1601942
M2 3705565 1601942 2500000 1601942
M2 2500000 1601942 1875000 1475000
M2 1875000 1475000 1416870 1475000
M2 1416870 1475000 1395270 1496600
Net85 5 
M2 3819340 1583430 3794656 1608113
M2 3794656 1608113 2500000 1608113
M2 2500000 1608113 1875000 1482200
M2 1875000 1482200 1475490 1482200
M2 1475490 1482200 1461090 1496600
Net86 5 
M2 4009860 1583430 3979005 1614285
M2 3979005 1614285 2500000 1614285
M2 2500000 1614285 1875000 1489400
M2 1875000 1489400 1599930 1489400
M2 1599930 1489400 1592730 1496600
Net87 5 
M2 4105130 1583430 4068103 1620456
M2 4068103 1620456 2500000 1620456
M2 2500000 1620456 1875000 1511000
M2 1875000 1511000 864620 1511000
M2 864620 1511000 835820 1539800
