Nets 32
Net13 5 
V2 3381997 1935200 3371197 1946000
V2 3371197 1946000 2500000 1946000
V2 2500000 1946000 1875000 1874909
V2 1875000 1874909 1255620 1874909
V2 1255620 1874909 1238960 1891570
Net14 5 
V2 3459940 1935200 3438340 1956800
V2 3438340 1956800 2500000 1956800
V2 2500000 1956800 1875000 1880464
V2 1875000 1880464 1433656 1880464
V2 1433656 1880464 1422550 1891570
Net15 5 
V2 3537880 1935200 3505480 1967600
V2 3505480 1967600 2500000 1967600
V2 2500000 1967600 1875000 1886018
V2 1875000 1886018 1519901 1886018
V2 1519901 1886018 1514350 1891570
Net16 5 
V2 3693762 1935200 3679362 1920800
V2 3679362 1920800 2500000 1920800
V2 2500000 1920800 1875000 1869355
V2 1875000 1869355 343184 1869355
V2 343184 1869355 320970 1891570
Net20 5 
V2 3187140 1892000 3172740 1906400
V2 3172740 1906400 2500000 1906400
V2 2500000 1906400 1875000 1863801
V2 1875000 1863801 1129031 1863801
V2 1129031 1863801 1101260 1836030
Net21 5 
V2 3265080 1892000 3257880 1884800
V2 3257880 1884800 2500000 1884800
V2 2500000 1884800 1875000 1858247
V2 1875000 1858247 1215277 1858247
V2 1215277 1858247 1193060 1836030
Net22 5 
V2 3343020 1892000 3328620 1877600
V2 3328620 1877600 2500000 1877600
V2 2500000 1877600 1875000 1852692
V2 1875000 1852692 1301520 1852692
V2 1301520 1852692 1284857 1836030
Net23 5 
V2 3498910 1892000 3477310 1870400
V2 3477310 1870400 2500000 1870400
V2 2500000 1870400 1875000 1847138
V2 1875000 1847138 1387761 1847138
V2 1387761 1847138 1376652 1836030
Net24 5 
V2 3576850 1892000 3548050 1863200
V2 3548050 1863200 2500000 1863200
V2 2500000 1863200 1875000 1841584
V2 1875000 1841584 1474004 1841584
V2 1474004 1841584 1468450 1836030
Net27 5 
V2 2914340 1848800 2910020 1844480
V2 2910020 1844480 2500000 1844480
V2 2500000 1844480 1875000 1822144
V2 1875000 1822144 821616 1822144
V2 821616 1822144 779960 1780487
Net28 5 
V2 2992280 1848800 2983640 1840160
V2 2983640 1840160 2500000 1840160
V2 2500000 1840160 1875000 1815201
V2 1875000 1815201 906473 1815201
V2 906473 1815201 871760 1780487
Net29 5 
V2 3070227 1848800 3057267 1835840
V2 3057267 1835840 2500000 1835840
V2 2500000 1835840 1875000 1808258
V2 1875000 1808258 991331 1808258
V2 991331 1808258 963560 1780487
Net30 5 
V2 3226110 1848800 3208830 1831520
V2 3208830 1831520 2500000 1831520
V2 2500000 1831520 1875000 1801315
V2 1875000 1801315 1076188 1801315
V2 1076188 1801315 1055360 1780487
Net31 5 
V2 3304050 1848800 3282450 1827200
V2 3282450 1827200 2500000 1827200
V2 2500000 1827200 1875000 1794373
V2 1875000 1794373 1252845 1794373
V2 1252845 1794373 1238960 1780487
Net32 5 
V2 3381997 1848800 3356077 1822880
V2 3356077 1822880 2500000 1822880
V2 2500000 1822880 1875000 1787430
V2 1875000 1787430 1337695 1787430
V2 1337695 1787430 1330752 1780487
Net33 5 
V2 3537880 1848800 3507640 1818560
V2 3507640 1818560 2500000 1818560
V2 2500000 1818560 1875000 1761968
V2 1875000 1761968 1532869 1761968
V2 1532869 1761968 1514350 1780487
Net34 5 
V2 3615820 1848800 3608620 1856000
V2 3608620 1856000 2500000 1856000
V2 2500000 1856000 1875000 1829086
V2 1875000 1829086 1567193 1829086
V2 1567193 1829086 1560250 1836030
Net35 5 
V2 3693762 1848800 3659202 1814240
V2 3659202 1814240 2500000 1814240
V2 2500000 1814240 1875000 1743454
V2 1875000 1743454 358003 1743454
V2 358003 1743454 320970 1780487
Net36 5 
V2 2797430 1805600 2793110 1809920
V2 2793110 1809920 2500000 1809920
V2 2500000 1809920 1875000 1697171
V2 1875000 1697171 578236 1697171
V2 578236 1697171 550467 1724940
Net60 5 
V2 3576850 1719200 3555250 1740800
V2 3555250 1740800 2500000 1740800
V2 2500000 1740800 1875000 1650888
V2 1875000 1650888 1532862 1650888
V2 1532862 1650888 1514350 1669400
Net61 5 
V2 3654790 1719200 3640390 1704800
V2 3640390 1704800 2500000 1704800
V2 2500000 1704800 1875000 1632374
V2 1875000 1632374 293584 1632374
V2 293584 1632374 275070 1613860
Net64 5 
V2 3070227 1676000 3055827 1690400
V2 3055827 1690400 2500000 1690400
V2 2500000 1690400 1875000 1599969
V2 1875000 1599969 729819 1599969
V2 729819 1599969 688162 1558312
Net65 5 
V2 3148170 1676000 3143850 1671680
V2 3143850 1671680 2500000 1671680
V2 2500000 1671680 1875000 1586083
V2 1875000 1586083 807731 1586083
V2 807731 1586083 779960 1558312
Net66 5 
V2 3226110 1676000 3217470 1667360
V2 3217470 1667360 2500000 1667360
V2 2500000 1667360 1875000 1572198
V2 1875000 1572198 885645 1572198
V2 885645 1572198 871760 1558312
Net71 5 
V2 2797430 1632800 2793110 1637120
V2 2793110 1637120 2500000 1637120
V2 2500000 1637120 1875000 1484255
V2 1875000 1484255 385384 1484255
V2 385384 1484255 366870 1502770
Net74 5 
V2 3031252 1632800 3022612 1641440
V2 3022612 1641440 2500000 1641440
V2 2500000 1641440 1875000 1510704
V2 1875000 1510704 1011168 1510704
V2 1011168 1510704 963560 1558312
Net75 5 
V2 3187140 1632800 3174180 1645760
V2 3174180 1645760 2500000 1645760
V2 2500000 1645760 1875000 1518639
V2 1875000 1518639 1095033 1518639
V2 1095033 1518639 1055360 1558312
Net76 5 
V2 3343020 1632800 3325740 1650080
V2 3325740 1650080 2500000 1650080
V2 2500000 1650080 1875000 1526573
V2 1875000 1526573 1178899 1526573
V2 1178899 1526573 1147160 1558312
Net77 5 
V2 3420970 1632800 3399370 1654400
V2 3399370 1654400 2500000 1654400
V2 2500000 1654400 1875000 1534508
V2 1875000 1534508 1262764 1534508
V2 1262764 1534508 1238960 1558312
Net78 5 
V2 3498910 1632800 3472990 1658720
V2 3472990 1658720 2500000 1658720
V2 2500000 1658720 1875000 1542442
V2 1875000 1542442 1438420 1542442
V2 1438420 1542442 1422550 1558312
Net79 5 
V2 3576850 1632800 3546610 1663040
V2 3546610 1663040 2500000 1663040
V2 2500000 1663040 1875000 1550377
V2 1875000 1550377 1522285 1550377
V2 1522285 1550377 1514350 1558312
Net80 5 
V2 3654790 1632800 3633190 1611200
V2 3633190 1611200 2500000 1611200
V2 2500000 1611200 1875000 1465741
V2 1875000 1465741 312098 1465741
V2 312098 1465741 275070 1502770
