Nets 35
Net0 5 
V1 2797430 1978400 2791257 1984572
V1 2791257 1984572 2500000 1984572
V1 2500000 1984572 1875000 1863801
V1 1875000 1863801 392909 1863801
V1 392909 1863801 365140 1891570
Net1 5 
V1 2953310 1978400 2940966 1990743
V1 2940966 1990743 2500000 1990743
V1 2500000 1990743 1875000 1868429
V1 1875000 1868429 578800 1868429
V1 578800 1868429 555660 1891570
Net2 5 
V1 3031252 1978400 3012737 1996915
V1 3012737 1996915 2500000 1996915
V1 2500000 1996915 1875000 1873058
V1 1875000 1873058 669434 1873058
V1 669434 1873058 650922 1891570
Net3 5 
V1 3187140 1978400 3162453 2003086
V1 3162453 2003086 2500000 2003086
V1 2500000 2003086 1875000 1877686
V1 1875000 1877686 855333 1877686
V1 855333 1877686 841450 1891570
Net4 5 
V1 3265080 1978400 3234222 2009257
V1 3234222 2009257 2500000 2009257
V1 2500000 2009257 1875000 1882315
V1 1875000 1882315 945965 1882315
V1 945965 1882315 936710 1891570
Net5 5 
V1 3420970 1978400 3383941 2015428
V1 3383941 2015428 2500000 2015428
V1 2500000 2015428 1875000 1886943
V1 1875000 1886943 1131866 1886943
V1 1131866 1886943 1127240 1891570
Net7 5 
V1 2836400 1935200 2831600 1930400
V1 2831600 1930400 2500000 1930400
V1 2500000 1930400 1875000 1859172
V1 1875000 1859172 340650 1859172
V1 340650 1859172 317507 1836030
Net8 5 
V1 2914340 1935200 2904740 1925600
V1 2904740 1925600 2500000 1925600
V1 2500000 1925600 1875000 1854544
V1 1875000 1854544 431284 1854544
V1 431284 1854544 412770 1836030
Net9 5 
V1 2992280 1935200 2977880 1920800
V1 2977880 1920800 2500000 1920800
V1 2500000 1920800 1875000 1849915
V1 1875000 1849915 521915 1849915
V1 521915 1849915 508030 1836030
Net10 5 
V1 3070227 1935200 3051027 1916000
V1 3051027 1916000 2500000 1916000
V1 2500000 1916000 1875000 1845287
V1 1875000 1845287 612547 1845287
V1 612547 1845287 603290 1836030
Net11 5 
V1 3148170 1935200 3124170 1911200
V1 3124170 1911200 2500000 1911200
V1 2500000 1911200 1875000 1840658
V1 1875000 1840658 703188 1840658
V1 703188 1840658 698560 1836030
Net12 5 
V1 3304050 1935200 3275250 1906400
V1 3275250 1906400 2500000 1906400
V1 2500000 1906400 1875000 1817515
V1 1875000 1817515 812334 1817515
V1 812334 1817515 793820 1836030
Net18 5 
V1 2875370 1892000 2870570 1896800
V1 2870570 1896800 2500000 1896800
V1 2500000 1896800 1875000 1761968
V1 1875000 1761968 478919 1761968
V1 478919 1761968 460400 1780487
Net19 5 
V1 3031252 1892000 3021652 1901600
V1 3021652 1901600 2500000 1901600
V1 2500000 1901600 1875000 1799001
V1 1875000 1799001 669436 1799001
V1 669436 1799001 650922 1780487
Net26 5 
V1 2836400 1848800 2831600 1844000
V1 2831600 1844000 2500000 1844000
V1 2500000 1844000 1875000 1743454
V1 1875000 1743454 336021 1743454
V1 336021 1743454 317507 1724940
Net37 5 
V1 2875370 1805600 2870570 1810400
V1 2870570 1810400 2500000 1810400
V1 2500000 1810400 1875000 1681742
V1 1875000 1681742 646487 1681742
V1 646487 1681742 603290 1724940
Net38 5 
V1 3031252 1805600 3021652 1815200
V1 3021652 1815200 2500000 1815200
V1 2500000 1815200 1875000 1687913
V1 1875000 1687913 830846 1687913
V1 830846 1687913 793820 1724940
Net39 5 
V1 3187140 1805600 3172740 1820000
V1 3172740 1820000 2500000 1820000
V1 2500000 1820000 1875000 1694085
V1 1875000 1694085 919935 1694085
V1 919935 1694085 889080 1724940
Net40 5 
V1 3343020 1805600 3323820 1824800
V1 3323820 1824800 2500000 1824800
V1 2500000 1824800 1875000 1700256
V1 1875000 1700256 1104293 1700256
V1 1104293 1700256 1079610 1724940
Net41 5 
V1 3420970 1805600 3396970 1829600
V1 3396970 1829600 2500000 1829600
V1 2500000 1829600 1875000 1706427
V1 1875000 1706427 1193382 1706427
V1 1193382 1706427 1174870 1724940
Net42 5 
V1 3498910 1805600 3470110 1834400
V1 3470110 1834400 2500000 1834400
V1 2500000 1834400 1875000 1712598
V1 1875000 1712598 1377738 1712598
V1 1377738 1712598 1365397 1724940
Net43 5 
V1 3576850 1805600 3543250 1839200
V1 3543250 1839200 2500000 1839200
V1 2500000 1839200 1875000 1718770
V1 1875000 1718770 1466830 1718770
V1 1466830 1718770 1460660 1724940
Net44 5 
V1 2914340 1762400 2905700 1771040
V1 2905700 1771040 2500000 1771040
V1 2500000 1771040 1875000 1636077
V1 1875000 1636077 398463 1636077
V1 398463 1636077 365140 1669400
Net45 5 
V1 2992280 1762400 2975000 1779680
V1 2975000 1779680 2500000 1779680
V1 2500000 1779680 1875000 1647185
V1 1875000 1647185 482614 1647185
V1 482614 1647185 460400 1669400
Net46 5 
V1 3070227 1762400 3044307 1788320
V1 3044307 1788320 2500000 1788320
V1 2500000 1788320 1875000 1658294
V1 1875000 1658294 662028 1658294
V1 662028 1658294 650922 1669400
Net47 5 
V1 3148170 1762400 3113610 1796960
V1 3113610 1796960 2500000 1796960
V1 2500000 1796960 1875000 1675571
V1 1875000 1675571 752361 1675571
V1 752361 1675571 746190 1669400
Net62 5 
V1 2836400 1676000 2822000 1661600
V1 2822000 1661600 2500000 1661600
V1 2500000 1661600 1875000 1569421
V1 1875000 1569421 471508 1569421
V1 471508 1569421 460400 1558312
Net63 5 
V1 2992280 1676000 2963480 1647200
V1 2963480 1647200 2500000 1647200
V1 2500000 1647200 1875000 1547204
V1 1875000 1547204 566768 1547204
V1 566768 1547204 555660 1558312
Net67 5 
V1 3304050 1676000 3295410 1684640
V1 3295410 1684640 2500000 1684640
V1 2500000 1684640 1875000 1580529
V1 1875000 1580529 1303460 1580529
V1 1303460 1580529 1270130 1613860
Net68 5 
V1 3459940 1676000 3442660 1693280
V1 3442660 1693280 2500000 1693280
V1 2500000 1693280 1875000 1591638
V1 1875000 1591638 1387619 1591638
V1 1387619 1591638 1365397 1613860
Net69 5 
V1 3537880 1676000 3511960 1701920
V1 3511960 1701920 2500000 1701920
V1 2500000 1701920 1875000 1602746
V1 1875000 1602746 1471773 1602746
V1 1471773 1602746 1460660 1613860
Net70 5 
V1 3693762 1676000 3659202 1710560
V1 3659202 1710560 2500000 1710560
V1 2500000 1710560 1875000 1624968
V1 1875000 1624968 314301 1624968
V1 314301 1624968 269870 1669400
Net72 5 
V1 2875370 1632800 2864570 1622000
V1 2864570 1622000 2500000 1622000
V1 2500000 1622000 1875000 1536095
V1 1875000 1536095 446095 1536095
V1 446095 1536095 412770 1502770
Net73 5 
V1 2953310 1632800 2931710 1611200
V1 2931710 1611200 2500000 1611200
V1 2500000 1611200 1875000 1524987
V1 1875000 1524987 530247 1524987
V1 530247 1524987 508030 1502770
Net81 5 
V1 2836400 1589600 2825600 1600400
V1 2825600 1600400 2500000 1600400
V1 2500000 1600400 1875000 1513878
V1 1875000 1513878 709668 1513878
V1 709668 1513878 698560 1502770
