Nets 51
Net9 5 
M2 4152760 1972230 4124988 2000001
M2 4124988 2000001 2500000 2000001
M2 2500000 2000001 1875000 1863801
M2 1875000 1863801 297638 1863801
M2 297638 1863801 269870 1891570
Net12 5 
M2 3152500 1916687 3147450 1921737
M2 3147450 1921737 2500000 1921737
M2 2500000 1921737 1875000 1785536
M2 1875000 1785536 558523 1785536
M2 558523 1785536 508030 1836030
Net13 5 
M2 3247760 1916687 3237660 1926786
M2 3237660 1926786 2500000 1926786
M2 2500000 1926786 1875000 1790586
M2 1875000 1790586 648734 1790586
M2 648734 1790586 603290 1836030
Net14 5 
M2 3343020 1916687 3327871 1931836
M2 3327871 1931836 2500000 1931836
M2 2500000 1931836 1875000 1795635
M2 1875000 1795635 738954 1795635
M2 738954 1795635 698560 1836030
Net15 5 
M2 3438290 1916687 3418092 1936885
M2 3418092 1936885 2500000 1936885
M2 2500000 1936885 1875000 1800684
M2 1875000 1800684 829165 1800684
M2 829165 1800684 793820 1836030
Net16 5 
M2 3533550 1916687 3508303 1941934
M2 3508303 1941934 2500000 1941934
M2 2500000 1941934 1875000 1805733
M2 1875000 1805733 1109906 1805733
M2 1109906 1805733 1079610 1836030
Net17 5 
M2 3628810 1916687 3598513 1946983
M2 3598513 1946983 2500000 1946983
M2 2500000 1946983 1875000 1810783
M2 1875000 1810783 1200117 1810783
M2 1200117 1810783 1174870 1836030
Net18 5 
M2 3724077 1916687 3688732 1952033
M2 3688732 1952033 2500000 1952033
M2 2500000 1952033 1875000 1815832
M2 1875000 1815832 1290327 1815832
M2 1290327 1815832 1270130 1836030
Net19 5 
M2 3819340 1916687 3778945 1957082
M2 3778945 1957082 2500000 1957082
M2 2500000 1957082 1875000 1820881
M2 1875000 1820881 1380546 1820881
M2 1380546 1820881 1365397 1836030
Net20 5 
M2 3914600 1916687 3869156 1962131
M2 3869156 1962131 2500000 1962131
M2 2500000 1962131 1875000 1825930
M2 1875000 1825930 1470759 1825930
M2 1470759 1825930 1460660 1836030
Net21 5 
M2 4009860 1916687 3959366 1967180
M2 3959366 1967180 2500000 1967180
M2 2500000 1967180 1875000 1830980
M2 1875000 1830980 1560970 1830980
M2 1560970 1830980 1555920 1836030
Net25 5 
M2 3104870 1861140 3098692 1867317
M2 3098692 1867317 2500000 1867317
M2 2500000 1867317 1875000 1731111
M2 1875000 1731111 700298 1731111
M2 700298 1731111 650922 1780487
Net26 5 
M2 3200130 1861140 3187781 1873488
M2 3187781 1873488 2500000 1873488
M2 2500000 1873488 1875000 1737282
M2 1875000 1737282 789395 1737282
M2 789395 1737282 746190 1780487
Net27 5 
M2 3295390 1861140 3276870 1879660
M2 3276870 1879660 2500000 1879660
M2 2500000 1879660 1875000 1743453
M2 1875000 1743453 878483 1743453
M2 878483 1743453 841450 1780487
Net28 5 
M2 3485920 1861140 3461228 1885831
M2 3461228 1885831 2500000 1885831
M2 2500000 1885831 1875000 1749625
M2 1875000 1749625 967572 1749625
M2 967572 1749625 936710 1780487
Net29 5 
M2 3581180 1861140 3550317 1892002
M2 3550317 1892002 2500000 1892002
M2 2500000 1892002 1875000 1755796
M2 1875000 1755796 1056671 1755796
M2 1056671 1755796 1031980 1780487
Net30 5 
M2 3771710 1861140 3734676 1898173
M2 3734676 1898173 2500000 1898173
M2 2500000 1898173 1875000 1761967
M2 1875000 1761967 1241020 1761967
M2 1241020 1761967 1222500 1780487
Net31 5 
M2 3866970 1861140 3823765 1904345
M2 3823765 1904345 2500000 1904345
M2 2500000 1904345 1875000 1768138
M2 1875000 1768138 1330111 1768138
M2 1330111 1768138 1317762 1780487
Net32 5 
M2 4057492 1861140 4008116 1910516
M2 4008116 1910516 2500000 1910516
M2 2500000 1910516 1875000 1774310
M2 1875000 1774310 1514467 1774310
M2 1514467 1774310 1508290 1780487
Net36 5 
M2 3152500 1805600 3145559 1812540
M2 3145559 1812540 2500000 1812540
M2 2500000 1812540 1875000 1676342
M2 1875000 1676342 651887 1676342
M2 651887 1676342 603290 1724940
Net37 5 
M2 3343020 1805600 3329136 1819483
M2 3329136 1819483 2500000 1819483
M2 2500000 1819483 1875000 1683285
M2 1875000 1683285 835474 1683285
M2 835474 1683285 793820 1724940
Net38 5 
M2 3438290 1805600 3417463 1826426
M2 3417463 1826426 2500000 1826426
M2 2500000 1826426 1875000 1690228
M2 1875000 1690228 923791 1690228
M2 923791 1690228 889080 1724940
Net39 5 
M2 3628810 1805600 3601041 1833369
M2 3601041 1833369 2500000 1833369
M2 2500000 1833369 1875000 1697171
M2 1875000 1697171 1107379 1697171
M2 1107379 1697171 1079610 1724940
Net40 5 
M2 3724077 1805600 3689365 1840311
M2 3689365 1840311 2500000 1840311
M2 2500000 1840311 1875000 1704113
M2 1875000 1704113 1195696 1704113
M2 1195696 1704113 1174870 1724940
Net41 5 
M2 3914600 1805600 3872945 1847254
M2 3872945 1847254 2500000 1847254
M2 2500000 1847254 1875000 1711056
M2 1875000 1711056 1379281 1711056
M2 1379281 1711056 1365397 1724940
Net42 5 
M2 4009860 1805600 3961262 1854197
M2 3961262 1854197 2500000 1854197
M2 2500000 1854197 1875000 1717999
M2 1875000 1717999 1467600 1717999
M2 1467600 1717999 1460660 1724940
Net46 5 
M2 3200130 1750060 3193189 1757000
M2 3193189 1757000 2500000 1757000
M2 2500000 1757000 1875000 1620802
M2 1875000 1620802 699519 1620802
M2 699519 1620802 650922 1669400
Net47 5 
M2 3295390 1750060 3281506 1763943
M2 3281506 1763943 2500000 1763943
M2 2500000 1763943 1875000 1627745
M2 1875000 1627745 787844 1627745
M2 787844 1627745 746190 1669400
Net48 5 
M2 3485920 1750060 3465093 1770886
M2 3465093 1770886 2500000 1770886
M2 2500000 1770886 1875000 1634688
M2 1875000 1634688 971421 1634688
M2 971421 1634688 936710 1669400
Net49 5 
M2 3581180 1750060 3553411 1777829
M2 3553411 1777829 2500000 1777829
M2 2500000 1777829 1875000 1641631
M2 1875000 1641631 1059749 1641631
M2 1059749 1641631 1031980 1669400
Net50 5 
M2 3771710 1750060 3736998 1784771
M2 3736998 1784771 2500000 1784771
M2 2500000 1784771 1875000 1648573
M2 1875000 1648573 1243326 1648573
M2 1243326 1648573 1222500 1669400
Net51 5 
M2 3866970 1750060 3825315 1791714
M2 3825315 1791714 2500000 1791714
M2 2500000 1791714 1875000 1655516
M2 1875000 1655516 1331646 1655516
M2 1331646 1655516 1317762 1669400
Net52 5 
M2 4057492 1750060 4008895 1798657
M2 4008895 1798657 2500000 1798657
M2 2500000 1798657 1875000 1662459
M2 1875000 1662459 1515230 1662459
M2 1515230 1662459 1508290 1669400
Net56 5 
M2 3152500 1694512 3146322 1700690
M2 3146322 1700690 2500000 1700690
M2 2500000 1700690 1875000 1569421
M2 1875000 1569421 647729 1569421
M2 647729 1569421 603290 1613860
Net57 5 
M2 3343020 1694512 3330671 1706861
M2 3330671 1706861 2500000 1706861
M2 2500000 1706861 1875000 1574975
M2 1875000 1574975 832704 1574975
M2 832704 1574975 793820 1613860
Net58 5 
M2 3438290 1694512 3419770 1713032
M2 3419770 1713032 2500000 1713032
M2 2500000 1713032 1875000 1580529
M2 1875000 1580529 922410 1580529
M2 922410 1580529 889080 1613860
Net59 5 
M2 3533550 1694512 3508858 1719203
M2 3508858 1719203 2500000 1719203
M2 2500000 1719203 1875000 1586083
M2 1875000 1586083 1107386 1586083
M2 1107386 1586083 1079610 1613860
Net60 5 
M2 3628810 1694512 3597947 1725375
M2 3597947 1725375 2500000 1725375
M2 2500000 1725375 1875000 1591638
M2 1875000 1591638 1197092 1591638
M2 1197092 1591638 1174870 1613860
Net61 5 
M2 3724077 1694512 3687043 1731546
M2 3687043 1731546 2500000 1731546
M2 2500000 1731546 1875000 1597192
M2 1875000 1597192 1286797 1597192
M2 1286797 1597192 1270130 1613860
Net62 5 
M2 3914600 1694512 3871395 1737717
M2 3871395 1737717 2500000 1737717
M2 2500000 1737717 1875000 1602746
M2 1875000 1602746 1376511 1602746
M2 1376511 1602746 1365397 1613860
Net63 5 
M2 4009860 1694512 3960483 1743888
M2 3960483 1743888 2500000 1743888
M2 2500000 1743888 1875000 1608300
M2 1875000 1608300 1466219 1608300
M2 1466219 1608300 1460660 1613860
Net65 5 
M2 2819080 1638970 2791308 1666741
M2 2791308 1666741 2500000 1666741
M2 2500000 1666741 1875000 1563866
M2 1875000 1563866 370694 1563866
M2 370694 1563866 365140 1558312
Net78 5 
M2 2866710 1583430 2861158 1588981
M2 2861158 1588981 2500000 1588981
M2 2500000 1588981 1875000 1453398
M2 1875000 1453398 366878 1453398
M2 366878 1453398 317507 1502770
Net80 5 
M2 3152500 1583430 3141394 1594536
M2 3141394 1594536 2500000 1594536
M2 2500000 1594536 1875000 1459570
M2 1875000 1459570 551230 1459570
M2 551230 1459570 508030 1502770
Net81 5 
M2 3247760 1583430 3231099 1600090
M2 3231099 1600090 2500000 1600090
M2 2500000 1600090 1875000 1465741
M2 1875000 1465741 735588 1465741
M2 735588 1465741 698560 1502770
Net82 5 
M2 3438290 1583430 3416075 1605644
M2 3416075 1605644 2500000 1605644
M2 2500000 1605644 1875000 1471912
M2 1875000 1471912 824677 1471912
M2 824677 1471912 793820 1502770
Net83 5 
M2 3533550 1583430 3505781 1611198
M2 3505781 1611198 2500000 1611198
M2 2500000 1611198 1875000 1478083
M2 1875000 1478083 1104296 1478083
M2 1104296 1478083 1079610 1502770
Net84 5 
M2 3724077 1583430 3690754 1616753
M2 3690754 1616753 2500000 1616753
M2 2500000 1616753 1875000 1484255
M2 1875000 1484255 1288645 1484255
M2 1288645 1484255 1270130 1502770
Net85 5 
M2 3819340 1583430 3780462 1622307
M2 3780462 1622307 2500000 1622307
M2 2500000 1622307 1875000 1490426
M2 1875000 1490426 1377741 1490426
M2 1377741 1490426 1365397 1502770
Net86 5 
M2 4009860 1583430 3965428 1627861
M2 3965428 1627861 2500000 1627861
M2 2500000 1627861 1875000 1496597
M2 1875000 1496597 1562092 1496597
M2 1562092 1496597 1555920 1502770
Net87 5 
M2 4105130 1583430 4055144 1633415
M2 4055144 1633415 2500000 1633415
M2 2500000 1633415 1875000 1530541
M2 1875000 1530541 250011 1530541
M2 250011 1530541 222240 1502770
