Nets 48
Net6 5 
M2 3760880 1978400 3739280 2000000
M2 3739280 2000000 2500000 2000000
M2 2500000 2000000 1875000 1863800
M2 1875000 1863800 592420 1863800
M2 592420 1863800 570820 1885400
Net9 5 
M2 3024760 1935200 3019360 1940600
M2 3019360 1940600 2500000 1940600
M2 2500000 1940600 1875000 1804400
M2 1875000 1804400 911730 1804400
M2 911730 1804400 873930 1842200
Net10 5 
M2 3111360 1935200 3100560 1946000
M2 3100560 1946000 2500000 1946000
M2 2500000 1946000 1875000 1809800
M2 1875000 1809800 992930 1809800
M2 992930 1809800 960530 1842200
Net11 5 
M2 3197962 1935200 3181762 1951400
M2 3181762 1951400 2500000 1951400
M2 2500000 1951400 1875000 1815200
M2 1875000 1815200 1160732 1815200
M2 1160732 1815200 1133732 1842200
Net12 5 
M2 3371170 1935200 3349570 1956800
M2 3349570 1956800 2500000 1956800
M2 2500000 1956800 1875000 1820600
M2 1875000 1820600 1328540 1820600
M2 1328540 1820600 1306940 1842200
Net13 5 
M2 3457770 1935200 3430770 1962200
M2 3430770 1962200 2500000 1962200
M2 2500000 1962200 1875000 1826000
M2 1875000 1826000 1409740 1826000
M2 1409740 1826000 1393540 1842200
Net14 5 
M2 3544372 1935200 3511972 1967600
M2 3511972 1967600 2500000 1967600
M2 2500000 1967600 1875000 1831400
M2 1875000 1831400 1490942 1831400
M2 1490942 1831400 1480142 1842200
Net15 5 
M2 3630980 1935200 3593180 1973000
M2 3593180 1973000 2500000 1973000
M2 2500000 1973000 1875000 1836800
M2 1875000 1836800 1572150 1836800
M2 1572150 1836800 1566750 1842200
Net19 5 
M2 3068060 1892000 3061887 1898172
M2 3061887 1898172 2500000 1898172
M2 2500000 1898172 1875000 1761971
M2 1875000 1761971 1040858 1761971
M2 1040858 1761971 1003830 1799000
Net20 5 
M2 3241267 1892000 3228923 1904343
M2 3228923 1904343 2500000 1904343
M2 2500000 1904343 1875000 1768142
M2 1875000 1768142 1121287 1768142
M2 1121287 1768142 1090430 1799000
Net21 5 
M2 3327870 1892000 3309355 1910515
M2 3309355 1910515 2500000 1910515
M2 2500000 1910515 1875000 1774313
M2 1875000 1774313 1201723 1774313
M2 1201723 1774313 1177037 1799000
Net22 5 
M2 3414470 1892000 3389783 1916686
M2 3389783 1916686 2500000 1916686
M2 2500000 1916686 1875000 1780485
M2 1875000 1780485 1282155 1780485
M2 1282155 1780485 1263640 1799000
Net23 5 
M2 3587677 1892000 3556820 1922857
M2 3556820 1922857 2500000 1922857
M2 2500000 1922857 1875000 1786656
M2 1875000 1786656 1362583 1786656
M2 1362583 1786656 1350240 1799000
Net24 5 
M2 3674280 1892000 3637251 1929028
M2 3637251 1929028 2500000 1929028
M2 2500000 1929028 1875000 1792827
M2 1875000 1792827 1529620 1792827
M2 1529620 1792827 1523447 1799000
Net28 5 
M2 3024760 1848800 3019360 1854200
M2 3019360 1854200 2500000 1854200
M2 2500000 1854200 1875000 1718000
M2 1875000 1718000 911730 1718000
M2 911730 1718000 873930 1755800
Net29 5 
M2 3111360 1848800 3100560 1859600
M2 3100560 1859600 2500000 1859600
M2 2500000 1859600 1875000 1723400
M2 1875000 1723400 992930 1723400
M2 992930 1723400 960530 1755800
Net30 5 
M2 3284570 1848800 3268370 1865000
M2 3268370 1865000 2500000 1865000
M2 2500000 1865000 1875000 1728800
M2 1875000 1728800 1074130 1728800
M2 1074130 1728800 1047130 1755800
Net31 5 
M2 3371170 1848800 3349570 1870400
M2 3349570 1870400 2500000 1870400
M2 2500000 1870400 1875000 1734200
M2 1875000 1734200 1155332 1734200
M2 1155332 1734200 1133732 1755800
Net32 5 
M2 3457770 1848800 3430770 1875800
M2 3430770 1875800 2500000 1875800
M2 2500000 1875800 1875000 1739600
M2 1875000 1739600 1323140 1739600
M2 1323140 1739600 1306940 1755800
Net33 5 
M2 3630980 1848800 3598580 1881200
M2 3598580 1881200 2500000 1881200
M2 2500000 1881200 1875000 1745000
M2 1875000 1745000 1490942 1745000
M2 1490942 1745000 1480142 1755800
Net34 5 
M2 3717580 1848800 3679780 1886600
M2 3679780 1886600 2500000 1886600
M2 2500000 1886600 1875000 1750400
M2 1875000 1750400 1572150 1750400
M2 1572150 1750400 1566750 1755800
Net38 5 
M2 3068060 1805600 3061887 1811772
M2 3061887 1811772 2500000 1811772
M2 2500000 1811772 1875000 1675571
M2 1875000 1675571 954258 1675571
M2 954258 1675571 917230 1712600
Net39 5 
M2 3241267 1805600 3228923 1817943
M2 3228923 1817943 2500000 1817943
M2 2500000 1817943 1875000 1681742
M2 1875000 1681742 1034687 1681742
M2 1034687 1681742 1003830 1712600
Net40 5 
M2 3414470 1805600 3395955 1824115
M2 3395955 1824115 2500000 1824115
M2 2500000 1824115 1875000 1687913
M2 1875000 1687913 1201723 1687913
M2 1201723 1687913 1177037 1712600
Net41 5 
M2 3501070 1805600 3476383 1830286
M2 3476383 1830286 2500000 1830286
M2 2500000 1830286 1875000 1694085
M2 1875000 1694085 1282155 1694085
M2 1282155 1694085 1263640 1712600
Net42 5 
M2 3587677 1805600 3556820 1836457
M2 3556820 1836457 2500000 1836457
M2 2500000 1836457 1875000 1700256
M2 1875000 1700256 1362583 1700256
M2 1362583 1700256 1350240 1712600
Net43 5 
M2 3674280 1805600 3637251 1842628
M2 3637251 1842628 2500000 1842628
M2 2500000 1842628 1875000 1706427
M2 1875000 1706427 1443012 1706427
M2 1443012 1706427 1436840 1712600
Net55 5 
M2 3241267 1719200 3230467 1730000
M2 3230467 1730000 2500000 1730000
M2 2500000 1730000 1875000 1597400
M2 1875000 1597400 1032630 1597400
M2 1032630 1597400 1003830 1626200
Net56 5 
M2 3327870 1719200 3306270 1740800
M2 3306270 1740800 2500000 1740800
M2 2500000 1740800 1875000 1611800
M2 1875000 1611800 1104830 1611800
M2 1104830 1611800 1090430 1626200
Net61 5 
M2 3760880 1719200 3728480 1751600
M2 3728480 1751600 2500000 1751600
M2 2500000 1751600 1875000 1647800
M2 1875000 1647800 592420 1647800
M2 592420 1647800 570820 1626200
Net64 5 
M2 3111360 1676000 3105187 1682172
M2 3105187 1682172 2500000 1682172
M2 2500000 1682172 1875000 1545971
M2 1875000 1545971 997558 1545971
M2 997558 1545971 960530 1583000
Net65 5 
M2 3197962 1676000 3185618 1688343
M2 3185618 1688343 2500000 1688343
M2 2500000 1688343 1875000 1552142
M2 1875000 1552142 1077987 1552142
M2 1077987 1552142 1047130 1583000
Net66 5 
M2 3284570 1676000 3266055 1694515
M2 3266055 1694515 2500000 1694515
M2 2500000 1694515 1875000 1558313
M2 1875000 1558313 1158418 1558313
M2 1158418 1558313 1133732 1583000
Net67 5 
M2 3371170 1676000 3346483 1700686
M2 3346483 1700686 2500000 1700686
M2 2500000 1700686 1875000 1564485
M2 1875000 1564485 1325455 1564485
M2 1325455 1564485 1306940 1583000
Net68 5 
M2 3544372 1676000 3513515 1706857
M2 3513515 1706857 2500000 1706857
M2 2500000 1706857 1875000 1570656
M2 1875000 1570656 1492486 1570656
M2 1492486 1570656 1480142 1583000
Net69 5 
M2 3630980 1676000 3593951 1713028
M2 3593951 1713028 2500000 1713028
M2 2500000 1713028 1875000 1576827
M2 1875000 1576827 1572922 1576827
M2 1572922 1576827 1566750 1583000
Net73 5 
M2 2981460 1632800 2976060 1638200
M2 2976060 1638200 2500000 1638200
M2 2500000 1638200 1875000 1502000
M2 1875000 1502000 955030 1502000
M2 955030 1502000 917230 1539800
Net74 5 
M2 3068060 1632800 3057260 1643600
M2 3057260 1643600 2500000 1643600
M2 2500000 1643600 1875000 1507400
M2 1875000 1507400 1036230 1507400
M2 1036230 1507400 1003830 1539800
Net75 5 
M2 3241267 1632800 3225067 1649000
M2 3225067 1649000 2500000 1649000
M2 2500000 1649000 1875000 1512800
M2 1875000 1512800 1204037 1512800
M2 1204037 1512800 1177037 1539800
Net76 5 
M2 3414470 1632800 3392870 1654400
M2 3392870 1654400 2500000 1654400
M2 2500000 1654400 1875000 1518200
M2 1875000 1518200 1285240 1518200
M2 1285240 1518200 1263640 1539800
Net77 5 
M2 3501070 1632800 3474070 1659800
M2 3474070 1659800 2500000 1659800
M2 2500000 1659800 1875000 1523600
M2 1875000 1523600 1366440 1523600
M2 1366440 1523600 1350240 1539800
Net78 5 
M2 3587677 1632800 3555277 1665200
M2 3555277 1665200 2500000 1665200
M2 2500000 1665200 1875000 1529000
M2 1875000 1529000 1447640 1529000
M2 1447640 1529000 1436840 1539800
Net79 5 
M2 3674280 1632800 3636480 1670600
M2 3636480 1670600 2500000 1670600
M2 2500000 1670600 1875000 1534400
M2 1875000 1534400 1528847 1534400
M2 1528847 1534400 1523447 1539800
Net82 5 
M2 3024760 1589600 3017560 1596800
M2 3017560 1596800 2500000 1596800
M2 2500000 1596800 1875000 1460600
M2 1875000 1460600 1083130 1460600
M2 1083130 1460600 1047130 1496600
Net83 5 
M2 3111360 1589600 3096960 1604000
M2 3096960 1604000 2500000 1604000
M2 2500000 1604000 1875000 1467800
M2 1875000 1467800 1162532 1467800
M2 1162532 1467800 1133732 1496600
Net84 5 
M2 3284570 1589600 3262970 1611200
M2 3262970 1611200 2500000 1611200
M2 2500000 1611200 1875000 1475000
M2 1875000 1475000 1328540 1475000
M2 1328540 1475000 1306940 1496600
Net85 5 
M2 3371170 1589600 3342370 1618400
M2 3342370 1618400 2500000 1618400
M2 2500000 1618400 1875000 1482200
M2 1875000 1482200 1407940 1482200
M2 1407940 1482200 1393540 1496600
Net86 5 
M2 3544372 1589600 3508372 1625600
M2 3508372 1625600 2500000 1625600
M2 2500000 1625600 1875000 1489400
M2 1875000 1489400 1573950 1489400
M2 1573950 1489400 1566750 1496600
