Nets 42
Net0 5 
V1 2782270 1978400 2773630 1987040
V1 2773630 1987040 2500000 1987040
V1 2500000 1987040 1875000 1859480
V1 1875000 1859480 1329850 1859480
V1 1329850 1859480 1312570 1876760
Net1 5 
V1 2913910 1978400 2896630 1995680
V1 2896630 1995680 2500000 1995680
V1 2500000 1995680 1875000 1863800
V1 1875000 1863800 1432917 1863800
V1 1432917 1863800 1419957 1876760
Net2 5 
V1 2979730 1978400 2953810 2004320
V1 2953810 2004320 2500000 2004320
V1 2500000 2004320 1875000 1868120
V1 1875000 1868120 1535980 1868120
V1 1535980 1868120 1527340 1876760
Net3 5 
V1 3111360 1978400 3076800 2012960
V1 3076800 2012960 2500000 2012960
V1 2500000 2012960 1875000 1872440
V1 1875000 1872440 1585360 1872440
V1 1585360 1872440 1581040 1876760
Net6 5 
V1 3506270 1978400 3500098 1972228
V1 3500098 1972228 2500000 1972228
V1 2500000 1972228 1875000 1855160
V1 1875000 1855160 1280472 1855160
V1 1280472 1855160 1258872 1876760
Net7 5 
V1 2815180 1935200 2809007 1941372
V1 2809007 1941372 2500000 1941372
V1 2500000 1941372 1875000 1829240
V1 1875000 1829240 1316890 1829240
V1 1316890 1829240 1312570 1824920
Net8 5 
V1 2881000 1935200 2872360 1926560
V1 2872360 1926560 2500000 1926560
V1 2500000 1926560 1875000 1811960
V1 1875000 1811960 1379220 1811960
V1 1379220 1811960 1366260 1824920
Net9 5 
V1 2946820 1935200 2934476 1947543
V1 2934476 1947543 2500000 1947543
V1 2500000 1947543 1875000 1833560
V1 1875000 1833560 1356697 1833560
V1 1356697 1833560 1339417 1850840
Net10 5 
V1 3012637 1935200 2994122 1953715
V1 2994122 1953715 2500000 1953715
V1 2500000 1953715 1875000 1837880
V1 1875000 1837880 1406070 1837880
V1 1406070 1837880 1393110 1850840
Net11 5 
V1 3078450 1935200 3053763 1959886
V1 3053763 1959886 2500000 1959886
V1 2500000 1959886 1875000 1842200
V1 1875000 1842200 1455440 1842200
V1 1455440 1842200 1446800 1850840
Net12 5 
V1 3210090 1935200 3179232 1966057
V1 3179232 1966057 2500000 1966057
V1 2500000 1966057 1875000 1846520
V1 1875000 1846520 1504817 1846520
V1 1504817 1846520 1500497 1850840
Net17 5 
V1 2782270 1892000 2775070 1884800
V1 2775070 1884800 2500000 1884800
V1 2500000 1884800 1875000 1778264
V1 1875000 1778264 1360153 1778264
V1 1360153 1778264 1339417 1799000
Net18 5 
V1 2848090 1892000 2839450 1900640
V1 2839450 1900640 2500000 1900640
V1 2500000 1900640 1875000 1783448
V1 1875000 1783448 1408662 1783448
V1 1408662 1783448 1393110 1799000
Net19 5 
V1 2979730 1892000 2962450 1909280
V1 2962450 1909280 2500000 1909280
V1 2500000 1909280 1875000 1788632
V1 1875000 1788632 1457168 1788632
V1 1457168 1788632 1446800 1799000
Net20 5 
V1 3111360 1892000 3085440 1917920
V1 3085440 1917920 2500000 1917920
V1 2500000 1917920 1875000 1793816
V1 1875000 1793816 1505681 1793816
V1 1505681 1793816 1500497 1799000
Net22 5 
V1 3243000 1892000 3228600 1877600
V1 3228600 1877600 2500000 1877600
V1 2500000 1877600 1875000 1764440
V1 1875000 1764440 1535980 1764440
V1 1535980 1764440 1527340 1773080
Net26 5 
V1 2815180 1848800 2804380 1838000
V1 2804380 1838000 2500000 1838000
V1 2500000 1838000 1875000 1703960
V1 1875000 1703960 1329850 1703960
V1 1329850 1703960 1312570 1721240
Net27 5 
V1 2881000 1848800 2873800 1856000
V1 2873800 1856000 2500000 1856000
V1 2500000 1856000 1875000 1712600
V1 1875000 1712600 1374900 1712600
V1 1374900 1712600 1366260 1721240
Net28 5 
V1 2946820 1848800 2932420 1863200
V1 2932420 1863200 2500000 1863200
V1 2500000 1863200 1875000 1734200
V1 1875000 1734200 1406070 1734200
V1 1406070 1734200 1393110 1747160
Net30 5 
V1 3144270 1848800 3122670 1870400
V1 3122670 1870400 2500000 1870400
V1 2500000 1870400 1875000 1755800
V1 1875000 1755800 1329850 1755800
V1 1329850 1755800 1312570 1773080
Net36 5 
V1 2782270 1805600 2775070 1798400
V1 2775070 1798400 2500000 1798400
V1 2500000 1798400 1875000 1675880
V1 1875000 1675880 1358857 1675880
V1 1358857 1675880 1339417 1695320
Net39 5 
V1 3111360 1805600 3100560 1816400
V1 3100560 1816400 2500000 1816400
V1 2500000 1816400 1875000 1682360
V1 1875000 1682360 1513457 1682360
V1 1513457 1682360 1500497 1695320
Net40 5 
V1 3243000 1805600 3221400 1827200
V1 3221400 1827200 2500000 1827200
V1 2500000 1827200 1875000 1688840
V1 1875000 1688840 1614360 1688840
V1 1614360 1688840 1607880 1695320
Net45 5 
V1 2946820 1762400 2939620 1769600
V1 2939620 1769600 2500000 1769600
V1 2500000 1769600 1875000 1626200
V1 1875000 1626200 1410390 1626200
V1 1410390 1626200 1393110 1643480
Net46 5 
V1 3012637 1762400 2998237 1776800
V1 2998237 1776800 2500000 1776800
V1 2500000 1776800 1875000 1634840
V1 1875000 1634840 1455440 1634840
V1 1455440 1634840 1446800 1643480
Net47 5 
V1 3078450 1762400 3056850 1784000
V1 3056850 1784000 2500000 1784000
V1 2500000 1784000 1875000 1652120
V1 1875000 1652120 1329850 1652120
V1 1329850 1652120 1312570 1669400
Net51 5 
V1 3473360 1762400 3444560 1791200
V1 3444560 1791200 2500000 1791200
V1 2500000 1791200 1875000 1660760
V1 1875000 1660760 1589680 1660760
V1 1589680 1660760 1581040 1669400
Net52 5 
V1 2782270 1719200 2773630 1727840
V1 2773630 1727840 2500000 1727840
V1 2500000 1727840 1875000 1596824
V1 1875000 1596824 1333306 1596824
V1 1333306 1596824 1312570 1617560
Net53 5 
V1 2848090 1719200 2830810 1736480
V1 2830810 1736480 2500000 1736480
V1 2500000 1736480 1875000 1602008
V1 1875000 1602008 1381812 1602008
V1 1381812 1602008 1366260 1617560
Net54 5 
V1 2979730 1719200 2953810 1745120
V1 2953810 1745120 2500000 1745120
V1 2500000 1745120 1875000 1607192
V1 1875000 1607192 1484018 1607192
V1 1484018 1607192 1473650 1617560
Net56 5 
V1 3177180 1719200 3166380 1708400
V1 3166380 1708400 2500000 1708400
V1 2500000 1708400 1875000 1578680
V1 1875000 1578680 1620840 1578680
V1 1620840 1578680 1607880 1591640
Net58 5 
V1 3308817 1719200 3274257 1753760
V1 3274257 1753760 2500000 1753760
V1 2500000 1753760 1875000 1612376
V1 1875000 1612376 1532524 1612376
V1 1532524 1612376 1527340 1617560
Net63 5 
V1 2946820 1676000 2936020 1686800
V1 2936020 1686800 2500000 1686800
V1 2500000 1686800 1875000 1552760
V1 1875000 1552760 1325530 1552760
V1 1325530 1552760 1312570 1565720
Net66 5 
V1 3144270 1676000 3122670 1697600
V1 3122670 1697600 2500000 1697600
V1 2500000 1697600 1875000 1559240
V1 1875000 1559240 1372740 1559240
V1 1372740 1559240 1366260 1565720
Net75 5 
V1 3111360 1632800 3105187 1638972
V1 3105187 1638972 2500000 1638972
V1 2500000 1638972 1875000 1500920
V1 1875000 1500920 1486610 1500920
V1 1486610 1500920 1473650 1513880
Net76 5 
V1 3243000 1632800 3230656 1645143
V1 3230656 1645143 2500000 1645143
V1 2500000 1645143 1875000 1505240
V1 1875000 1505240 1535980 1505240
V1 1535980 1505240 1527340 1513880
Net77 5 
V1 3308817 1632800 3290302 1651315
V1 3290302 1651315 2500000 1651315
V1 2500000 1651315 1875000 1509560
V1 1875000 1509560 1585360 1509560
V1 1585360 1509560 1581040 1513880
Net78 5 
V1 3374630 1632800 3349943 1657486
V1 3349943 1657486 2500000 1657486
V1 2500000 1657486 1875000 1522520
V1 1875000 1522520 1571470 1522520
V1 1571470 1522520 1554190 1539800
Net79 5 
V1 3440450 1632800 3409592 1663657
V1 3409592 1663657 2500000 1663657
V1 2500000 1663657 1875000 1531160
V1 1875000 1531160 1616520 1531160
V1 1616520 1531160 1607880 1539800
Net80 5 
V1 3506270 1632800 3469241 1669828
V1 3469241 1669828 2500000 1669828
V1 2500000 1669828 1875000 1546280
V1 1875000 1546280 1278312 1546280
V1 1278312 1546280 1258872 1565720
Net81 5 
V1 2815180 1589600 2800780 1604000
V1 2800780 1604000 2500000 1604000
V1 2500000 1604000 1875000 1492280
V1 1875000 1492280 1334170 1492280
V1 1334170 1492280 1312570 1513880
Net82 5 
V1 2946820 1589600 2918020 1618400
V1 2918020 1618400 2500000 1618400
V1 2500000 1618400 1875000 1496600
V1 1875000 1496600 1383540 1496600
V1 1383540 1496600 1366260 1513880
