Nets 26
Net11 5 
V2 2961970 1916687 2954034 1924623
V2 2954034 1924623 2500000 1924623
V2 2500000 1924623 1875000 1806200
V2 1875000 1806200 823322 1806200
V2 823322 1806200 787322 1842200
Net12 5 
V2 3152500 1916687 3136630 1932557
V2 3136630 1932557 2500000 1932557
V2 2500000 1932557 1875000 1813400
V2 1875000 1813400 902730 1813400
V2 902730 1813400 873930 1842200
Net13 5 
V2 3247760 1916687 3223955 1940492
V2 3223955 1940492 2500000 1940492
V2 2500000 1940492 1875000 1820600
V2 1875000 1820600 982130 1820600
V2 982130 1820600 960530 1842200
Net14 5 
V2 3343020 1916687 3311281 1948426
V2 3311281 1948426 2500000 1948426
V2 2500000 1948426 1875000 1827800
V2 1875000 1827800 1148132 1827800
V2 1148132 1827800 1133732 1842200
Net15 5 
V2 3438290 1916687 3398616 1956361
V2 3398616 1956361 2500000 1956361
V2 2500000 1956361 1875000 1835000
V2 1875000 1835000 1314140 1835000
V2 1314140 1835000 1306940 1842200
Net22 5 
V2 4105130 1916687 4057522 1964295
V2 4057522 1964295 2500000 1964295
V2 2500000 1964295 1875000 1863800
V2 1875000 1863800 592420 1863800
V2 592420 1863800 570820 1885400
Net23 5 
V2 2914340 1861140 2886563 1888916
V2 2886563 1888916 2500000 1888916
V2 2500000 1888916 1875000 1784600
V2 1875000 1784600 758420 1784600
V2 758420 1784600 744020 1799000
Net34 5 
V2 2866710 1805600 2848198 1824112
V2 2848198 1824112 2500000 1824112
V2 2500000 1824112 1875000 1734200
V2 1875000 1734200 722320 1734200
V2 722320 1734200 700720 1755800
Net43 5 
V2 4105130 1805600 4068104 1842626
V2 4068104 1842626 2500000 1842626
V2 2500000 1842626 1875000 1770200
V2 1875000 1770200 599620 1770200
V2 599620 1770200 570820 1799000
Net54 5 
V2 2866710 1694512 2848190 1713032
V2 2848190 1713032 2500000 1713032
V2 2500000 1713032 1875000 1615400
V2 1875000 1615400 754820 1615400
V2 754820 1615400 744020 1626200
Net61 5 
V2 3724077 1694512 3717906 1688341
V2 3717906 1688341 2500000 1688341
V2 2500000 1688341 1875000 1604600
V2 1875000 1604600 1328540 1604600
V2 1328540 1604600 1306940 1583000
Net62 5 
V2 3914600 1694512 3902257 1682170
V2 3902257 1682170 2500000 1682170
V2 2500000 1682170 1875000 1593800
V2 1875000 1593800 1490942 1593800
V2 1490942 1593800 1480142 1583000
Net63 5 
V2 4009860 1694512 3991346 1675998
V2 3991346 1675998 2500000 1675998
V2 2500000 1675998 1875000 1578680
V2 1875000 1578680 1571070 1578680
V2 1571070 1578680 1566750 1583000
Net64 5 
V2 4105130 1694512 4068096 1731546
V2 4068096 1731546 2500000 1731546
V2 2500000 1731546 1875000 1647800
V2 1875000 1647800 592420 1647800
V2 592420 1647800 570820 1626200
Net66 5 
V2 2914340 1638970 2908167 1645142
V2 2908167 1645142 2500000 1645142
V2 2500000 1645142 1875000 1557080
V2 1875000 1557080 726640 1557080
V2 726640 1557080 700720 1583000
Net67 5 
V2 3009602 1638970 2997258 1651313
V2 2997258 1651313 2500000 1651313
V2 2500000 1651313 1875000 1561400
V2 1875000 1561400 808922 1561400
V2 808922 1561400 787322 1583000
Net68 5 
V2 3104870 1638970 3086355 1657485
V2 3086355 1657485 2500000 1657485
V2 2500000 1657485 1875000 1565720
V2 1875000 1565720 977810 1565720
V2 977810 1565720 960530 1583000
Net69 5 
V2 3200130 1638970 3175443 1663656
V2 3175443 1663656 2500000 1663656
V2 2500000 1663656 1875000 1570040
V2 1875000 1570040 1060090 1570040
V2 1060090 1570040 1047130 1583000
Net70 5 
V2 3295390 1638970 3264532 1669827
V2 3264532 1669827 2500000 1669827
V2 2500000 1669827 1875000 1574360
V2 1875000 1574360 1142372 1574360
V2 1142372 1574360 1133732 1583000
Net73 5 
V2 3771710 1638970 3764767 1632027
V2 3764767 1632027 2500000 1632027
V2 2500000 1632027 1875000 1552760
V2 1875000 1552760 1276600 1552760
V2 1276600 1552760 1263640 1539800
Net74 5 
V2 3866970 1638970 3853084 1625084
V2 3853084 1625084 2500000 1625084
V2 2500000 1625084 1875000 1548440
V2 1875000 1548440 1358880 1548440
V2 1358880 1548440 1350240 1539800
Net75 5 
V2 3962230 1638970 3941401 1618141
V2 3941401 1618141 2500000 1618141
V2 2500000 1618141 1875000 1544120
V2 1875000 1544120 1441160 1544120
V2 1441160 1544120 1436840 1539800
Net76 5 
V2 4057492 1638970 4029721 1611199
V2 4029721 1611199 2500000 1611199
V2 2500000 1611199 1875000 1531160
V2 1875000 1531160 1532087 1531160
V2 1532087 1531160 1523447 1539800
Net78 5 
V2 2866710 1583430 2859769 1590370
V2 2859769 1590370 2500000 1590370
V2 2500000 1590370 1875000 1505240
V2 1875000 1505240 778580 1505240
V2 778580 1505240 744020 1539800
Net79 5 
V2 2961970 1583430 2948086 1597313
V2 2948086 1597313 2500000 1597313
V2 2500000 1597313 1875000 1513880
V2 1875000 1513880 856547 1513880
V2 856547 1513880 830627 1539800
Net80 5 
V2 3152500 1583430 3131673 1604256
V2 3131673 1604256 2500000 1604256
V2 2500000 1604256 1875000 1522520
V2 1875000 1522520 934510 1522520
V2 934510 1522520 917230 1539800
