Nets 40
Net0 5 
V1 2808250 1978400 2802077 1984572
V1 2802077 1984572 2500000 1984572
V1 2500000 1984572 1875000 1856600
V1 1875000 1856600 859427 1856600
V1 859427 1856600 830627 1885400
Net1 5 
V1 2981460 1978400 2969116 1990743
V1 2969116 1990743 2500000 1990743
V1 2500000 1990743 1875000 1861400
V1 1875000 1861400 1027830 1861400
V1 1027830 1861400 1003830 1885400
Net2 5 
V1 3068060 1978400 3049545 1996915
V1 3049545 1996915 2500000 1996915
V1 2500000 1996915 1875000 1866200
V1 1875000 1866200 1109630 1866200
V1 1109630 1866200 1090430 1885400
Net3 5 
V1 3241267 1978400 3216581 2003086
V1 3216581 2003086 2500000 2003086
V1 2500000 2003086 1875000 1871000
V1 1875000 1871000 1278040 1871000
V1 1278040 1871000 1263640 1885400
Net4 5 
V1 3327870 1978400 3297012 2009257
V1 3297012 2009257 2500000 2009257
V1 2500000 2009257 1875000 1875800
V1 1875000 1875800 1359840 1875800
V1 1359840 1875800 1350240 1885400
Net5 5 
V1 3501070 1978400 3464041 2015428
V1 3464041 2015428 2500000 2015428
V1 2500000 2015428 1875000 1880600
V1 1875000 1880600 1528247 1880600
V1 1528247 1880600 1523447 1885400
Net7 5 
V1 2851552 1935200 2837152 1949600
V1 2837152 1949600 2500000 1949600
V1 2500000 1949600 1875000 1847000
V1 1875000 1847000 705520 1847000
V1 705520 1847000 700720 1842200
Net8 5 
V1 2938160 1935200 2923760 1920800
V1 2923760 1920800 2500000 1920800
V1 2500000 1920800 1875000 1827800
V1 1875000 1827800 801722 1827800
V1 801722 1827800 787322 1842200
Net16 5 
V1 3804180 1935200 3775380 1964000
V1 3775380 1964000 2500000 1964000
V1 2500000 1964000 1875000 1851800
V1 1875000 1851800 623720 1851800
V1 623720 1851800 614120 1842200
Net17 5 
V1 2808250 1892000 2799610 1883360
V1 2799610 1883360 2500000 1883360
V1 2500000 1883360 1875000 1790360
V1 1875000 1790360 752660 1790360
V1 752660 1790360 744020 1799000
Net18 5 
V1 2894857 1892000 2880457 1906400
V1 2880457 1906400 2500000 1906400
V1 2500000 1906400 1875000 1813400
V1 1875000 1813400 845027 1813400
V1 845027 1813400 830627 1799000
Net25 5 
V1 3760880 1892000 3743600 1874720
V1 3743600 1874720 2500000 1874720
V1 2500000 1874720 1875000 1781720
V1 1875000 1781720 588100 1781720
V1 588100 1781720 570820 1799000
Net26 5 
V1 2851552 1848800 2842912 1857440
V1 2842912 1857440 2500000 1857440
V1 2500000 1857440 1875000 1764440
V1 1875000 1764440 709360 1764440
V1 709360 1764440 700720 1755800
Net27 5 
V1 2938160 1848800 2923760 1834400
V1 2923760 1834400 2500000 1834400
V1 2500000 1834400 1875000 1741400
V1 1875000 1741400 801722 1741400
V1 801722 1741400 787322 1755800
Net35 5 
V1 3804180 1848800 3786900 1866080
V1 3786900 1866080 2500000 1866080
V1 2500000 1866080 1875000 1773080
V1 1875000 1773080 631400 1773080
V1 631400 1773080 614120 1755800
Net36 5 
V1 2808250 1805600 2803450 1800800
V1 2803450 1800800 2500000 1800800
V1 2500000 1800800 1875000 1691000
V1 1875000 1691000 679020 1691000
V1 679020 1691000 657420 1712600
Net37 5 
V1 2894857 1805600 2880457 1820000
V1 2880457 1820000 2500000 1820000
V1 2500000 1820000 1875000 1727000
V1 1875000 1727000 845027 1727000
V1 845027 1727000 830627 1712600
Net44 5 
V1 2938160 1762400 2933360 1757600
V1 2933360 1757600 2500000 1757600
V1 2500000 1757600 1875000 1631000
V1 1875000 1631000 739120 1631000
V1 739120 1631000 700720 1669400
Net45 5 
V1 3024760 1762400 3019960 1767200
V1 3019960 1767200 2500000 1767200
V1 2500000 1767200 1875000 1635800
V1 1875000 1635800 820922 1635800
V1 820922 1635800 787322 1669400
Net46 5 
V1 3111360 1762400 3101760 1772000
V1 3101760 1772000 2500000 1772000
V1 2500000 1772000 1875000 1640600
V1 1875000 1640600 902730 1640600
V1 902730 1640600 873930 1669400
Net47 5 
V1 3197962 1762400 3183562 1776800
V1 3183562 1776800 2500000 1776800
V1 2500000 1776800 1875000 1645400
V1 1875000 1645400 984530 1645400
V1 984530 1645400 960530 1669400
Net48 5 
V1 3371170 1762400 3351970 1781600
V1 3351970 1781600 2500000 1781600
V1 2500000 1781600 1875000 1650200
V1 1875000 1650200 1152932 1650200
V1 1152932 1650200 1133732 1669400
Net49 5 
V1 3457770 1762400 3433770 1786400
V1 3433770 1786400 2500000 1786400
V1 2500000 1786400 1875000 1655000
V1 1875000 1655000 1321340 1655000
V1 1321340 1655000 1306940 1669400
Net50 5 
V1 3544372 1762400 3515572 1791200
V1 3515572 1791200 2500000 1791200
V1 2500000 1791200 1875000 1659800
V1 1875000 1659800 1489742 1659800
V1 1489742 1659800 1480142 1669400
Net51 5 
V1 3717580 1762400 3683980 1796000
V1 3683980 1796000 2500000 1796000
V1 2500000 1796000 1875000 1664600
V1 1875000 1664600 1571550 1664600
V1 1571550 1664600 1566750 1669400
Net52 5 
V1 2808250 1719200 2803450 1724000
V1 2803450 1724000 2500000 1724000
V1 2500000 1724000 1875000 1595960
V1 1875000 1595960 687660 1595960
V1 687660 1595960 657420 1626200
Net53 5 
V1 2894857 1719200 2885257 1728800
V1 2885257 1728800 2500000 1728800
V1 2500000 1728800 1875000 1600280
V1 1875000 1600280 769940 1600280
V1 769940 1600280 744020 1626200
Net54 5 
V1 3068060 1719200 3053660 1733600
V1 3053660 1733600 2500000 1733600
V1 2500000 1733600 1875000 1604600
V1 1875000 1604600 938830 1604600
V1 938830 1604600 917230 1626200
Net57 5 
V1 3414470 1719200 3395270 1738400
V1 3395270 1738400 2500000 1738400
V1 2500000 1738400 1875000 1608920
V1 1875000 1608920 1280920 1608920
V1 1280920 1608920 1263640 1626200
Net58 5 
V1 3501070 1719200 3477070 1743200
V1 3477070 1743200 2500000 1743200
V1 2500000 1743200 1875000 1613240
V1 1875000 1613240 1363200 1613240
V1 1363200 1613240 1350240 1626200
Net59 5 
V1 3587677 1719200 3558877 1748000
V1 3558877 1748000 2500000 1748000
V1 2500000 1748000 1875000 1617560
V1 1875000 1617560 1445480 1617560
V1 1445480 1617560 1436840 1626200
Net60 5 
V1 3674280 1719200 3640680 1752800
V1 3640680 1752800 2500000 1752800
V1 2500000 1752800 1875000 1621880
V1 1875000 1621880 1527767 1621880
V1 1527767 1621880 1523447 1626200
Net62 5 
V1 2851552 1676000 2837152 1690400
V1 2837152 1690400 2500000 1690400
V1 2500000 1690400 1875000 1587320
V1 1875000 1587320 705040 1587320
V1 705040 1587320 700720 1583000
Net63 5 
V1 3024760 1676000 3010360 1661600
V1 3010360 1661600 2500000 1661600
V1 2500000 1661600 1875000 1568600
V1 1875000 1568600 801722 1568600
V1 801722 1568600 787322 1583000
Net70 5 
V1 3804180 1676000 3775380 1704800
V1 3775380 1704800 2500000 1704800
V1 2500000 1704800 1875000 1591640
V1 1875000 1591640 622760 1591640
V1 622760 1591640 614120 1583000
Net71 5 
V1 2808250 1632800 2799610 1624160
V1 2799610 1624160 2500000 1624160
V1 2500000 1624160 1875000 1531160
V1 1875000 1531160 752660 1531160
V1 752660 1531160 744020 1539800
Net72 5 
V1 2894857 1632800 2880457 1647200
V1 2880457 1647200 2500000 1647200
V1 2500000 1647200 1875000 1554200
V1 1875000 1554200 845027 1554200
V1 845027 1554200 830627 1539800
Net80 5 
V1 3760880 1632800 3743600 1615520
V1 3743600 1615520 2500000 1615520
V1 2500000 1615520 1875000 1522520
V1 1875000 1522520 588100 1522520
V1 588100 1522520 570820 1539800
Net81 5 
V1 2851552 1589600 2842912 1598240
V1 2842912 1598240 2500000 1598240
V1 2500000 1598240 1875000 1505240
V1 1875000 1505240 882570 1505240
V1 882570 1505240 873930 1496600
Net87 5 
V1 3804180 1589600 3786900 1606880
V1 3786900 1606880 2500000 1606880
V1 2500000 1606880 1875000 1513880
V1 1875000 1513880 631400 1513880
V1 631400 1513880 614120 1496600
