Nets 51
Net9 5 
M2 4152760 1972230 4124988 2000001
M2 4124988 2000001 2500000 2000001
M2 2500000 2000001 1875000 1863801
M2 1875000 1863801 348738 1863801
M2 348738 1863801 320970 1891570
Net12 5 
M2 3152500 1916687 3147450 1921737
M2 3147450 1921737 2500000 1921737
M2 2500000 1921737 1875000 1785536
M2 1875000 1785536 600960 1785536
M2 600960 1785536 550467 1836030
Net13 5 
M2 3247760 1916687 3237660 1926786
M2 3237660 1926786 2500000 1926786
M2 2500000 1926786 1875000 1790586
M2 1875000 1790586 687706 1790586
M2 687706 1790586 642262 1836030
Net14 5 
M2 3343020 1916687 3327871 1931836
M2 3327871 1931836 2500000 1931836
M2 2500000 1931836 1875000 1795635
M2 1875000 1795635 774454 1795635
M2 774454 1795635 734060 1836030
Net15 5 
M2 3438290 1916687 3418092 1936885
M2 3418092 1936885 2500000 1936885
M2 2500000 1936885 1875000 1800684
M2 1875000 1800684 861205 1800684
M2 861205 1800684 825860 1836030
Net16 5 
M2 3533550 1916687 3508303 1941934
M2 3508303 1941934 2500000 1941934
M2 2500000 1941934 1875000 1805733
M2 1875000 1805733 1131556 1805733
M2 1131556 1805733 1101260 1836030
Net17 5 
M2 3628810 1916687 3598513 1946983
M2 3598513 1946983 2500000 1946983
M2 2500000 1946983 1875000 1810783
M2 1875000 1810783 1218307 1810783
M2 1218307 1810783 1193060 1836030
Net18 5 
M2 3724077 1916687 3688732 1952033
M2 3688732 1952033 2500000 1952033
M2 2500000 1952033 1875000 1815832
M2 1875000 1815832 1305055 1815832
M2 1305055 1815832 1284857 1836030
Net19 5 
M2 3819340 1916687 3778945 1957082
M2 3778945 1957082 2500000 1957082
M2 2500000 1957082 1875000 1820881
M2 1875000 1820881 1391801 1820881
M2 1391801 1820881 1376652 1836030
Net20 5 
M2 3914600 1916687 3869156 1962131
M2 3869156 1962131 2500000 1962131
M2 2500000 1962131 1875000 1825930
M2 1875000 1825930 1478549 1825930
M2 1478549 1825930 1468450 1836030
Net21 5 
M2 4009860 1916687 3959366 1967180
M2 3959366 1967180 2500000 1967180
M2 2500000 1967180 1875000 1830980
M2 1875000 1830980 1565300 1830980
M2 1565300 1830980 1560250 1836030
Net25 5 
M2 3104870 1861140 3098692 1867317
M2 3098692 1867317 2500000 1867317
M2 2500000 1867317 1875000 1731111
M2 1875000 1731111 737538 1731111
M2 737538 1731111 688162 1780487
Net26 5 
M2 3200130 1861140 3187781 1873488
M2 3187781 1873488 2500000 1873488
M2 2500000 1873488 1875000 1737282
M2 1875000 1737282 823165 1737282
M2 823165 1737282 779960 1780487
Net27 5 
M2 3295390 1861140 3276870 1879660
M2 3276870 1879660 2500000 1879660
M2 2500000 1879660 1875000 1743453
M2 1875000 1743453 908793 1743453
M2 908793 1743453 871760 1780487
Net28 5 
M2 3485920 1861140 3461228 1885831
M2 3461228 1885831 2500000 1885831
M2 2500000 1885831 1875000 1749625
M2 1875000 1749625 994422 1749625
M2 994422 1749625 963560 1780487
Net29 5 
M2 3581180 1861140 3550317 1892002
M2 3550317 1892002 2500000 1892002
M2 2500000 1892002 1875000 1755796
M2 1875000 1755796 1080051 1755796
M2 1080051 1755796 1055360 1780487
Net30 5 
M2 3771710 1861140 3734676 1898173
M2 3734676 1898173 2500000 1898173
M2 2500000 1898173 1875000 1761967
M2 1875000 1761967 1257480 1761967
M2 1257480 1761967 1238960 1780487
Net31 5 
M2 3866970 1861140 3823765 1904345
M2 3823765 1904345 2500000 1904345
M2 2500000 1904345 1875000 1768138
M2 1875000 1768138 1343101 1768138
M2 1343101 1768138 1330752 1780487
Net32 5 
M2 4057492 1861140 4008116 1910516
M2 4008116 1910516 2500000 1910516
M2 2500000 1910516 1875000 1774310
M2 1875000 1774310 1520527 1774310
M2 1520527 1774310 1514350 1780487
Net36 5 
M2 3152500 1805600 3145559 1812540
M2 3145559 1812540 2500000 1812540
M2 2500000 1812540 1875000 1676342
M2 1875000 1676342 690859 1676342
M2 690859 1676342 642262 1724940
Net37 5 
M2 3343020 1805600 3329136 1819483
M2 3329136 1819483 2500000 1819483
M2 2500000 1819483 1875000 1683285
M2 1875000 1683285 867514 1683285
M2 867514 1683285 825860 1724940
Net38 5 
M2 3438290 1805600 3417463 1826426
M2 3417463 1826426 2500000 1826426
M2 2500000 1826426 1875000 1690228
M2 1875000 1690228 952371 1690228
M2 952371 1690228 917660 1724940
Net39 5 
M2 3628810 1805600 3601041 1833369
M2 3601041 1833369 2500000 1833369
M2 2500000 1833369 1875000 1697171
M2 1875000 1697171 1129029 1697171
M2 1129029 1697171 1101260 1724940
Net40 5 
M2 3724077 1805600 3689365 1840311
M2 3689365 1840311 2500000 1840311
M2 2500000 1840311 1875000 1704113
M2 1875000 1704113 1213886 1704113
M2 1213886 1704113 1193060 1724940
Net41 5 
M2 3914600 1805600 3872945 1847254
M2 3872945 1847254 2500000 1847254
M2 2500000 1847254 1875000 1711056
M2 1875000 1711056 1390536 1711056
M2 1390536 1711056 1376652 1724940
Net42 5 
M2 4009860 1805600 3961262 1854197
M2 3961262 1854197 2500000 1854197
M2 2500000 1854197 1875000 1717999
M2 1875000 1717999 1475390 1717999
M2 1475390 1717999 1468450 1724940
Net46 5 
M2 3200130 1750060 3193189 1757000
M2 3193189 1757000 2500000 1757000
M2 2500000 1757000 1875000 1620802
M2 1875000 1620802 736759 1620802
M2 736759 1620802 688162 1669400
Net47 5 
M2 3295390 1750060 3281506 1763943
M2 3281506 1763943 2500000 1763943
M2 2500000 1763943 1875000 1627745
M2 1875000 1627745 821614 1627745
M2 821614 1627745 779960 1669400
Net48 5 
M2 3485920 1750060 3465093 1770886
M2 3465093 1770886 2500000 1770886
M2 2500000 1770886 1875000 1634688
M2 1875000 1634688 998271 1634688
M2 998271 1634688 963560 1669400
Net49 5 
M2 3581180 1750060 3553411 1777829
M2 3553411 1777829 2500000 1777829
M2 2500000 1777829 1875000 1641631
M2 1875000 1641631 1083129 1641631
M2 1083129 1641631 1055360 1669400
Net50 5 
M2 3771710 1750060 3736998 1784771
M2 3736998 1784771 2500000 1784771
M2 2500000 1784771 1875000 1648573
M2 1875000 1648573 1259786 1648573
M2 1259786 1648573 1238960 1669400
Net51 5 
M2 3866970 1750060 3825315 1791714
M2 3825315 1791714 2500000 1791714
M2 2500000 1791714 1875000 1655516
M2 1875000 1655516 1344636 1655516
M2 1344636 1655516 1330752 1669400
Net52 5 
M2 4057492 1750060 4008895 1798657
M2 4008895 1798657 2500000 1798657
M2 2500000 1798657 1875000 1662459
M2 1875000 1662459 1521290 1662459
M2 1521290 1662459 1514350 1669400
Net56 5 
M2 3152500 1694512 3146322 1700690
M2 3146322 1700690 2500000 1700690
M2 2500000 1700690 1875000 1569421
M2 1875000 1569421 686701 1569421
M2 686701 1569421 642262 1613860
Net57 5 
M2 3343020 1694512 3330671 1706861
M2 3330671 1706861 2500000 1706861
M2 2500000 1706861 1875000 1574975
M2 1875000 1574975 864744 1574975
M2 864744 1574975 825860 1613860
Net58 5 
M2 3438290 1694512 3419770 1713032
M2 3419770 1713032 2500000 1713032
M2 2500000 1713032 1875000 1580529
M2 1875000 1580529 950990 1580529
M2 950990 1580529 917660 1613860
Net59 5 
M2 3533550 1694512 3508858 1719203
M2 3508858 1719203 2500000 1719203
M2 2500000 1719203 1875000 1586083
M2 1875000 1586083 1129036 1586083
M2 1129036 1586083 1101260 1613860
Net60 5 
M2 3628810 1694512 3597947 1725375
M2 3597947 1725375 2500000 1725375
M2 2500000 1725375 1875000 1591638
M2 1875000 1591638 1215282 1591638
M2 1215282 1591638 1193060 1613860
Net61 5 
M2 3724077 1694512 3687043 1731546
M2 3687043 1731546 2500000 1731546
M2 2500000 1731546 1875000 1597192
M2 1875000 1597192 1301525 1597192
M2 1301525 1597192 1284857 1613860
Net62 5 
M2 3914600 1694512 3871395 1737717
M2 3871395 1737717 2500000 1737717
M2 2500000 1737717 1875000 1602746
M2 1875000 1602746 1387766 1602746
M2 1387766 1602746 1376652 1613860
Net63 5 
M2 4009860 1694512 3960483 1743888
M2 3960483 1743888 2500000 1743888
M2 2500000 1743888 1875000 1608300
M2 1875000 1608300 1474009 1608300
M2 1474009 1608300 1468450 1613860
Net65 5 
M2 2819080 1638970 2791308 1666741
M2 2791308 1666741 2500000 1666741
M2 2500000 1666741 1875000 1563866
M2 1875000 1563866 418324 1563866
M2 418324 1563866 412770 1558312
Net78 5 
M2 2866710 1583430 2861158 1588981
M2 2861158 1588981 2500000 1588981
M2 2500000 1588981 1875000 1453398
M2 1875000 1453398 416241 1453398
M2 416241 1453398 366870 1502770
Net80 5 
M2 3152500 1583430 3141394 1594536
M2 3141394 1594536 2500000 1594536
M2 2500000 1594536 1875000 1459570
M2 1875000 1459570 593667 1459570
M2 593667 1459570 550467 1502770
Net81 5 
M2 3247760 1583430 3231099 1600090
M2 3231099 1600090 2500000 1600090
M2 2500000 1600090 1875000 1465741
M2 1875000 1465741 771088 1465741
M2 771088 1465741 734060 1502770
Net82 5 
M2 3438290 1583430 3416075 1605644
M2 3416075 1605644 2500000 1605644
M2 2500000 1605644 1875000 1471912
M2 1875000 1471912 856717 1471912
M2 856717 1471912 825860 1502770
Net83 5 
M2 3533550 1583430 3505781 1611198
M2 3505781 1611198 2500000 1611198
M2 2500000 1611198 1875000 1478083
M2 1875000 1478083 1125946 1478083
M2 1125946 1478083 1101260 1502770
Net84 5 
M2 3724077 1583430 3690754 1616753
M2 3690754 1616753 2500000 1616753
M2 2500000 1616753 1875000 1484255
M2 1875000 1484255 1303372 1484255
M2 1303372 1484255 1284857 1502770
Net85 5 
M2 3819340 1583430 3780462 1622307
M2 3780462 1622307 2500000 1622307
M2 2500000 1622307 1875000 1490426
M2 1875000 1490426 1388996 1490426
M2 1388996 1490426 1376652 1502770
Net86 5 
M2 4009860 1583430 3965428 1627861
M2 3965428 1627861 2500000 1627861
M2 2500000 1627861 1875000 1496597
M2 1875000 1496597 1566422 1496597
M2 1566422 1496597 1560250 1502770
Net87 5 
M2 4105130 1583430 4055144 1633415
M2 4055144 1633415 2500000 1633415
M2 2500000 1633415 1875000 1530541
M2 1875000 1530541 302841 1530541
M2 302841 1530541 275070 1502770
