Nets 22
Net4 5 
M2 3193960 2086120 3185320 2094760
M2 3185320 2094760 2900000 2094760
M2 2900000 2094760 1875000 1833560
M2 1875000 1833560 1291740 1833560
M2 1291740 1833560 1274460 1850840
Net5 5 
M2 3247660 2086120 3230380 2103400
M2 3230380 2103400 2900000 2103400
M2 2900000 2103400 1875000 1842200
M2 1875000 1842200 1347190 1842200
M2 1347190 1842200 1338550 1850840
Net16 5 
M2 3193960 2034280 3185320 2042920
M2 3185320 2042920 2900000 2042920
M2 2900000 2042920 1875000 1781720
M2 1875000 1781720 1291740 1781720
M2 1291740 1781720 1274460 1799000
Net17 5 
M2 3247660 2034280 3230380 2051560
M2 3230380 2051560 2900000 2051560
M2 2900000 2051560 1875000 1790360
M2 1875000 1790360 1347190 1790360
M2 1347190 1790360 1338550 1799000
Net23 5 
M2 3274502 2008360 3269318 2013544
M2 3269318 2013544 2900000 2013544
M2 2900000 2013544 1875000 1752344
M2 1875000 1752344 1391326 1752344
M2 1391326 1752344 1370590 1773080
Net24 5 
M2 3328200 2008360 3317832 2018728
M2 3317832 2018728 2900000 2018728
M2 2900000 2018728 1875000 1757528
M2 1875000 1757528 1450232 1757528
M2 1450232 1757528 1434680 1773080
Net25 5 
M2 3381890 2008360 3366338 2023912
M2 3366338 2023912 2900000 2023912
M2 2900000 2023912 1875000 1762712
M2 1875000 1762712 1509128 1762712
M2 1509128 1762712 1498760 1773080
Net26 5 
M2 3435582 2008360 3414846 2029096
M2 3414846 2029096 2900000 2029096
M2 2900000 2029096 1875000 1767896
M2 1875000 1767896 1568034 1767896
M2 1568034 1767896 1562850 1773080
Net30 5 
M2 3408740 1982440 3395780 1995400
M2 3395780 1995400 2900000 1995400
M2 2900000 1995400 1875000 1734200
M2 1875000 1734200 1543770 1734200
M2 1543770 1734200 1530810 1747160
Net34 5 
M2 3220810 1956520 3212170 1965160
M2 3212170 1965160 2900000 1965160
M2 2900000 1965160 1875000 1703960
M2 1875000 1703960 1323790 1703960
M2 1323790 1703960 1306510 1721240
Net37 5 
M2 3381890 1956520 3364610 1973800
M2 3364610 1973800 2900000 1973800
M2 2900000 1973800 1875000 1712600
M2 1875000 1712600 1507400 1712600
M2 1507400 1712600 1498760 1721240
Net44 5 
M2 3167120 1904680 3154160 1917640
M2 3154160 1917640 2900000 1917640
M2 2900000 1917640 1875000 1656440
M2 1875000 1656440 1255380 1656440
M2 1255380 1656440 1242420 1669400
Net48 5 
M2 3193960 1878760 3185320 1887400
M2 3185320 1887400 2900000 1887400
M2 2900000 1887400 1875000 1626200
M2 1875000 1626200 1291740 1626200
M2 1291740 1626200 1274460 1643480
Net51 5 
M2 3355042 1878760 3337762 1896040
M2 3337762 1896040 2900000 1896040
M2 2900000 1896040 1875000 1634840
M2 1875000 1634840 1475360 1634840
M2 1475360 1634840 1466720 1643480
Net58 5 
M2 3381890 1852840 3373250 1861480
M2 3373250 1861480 2900000 1861480
M2 2900000 1861480 1875000 1600280
M2 1875000 1600280 1516040 1600280
M2 1516040 1600280 1498760 1617560
Net59 5 
M2 3435582 1852840 3418302 1870120
M2 3418302 1870120 2900000 1870120
M2 2900000 1870120 1875000 1608920
M2 1875000 1608920 1571490 1608920
M2 1571490 1608920 1562850 1617560
Net61 5 
M2 3247660 1826920 3234700 1839880
M2 3234700 1839880 2900000 1839880
M2 2900000 1839880 1875000 1578680
M2 1875000 1578680 1351510 1578680
M2 1351510 1578680 1338550 1591640
Net68 5 
M2 3328200 1801000 3315240 1813960
M2 3315240 1813960 2900000 1813960
M2 2900000 1813960 1875000 1552760
M2 1875000 1552760 1447640 1552760
M2 1447640 1552760 1434680 1565720
Net71 5 
M2 3193960 1775080 3185320 1783720
M2 3185320 1783720 2900000 1783720
M2 2900000 1783720 1875000 1522520
M2 1875000 1522520 1227660 1522520
M2 1227660 1522520 1210380 1539800
Net72 5 
M2 3247660 1775080 3230380 1792360
M2 3230380 1792360 2900000 1792360
M2 2900000 1792360 1875000 1531160
M2 1875000 1531160 1347190 1531160
M2 1347190 1531160 1338550 1539800
Net78 5 
M2 3220810 1749160 3212170 1757800
M2 3212170 1757800 2900000 1757800
M2 2900000 1757800 1875000 1496600
M2 1875000 1496600 1323790 1496600
M2 1323790 1496600 1306510 1513880
Net81 5 
M2 3381890 1749160 3364610 1766440
M2 3364610 1766440 2900000 1766440
M2 2900000 1766440 1875000 1505240
M2 1875000 1505240 1507400 1505240
M2 1507400 1505240 1498760 1513880
