Nets 42
Net0 5 
V1 3197430 2103400 3188790 2112040
V1 3188790 2112040 2900000 2112040
V1 2900000 2112040 1875000 1859480
V1 1875000 1859480 1400000 1859480
V1 1400000 1859480 1382720 1876760
Net1 5 
V1 3353310 2103400 3336030 2120680
V1 3336030 2120680 2900000 2120680
V1 2900000 2120680 1875000 1863800
V1 1875000 1863800 1482280 1863800
V1 1482280 1863800 1469320 1876760
Net2 5 
V1 3431252 2103400 3405332 2129320
V1 3405332 2129320 2900000 2129320
V1 2900000 2129320 1875000 1868120
V1 1875000 1868120 1564560 1868120
V1 1564560 1868120 1555920 1876760
Net3 5 
V1 3587140 2103400 3552580 2137960
V1 3552580 2137960 2900000 2137960
V1 2900000 2137960 1875000 1872440
V1 1875000 1872440 1603540 1872440
V1 1603540 1872440 1599220 1876760
Net6 5 
V1 4054790 2103400 4048618 2097228
V1 4048618 2097228 2900000 2097228
V1 2900000 2097228 1875000 1855160
V1 1875000 1855160 1361017 1855160
V1 1361017 1855160 1339417 1876760
Net7 5 
V1 3236400 2060200 3230227 2066372
V1 3230227 2066372 2900000 2066372
V1 2900000 2066372 1875000 1829240
V1 1875000 1829240 1387040 1829240
V1 1387040 1829240 1382720 1824920
Net8 5 
V1 3314340 2060200 3305700 2051560
V1 3305700 2051560 2900000 2051560
V1 2900000 2051560 1875000 1811960
V1 1875000 1811960 1438980 1811960
V1 1438980 1811960 1426020 1824920
Net9 5 
V1 3392280 2060200 3379936 2072543
V1 3379936 2072543 2900000 2072543
V1 2900000 2072543 1875000 1833560
V1 1875000 1833560 1421650 1833560
V1 1421650 1833560 1404370 1850840
Net10 5 
V1 3470227 2060200 3451712 2078715
V1 3451712 2078715 2900000 2078715
V1 2900000 2078715 1875000 1837880
V1 1875000 1837880 1460630 1837880
V1 1460630 1837880 1447670 1850840
Net11 5 
V1 3548170 2060200 3523483 2084886
V1 3523483 2084886 2900000 2084886
V1 2900000 2084886 1875000 1842200
V1 1875000 1842200 1499610 1842200
V1 1499610 1842200 1490970 1850840
Net12 5 
V1 3704050 2060200 3673192 2091057
V1 3673192 2091057 2900000 2091057
V1 2900000 2091057 1875000 1846520
V1 1875000 1846520 1538590 1846520
V1 1538590 1846520 1534270 1850840
Net17 5 
V1 3197430 2017000 3190230 2009800
V1 3190230 2009800 2900000 2009800
V1 2900000 2009800 1875000 1778264
V1 1875000 1778264 1425106 1778264
V1 1425106 1778264 1404370 1799000
Net18 5 
V1 3275370 2017000 3266730 2025640
V1 3266730 2025640 2900000 2025640
V1 2900000 2025640 1875000 1783448
V1 1875000 1783448 1463222 1783448
V1 1463222 1783448 1447670 1799000
Net19 5 
V1 3431252 2017000 3413972 2034280
V1 3413972 2034280 2900000 2034280
V1 2900000 2034280 1875000 1788632
V1 1875000 1788632 1501338 1788632
V1 1501338 1788632 1490970 1799000
Net20 5 
V1 3587140 2017000 3561220 2042920
V1 3561220 2042920 2900000 2042920
V1 2900000 2042920 1875000 1793816
V1 1875000 1793816 1539454 1793816
V1 1539454 1793816 1534270 1799000
Net22 5 
V1 3743020 2017000 3728620 2002600
V1 3728620 2002600 2900000 2002600
V1 2900000 2002600 1875000 1764440
V1 1875000 1764440 1564560 1764440
V1 1564560 1764440 1555920 1773080
Net26 5 
V1 3236400 1973800 3225600 1963000
V1 3225600 1963000 2900000 1963000
V1 2900000 1963000 1875000 1703960
V1 1875000 1703960 1400000 1703960
V1 1400000 1703960 1382720 1721240
Net27 5 
V1 3314340 1973800 3307140 1981000
V1 3307140 1981000 2900000 1981000
V1 2900000 1981000 1875000 1712600
V1 1875000 1712600 1434660 1712600
V1 1434660 1712600 1426020 1721240
Net28 5 
V1 3392280 1973800 3377880 1988200
V1 3377880 1988200 2900000 1988200
V1 2900000 1988200 1875000 1734200
V1 1875000 1734200 1460630 1734200
V1 1460630 1734200 1447670 1747160
Net30 5 
V1 3626110 1973800 3604510 1995400
V1 3604510 1995400 2900000 1995400
V1 2900000 1995400 1875000 1755800
V1 1875000 1755800 1400000 1755800
V1 1400000 1755800 1382720 1773080
Net36 5 
V1 3197430 1930600 3190230 1923400
V1 3190230 1923400 2900000 1923400
V1 2900000 1923400 1875000 1675880
V1 1875000 1675880 1423810 1675880
V1 1423810 1675880 1404370 1695320
Net39 5 
V1 3587140 1930600 3576340 1941400
V1 3576340 1941400 2900000 1941400
V1 2900000 1941400 1875000 1682360
V1 1875000 1682360 1547230 1682360
V1 1547230 1682360 1534270 1695320
Net40 5 
V1 3743020 1930600 3721420 1952200
V1 3721420 1952200 2900000 1952200
V1 2900000 1952200 1875000 1688840
V1 1875000 1688840 1627350 1688840
V1 1627350 1688840 1620870 1695320
Net45 5 
V1 3392280 1887400 3385080 1894600
V1 3385080 1894600 2900000 1894600
V1 2900000 1894600 1875000 1626200
V1 1875000 1626200 1464950 1626200
V1 1464950 1626200 1447670 1643480
Net46 5 
V1 3470227 1887400 3455827 1901800
V1 3455827 1901800 2900000 1901800
V1 2900000 1901800 1875000 1634840
V1 1875000 1634840 1499610 1634840
V1 1499610 1634840 1490970 1643480
Net47 5 
V1 3548170 1887400 3526570 1909000
V1 3526570 1909000 2900000 1909000
V1 2900000 1909000 1875000 1652120
V1 1875000 1652120 1400000 1652120
V1 1400000 1652120 1382720 1669400
Net51 5 
V1 4015820 1887400 3987020 1916200
V1 3987020 1916200 2900000 1916200
V1 2900000 1916200 1875000 1660760
V1 1875000 1660760 1607860 1660760
V1 1607860 1660760 1599220 1669400
Net52 5 
V1 3197430 1844200 3188790 1852840
V1 3188790 1852840 2900000 1852840
V1 2900000 1852840 1875000 1596824
V1 1875000 1596824 1403456 1596824
V1 1403456 1596824 1382720 1617560
Net53 5 
V1 3275370 1844200 3258090 1861480
V1 3258090 1861480 2900000 1861480
V1 2900000 1861480 1875000 1602008
V1 1875000 1602008 1441572 1602008
V1 1441572 1602008 1426020 1617560
Net54 5 
V1 3431252 1844200 3405332 1870120
V1 3405332 1870120 2900000 1870120
V1 2900000 1870120 1875000 1607192
V1 1875000 1607192 1522988 1607192
V1 1522988 1607192 1512620 1617560
Net56 5 
V1 3665080 1844200 3654280 1833400
V1 3654280 1833400 2900000 1833400
V1 2900000 1833400 1875000 1578680
V1 1875000 1578680 1633830 1578680
V1 1633830 1578680 1620870 1591640
Net58 5 
V1 3820970 1844200 3786410 1878760
V1 3786410 1878760 2900000 1878760
V1 2900000 1878760 1875000 1612376
V1 1875000 1612376 1561104 1612376
V1 1561104 1612376 1555920 1617560
Net63 5 
V1 3392280 1801000 3381480 1811800
V1 3381480 1811800 2900000 1811800
V1 2900000 1811800 1875000 1552760
V1 1875000 1552760 1395680 1552760
V1 1395680 1552760 1382720 1565720
Net66 5 
V1 3626110 1801000 3604510 1822600
V1 3604510 1822600 2900000 1822600
V1 2900000 1822600 1875000 1559240
V1 1875000 1559240 1432500 1559240
V1 1432500 1559240 1426020 1565720
Net75 5 
V1 3587140 1757800 3580967 1763972
V1 3580967 1763972 2900000 1763972
V1 2900000 1763972 1875000 1500920
V1 1875000 1500920 1525580 1500920
V1 1525580 1500920 1512620 1513880
Net76 5 
V1 3743020 1757800 3730676 1770143
V1 3730676 1770143 2900000 1770143
V1 2900000 1770143 1875000 1505240
V1 1875000 1505240 1564560 1505240
V1 1564560 1505240 1555920 1513880
Net77 5 
V1 3820970 1757800 3802455 1776315
V1 3802455 1776315 2900000 1776315
V1 2900000 1776315 1875000 1509560
V1 1875000 1509560 1603540 1509560
V1 1603540 1509560 1599220 1513880
Net78 5 
V1 3898910 1757800 3874223 1782486
V1 3874223 1782486 2900000 1782486
V1 2900000 1782486 1875000 1522520
V1 1875000 1522520 1594850 1522520
V1 1594850 1522520 1577570 1539800
Net79 5 
V1 3976850 1757800 3945992 1788657
V1 3945992 1788657 2900000 1788657
V1 2900000 1788657 1875000 1531160
V1 1875000 1531160 1629510 1531160
V1 1629510 1531160 1620870 1539800
Net80 5 
V1 4054790 1757800 4017761 1794828
V1 4017761 1794828 2900000 1794828
V1 2900000 1794828 1875000 1546280
V1 1875000 1546280 1358857 1546280
V1 1358857 1546280 1339417 1565720
Net81 5 
V1 3236400 1714600 3222000 1729000
V1 3222000 1729000 2900000 1729000
V1 2900000 1729000 1875000 1492280
V1 1875000 1492280 1404320 1492280
V1 1404320 1492280 1382720 1513880
Net82 5 
V1 3392280 1714600 3363480 1743400
V1 3363480 1743400 2900000 1743400
V1 2900000 1743400 1875000 1496600
V1 1875000 1496600 1443300 1496600
V1 1443300 1496600 1426020 1513880
