Nets 42
Net0 5 
V1 3197430 2103400 3188790 2112040
V1 3188790 2112040 2900000 2112040
V1 2900000 2112040 1875000 1859480
V1 1875000 1859480 1259700 1859480
V1 1259700 1859480 1242420 1876760
Net1 5 
V1 3353310 2103400 3336030 2120680
V1 3336030 2120680 2900000 2120680
V1 2900000 2120680 1875000 1863800
V1 1875000 1863800 1383550 1863800
V1 1383550 1863800 1370590 1876760
Net2 5 
V1 3431252 2103400 3405332 2129320
V1 3405332 2129320 2900000 2129320
V1 2900000 2129320 1875000 1868120
V1 1875000 1868120 1507400 1868120
V1 1507400 1868120 1498760 1876760
Net3 5 
V1 3587140 2103400 3552580 2137960
V1 3552580 2137960 2900000 2137960
V1 2900000 2137960 1875000 1872440
V1 1875000 1872440 1567170 1872440
V1 1567170 1872440 1562850 1876760
Net6 5 
V1 4054790 2103400 4048618 2097228
V1 4048618 2097228 2900000 2097228
V1 2900000 2097228 1875000 1855160
V1 1875000 1855160 1199932 1855160
V1 1199932 1855160 1178332 1876760
Net7 5 
V1 3236400 2060200 3230227 2066372
V1 3230227 2066372 2900000 2066372
V1 2900000 2066372 1875000 1829240
V1 1875000 1829240 1246740 1829240
V1 1246740 1829240 1242420 1824920
Net8 5 
V1 3314340 2060200 3305700 2051560
V1 3305700 2051560 2900000 2051560
V1 2900000 2051560 1875000 1811960
V1 1875000 1811960 1319470 1811960
V1 1319470 1811960 1306510 1824920
Net9 5 
V1 3392280 2060200 3379936 2072543
V1 3379936 2072543 2900000 2072543
V1 2900000 2072543 1875000 1833560
V1 1875000 1833560 1291740 1833560
V1 1291740 1833560 1274460 1850840
Net10 5 
V1 3470227 2060200 3451712 2078715
V1 3451712 2078715 2900000 2078715
V1 2900000 2078715 1875000 1837880
V1 1875000 1837880 1351510 1837880
V1 1351510 1837880 1338550 1850840
Net11 5 
V1 3548170 2060200 3523483 2084886
V1 3523483 2084886 2900000 2084886
V1 2900000 2084886 1875000 1842200
V1 1875000 1842200 1411277 1842200
V1 1411277 1842200 1402637 1850840
Net12 5 
V1 3704050 2060200 3673192 2091057
V1 3673192 2091057 2900000 2091057
V1 2900000 2091057 1875000 1846520
V1 1875000 1846520 1471040 1846520
V1 1471040 1846520 1466720 1850840
Net17 5 
V1 3197430 2017000 3190230 2009800
V1 3190230 2009800 2900000 2009800
V1 2900000 2009800 1875000 1778264
V1 1875000 1778264 1295196 1778264
V1 1295196 1778264 1274460 1799000
Net18 5 
V1 3275370 2017000 3266730 2025640
V1 3266730 2025640 2900000 2025640
V1 2900000 2025640 1875000 1783448
V1 1875000 1783448 1354102 1783448
V1 1354102 1783448 1338550 1799000
Net19 5 
V1 3431252 2017000 3413972 2034280
V1 3413972 2034280 2900000 2034280
V1 2900000 2034280 1875000 1788632
V1 1875000 1788632 1413005 1788632
V1 1413005 1788632 1402637 1799000
Net20 5 
V1 3587140 2017000 3561220 2042920
V1 3561220 2042920 2900000 2042920
V1 2900000 2042920 1875000 1793816
V1 1875000 1793816 1471904 1793816
V1 1471904 1793816 1466720 1799000
Net22 5 
V1 3743020 2017000 3728620 2002600
V1 3728620 2002600 2900000 2002600
V1 2900000 2002600 1875000 1764440
V1 1875000 1764440 1507400 1764440
V1 1507400 1764440 1498760 1773080
Net26 5 
V1 3236400 1973800 3225600 1963000
V1 3225600 1963000 2900000 1963000
V1 2900000 1963000 1875000 1703960
V1 1875000 1703960 1259700 1703960
V1 1259700 1703960 1242420 1721240
Net27 5 
V1 3314340 1973800 3307140 1981000
V1 3307140 1981000 2900000 1981000
V1 2900000 1981000 1875000 1712600
V1 1875000 1712600 1315150 1712600
V1 1315150 1712600 1306510 1721240
Net28 5 
V1 3392280 1973800 3377880 1988200
V1 3377880 1988200 2900000 1988200
V1 2900000 1988200 1875000 1734200
V1 1875000 1734200 1351510 1734200
V1 1351510 1734200 1338550 1747160
Net30 5 
V1 3626110 1973800 3604510 1995400
V1 3604510 1995400 2900000 1995400
V1 2900000 1995400 1875000 1755800
V1 1875000 1755800 1259700 1755800
V1 1259700 1755800 1242420 1773080
Net36 5 
V1 3197430 1930600 3190230 1923400
V1 3190230 1923400 2900000 1923400
V1 2900000 1923400 1875000 1675880
V1 1875000 1675880 1293900 1675880
V1 1293900 1675880 1274460 1695320
Net39 5 
V1 3587140 1930600 3576340 1941400
V1 3576340 1941400 2900000 1941400
V1 2900000 1941400 1875000 1682360
V1 1875000 1682360 1479680 1682360
V1 1479680 1682360 1466720 1695320
Net40 5 
V1 3743020 1930600 3721420 1952200
V1 3721420 1952200 2900000 1952200
V1 2900000 1952200 1875000 1688840
V1 1875000 1688840 1601370 1688840
V1 1601370 1688840 1594890 1695320
Net45 5 
V1 3392280 1887400 3385080 1894600
V1 3385080 1894600 2900000 1894600
V1 2900000 1894600 1875000 1626200
V1 1875000 1626200 1355830 1626200
V1 1355830 1626200 1338550 1643480
Net46 5 
V1 3470227 1887400 3455827 1901800
V1 3455827 1901800 2900000 1901800
V1 2900000 1901800 1875000 1634840
V1 1875000 1634840 1411277 1634840
V1 1411277 1634840 1402637 1643480
Net47 5 
V1 3548170 1887400 3526570 1909000
V1 3526570 1909000 2900000 1909000
V1 2900000 1909000 1875000 1652120
V1 1875000 1652120 1259700 1652120
V1 1259700 1652120 1242420 1669400
Net51 5 
V1 4015820 1887400 3987020 1916200
V1 3987020 1916200 2900000 1916200
V1 2900000 1916200 1875000 1660760
V1 1875000 1660760 1571490 1660760
V1 1571490 1660760 1562850 1669400
Net52 5 
V1 3197430 1844200 3188790 1852840
V1 3188790 1852840 2900000 1852840
V1 2900000 1852840 1875000 1596824
V1 1875000 1596824 1263156 1596824
V1 1263156 1596824 1242420 1617560
Net53 5 
V1 3275370 1844200 3258090 1861480
V1 3258090 1861480 2900000 1861480
V1 2900000 1861480 1875000 1602008
V1 1875000 1602008 1322062 1602008
V1 1322062 1602008 1306510 1617560
Net54 5 
V1 3431252 1844200 3405332 1870120
V1 3405332 1870120 2900000 1870120
V1 2900000 1870120 1875000 1607192
V1 1875000 1607192 1445048 1607192
V1 1445048 1607192 1434680 1617560
Net56 5 
V1 3665080 1844200 3654280 1833400
V1 3654280 1833400 2900000 1833400
V1 2900000 1833400 1875000 1578680
V1 1875000 1578680 1607850 1578680
V1 1607850 1578680 1594890 1591640
Net58 5 
V1 3820970 1844200 3786410 1878760
V1 3786410 1878760 2900000 1878760
V1 2900000 1878760 1875000 1612376
V1 1875000 1612376 1503944 1612376
V1 1503944 1612376 1498760 1617560
Net63 5 
V1 3392280 1801000 3381480 1811800
V1 3381480 1811800 2900000 1811800
V1 2900000 1811800 1875000 1552760
V1 1875000 1552760 1255380 1552760
V1 1255380 1552760 1242420 1565720
Net66 5 
V1 3626110 1801000 3604510 1822600
V1 3604510 1822600 2900000 1822600
V1 2900000 1822600 1875000 1559240
V1 1875000 1559240 1312990 1559240
V1 1312990 1559240 1306510 1565720
Net75 5 
V1 3587140 1757800 3580967 1763972
V1 3580967 1763972 2900000 1763972
V1 2900000 1763972 1875000 1500920
V1 1875000 1500920 1447640 1500920
V1 1447640 1500920 1434680 1513880
Net76 5 
V1 3743020 1757800 3730676 1770143
V1 3730676 1770143 2900000 1770143
V1 2900000 1770143 1875000 1505240
V1 1875000 1505240 1507400 1505240
V1 1507400 1505240 1498760 1513880
Net77 5 
V1 3820970 1757800 3802455 1776315
V1 3802455 1776315 2900000 1776315
V1 2900000 1776315 1875000 1509560
V1 1875000 1509560 1567170 1509560
V1 1567170 1509560 1562850 1513880
Net78 5 
V1 3898910 1757800 3874223 1782486
V1 3874223 1782486 2900000 1782486
V1 2900000 1782486 1875000 1522520
V1 1875000 1522520 1548090 1522520
V1 1548090 1522520 1530810 1539800
Net79 5 
V1 3976850 1757800 3945992 1788657
V1 3945992 1788657 2900000 1788657
V1 2900000 1788657 1875000 1531160
V1 1875000 1531160 1603530 1531160
V1 1603530 1531160 1594890 1539800
Net80 5 
V1 4054790 1757800 4017761 1794828
V1 4017761 1794828 2900000 1794828
V1 2900000 1794828 1875000 1546280
V1 1875000 1546280 1197772 1546280
V1 1197772 1546280 1178332 1565720
Net81 5 
V1 3236400 1714600 3222000 1729000
V1 3222000 1729000 2900000 1729000
V1 2900000 1729000 1875000 1492280
V1 1875000 1492280 1264020 1492280
V1 1264020 1492280 1242420 1513880
Net82 5 
V1 3392280 1714600 3363480 1743400
V1 3363480 1743400 2900000 1743400
V1 2900000 1743400 1875000 1496600
V1 1875000 1496600 1323790 1496600
V1 1323790 1496600 1306510 1513880
