Nets 26
Net13 5 
V2 3284030 2060200 3277550 2066680
V2 3277550 2066680 2900000 2066680
V2 2900000 2066680 1875000 1858247
V2 1875000 1858247 1272283 1858247
V2 1272283 1858247 1238960 1891570
Net14 5 
V2 3327330 2060200 3314370 2073160
V2 3314370 2073160 2900000 2073160
V2 2900000 2073160 1875000 1869355
V2 1875000 1869355 1444764 1869355
V2 1444764 1869355 1422550 1891570
Net15 5 
V2 3413932 2060200 3394492 2079640
V2 3394492 2079640 2900000 2079640
V2 2900000 2079640 1875000 1880464
V2 1875000 1880464 1525456 1880464
V2 1525456 1880464 1514350 1891570
Net19 5 
V2 3348980 2034280 3342500 2040760
V2 3342500 2040760 2900000 2040760
V2 2900000 2040760 1875000 1799001
V2 1875000 1799001 1138288 1799001
V2 1138288 1799001 1101260 1836030
Net20 5 
V2 3392280 2034280 3379320 2047240
V2 3379320 2047240 2900000 2047240
V2 2900000 2047240 1875000 1817515
V2 1875000 1817515 1395167 1817515
V2 1395167 1817515 1376652 1836030
Net21 5 
V2 3435582 2034280 3416142 2053720
V2 3416142 2053720 2900000 2053720
V2 2900000 2053720 1875000 1847138
V2 1875000 1847138 365401 1847138
V2 365401 1847138 320970 1891570
Net22 5 
V2 3154130 2008360 3145490 2017000
V2 3145490 2017000 2900000 2017000
V2 2900000 2017000 1875000 1758265
V2 1875000 1758265 1077582 1758265
V2 1077582 1758265 1055360 1780487
Net23 5 
V2 3240730 2008360 3223450 2025640
V2 3223450 2025640 2900000 2025640
V2 2900000 2025640 1875000 1769374
V2 1875000 1769374 1250073 1769374
V2 1250073 1769374 1238960 1780487
Net27 5 
V2 3175780 1982440 3162820 1995400
V2 3162820 1995400 2900000 1995400
V2 2900000 1995400 1875000 1747157
V2 1875000 1747157 996890 1747157
V2 996890 1747157 963560 1780487
Net34 5 
V2 3197430 1956520 3184470 1969480
V2 3184470 1969480 2900000 1969480
V2 2900000 1969480 1875000 1736048
V2 1875000 1736048 824399 1736048
V2 824399 1736048 779960 1780487
Net35 5 
V2 3240730 1956520 3232090 1947880
V2 3232090 1947880 2900000 1947880
V2 2900000 1947880 1875000 1706428
V2 1875000 1706428 660774 1706428
V2 660774 1706428 642262 1724940
Net39 5 
V2 3175780 1930600 3167140 1939240
V2 3167140 1939240 2900000 1939240
V2 2900000 1939240 1875000 1687914
V2 1875000 1687914 587493 1687914
V2 587493 1687914 550467 1724940
Net51 5 
V2 3305680 1878760 3297040 1887400
V2 3297040 1887400 2900000 1887400
V2 2900000 1887400 1875000 1641631
V2 1875000 1641631 1266729 1641631
V2 1266729 1641631 1238960 1669400
Net53 5 
V2 3392280 1878760 3375000 1896040
V2 3375000 1896040 2900000 1896040
V2 2900000 1896040 1875000 1655516
V2 1875000 1655516 1528233 1655516
V2 1528233 1655516 1514350 1669400
Net61 5 
V2 3219080 1826920 3214760 1831240
V2 3214760 1831240 2900000 1831240
V2 2900000 1831240 1875000 1539798
V2 1875000 1539798 706677 1539798
V2 706677 1539798 688162 1558312
Net62 5 
V2 3262380 1826920 3253740 1835560
V2 3253740 1835560 2900000 1835560
V2 2900000 1835560 1875000 1549055
V2 1875000 1549055 789217 1549055
V2 789217 1549055 779960 1558312
Net63 5 
V2 3305680 1826920 3292720 1839880
V2 3292720 1839880 2900000 1839880
V2 2900000 1839880 1875000 1576826
V2 1875000 1576826 679296 1576826
V2 679296 1576826 642262 1613860
Net64 5 
V2 3392280 1826920 3375000 1844200
V2 3375000 1844200 2900000 1844200
V2 2900000 1844200 1875000 1595340
V2 1875000 1595340 844379 1595340
V2 844379 1595340 825860 1613860
Net65 5 
V2 3435582 1826920 3413982 1848520
V2 3413982 1848520 2900000 1848520
V2 2900000 1848520 1875000 1627745
V2 1875000 1627745 362624 1627745
V2 362624 1627745 320970 1669400
Net66 5 
V2 3154130 1801000 3141170 1813960
V2 3141170 1813960 2900000 1813960
V2 2900000 1813960 1875000 1530541
V2 1875000 1530541 624139 1530541
V2 624139 1530541 596367 1558312
Net77 5 
V2 3154130 1749160 3141170 1762120
V2 3141170 1762120 2900000 1762120
V2 2900000 1762120 1875000 1521284
V2 1875000 1521284 752574 1521284
V2 752574 1521284 734060 1502770
Net78 5 
V2 3197430 1749160 3193110 1744840
V2 3193110 1744840 2900000 1744840
V2 2900000 1744840 1875000 1512027
V2 1875000 1512027 835117 1512027
V2 835117 1512027 825860 1502770
Net83 5 
V2 3175780 1723240 3171460 1727560
V2 3171460 1727560 2900000 1727560
V2 2900000 1727560 1875000 1458336
V2 1875000 1458336 1145694 1458336
V2 1145694 1458336 1101260 1502770
Net84 5 
V2 3219080 1723240 3210440 1731880
V2 3210440 1731880 2900000 1731880
V2 2900000 1731880 1875000 1469444
V2 1875000 1469444 1318183 1469444
V2 1318183 1469444 1284857 1502770
Net85 5 
V2 3305680 1723240 3292720 1736200
V2 3292720 1736200 2900000 1736200
V2 2900000 1736200 1875000 1480553
V2 1875000 1480553 1398869 1480553
V2 1398869 1480553 1376652 1502770
Net86 5 
V2 3392280 1723240 3375000 1740520
V2 3375000 1740520 2900000 1740520
V2 2900000 1740520 1875000 1491661
V2 1875000 1491661 1571358 1491661
V2 1571358 1491661 1560250 1502770
