Nets 26
Net11 5 
V2 3361970 2041687 3354034 2049623
V2 3354034 2049623 2900000 2049623
V2 2900000 2049623 1875000 1806200
V2 1875000 1806200 823322 1806200
V2 823322 1806200 787322 1842200
Net12 5 
V2 3552500 2041687 3536630 2057557
V2 3536630 2057557 2900000 2057557
V2 2900000 2057557 1875000 1813400
V2 1875000 1813400 902730 1813400
V2 902730 1813400 873930 1842200
Net13 5 
V2 3647760 2041687 3623955 2065492
V2 3623955 2065492 2900000 2065492
V2 2900000 2065492 1875000 1820600
V2 1875000 1820600 982130 1820600
V2 982130 1820600 960530 1842200
Net14 5 
V2 3743020 2041687 3711281 2073426
V2 3711281 2073426 2900000 2073426
V2 2900000 2073426 1875000 1827800
V2 1875000 1827800 1148132 1827800
V2 1148132 1827800 1133732 1842200
Net15 5 
V2 3838290 2041687 3798616 2081361
V2 3798616 2081361 2900000 2081361
V2 2900000 2081361 1875000 1835000
V2 1875000 1835000 1314140 1835000
V2 1314140 1835000 1306940 1842200
Net22 5 
V2 4505130 2041687 4457522 2089295
V2 4457522 2089295 2900000 2089295
V2 2900000 2089295 1875000 1863800
V2 1875000 1863800 592420 1863800
V2 592420 1863800 570820 1885400
Net23 5 
V2 3314340 1986140 3286563 2013916
V2 3286563 2013916 2900000 2013916
V2 2900000 2013916 1875000 1784600
V2 1875000 1784600 758420 1784600
V2 758420 1784600 744020 1799000
Net34 5 
V2 3266710 1930600 3248198 1949112
V2 3248198 1949112 2900000 1949112
V2 2900000 1949112 1875000 1734200
V2 1875000 1734200 722320 1734200
V2 722320 1734200 700720 1755800
Net43 5 
V2 4505130 1930600 4468104 1967626
V2 4468104 1967626 2900000 1967626
V2 2900000 1967626 1875000 1770200
V2 1875000 1770200 599620 1770200
V2 599620 1770200 570820 1799000
Net54 5 
V2 3266710 1819512 3248190 1838032
V2 3248190 1838032 2900000 1838032
V2 2900000 1838032 1875000 1615400
V2 1875000 1615400 754820 1615400
V2 754820 1615400 744020 1626200
Net61 5 
V2 4124077 1819512 4117906 1813341
V2 4117906 1813341 2900000 1813341
V2 2900000 1813341 1875000 1604600
V2 1875000 1604600 1328540 1604600
V2 1328540 1604600 1306940 1583000
Net62 5 
V2 4314600 1819512 4302257 1807170
V2 4302257 1807170 2900000 1807170
V2 2900000 1807170 1875000 1593800
V2 1875000 1593800 1490942 1593800
V2 1490942 1593800 1480142 1583000
Net63 5 
V2 4409860 1819512 4391346 1800998
V2 4391346 1800998 2900000 1800998
V2 2900000 1800998 1875000 1578680
V2 1875000 1578680 1571070 1578680
V2 1571070 1578680 1566750 1583000
Net64 5 
V2 4505130 1819512 4468096 1856546
V2 4468096 1856546 2900000 1856546
V2 2900000 1856546 1875000 1647800
V2 1875000 1647800 592420 1647800
V2 592420 1647800 570820 1626200
Net66 5 
V2 3314340 1763970 3308167 1770142
V2 3308167 1770142 2900000 1770142
V2 2900000 1770142 1875000 1557080
V2 1875000 1557080 726640 1557080
V2 726640 1557080 700720 1583000
Net67 5 
V2 3409602 1763970 3397258 1776313
V2 3397258 1776313 2900000 1776313
V2 2900000 1776313 1875000 1561400
V2 1875000 1561400 808922 1561400
V2 808922 1561400 787322 1583000
Net68 5 
V2 3504870 1763970 3486355 1782485
V2 3486355 1782485 2900000 1782485
V2 2900000 1782485 1875000 1565720
V2 1875000 1565720 977810 1565720
V2 977810 1565720 960530 1583000
Net69 5 
V2 3600130 1763970 3575443 1788656
V2 3575443 1788656 2900000 1788656
V2 2900000 1788656 1875000 1570040
V2 1875000 1570040 1060090 1570040
V2 1060090 1570040 1047130 1583000
Net70 5 
V2 3695390 1763970 3664532 1794827
V2 3664532 1794827 2900000 1794827
V2 2900000 1794827 1875000 1574360
V2 1875000 1574360 1142372 1574360
V2 1142372 1574360 1133732 1583000
Net73 5 
V2 4171710 1763970 4164767 1757027
V2 4164767 1757027 2900000 1757027
V2 2900000 1757027 1875000 1552760
V2 1875000 1552760 1276600 1552760
V2 1276600 1552760 1263640 1539800
Net74 5 
V2 4266970 1763970 4253084 1750084
V2 4253084 1750084 2900000 1750084
V2 2900000 1750084 1875000 1548440
V2 1875000 1548440 1358880 1548440
V2 1358880 1548440 1350240 1539800
Net75 5 
V2 4362230 1763970 4341401 1743141
V2 4341401 1743141 2900000 1743141
V2 2900000 1743141 1875000 1544120
V2 1875000 1544120 1441160 1544120
V2 1441160 1544120 1436840 1539800
Net76 5 
V2 4457492 1763970 4429721 1736199
V2 4429721 1736199 2900000 1736199
V2 2900000 1736199 1875000 1531160
V2 1875000 1531160 1532087 1531160
V2 1532087 1531160 1523447 1539800
Net78 5 
V2 3266710 1708430 3259769 1715370
V2 3259769 1715370 2900000 1715370
V2 2900000 1715370 1875000 1505240
V2 1875000 1505240 778580 1505240
V2 778580 1505240 744020 1539800
Net79 5 
V2 3361970 1708430 3348086 1722313
V2 3348086 1722313 2900000 1722313
V2 2900000 1722313 1875000 1513880
V2 1875000 1513880 856547 1513880
V2 856547 1513880 830627 1539800
Net80 5 
V2 3552500 1708430 3531673 1729256
V2 3531673 1729256 2900000 1729256
V2 2900000 1729256 1875000 1522520
V2 1875000 1522520 934510 1522520
V2 934510 1522520 917230 1539800
