Nets 15
Net24 5 
M3 3284030 2008360 3271070 2021320
M3 3271070 2021320 2900000 2021320
M3 2900000 2021320 1875000 1877686
M3 1875000 1877686 1234716 1877686
M3 1234716 1877686 1193060 1836030
Net25 5 
M3 3327330 2008360 3320850 2001880
M3 3320850 2001880 2900000 2001880
M3 2900000 2001880 1875000 1863801
M3 1875000 1863801 1312628 1863801
M3 1312628 1863801 1284857 1836030
Net26 5 
M3 3370630 2008360 3357670 1995400
M3 3357670 1995400 2900000 1995400
M3 2900000 1995400 1875000 1849915
M3 1875000 1849915 1482335 1849915
M3 1482335 1849915 1468450 1836030
Net31 5 
M3 3392280 1982440 3385800 1988920
M3 3385800 1988920 2900000 1988920
M3 2900000 1988920 1875000 1808258
M3 1875000 1808258 1588021 1808258
M3 1588021 1808258 1560250 1836030
Net43 5 
M3 3435582 1930600 3422622 1943560
M3 3422622 1943560 2900000 1943560
M3 2900000 1943560 1875000 1752711
M3 1875000 1752711 348746 1752711
M3 348746 1752711 320970 1780487
Net67 5 
M3 3240730 1801000 3235546 1806184
M3 3235546 1806184 2900000 1806184
M3 2900000 1806184 1875000 1569421
M3 1875000 1569421 882868 1569421
M3 882868 1569421 871760 1558312
Net68 5 
M3 3284030 1801000 3273662 1811368
M3 3273662 1811368 2900000 1811368
M3 2900000 1811368 1875000 1580529
M3 1875000 1580529 1318188 1580529
M3 1318188 1580529 1284857 1613860
Net69 5 
M3 3327330 1801000 3311778 1816552
M3 3311778 1816552 2900000 1816552
M3 2900000 1816552 1875000 1591638
M3 1875000 1591638 1398874 1591638
M3 1398874 1591638 1376652 1613860
Net70 5 
M3 3370630 1801000 3349894 1821736
M3 3349894 1821736 2900000 1821736
M3 2900000 1821736 1875000 1602746
M3 1875000 1602746 1479563 1602746
M3 1479563 1602746 1468450 1613860
Net75 5 
M3 3392280 1775080 3379320 1788040
M3 3379320 1788040 2900000 1788040
M3 2900000 1788040 1875000 1550377
M3 1875000 1550377 1522285 1550377
M3 1522285 1550377 1514350 1558312
Net79 5 
M3 3240730 1749160 3235546 1754344
M3 3235546 1754344 2900000 1754344
M3 2900000 1754344 1875000 1518639
M3 1875000 1518639 1003233 1518639
M3 1003233 1518639 963560 1558312
Net80 5 
M3 3284030 1749160 3273662 1759528
M3 3273662 1759528 2900000 1759528
M3 2900000 1759528 1875000 1526573
M3 1875000 1526573 1087099 1526573
M3 1087099 1526573 1055360 1558312
Net81 5 
M3 3327330 1749160 3311778 1764712
M3 3311778 1764712 2900000 1764712
M3 2900000 1764712 1875000 1534508
M3 1875000 1534508 1170964 1534508
M3 1170964 1534508 1147160 1558312
Net82 5 
M3 3370630 1749160 3349894 1769896
M3 3349894 1769896 2900000 1769896
M3 2900000 1769896 1875000 1542442
M3 1875000 1542442 1254830 1542442
M3 1254830 1542442 1238960 1558312
Net87 5 
M3 3435582 1723240 3422622 1736200
M3 3422622 1736200 2900000 1736200
M3 2900000 1736200 1875000 1510704
M3 1875000 1510704 368578 1510704
M3 368578 1510704 320970 1558312
