Nets 37
Net0 5 
V1 3210420 2097230 3204865 2102784
V1 3204865 2102784 2900000 2102784
V1 2900000 2102784 1875000 1849915
V1 1875000 1849915 502054 1849915
V1 502054 1849915 460400 1891570
Net1 5 
V1 3387090 2097230 3375981 2108338
V1 3375981 2108338 2900000 2108338
V1 2900000 2108338 1875000 1854544
V1 1875000 1854544 674096 1854544
V1 674096 1854544 637070 1891570
Net2 5 
V1 3475420 2097230 3458757 2113892
V1 3458757 2113892 2900000 2113892
V1 2900000 2113892 1875000 1859172
V1 1875000 1859172 757797 1859172
V1 757797 1859172 725400 1891570
Net3 5 
V1 3652090 2097230 3629873 2119447
V1 3629873 2119447 2900000 2119447
V1 2900000 2119447 1875000 1863801
V1 1875000 1863801 929839 1863801
V1 929839 1863801 902070 1891570
Net4 5 
V1 3917092 2097230 3889321 2125001
V1 3889321 2125001 2900000 2125001
V1 2900000 2125001 1875000 1868429
V1 1875000 1868429 1013550 1868429
V1 1013550 1868429 990410 1891570
Net5 5 
V1 4005430 2097230 3972104 2130555
V1 3972104 2130555 2900000 2130555
V1 2900000 2130555 1875000 1873058
V1 1875000 1873058 1185592 1873058
V1 1185592 1873058 1167080 1891570
Net6 5 
V1 4182100 2097230 4143220 2136109
V1 4143220 2136109 2900000 2136109
V1 2900000 2136109 1875000 1877686
V1 1875000 1877686 1269293 1877686
V1 1269293 1877686 1255410 1891570
Net7 5 
V1 4270430 2097230 4225996 2141664
V1 4225996 2141664 2900000 2141664
V1 2900000 2141664 1875000 1882315
V1 1875000 1882315 1441335 1882315
V1 1441335 1882315 1432080 1891570
Net8 5 
V1 4358770 2097230 4308781 2147218
V1 4308781 2147218 2900000 2147218
V1 2900000 2147218 1875000 1886943
V1 1875000 1886943 1525039 1886943
V1 1525039 1886943 1520412 1891570
Net10 5 
V1 3254587 2041687 3236073 2060202
V1 3236073 2060202 2900000 2060202
V1 2900000 2060202 1875000 1840658
V1 1875000 1840658 420858 1840658
V1 420858 1840658 416230 1836030
Net11 5 
V1 3342920 2041687 3324406 2023173
V1 3324406 2023173 2900000 2023173
V1 2900000 2023173 1875000 1817515
V1 1875000 1817515 523084 1817515
V1 523084 1817515 504570 1836030
Net22 5 
V1 4402937 2041687 4365909 2078716
V1 4365909 2078716 2900000 2078716
V1 2900000 2078716 1875000 1845287
V1 1875000 1845287 337157 1845287
V1 337157 1845287 327900 1836030
Net23 5 
V1 3298750 1986140 3287641 1975031
V1 3287641 1975031 2900000 1975031
V1 2900000 1975031 1875000 1769374
V1 1875000 1769374 471513 1769374
V1 471513 1769374 460400 1780487
Net24 5 
V1 3387090 1986140 3368570 2004659
V1 3368570 2004659 2900000 2004659
V1 2900000 2004659 1875000 1799001
V1 1875000 1799001 567246 1799001
V1 567246 1799001 548732 1780487
Net33 5 
V1 4447100 1986140 4424883 1963923
V1 4424883 1963923 2900000 1963923
V1 2900000 1963923 1875000 1758265
V1 1875000 1758265 394284 1758265
V1 394284 1758265 372062 1780487
Net34 5 
V1 3254587 1930600 3243481 1941706
V1 3243481 1941706 2900000 1941706
V1 2900000 1941706 1875000 1736048
V1 1875000 1736048 427338 1736048
V1 427338 1736048 416230 1724940
Net35 5 
V1 3431252 1930600 3412738 1912086
V1 3412738 1912086 2900000 1912086
V1 2900000 1912086 1875000 1706428
V1 1875000 1706428 611412 1706428
V1 611412 1706428 592900 1724940
Net43 5 
V1 4402937 1930600 4380723 1952814
V1 4380723 1952814 2900000 1952814
V1 2900000 1952814 1875000 1747157
V1 1875000 1747157 350117 1747157
V1 350117 1747157 327900 1724940
Net44 5 
V1 3298750 1875060 3287641 1863951
V1 3287641 1863951 2900000 1863951
V1 2900000 1863951 1875000 1658294
V1 1875000 1658294 471506 1658294
V1 471506 1658294 460400 1669400
Net45 5 
V1 3387090 1875060 3368578 1893572
V1 3368578 1893572 2900000 1893572
V1 2900000 1893572 1875000 1687914
V1 1875000 1687914 567246 1687914
V1 567246 1687914 548732 1669400
Net53 5 
V1 4447100 1875060 4424883 1852843
V1 4424883 1852843 2900000 1852843
V1 2900000 1852843 1875000 1647185
V1 1875000 1647185 394277 1647185
V1 394277 1647185 372062 1669400
Net54 5 
V1 3254587 1819512 3243474 1830626
V1 3243474 1830626 2900000 1830626
V1 2900000 1830626 1875000 1624968
V1 1875000 1624968 427338 1624968
V1 427338 1624968 416230 1613860
Net55 5 
V1 3431252 1819512 3426980 1815240
V1 3426980 1815240 2900000 1815240
V1 2900000 1815240 1875000 1595340
V1 1875000 1595340 611419 1595340
V1 611419 1595340 592900 1613860
Net64 5 
V1 4402937 1819512 4380715 1841734
V1 4380715 1841734 2900000 1841734
V1 2900000 1841734 1875000 1636077
V1 1875000 1636077 350117 1636077
V1 350117 1636077 327900 1613860
Net66 5 
V1 3298750 1763970 3280236 1745456
V1 3280236 1745456 2900000 1745456
V1 2900000 1745456 1875000 1511315
V1 1875000 1511315 595730 1511315
V1 595730 1511315 548732 1558312
Net67 5 
V1 3387090 1763970 3382817 1768242
V1 3382817 1768242 2900000 1768242
V1 2900000 1768242 1875000 1515587
V1 1875000 1515587 679795 1515587
V1 679795 1515587 637070 1558312
Net68 5 
V1 3475420 1763970 3466875 1772515
V1 3466875 1772515 2900000 1772515
V1 2900000 1772515 1875000 1519860
V1 1875000 1519860 763852 1519860
V1 763852 1519860 725400 1558312
Net69 5 
V1 3563760 1763970 3550942 1776787
V1 3550942 1776787 2900000 1776787
V1 2900000 1776787 1875000 1524132
V1 1875000 1524132 847920 1524132
V1 847920 1524132 813740 1558312
Net70 5 
V1 3652090 1763970 3635000 1781060
V1 3635000 1781060 2900000 1781060
V1 2900000 1781060 1875000 1528405
V1 1875000 1528405 931977 1528405
V1 931977 1528405 902070 1558312
Net71 5 
V1 3917092 1763970 3895730 1785332
V1 3895730 1785332 2900000 1785332
V1 2900000 1785332 1875000 1532677
V1 1875000 1532677 1016045 1532677
V1 1016045 1532677 990410 1558312
Net72 5 
V1 4005430 1763970 3979795 1789605
V1 3979795 1789605 2900000 1789605
V1 2900000 1789605 1875000 1536950
V1 1875000 1536950 1100102 1536950
V1 1100102 1536950 1078740 1558312
Net73 5 
V1 4093762 1763970 4063855 1793877
V1 4063855 1793877 2900000 1793877
V1 2900000 1793877 1875000 1541222
V1 1875000 1541222 1184170 1541222
V1 1184170 1541222 1167080 1558312
Net74 5 
V1 4182100 1763970 4147920 1798150
V1 4147920 1798150 2900000 1798150
V1 2900000 1798150 1875000 1545495
V1 1875000 1545495 1268227 1545495
V1 1268227 1545495 1255410 1558312
Net75 5 
V1 4270430 1763970 4231977 1802422
V1 4231977 1802422 2900000 1802422
V1 2900000 1802422 1875000 1549767
V1 1875000 1549767 1440625 1549767
V1 1440625 1549767 1432080 1558312
Net76 5 
V1 4358770 1763970 4316045 1806695
V1 4316045 1806695 2900000 1806695
V1 2900000 1806695 1875000 1554040
V1 1875000 1554040 1524685 1554040
V1 1524685 1554040 1520412 1558312
Net77 5 
V1 4447100 1763970 4400102 1810967
V1 4400102 1810967 2900000 1810967
V1 2900000 1810967 1875000 1576826
V1 1875000 1576826 390576 1576826
V1 390576 1576826 372062 1558312
Net79 5 
V1 3342920 1708430 3324408 1726942
V1 3324408 1726942 2900000 1726942
V1 2900000 1726942 1875000 1507042
V1 1875000 1507042 508842 1507042
V1 508842 1507042 504570 1502770
