Nets 15
Net8 5 
M2 3408740 2086120 3400100 2094760
M2 3400100 2094760 2900000 2094760
M2 2900000 2094760 1875000 1863801
M2 1875000 1863801 991329 1863801
M2 991329 1863801 963560 1891570
Net9 5 
M2 3462430 2086120 3445150 2103400
M2 3445150 2103400 2900000 2103400
M2 2900000 2103400 1875000 1877686
M2 1875000 1877686 1161043 1877686
M2 1161043 1877686 1147160 1891570
Net10 5 
M2 3516127 2086120 3507487 2077480
M2 3507487 2077480 2900000 2077480
M2 2900000 2077480 1875000 1849915
M2 1875000 1849915 288955 1849915
M2 288955 1849915 275070 1836030
Net12 5 
M2 3220810 2060200 3212170 2068840
M2 3212170 2068840 2900000 2068840
M2 2900000 2068840 1875000 1817515
M2 1875000 1817515 477184 1817515
M2 477184 1817515 458670 1836030
Net16 5 
M2 3193960 2034280 3181000 2047240
M2 3181000 2047240 2900000 2047240
M2 2900000 2047240 1875000 1799001
M2 1875000 1799001 431284 1799001
M2 431284 1799001 412770 1780487
Net28 5 
M2 3247660 1982440 3241180 1988920
M2 3241180 1988920 2900000 1988920
M2 2900000 1988920 1875000 1738825
M2 1875000 1738825 913422 1738825
M2 913422 1738825 871760 1780487
Net29 5 
M2 3301350 1982440 3288390 1995400
M2 3288390 1995400 2900000 1995400
M2 2900000 1995400 1875000 1752711
M2 1875000 1752711 1358529 1752711
M2 1358529 1752711 1330752 1780487
Net30 5 
M2 3408740 1982440 3389300 2001880
M2 3389300 2001880 2900000 2001880
M2 2900000 2001880 1875000 1766596
M2 1875000 1766596 1528241 1766596
M2 1528241 1766596 1514350 1780487
Net32 5 
M2 3516127 1982440 3503167 1969480
M2 3503167 1969480 2900000 1969480
M2 2900000 1969480 1875000 1697171
M2 1875000 1697171 302838 1697171
M2 302838 1697171 275070 1724940
Net44 5 
M2 3167120 1904680 3154160 1917640
M2 3154160 1917640 2900000 1917640
M2 2900000 1917640 1875000 1641631
M2 1875000 1641631 807728 1641631
M2 807728 1641631 779960 1669400
Net52 5 
M2 3408740 1878760 3395780 1891720
M2 3395780 1891720 2900000 1891720
M2 2900000 1891720 1875000 1595340
M2 1875000 1595340 1211579 1595340
M2 1211579 1595340 1193060 1613860
Net54 5 
M2 3516127 1878760 3507487 1870120
M2 3507487 1870120 2900000 1870120
M2 2900000 1870120 1875000 1576826
M2 1875000 1576826 312103 1576826
M2 312103 1576826 275070 1613860
Net55 5 
M2 3167120 1852840 3158480 1861480
M2 3158480 1861480 2900000 1861480
M2 2900000 1861480 1875000 1539798
M2 1875000 1539798 431284 1539798
M2 431284 1539798 412770 1558312
Net71 5 
M2 3193960 1775080 3185320 1783720
M2 3185320 1783720 2900000 1783720
M2 2900000 1783720 1875000 1474998
M2 1875000 1474998 394641 1474998
M2 394641 1474998 366870 1502770
Net76 5 
M2 3516127 1775080 3498847 1792360
M2 3498847 1792360 2900000 1792360
M2 2900000 1792360 1875000 1521284
M2 1875000 1521284 293584 1521284
M2 293584 1521284 275070 1502770
