Nets 40
Net0 5 
V1 3197430 2103400 3191257 2109572
V1 3191257 2109572 2900000 2109572
V1 2900000 2109572 1875000 1856600
V1 1875000 1856600 943860 1856600
V1 943860 1856600 915060 1885400
Net1 5 
V1 3353310 2103400 3340966 2115743
V1 3340966 2115743 2900000 2115743
V1 2900000 2115743 1875000 1861400
V1 1875000 1861400 1094950 1861400
V1 1094950 1861400 1070950 1885400
Net2 5 
V1 3431252 2103400 3412737 2121915
V1 3412737 2121915 2900000 2121915
V1 2900000 2121915 1875000 1866200
V1 1875000 1866200 1168090 1866200
V1 1168090 1866200 1148890 1885400
Net3 5 
V1 3587140 2103400 3562453 2128086
V1 3562453 2128086 2900000 2128086
V1 2900000 2128086 1875000 1871000
V1 1875000 1871000 1319172 1871000
V1 1319172 1871000 1304772 1885400
Net4 5 
V1 3665080 2103400 3634222 2134257
V1 3634222 2134257 2900000 2134257
V1 2900000 2134257 1875000 1875800
V1 1875000 1875800 1392320 1875800
V1 1392320 1875800 1382720 1885400
Net5 5 
V1 3820970 2103400 3783941 2140428
V1 3783941 2140428 2900000 2140428
V1 2900000 2140428 1875000 1880600
V1 1875000 1880600 1543400 1880600
V1 1543400 1880600 1538600 1885400
Net7 5 
V1 3236400 2060200 3222000 2074600
V1 3222000 2074600 2900000 2074600
V1 2900000 2074600 1875000 1847000
V1 1875000 1847000 802950 1847000
V1 802950 1847000 798150 1842200
Net8 5 
V1 3314340 2060200 3299940 2045800
V1 3299940 2045800 2900000 2045800
V1 2900000 2045800 1875000 1827800
V1 1875000 1827800 890490 1827800
V1 890490 1827800 876090 1842200
Net16 5 
V1 4093762 2060200 4064962 2089000
V1 4064962 2089000 2900000 2089000
V1 2900000 2089000 1875000 1851800
V1 1875000 1851800 729810 1851800
V1 729810 1851800 720210 1842200
Net17 5 
V1 3197430 2017000 3188790 2008360
V1 3188790 2008360 2900000 2008360
V1 2900000 2008360 1875000 1790360
V1 1875000 1790360 845760 1790360
V1 845760 1790360 837120 1799000
Net18 5 
V1 3275370 2017000 3260970 2031400
V1 3260970 2031400 2900000 2031400
V1 2900000 2031400 1875000 1813400
V1 1875000 1813400 929460 1813400
V1 929460 1813400 915060 1799000
Net25 5 
V1 4054790 2017000 4037510 1999720
V1 4037510 1999720 2900000 1999720
V1 2900000 1999720 1875000 1781720
V1 1875000 1781720 698517 1781720
V1 698517 1781720 681237 1799000
Net26 5 
V1 3236400 1973800 3227760 1982440
V1 3227760 1982440 2900000 1982440
V1 2900000 1982440 1875000 1764440
V1 1875000 1764440 806790 1764440
V1 806790 1764440 798150 1755800
Net27 5 
V1 3314340 1973800 3299940 1959400
V1 3299940 1959400 2900000 1959400
V1 2900000 1959400 1875000 1741400
V1 1875000 1741400 890490 1741400
V1 890490 1741400 876090 1755800
Net35 5 
V1 4093762 1973800 4076482 1991080
V1 4076482 1991080 2900000 1991080
V1 2900000 1991080 1875000 1773080
V1 1875000 1773080 737490 1773080
V1 737490 1773080 720210 1755800
Net36 5 
V1 3197430 1930600 3192630 1925800
V1 3192630 1925800 2900000 1925800
V1 2900000 1925800 1875000 1691000
V1 1875000 1691000 780780 1691000
V1 780780 1691000 759180 1712600
Net37 5 
V1 3275370 1930600 3260970 1945000
V1 3260970 1945000 2900000 1945000
V1 2900000 1945000 1875000 1727000
V1 1875000 1727000 929460 1727000
V1 929460 1727000 915060 1712600
Net44 5 
V1 3314340 1887400 3309540 1882600
V1 3309540 1882600 2900000 1882600
V1 2900000 1882600 1875000 1631000
V1 1875000 1631000 836550 1631000
V1 836550 1631000 798150 1669400
Net45 5 
V1 3392280 1887400 3387480 1892200
V1 3387480 1892200 2900000 1892200
V1 2900000 1892200 1875000 1635800
V1 1875000 1635800 909690 1635800
V1 909690 1635800 876090 1669400
Net46 5 
V1 3470227 1887400 3460627 1897000
V1 3460627 1897000 2900000 1897000
V1 2900000 1897000 1875000 1640600
V1 1875000 1640600 982830 1640600
V1 982830 1640600 954030 1669400
Net47 5 
V1 3548170 1887400 3533770 1901800
V1 3533770 1901800 2900000 1901800
V1 2900000 1901800 1875000 1645400
V1 1875000 1645400 1055980 1645400
V1 1055980 1645400 1031980 1669400
Net48 5 
V1 3704050 1887400 3684850 1906600
V1 3684850 1906600 2900000 1906600
V1 2900000 1906600 1875000 1650200
V1 1875000 1650200 1207060 1650200
V1 1207060 1650200 1187860 1669400
Net49 5 
V1 3781997 1887400 3757997 1911400
V1 3757997 1911400 2900000 1911400
V1 2900000 1911400 1875000 1655000
V1 1875000 1655000 1358147 1655000
V1 1358147 1655000 1343747 1669400
Net50 5 
V1 3859940 1887400 3831140 1916200
V1 3831140 1916200 2900000 1916200
V1 2900000 1916200 1875000 1659800
V1 1875000 1659800 1509230 1659800
V1 1509230 1659800 1499630 1669400
Net51 5 
V1 4015820 1887400 3982220 1921000
V1 3982220 1921000 2900000 1921000
V1 2900000 1921000 1875000 1664600
V1 1875000 1664600 1582370 1664600
V1 1582370 1664600 1577570 1669400
Net52 5 
V1 3197430 1844200 3192630 1849000
V1 3192630 1849000 2900000 1849000
V1 2900000 1849000 1875000 1595960
V1 1875000 1595960 789420 1595960
V1 789420 1595960 759180 1626200
Net53 5 
V1 3275370 1844200 3265770 1853800
V1 3265770 1853800 2900000 1853800
V1 2900000 1853800 1875000 1600280
V1 1875000 1600280 863040 1600280
V1 863040 1600280 837120 1626200
Net54 5 
V1 3431252 1844200 3416852 1858600
V1 3416852 1858600 2900000 1858600
V1 2900000 1858600 1875000 1604600
V1 1875000 1604600 1014602 1604600
V1 1014602 1604600 993002 1626200
Net57 5 
V1 3743020 1844200 3723820 1863400
V1 3723820 1863400 2900000 1863400
V1 2900000 1863400 1875000 1608920
V1 1875000 1608920 1322052 1608920
V1 1322052 1608920 1304772 1626200
Net58 5 
V1 3820970 1844200 3796970 1868200
V1 3796970 1868200 2900000 1868200
V1 2900000 1868200 1875000 1613240
V1 1875000 1613240 1395680 1613240
V1 1395680 1613240 1382720 1626200
Net59 5 
V1 3898910 1844200 3870110 1873000
V1 3870110 1873000 2900000 1873000
V1 2900000 1873000 1875000 1617560
V1 1875000 1617560 1469300 1617560
V1 1469300 1617560 1460660 1626200
Net60 5 
V1 3976850 1844200 3943250 1877800
V1 3943250 1877800 2900000 1877800
V1 2900000 1877800 1875000 1621880
V1 1875000 1621880 1542920 1621880
V1 1542920 1621880 1538600 1626200
Net62 5 
V1 3236400 1801000 3222000 1815400
V1 3222000 1815400 2900000 1815400
V1 2900000 1815400 1875000 1587320
V1 1875000 1587320 802470 1587320
V1 802470 1587320 798150 1583000
Net63 5 
V1 3392280 1801000 3377880 1786600
V1 3377880 1786600 2900000 1786600
V1 2900000 1786600 1875000 1568600
V1 1875000 1568600 890490 1568600
V1 890490 1568600 876090 1583000
Net70 5 
V1 4093762 1801000 4064962 1829800
V1 4064962 1829800 2900000 1829800
V1 2900000 1829800 1875000 1591640
V1 1875000 1591640 728850 1591640
V1 728850 1591640 720210 1583000
Net71 5 
V1 3197430 1757800 3188790 1749160
V1 3188790 1749160 2900000 1749160
V1 2900000 1749160 1875000 1531160
V1 1875000 1531160 845760 1531160
V1 845760 1531160 837120 1539800
Net72 5 
V1 3275370 1757800 3260970 1772200
V1 3260970 1772200 2900000 1772200
V1 2900000 1772200 1875000 1554200
V1 1875000 1554200 929460 1554200
V1 929460 1554200 915060 1539800
Net80 5 
V1 4054790 1757800 4037510 1740520
V1 4037510 1740520 2900000 1740520
V1 2900000 1740520 1875000 1522520
V1 1875000 1522520 698517 1522520
V1 698517 1522520 681237 1539800
Net81 5 
V1 3236400 1714600 3227760 1723240
V1 3227760 1723240 2900000 1723240
V1 2900000 1723240 1875000 1505240
V1 1875000 1505240 962670 1505240
V1 962670 1505240 954030 1496600
Net87 5 
V1 4093762 1714600 4076482 1731880
V1 4076482 1731880 2900000 1731880
V1 2900000 1731880 1875000 1513880
V1 1875000 1513880 737490 1513880
V1 737490 1513880 720210 1496600
