Nets 21
Net6 5 
M2 4054790 2103400 4033190 2125000
M2 4033190 2125000 2900000 2125000
M2 2900000 2125000 1875000 1808258
M2 1875000 1808258 250011 1808258
M2 250011 1808258 222240 1836030
Net17 5 
M2 3197430 2017000 3175830 2038600
M2 3175830 2038600 2900000 2038600
M2 2900000 2038600 1875000 1752711
M2 1875000 1752711 392916 1752711
M2 392916 1752711 365140 1780487
Net25 5 
M2 4054790 2017000 4033190 1995400
M2 4033190 1995400 2900000 1995400
M2 2900000 1995400 1875000 1697171
M2 1875000 1697171 250008 1697171
M2 250008 1697171 222240 1724940
Net48 5 
M2 3704050 1887400 3695410 1896040
M2 3695410 1896040 2900000 1896040
M2 2900000 1896040 1875000 1624968
M2 1875000 1624968 981141 1624968
M2 981141 1624968 936710 1669400
Net49 5 
M2 3781997 1887400 3764717 1904680
M2 3764717 1904680 2900000 1904680
M2 2900000 1904680 1875000 1636077
M2 1875000 1636077 1065303 1636077
M2 1065303 1636077 1031980 1669400
Net50 5 
M2 3859940 1887400 3834020 1913320
M2 3834020 1913320 2900000 1913320
M2 2900000 1913320 1875000 1647185
M2 1875000 1647185 1244714 1647185
M2 1244714 1647185 1222500 1669400
Net51 5 
M2 4015820 1887400 3981260 1921960
M2 3981260 1921960 2900000 1921960
M2 2900000 1921960 1875000 1658294
M2 1875000 1658294 1328868 1658294
M2 1328868 1658294 1317762 1669400
Net52 5 
M2 3197430 1844200 3192630 1849000
M2 3192630 1849000 2900000 1849000
M2 2900000 1849000 1875000 1539798
M2 1875000 1539798 383654 1539798
M2 383654 1539798 365140 1558312
Net53 5 
M2 3275370 1844200 3265770 1853800
M2 3265770 1853800 2900000 1853800
M2 2900000 1853800 1875000 1565255
M2 1875000 1565255 366112 1565255
M2 366112 1565255 317507 1613860
Net54 5 
M2 3431252 1844200 3416852 1858600
M2 3416852 1858600 2900000 1858600
M2 2900000 1858600 1875000 1572198
M2 1875000 1572198 549692 1572198
M2 549692 1572198 508030 1613860
Net55 5 
M2 3587140 1844200 3567940 1863400
M2 3567940 1863400 2900000 1863400
M2 2900000 1863400 1875000 1579140
M2 1875000 1579140 638009 1579140
M2 638009 1579140 603290 1613860
Net56 5 
M2 3665080 1844200 3641080 1868200
M2 3641080 1868200 2900000 1868200
M2 2900000 1868200 1875000 1586083
M2 1875000 1586083 821596 1586083
M2 821596 1586083 793820 1613860
Net57 5 
M2 3743020 1844200 3714220 1873000
M2 3714220 1873000 2900000 1873000
M2 2900000 1873000 1875000 1593026
M2 1875000 1593026 909913 1593026
M2 909913 1593026 889080 1613860
Net58 5 
M2 3820970 1844200 3787370 1877800
M2 3787370 1877800 2900000 1877800
M2 2900000 1877800 1875000 1599969
M2 1875000 1599969 1093501 1599969
M2 1093501 1599969 1079610 1613860
Net59 5 
M2 3898910 1844200 3860510 1882600
M2 3860510 1882600 2900000 1882600
M2 2900000 1882600 1875000 1606911
M2 1875000 1606911 1181818 1606911
M2 1181818 1606911 1174870 1613860
Net82 5 
M2 3392280 1714600 3386107 1720772
M2 3386107 1720772 2900000 1720772
M2 2900000 1720772 1875000 1456484
M2 1875000 1456484 840105 1456484
M2 840105 1456484 793820 1502770
Net83 5 
M2 3470227 1714600 3457883 1726943
M2 3457883 1726943 2900000 1726943
M2 2900000 1726943 1875000 1465741
M2 1875000 1465741 1116638 1465741
M2 1116638 1465741 1079610 1502770
Net84 5 
M2 3626110 1714600 3607595 1733115
M2 3607595 1733115 2900000 1733115
M2 2900000 1733115 1875000 1474998
M2 1875000 1474998 1297901 1474998
M2 1297901 1474998 1270130 1502770
Net85 5 
M2 3704050 1714600 3679363 1739286
M2 3679363 1739286 2900000 1739286
M2 2900000 1739286 1875000 1484255
M2 1875000 1484255 1383912 1484255
M2 1383912 1484255 1365397 1502770
Net86 5 
M2 3859940 1714600 3829082 1745457
M2 3829082 1745457 2900000 1745457
M2 2900000 1745457 1875000 1493512
M2 1875000 1493512 1565177 1493512
M2 1565177 1493512 1555920 1502770
Net87 5 
M2 4093762 1714600 4056733 1751628
M2 4056733 1751628 2900000 1751628
M2 2900000 1751628 1875000 1521284
M2 1875000 1521284 306898 1521284
M2 306898 1521284 269870 1558312
