Nets 15
Net24 5 
M3 3328200 2008360 3315240 2021320
M3 3315240 2021320 2900000 2021320
M3 2900000 2021320 1875000 1877686
M3 1875000 1877686 1252896 1877686
M3 1252896 1877686 1211240 1836030
Net25 5 
M3 3381890 2008360 3375410 2001880
M3 3375410 2001880 2900000 2001880
M3 2900000 2001880 1875000 1863801
M3 1875000 1863801 1327351 1863801
M3 1327351 1863801 1299580 1836030
Net26 5 
M3 3435582 2008360 3422622 1995400
M3 3422622 1995400 2900000 1995400
M3 2900000 1995400 1875000 1849915
M3 1875000 1849915 1490135 1849915
M3 1490135 1849915 1476250 1836030
Net31 5 
M3 3462430 1982440 3455950 1988920
M3 3455950 1988920 2900000 1988920
M3 2900000 1988920 1875000 1808258
M3 1875000 1808258 1592351 1808258
M3 1592351 1808258 1564580 1836030
Net43 5 
M3 3516127 1930600 3503167 1943560
M3 3503167 1943560 2900000 1943560
M3 2900000 1943560 1875000 1752711
M3 1875000 1752711 399838 1752711
M3 399838 1752711 372062 1780487
Net67 5 
M3 3274502 1801000 3269318 1806184
M3 3269318 1806184 2900000 1806184
M3 2900000 1806184 1875000 1569421
M3 1875000 1569421 913178 1569421
M3 913178 1569421 902070 1558312
Net68 5 
M3 3328200 1801000 3317832 1811368
M3 3317832 1811368 2900000 1811368
M3 2900000 1811368 1875000 1580529
M3 1875000 1580529 1332910 1580529
M3 1332910 1580529 1299580 1613860
Net69 5 
M3 3381890 1801000 3366338 1816552
M3 3366338 1816552 2900000 1816552
M3 2900000 1816552 1875000 1591638
M3 1875000 1591638 1410132 1591638
M3 1410132 1591638 1387910 1613860
Net70 5 
M3 3435582 1801000 3414846 1821736
M3 3414846 1821736 2900000 1821736
M3 2900000 1821736 1875000 1602746
M3 1875000 1602746 1487363 1602746
M3 1487363 1602746 1476250 1613860
Net75 5 
M3 3462430 1775080 3449470 1788040
M3 3449470 1788040 2900000 1788040
M3 2900000 1788040 1875000 1550377
M3 1875000 1550377 1528348 1550377
M3 1528348 1550377 1520412 1558312
Net79 5 
M3 3274502 1749160 3269318 1754344
M3 3269318 1754344 2900000 1754344
M3 2900000 1754344 1875000 1518639
M3 1875000 1518639 1030083 1518639
M3 1030083 1518639 990410 1558312
Net80 5 
M3 3328200 1749160 3317832 1759528
M3 3317832 1759528 2900000 1759528
M3 2900000 1759528 1875000 1526573
M3 1875000 1526573 1110479 1526573
M3 1110479 1526573 1078740 1558312
Net81 5 
M3 3381890 1749160 3366338 1764712
M3 3366338 1764712 2900000 1764712
M3 2900000 1764712 1875000 1534508
M3 1875000 1534508 1190884 1534508
M3 1190884 1534508 1167080 1558312
Net82 5 
M3 3435582 1749160 3414846 1769896
M3 3414846 1769896 2900000 1769896
M3 2900000 1769896 1875000 1542442
M3 1875000 1542442 1271280 1542442
M3 1271280 1542442 1255410 1558312
Net87 5 
M3 3516127 1723240 3503167 1736200
M3 3503167 1736200 2900000 1736200
M3 2900000 1736200 1875000 1510704
M3 1875000 1510704 419670 1510704
M3 419670 1510704 372062 1558312
