Nets 51
Net9 5 
M2 4252760 1972230 4224988 2000001
M2 4224988 2000001 2600000 2000001
M2 2600000 2000001 1875000 1863801
M2 1875000 1863801 297638 1863801
M2 297638 1863801 269870 1891570
Net12 5 
M2 3252500 1916687 3247450 1921737
M2 3247450 1921737 2600000 1921737
M2 2600000 1921737 1875000 1785536
M2 1875000 1785536 558523 1785536
M2 558523 1785536 508030 1836030
Net13 5 
M2 3347760 1916687 3337660 1926786
M2 3337660 1926786 2600000 1926786
M2 2600000 1926786 1875000 1790586
M2 1875000 1790586 648734 1790586
M2 648734 1790586 603290 1836030
Net14 5 
M2 3443020 1916687 3427871 1931836
M2 3427871 1931836 2600000 1931836
M2 2600000 1931836 1875000 1795635
M2 1875000 1795635 738954 1795635
M2 738954 1795635 698560 1836030
Net15 5 
M2 3538290 1916687 3518092 1936885
M2 3518092 1936885 2600000 1936885
M2 2600000 1936885 1875000 1800684
M2 1875000 1800684 829165 1800684
M2 829165 1800684 793820 1836030
Net16 5 
M2 3633550 1916687 3608303 1941934
M2 3608303 1941934 2600000 1941934
M2 2600000 1941934 1875000 1805733
M2 1875000 1805733 1109906 1805733
M2 1109906 1805733 1079610 1836030
Net17 5 
M2 3728810 1916687 3698513 1946983
M2 3698513 1946983 2600000 1946983
M2 2600000 1946983 1875000 1810783
M2 1875000 1810783 1200117 1810783
M2 1200117 1810783 1174870 1836030
Net18 5 
M2 3824077 1916687 3788732 1952033
M2 3788732 1952033 2600000 1952033
M2 2600000 1952033 1875000 1815832
M2 1875000 1815832 1290327 1815832
M2 1290327 1815832 1270130 1836030
Net19 5 
M2 3919340 1916687 3878945 1957082
M2 3878945 1957082 2600000 1957082
M2 2600000 1957082 1875000 1820881
M2 1875000 1820881 1380546 1820881
M2 1380546 1820881 1365397 1836030
Net20 5 
M2 4014600 1916687 3969156 1962131
M2 3969156 1962131 2600000 1962131
M2 2600000 1962131 1875000 1825930
M2 1875000 1825930 1470759 1825930
M2 1470759 1825930 1460660 1836030
Net21 5 
M2 4109860 1916687 4059366 1967180
M2 4059366 1967180 2600000 1967180
M2 2600000 1967180 1875000 1830980
M2 1875000 1830980 1560970 1830980
M2 1560970 1830980 1555920 1836030
Net25 5 
M2 3204870 1861140 3198692 1867317
M2 3198692 1867317 2600000 1867317
M2 2600000 1867317 1875000 1731111
M2 1875000 1731111 700298 1731111
M2 700298 1731111 650922 1780487
Net26 5 
M2 3300130 1861140 3287781 1873488
M2 3287781 1873488 2600000 1873488
M2 2600000 1873488 1875000 1737282
M2 1875000 1737282 789395 1737282
M2 789395 1737282 746190 1780487
Net27 5 
M2 3395390 1861140 3376870 1879660
M2 3376870 1879660 2600000 1879660
M2 2600000 1879660 1875000 1743453
M2 1875000 1743453 878483 1743453
M2 878483 1743453 841450 1780487
Net28 5 
M2 3585920 1861140 3561228 1885831
M2 3561228 1885831 2600000 1885831
M2 2600000 1885831 1875000 1749625
M2 1875000 1749625 967572 1749625
M2 967572 1749625 936710 1780487
Net29 5 
M2 3681180 1861140 3650317 1892002
M2 3650317 1892002 2600000 1892002
M2 2600000 1892002 1875000 1755796
M2 1875000 1755796 1056671 1755796
M2 1056671 1755796 1031980 1780487
Net30 5 
M2 3871710 1861140 3834676 1898173
M2 3834676 1898173 2600000 1898173
M2 2600000 1898173 1875000 1761967
M2 1875000 1761967 1241020 1761967
M2 1241020 1761967 1222500 1780487
Net31 5 
M2 3966970 1861140 3923765 1904345
M2 3923765 1904345 2600000 1904345
M2 2600000 1904345 1875000 1768138
M2 1875000 1768138 1330111 1768138
M2 1330111 1768138 1317762 1780487
Net32 5 
M2 4157492 1861140 4108116 1910516
M2 4108116 1910516 2600000 1910516
M2 2600000 1910516 1875000 1774310
M2 1875000 1774310 1514467 1774310
M2 1514467 1774310 1508290 1780487
Net36 5 
M2 3252500 1805600 3245559 1812540
M2 3245559 1812540 2600000 1812540
M2 2600000 1812540 1875000 1676342
M2 1875000 1676342 651887 1676342
M2 651887 1676342 603290 1724940
Net37 5 
M2 3443020 1805600 3429136 1819483
M2 3429136 1819483 2600000 1819483
M2 2600000 1819483 1875000 1683285
M2 1875000 1683285 835474 1683285
M2 835474 1683285 793820 1724940
Net38 5 
M2 3538290 1805600 3517463 1826426
M2 3517463 1826426 2600000 1826426
M2 2600000 1826426 1875000 1690228
M2 1875000 1690228 923791 1690228
M2 923791 1690228 889080 1724940
Net39 5 
M2 3728810 1805600 3701041 1833369
M2 3701041 1833369 2600000 1833369
M2 2600000 1833369 1875000 1697171
M2 1875000 1697171 1107379 1697171
M2 1107379 1697171 1079610 1724940
Net40 5 
M2 3824077 1805600 3789365 1840311
M2 3789365 1840311 2600000 1840311
M2 2600000 1840311 1875000 1704113
M2 1875000 1704113 1195696 1704113
M2 1195696 1704113 1174870 1724940
Net41 5 
M2 4014600 1805600 3972945 1847254
M2 3972945 1847254 2600000 1847254
M2 2600000 1847254 1875000 1711056
M2 1875000 1711056 1379281 1711056
M2 1379281 1711056 1365397 1724940
Net42 5 
M2 4109860 1805600 4061262 1854197
M2 4061262 1854197 2600000 1854197
M2 2600000 1854197 1875000 1717999
M2 1875000 1717999 1467600 1717999
M2 1467600 1717999 1460660 1724940
Net46 5 
M2 3300130 1750060 3293189 1757000
M2 3293189 1757000 2600000 1757000
M2 2600000 1757000 1875000 1620802
M2 1875000 1620802 699519 1620802
M2 699519 1620802 650922 1669400
Net47 5 
M2 3395390 1750060 3381506 1763943
M2 3381506 1763943 2600000 1763943
M2 2600000 1763943 1875000 1627745
M2 1875000 1627745 787844 1627745
M2 787844 1627745 746190 1669400
Net48 5 
M2 3585920 1750060 3565093 1770886
M2 3565093 1770886 2600000 1770886
M2 2600000 1770886 1875000 1634688
M2 1875000 1634688 971421 1634688
M2 971421 1634688 936710 1669400
Net49 5 
M2 3681180 1750060 3653411 1777829
M2 3653411 1777829 2600000 1777829
M2 2600000 1777829 1875000 1641631
M2 1875000 1641631 1059749 1641631
M2 1059749 1641631 1031980 1669400
Net50 5 
M2 3871710 1750060 3836998 1784771
M2 3836998 1784771 2600000 1784771
M2 2600000 1784771 1875000 1648573
M2 1875000 1648573 1243326 1648573
M2 1243326 1648573 1222500 1669400
Net51 5 
M2 3966970 1750060 3925315 1791714
M2 3925315 1791714 2600000 1791714
M2 2600000 1791714 1875000 1655516
M2 1875000 1655516 1331646 1655516
M2 1331646 1655516 1317762 1669400
Net52 5 
M2 4157492 1750060 4108895 1798657
M2 4108895 1798657 2600000 1798657
M2 2600000 1798657 1875000 1662459
M2 1875000 1662459 1515230 1662459
M2 1515230 1662459 1508290 1669400
Net56 5 
M2 3252500 1694512 3246322 1700690
M2 3246322 1700690 2600000 1700690
M2 2600000 1700690 1875000 1569421
M2 1875000 1569421 647729 1569421
M2 647729 1569421 603290 1613860
Net57 5 
M2 3443020 1694512 3430671 1706861
M2 3430671 1706861 2600000 1706861
M2 2600000 1706861 1875000 1574975
M2 1875000 1574975 832704 1574975
M2 832704 1574975 793820 1613860
Net58 5 
M2 3538290 1694512 3519770 1713032
M2 3519770 1713032 2600000 1713032
M2 2600000 1713032 1875000 1580529
M2 1875000 1580529 922410 1580529
M2 922410 1580529 889080 1613860
Net59 5 
M2 3633550 1694512 3608858 1719203
M2 3608858 1719203 2600000 1719203
M2 2600000 1719203 1875000 1586083
M2 1875000 1586083 1107386 1586083
M2 1107386 1586083 1079610 1613860
Net60 5 
M2 3728810 1694512 3697947 1725375
M2 3697947 1725375 2600000 1725375
M2 2600000 1725375 1875000 1591638
M2 1875000 1591638 1197092 1591638
M2 1197092 1591638 1174870 1613860
Net61 5 
M2 3824077 1694512 3787043 1731546
M2 3787043 1731546 2600000 1731546
M2 2600000 1731546 1875000 1597192
M2 1875000 1597192 1286797 1597192
M2 1286797 1597192 1270130 1613860
Net62 5 
M2 4014600 1694512 3971395 1737717
M2 3971395 1737717 2600000 1737717
M2 2600000 1737717 1875000 1602746
M2 1875000 1602746 1376511 1602746
M2 1376511 1602746 1365397 1613860
Net63 5 
M2 4109860 1694512 4060483 1743888
M2 4060483 1743888 2600000 1743888
M2 2600000 1743888 1875000 1608300
M2 1875000 1608300 1466219 1608300
M2 1466219 1608300 1460660 1613860
Net65 5 
M2 2919080 1638970 2891308 1666741
M2 2891308 1666741 2600000 1666741
M2 2600000 1666741 1875000 1563866
M2 1875000 1563866 370694 1563866
M2 370694 1563866 365140 1558312
Net78 5 
M2 2966710 1583430 2961158 1588981
M2 2961158 1588981 2600000 1588981
M2 2600000 1588981 1875000 1453398
M2 1875000 1453398 366878 1453398
M2 366878 1453398 317507 1502770
Net80 5 
M2 3252500 1583430 3241394 1594536
M2 3241394 1594536 2600000 1594536
M2 2600000 1594536 1875000 1459570
M2 1875000 1459570 551230 1459570
M2 551230 1459570 508030 1502770
Net81 5 
M2 3347760 1583430 3331099 1600090
M2 3331099 1600090 2600000 1600090
M2 2600000 1600090 1875000 1465741
M2 1875000 1465741 735588 1465741
M2 735588 1465741 698560 1502770
Net82 5 
M2 3538290 1583430 3516075 1605644
M2 3516075 1605644 2600000 1605644
M2 2600000 1605644 1875000 1471912
M2 1875000 1471912 824677 1471912
M2 824677 1471912 793820 1502770
Net83 5 
M2 3633550 1583430 3605781 1611198
M2 3605781 1611198 2600000 1611198
M2 2600000 1611198 1875000 1478083
M2 1875000 1478083 1104296 1478083
M2 1104296 1478083 1079610 1502770
Net84 5 
M2 3824077 1583430 3790754 1616753
M2 3790754 1616753 2600000 1616753
M2 2600000 1616753 1875000 1484255
M2 1875000 1484255 1288645 1484255
M2 1288645 1484255 1270130 1502770
Net85 5 
M2 3919340 1583430 3880462 1622307
M2 3880462 1622307 2600000 1622307
M2 2600000 1622307 1875000 1490426
M2 1875000 1490426 1377741 1490426
M2 1377741 1490426 1365397 1502770
Net86 5 
M2 4109860 1583430 4065428 1627861
M2 4065428 1627861 2600000 1627861
M2 2600000 1627861 1875000 1496597
M2 1875000 1496597 1562092 1496597
M2 1562092 1496597 1555920 1502770
Net87 5 
M2 4205130 1583430 4155144 1633415
M2 4155144 1633415 2600000 1633415
M2 2600000 1633415 1875000 1530541
M2 1875000 1530541 250011 1530541
M2 250011 1530541 222240 1502770
