Nets 35
Net0 5 
V1 2908250 1978400 2902077 1984572
V1 2902077 1984572 2600000 1984572
V1 2600000 1984572 1875000 1863801
V1 1875000 1863801 440539 1863801
V1 440539 1863801 412770 1891570
Net1 5 
V1 3081460 1978400 3069116 1990743
V1 3069116 1990743 2600000 1990743
V1 2600000 1990743 1875000 1868429
V1 1875000 1868429 619508 1868429
V1 619508 1868429 596367 1891570
Net2 5 
V1 3168060 1978400 3149545 1996915
V1 3149545 1996915 2600000 1996915
V1 2600000 1996915 1875000 1873058
V1 1875000 1873058 706674 1873058
V1 706674 1873058 688162 1891570
Net3 5 
V1 3341267 1978400 3316581 2003086
V1 3316581 2003086 2600000 2003086
V1 2600000 2003086 1875000 1877686
V1 1875000 1877686 885643 1877686
V1 885643 1877686 871760 1891570
Net4 5 
V1 3427870 1978400 3397012 2009257
V1 3397012 2009257 2600000 2009257
V1 2600000 2009257 1875000 1882315
V1 1875000 1882315 972815 1882315
V1 972815 1882315 963560 1891570
Net5 5 
V1 3601070 1978400 3564041 2015428
V1 3564041 2015428 2600000 2015428
V1 2600000 2015428 1875000 1886943
V1 1875000 1886943 1151786 1886943
V1 1151786 1886943 1147160 1891570
Net7 5 
V1 2951552 1935200 2946752 1930400
V1 2946752 1930400 2600000 1930400
V1 2600000 1930400 1875000 1859172
V1 1875000 1859172 390012 1859172
V1 390012 1859172 366870 1836030
Net8 5 
V1 3038160 1935200 3028560 1925600
V1 3028560 1925600 2600000 1925600
V1 2600000 1925600 1875000 1854544
V1 1875000 1854544 477184 1854544
V1 477184 1854544 458670 1836030
Net9 5 
V1 3124760 1935200 3110360 1920800
V1 3110360 1920800 2600000 1920800
V1 2600000 1920800 1875000 1849915
V1 1875000 1849915 564353 1849915
V1 564353 1849915 550467 1836030
Net10 5 
V1 3211360 1935200 3192160 1916000
V1 3192160 1916000 2600000 1916000
V1 2600000 1916000 1875000 1845287
V1 1875000 1845287 651519 1845287
V1 651519 1845287 642262 1836030
Net11 5 
V1 3297962 1935200 3273962 1911200
V1 3273962 1911200 2600000 1911200
V1 2600000 1911200 1875000 1840658
V1 1875000 1840658 738688 1840658
V1 738688 1840658 734060 1836030
Net12 5 
V1 3471170 1935200 3442370 1906400
V1 3442370 1906400 2600000 1906400
V1 2600000 1906400 1875000 1817515
V1 1875000 1817515 844374 1817515
V1 844374 1817515 825860 1836030
Net18 5 
V1 2994857 1892000 2990057 1896800
V1 2990057 1896800 2600000 1896800
V1 2600000 1896800 1875000 1761968
V1 1875000 1761968 523089 1761968
V1 523089 1761968 504570 1780487
Net19 5 
V1 3168060 1892000 3158460 1901600
V1 3158460 1901600 2600000 1901600
V1 2600000 1901600 1875000 1799001
V1 1875000 1799001 706676 1799001
V1 706676 1799001 688162 1780487
Net26 5 
V1 2951552 1848800 2946752 1844000
V1 2946752 1844000 2600000 1844000
V1 2600000 1844000 1875000 1743454
V1 1875000 1743454 385384 1743454
V1 385384 1743454 366870 1724940
Net37 5 
V1 2994857 1805600 2990057 1810400
V1 2990057 1810400 2600000 1810400
V1 2600000 1810400 1875000 1681742
V1 1875000 1681742 685460 1681742
V1 685460 1681742 642262 1724940
Net38 5 
V1 3168060 1805600 3158460 1815200
V1 3158460 1815200 2600000 1815200
V1 2600000 1815200 1875000 1687913
V1 1875000 1687913 862886 1687913
V1 862886 1687913 825860 1724940
Net39 5 
V1 3341267 1805600 3326867 1820000
V1 3326867 1820000 2600000 1820000
V1 2600000 1820000 1875000 1694085
V1 1875000 1694085 948515 1694085
V1 948515 1694085 917660 1724940
Net40 5 
V1 3514470 1805600 3495270 1824800
V1 3495270 1824800 2600000 1824800
V1 2600000 1824800 1875000 1700256
V1 1875000 1700256 1125943 1700256
V1 1125943 1700256 1101260 1724940
Net41 5 
V1 3601070 1805600 3577070 1829600
V1 3577070 1829600 2600000 1829600
V1 2600000 1829600 1875000 1706427
V1 1875000 1706427 1211572 1706427
V1 1211572 1706427 1193060 1724940
Net42 5 
V1 3687677 1805600 3658877 1834400
V1 3658877 1834400 2600000 1834400
V1 2600000 1834400 1875000 1712598
V1 1875000 1712598 1388993 1712598
V1 1388993 1712598 1376652 1724940
Net43 5 
V1 3774280 1805600 3740680 1839200
V1 3740680 1839200 2600000 1839200
V1 2600000 1839200 1875000 1718770
V1 1875000 1718770 1474620 1718770
V1 1474620 1718770 1468450 1724940
Net44 5 
V1 3038160 1762400 3029520 1771040
V1 3029520 1771040 2600000 1771040
V1 2600000 1771040 1875000 1636077
V1 1875000 1636077 446093 1636077
V1 446093 1636077 412770 1669400
Net45 5 
V1 3124760 1762400 3107480 1779680
V1 3107480 1779680 2600000 1779680
V1 2600000 1779680 1875000 1647185
V1 1875000 1647185 526784 1647185
V1 526784 1647185 504570 1669400
Net46 5 
V1 3211360 1762400 3185440 1788320
V1 3185440 1788320 2600000 1788320
V1 2600000 1788320 1875000 1658294
V1 1875000 1658294 699268 1658294
V1 699268 1658294 688162 1669400
Net47 5 
V1 3297962 1762400 3263402 1796960
V1 3263402 1796960 2600000 1796960
V1 2600000 1796960 1875000 1675571
V1 1875000 1675571 786131 1675571
V1 786131 1675571 779960 1669400
Net62 5 
V1 2951552 1676000 2937152 1661600
V1 2937152 1661600 2600000 1661600
V1 2600000 1661600 1875000 1569421
V1 1875000 1569421 515678 1569421
V1 515678 1569421 504570 1558312
Net63 5 
V1 3124760 1676000 3095960 1647200
V1 3095960 1647200 2600000 1647200
V1 2600000 1647200 1875000 1547204
V1 1875000 1547204 607476 1547204
V1 607476 1547204 596367 1558312
Net67 5 
V1 3471170 1676000 3462530 1684640
V1 3462530 1684640 2600000 1684640
V1 2600000 1684640 1875000 1580529
V1 1875000 1580529 1318188 1580529
V1 1318188 1580529 1284857 1613860
Net68 5 
V1 3644372 1676000 3627092 1693280
V1 3627092 1693280 2600000 1693280
V1 2600000 1693280 1875000 1591638
V1 1875000 1591638 1398874 1591638
V1 1398874 1591638 1376652 1613860
Net69 5 
V1 3730980 1676000 3705060 1701920
V1 3705060 1701920 2600000 1701920
V1 2600000 1701920 1875000 1602746
V1 1875000 1602746 1479563 1602746
V1 1479563 1602746 1468450 1613860
Net70 5 
V1 3904180 1676000 3869620 1710560
V1 3869620 1710560 2600000 1710560
V1 2600000 1710560 1875000 1624968
V1 1875000 1624968 365401 1624968
V1 365401 1624968 320970 1669400
Net72 5 
V1 2994857 1632800 2984057 1622000
V1 2984057 1622000 2600000 1622000
V1 2600000 1622000 1875000 1536095
V1 1875000 1536095 491995 1536095
V1 491995 1536095 458670 1502770
Net73 5 
V1 3081460 1632800 3059860 1611200
V1 3059860 1611200 2600000 1611200
V1 2600000 1611200 1875000 1524987
V1 1875000 1524987 572684 1524987
V1 572684 1524987 550467 1502770
Net81 5 
V1 2951552 1589600 2940752 1600400
V1 2940752 1600400 2600000 1600400
V1 2600000 1600400 1875000 1513878
V1 1875000 1513878 745168 1513878
V1 745168 1513878 734060 1502770
