Nets 51
Net9 5 
M2 4199930 1972230 4172158 2000001
M2 4172158 2000001 2600000 2000001
M2 2600000 2000001 1875000 1863801
M2 1875000 1863801 348738 1863801
M2 348738 1863801 320970 1891570
Net12 5 
M2 3236040 1916687 3230990 1921737
M2 3230990 1921737 2600000 1921737
M2 2600000 1921737 1875000 1785536
M2 1875000 1785536 600960 1785536
M2 600960 1785536 550467 1836030
Net13 5 
M2 3327840 1916687 3317740 1926786
M2 3317740 1926786 2600000 1926786
M2 2600000 1926786 1875000 1790586
M2 1875000 1790586 687706 1790586
M2 687706 1790586 642262 1836030
Net14 5 
M2 3419640 1916687 3404491 1931836
M2 3404491 1931836 2600000 1931836
M2 2600000 1931836 1875000 1795635
M2 1875000 1795635 774454 1795635
M2 774454 1795635 734060 1836030
Net15 5 
M2 3511440 1916687 3491242 1936885
M2 3491242 1936885 2600000 1936885
M2 2600000 1936885 1875000 1800684
M2 1875000 1800684 861205 1800684
M2 861205 1800684 825860 1836030
Net16 5 
M2 3603240 1916687 3577993 1941934
M2 3577993 1941934 2600000 1941934
M2 2600000 1941934 1875000 1805733
M2 1875000 1805733 1131556 1805733
M2 1131556 1805733 1101260 1836030
Net17 5 
M2 3695040 1916687 3664743 1946983
M2 3664743 1946983 2600000 1946983
M2 2600000 1946983 1875000 1810783
M2 1875000 1810783 1218307 1810783
M2 1218307 1810783 1193060 1836030
Net18 5 
M2 3786837 1916687 3751492 1952033
M2 3751492 1952033 2600000 1952033
M2 2600000 1952033 1875000 1815832
M2 1875000 1815832 1305055 1815832
M2 1305055 1815832 1284857 1836030
Net19 5 
M2 3878632 1916687 3838237 1957082
M2 3838237 1957082 2600000 1957082
M2 2600000 1957082 1875000 1820881
M2 1875000 1820881 1391801 1820881
M2 1391801 1820881 1376652 1836030
Net20 5 
M2 3970430 1916687 3924986 1962131
M2 3924986 1962131 2600000 1962131
M2 2600000 1962131 1875000 1825930
M2 1875000 1825930 1478549 1825930
M2 1478549 1825930 1468450 1836030
Net21 5 
M2 4062230 1916687 4011736 1967180
M2 4011736 1967180 2600000 1967180
M2 2600000 1967180 1875000 1830980
M2 1875000 1830980 1565300 1830980
M2 1565300 1830980 1560250 1836030
Net25 5 
M2 3190142 1861140 3183965 1867317
M2 3183965 1867317 2600000 1867317
M2 2600000 1867317 1875000 1731111
M2 1875000 1731111 737538 1731111
M2 737538 1731111 688162 1780487
Net26 5 
M2 3281940 1861140 3269591 1873488
M2 3269591 1873488 2600000 1873488
M2 2600000 1873488 1875000 1737282
M2 1875000 1737282 823165 1737282
M2 823165 1737282 779960 1780487
Net27 5 
M2 3373740 1861140 3355220 1879660
M2 3355220 1879660 2600000 1879660
M2 2600000 1879660 1875000 1743453
M2 1875000 1743453 908793 1743453
M2 908793 1743453 871760 1780487
Net28 5 
M2 3557340 1861140 3532648 1885831
M2 3532648 1885831 2600000 1885831
M2 2600000 1885831 1875000 1749625
M2 1875000 1749625 994422 1749625
M2 994422 1749625 963560 1780487
Net29 5 
M2 3649140 1861140 3618277 1892002
M2 3618277 1892002 2600000 1892002
M2 2600000 1892002 1875000 1755796
M2 1875000 1755796 1080051 1755796
M2 1080051 1755796 1055360 1780487
Net30 5 
M2 3832737 1861140 3795703 1898173
M2 3795703 1898173 2600000 1898173
M2 2600000 1898173 1875000 1761967
M2 1875000 1761967 1257480 1761967
M2 1257480 1761967 1238960 1780487
Net31 5 
M2 3924532 1861140 3881327 1904345
M2 3881327 1904345 2600000 1904345
M2 2600000 1904345 1875000 1768138
M2 1875000 1768138 1343101 1768138
M2 1343101 1768138 1330752 1780487
Net32 5 
M2 4108130 1861140 4058753 1910516
M2 4058753 1910516 2600000 1910516
M2 2600000 1910516 1875000 1774310
M2 1875000 1774310 1520527 1774310
M2 1520527 1774310 1514350 1780487
Net36 5 
M2 3236040 1805600 3229099 1812540
M2 3229099 1812540 2600000 1812540
M2 2600000 1812540 1875000 1676342
M2 1875000 1676342 690859 1676342
M2 690859 1676342 642262 1724940
Net37 5 
M2 3419640 1805600 3405756 1819483
M2 3405756 1819483 2600000 1819483
M2 2600000 1819483 1875000 1683285
M2 1875000 1683285 867514 1683285
M2 867514 1683285 825860 1724940
Net38 5 
M2 3511440 1805600 3490613 1826426
M2 3490613 1826426 2600000 1826426
M2 2600000 1826426 1875000 1690228
M2 1875000 1690228 952371 1690228
M2 952371 1690228 917660 1724940
Net39 5 
M2 3695040 1805600 3667271 1833369
M2 3667271 1833369 2600000 1833369
M2 2600000 1833369 1875000 1697171
M2 1875000 1697171 1129029 1697171
M2 1129029 1697171 1101260 1724940
Net40 5 
M2 3786837 1805600 3752125 1840311
M2 3752125 1840311 2600000 1840311
M2 2600000 1840311 1875000 1704113
M2 1875000 1704113 1213886 1704113
M2 1213886 1704113 1193060 1724940
Net41 5 
M2 3970430 1805600 3928775 1847254
M2 3928775 1847254 2600000 1847254
M2 2600000 1847254 1875000 1711056
M2 1875000 1711056 1390536 1711056
M2 1390536 1711056 1376652 1724940
Net42 5 
M2 4062230 1805600 4013632 1854197
M2 4013632 1854197 2600000 1854197
M2 2600000 1854197 1875000 1717999
M2 1875000 1717999 1475390 1717999
M2 1475390 1717999 1468450 1724940
Net46 5 
M2 3281940 1750060 3274999 1757000
M2 3274999 1757000 2600000 1757000
M2 2600000 1757000 1875000 1620802
M2 1875000 1620802 736759 1620802
M2 736759 1620802 688162 1669400
Net47 5 
M2 3373740 1750060 3359856 1763943
M2 3359856 1763943 2600000 1763943
M2 2600000 1763943 1875000 1627745
M2 1875000 1627745 821614 1627745
M2 821614 1627745 779960 1669400
Net48 5 
M2 3557340 1750060 3536513 1770886
M2 3536513 1770886 2600000 1770886
M2 2600000 1770886 1875000 1634688
M2 1875000 1634688 998271 1634688
M2 998271 1634688 963560 1669400
Net49 5 
M2 3649140 1750060 3621371 1777829
M2 3621371 1777829 2600000 1777829
M2 2600000 1777829 1875000 1641631
M2 1875000 1641631 1083129 1641631
M2 1083129 1641631 1055360 1669400
Net50 5 
M2 3832737 1750060 3798025 1784771
M2 3798025 1784771 2600000 1784771
M2 2600000 1784771 1875000 1648573
M2 1875000 1648573 1259786 1648573
M2 1259786 1648573 1238960 1669400
Net51 5 
M2 3924532 1750060 3882878 1791714
M2 3882878 1791714 2600000 1791714
M2 2600000 1791714 1875000 1655516
M2 1875000 1655516 1344636 1655516
M2 1344636 1655516 1330752 1669400
Net52 5 
M2 4108130 1750060 4059532 1798657
M2 4059532 1798657 2600000 1798657
M2 2600000 1798657 1875000 1662459
M2 1875000 1662459 1521290 1662459
M2 1521290 1662459 1514350 1669400
Net56 5 
M2 3236040 1694512 3229862 1700690
M2 3229862 1700690 2600000 1700690
M2 2600000 1700690 1875000 1569421
M2 1875000 1569421 686701 1569421
M2 686701 1569421 642262 1613860
Net57 5 
M2 3419640 1694512 3407291 1706861
M2 3407291 1706861 2600000 1706861
M2 2600000 1706861 1875000 1574975
M2 1875000 1574975 864744 1574975
M2 864744 1574975 825860 1613860
Net58 5 
M2 3511440 1694512 3492920 1713032
M2 3492920 1713032 2600000 1713032
M2 2600000 1713032 1875000 1580529
M2 1875000 1580529 950990 1580529
M2 950990 1580529 917660 1613860
Net59 5 
M2 3603240 1694512 3578548 1719203
M2 3578548 1719203 2600000 1719203
M2 2600000 1719203 1875000 1586083
M2 1875000 1586083 1129036 1586083
M2 1129036 1586083 1101260 1613860
Net60 5 
M2 3695040 1694512 3664177 1725375
M2 3664177 1725375 2600000 1725375
M2 2600000 1725375 1875000 1591638
M2 1875000 1591638 1215282 1591638
M2 1215282 1591638 1193060 1613860
Net61 5 
M2 3786837 1694512 3749803 1731546
M2 3749803 1731546 2600000 1731546
M2 2600000 1731546 1875000 1597192
M2 1875000 1597192 1301525 1597192
M2 1301525 1597192 1284857 1613860
Net62 5 
M2 3970430 1694512 3927225 1737717
M2 3927225 1737717 2600000 1737717
M2 2600000 1737717 1875000 1602746
M2 1875000 1602746 1387766 1602746
M2 1387766 1602746 1376652 1613860
Net63 5 
M2 4062230 1694512 4012853 1743888
M2 4012853 1743888 2600000 1743888
M2 2600000 1743888 1875000 1608300
M2 1875000 1608300 1474009 1608300
M2 1474009 1608300 1468450 1613860
Net65 5 
M2 2914750 1638970 2886978 1666741
M2 2886978 1666741 2600000 1666741
M2 2600000 1666741 1875000 1563866
M2 1875000 1563866 418324 1563866
M2 418324 1563866 412770 1558312
Net78 5 
M2 2960650 1583430 2955098 1588981
M2 2955098 1588981 2600000 1588981
M2 2600000 1588981 1875000 1453398
M2 1875000 1453398 416241 1453398
M2 416241 1453398 366870 1502770
Net80 5 
M2 3236040 1583430 3224934 1594536
M2 3224934 1594536 2600000 1594536
M2 2600000 1594536 1875000 1459570
M2 1875000 1459570 593667 1459570
M2 593667 1459570 550467 1502770
Net81 5 
M2 3327840 1583430 3311179 1600090
M2 3311179 1600090 2600000 1600090
M2 2600000 1600090 1875000 1465741
M2 1875000 1465741 771088 1465741
M2 771088 1465741 734060 1502770
Net82 5 
M2 3511440 1583430 3489225 1605644
M2 3489225 1605644 2600000 1605644
M2 2600000 1605644 1875000 1471912
M2 1875000 1471912 856717 1471912
M2 856717 1471912 825860 1502770
Net83 5 
M2 3603240 1583430 3575471 1611198
M2 3575471 1611198 2600000 1611198
M2 2600000 1611198 1875000 1478083
M2 1875000 1478083 1125946 1478083
M2 1125946 1478083 1101260 1502770
Net84 5 
M2 3786837 1583430 3753514 1616753
M2 3753514 1616753 2600000 1616753
M2 2600000 1616753 1875000 1484255
M2 1875000 1484255 1303372 1484255
M2 1303372 1484255 1284857 1502770
Net85 5 
M2 3878632 1583430 3839755 1622307
M2 3839755 1622307 2600000 1622307
M2 2600000 1622307 1875000 1490426
M2 1875000 1490426 1388996 1490426
M2 1388996 1490426 1376652 1502770
Net86 5 
M2 4062230 1583430 4017798 1627861
M2 4017798 1627861 2600000 1627861
M2 2600000 1627861 1875000 1496597
M2 1875000 1496597 1566422 1496597
M2 1566422 1496597 1560250 1502770
Net87 5 
M2 4154030 1583430 4104044 1633415
M2 4104044 1633415 2600000 1633415
M2 2600000 1633415 1875000 1530541
M2 1875000 1530541 302841 1530541
M2 302841 1530541 275070 1502770
