Nets 21
Net6 5 
M2 3606270 1978400 3584670 2000000
M2 3584670 2000000 2600000 2000000
M2 2600000 2000000 1875000 1808258
M2 1875000 1808258 355671 1808258
M2 355671 1808258 327900 1836030
Net17 5 
M2 2882270 1892000 2860670 1913600
M2 2860670 1913600 2600000 1913600
M2 2600000 1913600 1875000 1752711
M2 1875000 1752711 488176 1752711
M2 488176 1752711 460400 1780487
Net25 5 
M2 3606270 1892000 3584670 1870400
M2 3584670 1870400 2600000 1870400
M2 2600000 1870400 1875000 1697171
M2 1875000 1697171 355668 1697171
M2 355668 1697171 327900 1724940
Net48 5 
M2 3310090 1762400 3301450 1771040
M2 3301450 1771040 2600000 1771040
M2 2600000 1771040 1875000 1624968
M2 1875000 1624968 1034841 1624968
M2 1034841 1624968 990410 1669400
Net49 5 
M2 3375910 1762400 3358630 1779680
M2 3358630 1779680 2600000 1779680
M2 2600000 1779680 1875000 1636077
M2 1875000 1636077 1112063 1636077
M2 1112063 1636077 1078740 1669400
Net50 5 
M2 3441722 1762400 3415802 1788320
M2 3415802 1788320 2600000 1788320
M2 2600000 1788320 1875000 1647185
M2 1875000 1647185 1277624 1647185
M2 1277624 1647185 1255410 1669400
Net51 5 
M2 3573360 1762400 3538800 1796960
M2 3538800 1796960 2600000 1796960
M2 2600000 1796960 1875000 1658294
M2 1875000 1658294 1354853 1658294
M2 1354853 1658294 1343747 1669400
Net52 5 
M2 2882270 1719200 2877470 1724000
M2 2877470 1724000 2600000 1724000
M2 2600000 1724000 1875000 1539798
M2 1875000 1539798 478914 1539798
M2 478914 1539798 460400 1558312
Net53 5 
M2 2948090 1719200 2938490 1728800
M2 2938490 1728800 2600000 1728800
M2 2600000 1728800 1875000 1565255
M2 1875000 1565255 464834 1565255
M2 464834 1565255 416230 1613860
Net54 5 
M2 3079730 1719200 3065330 1733600
M2 3065330 1733600 2600000 1733600
M2 2600000 1733600 1875000 1572198
M2 1875000 1572198 634562 1572198
M2 634562 1572198 592900 1613860
Net55 5 
M2 3211360 1719200 3192160 1738400
M2 3192160 1738400 2600000 1738400
M2 2600000 1738400 1875000 1579140
M2 1875000 1579140 715956 1579140
M2 715956 1579140 681237 1613860
Net56 5 
M2 3277180 1719200 3253180 1743200
M2 3253180 1743200 2600000 1743200
M2 2600000 1743200 1875000 1586083
M2 1875000 1586083 885684 1586083
M2 885684 1586083 857907 1613860
Net57 5 
M2 3343000 1719200 3314200 1748000
M2 3314200 1748000 2600000 1748000
M2 2600000 1748000 1875000 1593026
M2 1875000 1593026 967073 1593026
M2 967073 1593026 946240 1613860
Net58 5 
M2 3408817 1719200 3375217 1752800
M2 3375217 1752800 2600000 1752800
M2 2600000 1752800 1875000 1599969
M2 1875000 1599969 1136801 1599969
M2 1136801 1599969 1122910 1613860
Net59 5 
M2 3474630 1719200 3436230 1757600
M2 3436230 1757600 2600000 1757600
M2 2600000 1757600 1875000 1606911
M2 1875000 1606911 1218188 1606911
M2 1218188 1606911 1211240 1613860
Net82 5 
M2 3046820 1589600 3040647 1595772
M2 3040647 1595772 2600000 1595772
M2 2600000 1595772 1875000 1456484
M2 1875000 1456484 904193 1456484
M2 904193 1456484 857907 1502770
Net83 5 
M2 3112637 1589600 3100293 1601943
M2 3100293 1601943 2600000 1601943
M2 2600000 1601943 1875000 1465741
M2 1875000 1465741 1159938 1465741
M2 1159938 1465741 1122910 1502770
Net84 5 
M2 3244270 1589600 3225755 1608115
M2 3225755 1608115 2600000 1608115
M2 2600000 1608115 1875000 1474998
M2 1875000 1474998 1327351 1474998
M2 1327351 1474998 1299580 1502770
Net85 5 
M2 3310090 1589600 3285403 1614286
M2 3285403 1614286 2600000 1614286
M2 2600000 1614286 1875000 1484255
M2 1875000 1484255 1406424 1484255
M2 1406424 1484255 1387910 1502770
Net86 5 
M2 3441722 1589600 3410865 1620457
M2 3410865 1620457 2600000 1620457
M2 2600000 1620457 1875000 1493512
M2 1875000 1493512 1573837 1493512
M2 1573837 1493512 1564580 1502770
Net87 5 
M2 3639180 1589600 3602151 1626628
M2 3602151 1626628 2600000 1626628
M2 2600000 1626628 1875000 1521284
M2 1875000 1521284 409091 1521284
M2 409091 1521284 372062 1558312
