Nets 15
Net8 5 
M2 3168490 1961120 3159850 1969760
M2 3159850 1969760 2600000 1969760
M2 2600000 1969760 1875000 1863801
M2 1875000 1863801 1018179 1863801
M2 1018179 1863801 990410 1891570
Net9 5 
M2 3232580 1961120 3215300 1978400
M2 3215300 1978400 2600000 1978400
M2 2600000 1978400 1875000 1877686
M2 1875000 1877686 1180963 1877686
M2 1180963 1877686 1167080 1891570
Net10 5 
M2 3296667 1961120 3288027 1952480
M2 3288027 1952480 2600000 1952480
M2 2600000 1952480 1875000 1849915
M2 1875000 1849915 341785 1849915
M2 341785 1849915 327900 1836030
Net12 5 
M2 2944190 1935200 2935550 1943840
M2 2935550 1943840 2600000 1943840
M2 2600000 1943840 1875000 1817515
M2 1875000 1817515 523084 1817515
M2 523084 1817515 504570 1836030
Net16 5 
M2 2912150 1909280 2899190 1922240
M2 2899190 1922240 2600000 1922240
M2 2600000 1922240 1875000 1799001
M2 1875000 1799001 478914 1799001
M2 478914 1799001 460400 1780487
Net28 5 
M2 2976240 1857440 2969760 1863920
M2 2969760 1863920 2600000 1863920
M2 2600000 1863920 1875000 1738825
M2 1875000 1738825 943732 1738825
M2 943732 1738825 902070 1780487
Net29 5 
M2 3040320 1857440 3027360 1870400
M2 3027360 1870400 2600000 1870400
M2 2600000 1870400 1875000 1752711
M2 1875000 1752711 1371524 1752711
M2 1371524 1752711 1343747 1780487
Net30 5 
M2 3168490 1857440 3149050 1876880
M2 3149050 1876880 2600000 1876880
M2 2600000 1876880 1875000 1766596
M2 1875000 1766596 1534303 1766596
M2 1534303 1766596 1520412 1780487
Net32 5 
M2 3296667 1857440 3283707 1844480
M2 3283707 1844480 2600000 1844480
M2 2600000 1844480 1875000 1697171
M2 1875000 1697171 355668 1697171
M2 355668 1697171 327900 1724940
Net44 5 
M2 2880110 1779680 2867150 1792640
M2 2867150 1792640 2600000 1792640
M2 2600000 1792640 1875000 1641631
M2 1875000 1641631 841508 1641631
M2 841508 1641631 813740 1669400
Net52 5 
M2 3168490 1753760 3155530 1766720
M2 3155530 1766720 2600000 1766720
M2 2600000 1766720 1875000 1595340
M2 1875000 1595340 1229759 1595340
M2 1229759 1595340 1211240 1613860
Net54 5 
M2 3296667 1753760 3288027 1745120
M2 3288027 1745120 2600000 1745120
M2 2600000 1745120 1875000 1576826
M2 1875000 1576826 364933 1576826
M2 364933 1576826 327900 1613860
Net55 5 
M2 2880110 1727840 2871470 1736480
M2 2871470 1736480 2600000 1736480
M2 2600000 1736480 1875000 1539798
M2 1875000 1539798 478914 1539798
M2 478914 1539798 460400 1558312
Net71 5 
M2 2912150 1650080 2903510 1658720
M2 2903510 1658720 2600000 1658720
M2 2600000 1658720 1875000 1474998
M2 1875000 1474998 444001 1474998
M2 444001 1474998 416230 1502770
Net76 5 
M2 3296667 1650080 3279387 1667360
M2 3279387 1667360 2600000 1667360
M2 2600000 1667360 1875000 1521284
M2 1875000 1521284 346414 1521284
M2 346414 1521284 327900 1502770
