Nets 34
Net0 5 
V1 2919080 1972230 2911144 1980165
V1 2911144 1980165 2600000 1980165
V1 2600000 1980165 1875000 1853000
V1 1875000 1853000 863027 1853000
V1 863027 1853000 830627 1885400
Net1 5 
V1 3109602 1972230 3093732 1988100
V1 3093732 1988100 2600000 1988100
V1 2600000 1988100 1875000 1858400
V1 1875000 1858400 1030830 1858400
V1 1030830 1858400 1003830 1885400
Net2 5 
V1 3204870 1972230 3181065 1996034
V1 3181065 1996034 2600000 1996034
V1 2600000 1996034 1875000 1863800
V1 1875000 1863800 1112030 1863800
V1 1112030 1863800 1090430 1885400
Net3 5 
V1 3395390 1972230 3363651 2003969
V1 3363651 2003969 2600000 2003969
V1 2600000 2003969 1875000 1869200
V1 1875000 1869200 1279840 1869200
V1 1279840 1869200 1263640 1885400
Net4 5 
V1 3681180 1972230 3641506 2011903
V1 3641506 2011903 2600000 2011903
V1 2600000 2011903 1875000 1874600
V1 1875000 1874600 1361040 1874600
V1 1361040 1874600 1350240 1885400
Net5 5 
V1 3776440 1972230 3728832 2019838
V1 3728832 2019838 2600000 2019838
V1 2600000 2019838 1875000 1880000
V1 1875000 1880000 1528847 1880000
V1 1528847 1880000 1523447 1885400
Net7 5 
V1 4062230 1972230 4043716 1953716
V1 4043716 1953716 2600000 1953716
V1 2600000 1953716 1875000 1847600
V1 1875000 1847600 1485542 1847600
V1 1485542 1847600 1480142 1842200
Net8 5 
V1 4157492 1972230 4120464 1935202
V1 4120464 1935202 2600000 1935202
V1 2600000 1935202 1875000 1835000
V1 1875000 1835000 1573950 1835000
V1 1573950 1835000 1566750 1842200
Net10 5 
V1 2966710 1916687 2959767 1909744
V1 2959767 1909744 2600000 1909744
V1 2600000 1909744 1875000 1827800
V1 1875000 1827800 715120 1827800
V1 715120 1827800 700720 1842200
Net17 5 
V1 3728810 1916687 3714924 1902802
V1 3714924 1902802 2600000 1902802
V1 2600000 1902802 1875000 1820600
V1 1875000 1820600 1198637 1820600
V1 1198637 1820600 1177037 1799000
Net18 5 
V1 3824077 1916687 3803249 1895859
V1 3803249 1895859 2600000 1895859
V1 2600000 1895859 1875000 1813400
V1 1875000 1813400 1278040 1813400
V1 1278040 1813400 1263640 1799000
Net19 5 
V1 3919340 1916687 3891569 1888916
V1 3891569 1888916 2600000 1888916
V1 2600000 1888916 1875000 1806200
V1 1875000 1806200 1357440 1806200
V1 1357440 1806200 1350240 1799000
Net20 5 
V1 4014600 1916687 3979886 1881973
V1 3979886 1881973 2600000 1881973
V1 2600000 1881973 1875000 1794680
V1 1875000 1794680 1527767 1794680
V1 1527767 1794680 1523447 1799000
Net24 5 
V1 3109602 1861140 3102654 1868088
V1 3102654 1868088 2600000 1868088
V1 2600000 1868088 1875000 1786040
V1 1875000 1786040 843587 1786040
V1 843587 1786040 830627 1799000
Net25 5 
V1 3204870 1861140 3190979 1875031
V1 3190979 1875031 2600000 1875031
V1 2600000 1875031 1875000 1790360
V1 1875000 1790360 1012470 1790360
V1 1012470 1790360 1003830 1799000
Net27 5 
V1 3395390 1861140 3389218 1854968
V1 3389218 1854968 2600000 1854968
V1 2600000 1854968 1875000 1781720
V1 1875000 1781720 899850 1781720
V1 899850 1781720 873930 1755800
Net28 5 
V1 3585920 1861140 3573577 1848797
V1 3573577 1848797 2600000 1848797
V1 2600000 1848797 1875000 1777400
V1 1875000 1777400 982130 1777400
V1 982130 1777400 960530 1755800
Net29 5 
V1 3681180 1861140 3662666 1842626
V1 3662666 1842626 2600000 1842626
V1 2600000 1842626 1875000 1773080
V1 1875000 1773080 1064410 1773080
V1 1064410 1773080 1047130 1755800
Net30 5 
V1 3871710 1861140 3847025 1836455
V1 3847025 1836455 2600000 1836455
V1 2600000 1836455 1875000 1768760
V1 1875000 1768760 1146692 1768760
V1 1146692 1768760 1133732 1755800
Net31 5 
V1 3966970 1861140 3936113 1830283
V1 3936113 1830283 2600000 1830283
V1 2600000 1830283 1875000 1764440
V1 1875000 1764440 1315580 1764440
V1 1315580 1764440 1306940 1755800
Net32 5 
V1 4157492 1861140 4120465 1824112
V1 4120465 1824112 2600000 1824112
V1 2600000 1824112 1875000 1760120
V1 1875000 1760120 1484462 1760120
V1 1484462 1760120 1480142 1755800
Net33 5 
V1 4252760 1861140 4209561 1817941
V1 4209561 1817941 2600000 1817941
V1 2600000 1817941 1875000 1734200
V1 1875000 1734200 635720 1734200
V1 635720 1734200 614120 1755800
Net35 5 
V1 3157237 1805600 3151067 1811770
V1 3151067 1811770 2600000 1811770
V1 2600000 1811770 1875000 1691000
V1 1875000 1691000 679020 1691000
V1 679020 1691000 657420 1712600
Net45 5 
V1 3109602 1750060 3102661 1757000
V1 3102661 1757000 2600000 1757000
V1 2600000 1757000 1875000 1631600
V1 1875000 1631600 825122 1631600
V1 825122 1631600 787322 1669400
Net46 5 
V1 3300130 1750060 3286246 1763943
V1 3286246 1763943 2600000 1763943
V1 2600000 1763943 1875000 1637000
V1 1875000 1637000 906330 1637000
V1 906330 1637000 873930 1669400
Net47 5 
V1 3395390 1750060 3374563 1770886
V1 3374563 1770886 2600000 1770886
V1 2600000 1770886 1875000 1642400
V1 1875000 1642400 987530 1642400
V1 987530 1642400 960530 1669400
Net48 5 
V1 3585920 1750060 3558151 1777829
V1 3558151 1777829 2600000 1777829
V1 2600000 1777829 1875000 1647800
V1 1875000 1647800 1155332 1647800
V1 1155332 1647800 1133732 1669400
Net49 5 
V1 3681180 1750060 3646468 1784771
V1 3646468 1784771 2600000 1784771
V1 2600000 1784771 1875000 1653200
V1 1875000 1653200 1323140 1653200
V1 1323140 1653200 1306940 1669400
Net50 5 
V1 3871710 1750060 3830055 1791714
V1 3830055 1791714 2600000 1791714
V1 2600000 1791714 1875000 1658600
V1 1875000 1658600 1490942 1658600
V1 1490942 1658600 1480142 1669400
Net51 5 
V1 3966970 1750060 3918372 1798657
V1 3918372 1798657 2600000 1798657
V1 2600000 1798657 1875000 1664000
V1 1875000 1664000 1572150 1664000
V1 1572150 1664000 1566750 1669400
Net53 5 
V1 4252760 1750060 4224988 1722288
V1 4224988 1722288 2600000 1722288
V1 2600000 1722288 1875000 1561400
V1 1875000 1561400 635720 1561400
V1 635720 1561400 614120 1583000
Net71 5 
V1 3681180 1638970 3653408 1666741
V1 3653408 1666741 2600000 1666741
V1 2600000 1666741 1875000 1525400
V1 1875000 1525400 1018230 1525400
V1 1018230 1525400 1003830 1539800
Net77 5 
V1 4252760 1638970 4234246 1620456
V1 4234246 1620456 2600000 1620456
V1 2600000 1620456 1875000 1511000
V1 1875000 1511000 628520 1511000
V1 628520 1511000 614120 1496600
Net81 5 
V1 3347760 1583430 3329248 1601942
V1 3329248 1601942 2600000 1601942
V1 2600000 1601942 1875000 1475000
V1 1875000 1475000 895530 1475000
V1 895530 1475000 873930 1496600
