Nets 21
Net6 5 
M2 3860880 1978400 3839280 2000000
M2 3839280 2000000 2600000 2000000
M2 2600000 2000000 1875000 1808258
M2 1875000 1808258 302841 1808258
M2 302841 1808258 275070 1836030
Net17 5 
M2 2908250 1892000 2886650 1913600
M2 2886650 1913600 2600000 1913600
M2 2600000 1913600 1875000 1752711
M2 1875000 1752711 440546 1752711
M2 440546 1752711 412770 1780487
Net25 5 
M2 3860880 1892000 3839280 1870400
M2 3839280 1870400 2600000 1870400
M2 2600000 1870400 1875000 1697171
M2 1875000 1697171 302838 1697171
M2 302838 1697171 275070 1724940
Net48 5 
M2 3471170 1762400 3462530 1771040
M2 3462530 1771040 2600000 1771040
M2 2600000 1771040 1875000 1624968
M2 1875000 1624968 1007991 1624968
M2 1007991 1624968 963560 1669400
Net49 5 
M2 3557770 1762400 3540490 1779680
M2 3540490 1779680 2600000 1779680
M2 2600000 1779680 1875000 1636077
M2 1875000 1636077 1088683 1636077
M2 1088683 1636077 1055360 1669400
Net50 5 
M2 3644372 1762400 3618452 1788320
M2 3618452 1788320 2600000 1788320
M2 2600000 1788320 1875000 1647185
M2 1875000 1647185 1261174 1647185
M2 1261174 1647185 1238960 1669400
Net51 5 
M2 3817580 1762400 3783020 1796960
M2 3783020 1796960 2600000 1796960
M2 2600000 1796960 1875000 1658294
M2 1875000 1658294 1341858 1658294
M2 1341858 1658294 1330752 1669400
Net52 5 
M2 2908250 1719200 2903450 1724000
M2 2903450 1724000 2600000 1724000
M2 2600000 1724000 1875000 1539798
M2 1875000 1539798 431284 1539798
M2 431284 1539798 412770 1558312
Net53 5 
M2 2994857 1719200 2985257 1728800
M2 2985257 1728800 2600000 1728800
M2 2600000 1728800 1875000 1565255
M2 1875000 1565255 415474 1565255
M2 415474 1565255 366870 1613860
Net54 5 
M2 3168060 1719200 3153660 1733600
M2 3153660 1733600 2600000 1733600
M2 2600000 1733600 1875000 1572198
M2 1875000 1572198 592129 1572198
M2 592129 1572198 550467 1613860
Net55 5 
M2 3341267 1719200 3322067 1738400
M2 3322067 1738400 2600000 1738400
M2 2600000 1738400 1875000 1579140
M2 1875000 1579140 676981 1579140
M2 676981 1579140 642262 1613860
Net56 5 
M2 3427870 1719200 3403870 1743200
M2 3403870 1743200 2600000 1743200
M2 2600000 1743200 1875000 1586083
M2 1875000 1586083 853636 1586083
M2 853636 1586083 825860 1613860
Net57 5 
M2 3514470 1719200 3485670 1748000
M2 3485670 1748000 2600000 1748000
M2 2600000 1748000 1875000 1593026
M2 1875000 1593026 938493 1593026
M2 938493 1593026 917660 1613860
Net58 5 
M2 3601070 1719200 3567470 1752800
M2 3567470 1752800 2600000 1752800
M2 2600000 1752800 1875000 1599969
M2 1875000 1599969 1115151 1599969
M2 1115151 1599969 1101260 1613860
Net59 5 
M2 3687677 1719200 3649277 1757600
M2 3649277 1757600 2600000 1757600
M2 2600000 1757600 1875000 1606911
M2 1875000 1606911 1200008 1606911
M2 1200008 1606911 1193060 1613860
Net82 5 
M2 3124760 1589600 3118587 1595772
M2 3118587 1595772 2600000 1595772
M2 2600000 1595772 1875000 1456484
M2 1875000 1456484 872145 1456484
M2 872145 1456484 825860 1502770
Net83 5 
M2 3211360 1589600 3199016 1601943
M2 3199016 1601943 2600000 1601943
M2 2600000 1601943 1875000 1465741
M2 1875000 1465741 1138288 1465741
M2 1138288 1465741 1101260 1502770
Net84 5 
M2 3384570 1589600 3366055 1608115
M2 3366055 1608115 2600000 1608115
M2 2600000 1608115 1875000 1474998
M2 1875000 1474998 1312629 1474998
M2 1312629 1474998 1284857 1502770
Net85 5 
M2 3471170 1589600 3446483 1614286
M2 3446483 1614286 2600000 1614286
M2 2600000 1614286 1875000 1484255
M2 1875000 1484255 1395167 1484255
M2 1395167 1484255 1376652 1502770
Net86 5 
M2 3644372 1589600 3613515 1620457
M2 3613515 1620457 2600000 1620457
M2 2600000 1620457 1875000 1493512
M2 1875000 1493512 1569507 1493512
M2 1569507 1493512 1560250 1502770
Net87 5 
M2 3904180 1589600 3867151 1626628
M2 3867151 1626628 2600000 1626628
M2 2600000 1626628 1875000 1521284
M2 1875000 1521284 357998 1521284
M2 357998 1521284 320970 1558312
