Nets 35
Net0 5 
V1 2897430 1978400 2891257 1984572
V1 2891257 1984572 2600000 1984572
V1 2600000 1984572 1875000 1863801
V1 1875000 1863801 392909 1863801
V1 392909 1863801 365140 1891570
Net1 5 
V1 3053310 1978400 3040966 1990743
V1 3040966 1990743 2600000 1990743
V1 2600000 1990743 1875000 1868429
V1 1875000 1868429 578800 1868429
V1 578800 1868429 555660 1891570
Net2 5 
V1 3131252 1978400 3112737 1996915
V1 3112737 1996915 2600000 1996915
V1 2600000 1996915 1875000 1873058
V1 1875000 1873058 669434 1873058
V1 669434 1873058 650922 1891570
Net3 5 
V1 3287140 1978400 3262453 2003086
V1 3262453 2003086 2600000 2003086
V1 2600000 2003086 1875000 1877686
V1 1875000 1877686 855333 1877686
V1 855333 1877686 841450 1891570
Net4 5 
V1 3365080 1978400 3334222 2009257
V1 3334222 2009257 2600000 2009257
V1 2600000 2009257 1875000 1882315
V1 1875000 1882315 945965 1882315
V1 945965 1882315 936710 1891570
Net5 5 
V1 3520970 1978400 3483941 2015428
V1 3483941 2015428 2600000 2015428
V1 2600000 2015428 1875000 1886943
V1 1875000 1886943 1131866 1886943
V1 1131866 1886943 1127240 1891570
Net7 5 
V1 2936400 1935200 2931600 1930400
V1 2931600 1930400 2600000 1930400
V1 2600000 1930400 1875000 1859172
V1 1875000 1859172 340650 1859172
V1 340650 1859172 317507 1836030
Net8 5 
V1 3014340 1935200 3004740 1925600
V1 3004740 1925600 2600000 1925600
V1 2600000 1925600 1875000 1854544
V1 1875000 1854544 431284 1854544
V1 431284 1854544 412770 1836030
Net9 5 
V1 3092280 1935200 3077880 1920800
V1 3077880 1920800 2600000 1920800
V1 2600000 1920800 1875000 1849915
V1 1875000 1849915 521915 1849915
V1 521915 1849915 508030 1836030
Net10 5 
V1 3170227 1935200 3151027 1916000
V1 3151027 1916000 2600000 1916000
V1 2600000 1916000 1875000 1845287
V1 1875000 1845287 612547 1845287
V1 612547 1845287 603290 1836030
Net11 5 
V1 3248170 1935200 3224170 1911200
V1 3224170 1911200 2600000 1911200
V1 2600000 1911200 1875000 1840658
V1 1875000 1840658 703188 1840658
V1 703188 1840658 698560 1836030
Net12 5 
V1 3404050 1935200 3375250 1906400
V1 3375250 1906400 2600000 1906400
V1 2600000 1906400 1875000 1817515
V1 1875000 1817515 812334 1817515
V1 812334 1817515 793820 1836030
Net18 5 
V1 2975370 1892000 2970570 1896800
V1 2970570 1896800 2600000 1896800
V1 2600000 1896800 1875000 1761968
V1 1875000 1761968 478919 1761968
V1 478919 1761968 460400 1780487
Net19 5 
V1 3131252 1892000 3121652 1901600
V1 3121652 1901600 2600000 1901600
V1 2600000 1901600 1875000 1799001
V1 1875000 1799001 669436 1799001
V1 669436 1799001 650922 1780487
Net26 5 
V1 2936400 1848800 2931600 1844000
V1 2931600 1844000 2600000 1844000
V1 2600000 1844000 1875000 1743454
V1 1875000 1743454 336021 1743454
V1 336021 1743454 317507 1724940
Net37 5 
V1 2975370 1805600 2970570 1810400
V1 2970570 1810400 2600000 1810400
V1 2600000 1810400 1875000 1681742
V1 1875000 1681742 646487 1681742
V1 646487 1681742 603290 1724940
Net38 5 
V1 3131252 1805600 3121652 1815200
V1 3121652 1815200 2600000 1815200
V1 2600000 1815200 1875000 1687913
V1 1875000 1687913 830846 1687913
V1 830846 1687913 793820 1724940
Net39 5 
V1 3287140 1805600 3272740 1820000
V1 3272740 1820000 2600000 1820000
V1 2600000 1820000 1875000 1694085
V1 1875000 1694085 919935 1694085
V1 919935 1694085 889080 1724940
Net40 5 
V1 3443020 1805600 3423820 1824800
V1 3423820 1824800 2600000 1824800
V1 2600000 1824800 1875000 1700256
V1 1875000 1700256 1104293 1700256
V1 1104293 1700256 1079610 1724940
Net41 5 
V1 3520970 1805600 3496970 1829600
V1 3496970 1829600 2600000 1829600
V1 2600000 1829600 1875000 1706427
V1 1875000 1706427 1193382 1706427
V1 1193382 1706427 1174870 1724940
Net42 5 
V1 3598910 1805600 3570110 1834400
V1 3570110 1834400 2600000 1834400
V1 2600000 1834400 1875000 1712598
V1 1875000 1712598 1377738 1712598
V1 1377738 1712598 1365397 1724940
Net43 5 
V1 3676850 1805600 3643250 1839200
V1 3643250 1839200 2600000 1839200
V1 2600000 1839200 1875000 1718770
V1 1875000 1718770 1466830 1718770
V1 1466830 1718770 1460660 1724940
Net44 5 
V1 3014340 1762400 3005700 1771040
V1 3005700 1771040 2600000 1771040
V1 2600000 1771040 1875000 1636077
V1 1875000 1636077 398463 1636077
V1 398463 1636077 365140 1669400
Net45 5 
V1 3092280 1762400 3075000 1779680
V1 3075000 1779680 2600000 1779680
V1 2600000 1779680 1875000 1647185
V1 1875000 1647185 482614 1647185
V1 482614 1647185 460400 1669400
Net46 5 
V1 3170227 1762400 3144307 1788320
V1 3144307 1788320 2600000 1788320
V1 2600000 1788320 1875000 1658294
V1 1875000 1658294 662028 1658294
V1 662028 1658294 650922 1669400
Net47 5 
V1 3248170 1762400 3213610 1796960
V1 3213610 1796960 2600000 1796960
V1 2600000 1796960 1875000 1675571
V1 1875000 1675571 752361 1675571
V1 752361 1675571 746190 1669400
Net62 5 
V1 2936400 1676000 2922000 1661600
V1 2922000 1661600 2600000 1661600
V1 2600000 1661600 1875000 1569421
V1 1875000 1569421 471508 1569421
V1 471508 1569421 460400 1558312
Net63 5 
V1 3092280 1676000 3063480 1647200
V1 3063480 1647200 2600000 1647200
V1 2600000 1647200 1875000 1547204
V1 1875000 1547204 566768 1547204
V1 566768 1547204 555660 1558312
Net67 5 
V1 3404050 1676000 3395410 1684640
V1 3395410 1684640 2600000 1684640
V1 2600000 1684640 1875000 1580529
V1 1875000 1580529 1303460 1580529
V1 1303460 1580529 1270130 1613860
Net68 5 
V1 3559940 1676000 3542660 1693280
V1 3542660 1693280 2600000 1693280
V1 2600000 1693280 1875000 1591638
V1 1875000 1591638 1387619 1591638
V1 1387619 1591638 1365397 1613860
Net69 5 
V1 3637880 1676000 3611960 1701920
V1 3611960 1701920 2600000 1701920
V1 2600000 1701920 1875000 1602746
V1 1875000 1602746 1471773 1602746
V1 1471773 1602746 1460660 1613860
Net70 5 
V1 3793762 1676000 3759202 1710560
V1 3759202 1710560 2600000 1710560
V1 2600000 1710560 1875000 1624968
V1 1875000 1624968 314301 1624968
V1 314301 1624968 269870 1669400
Net72 5 
V1 2975370 1632800 2964570 1622000
V1 2964570 1622000 2600000 1622000
V1 2600000 1622000 1875000 1536095
V1 1875000 1536095 446095 1536095
V1 446095 1536095 412770 1502770
Net73 5 
V1 3053310 1632800 3031710 1611200
V1 3031710 1611200 2600000 1611200
V1 2600000 1611200 1875000 1524987
V1 1875000 1524987 530247 1524987
V1 530247 1524987 508030 1502770
Net81 5 
V1 2936400 1589600 2925600 1600400
V1 2925600 1600400 2600000 1600400
V1 2600000 1600400 1875000 1513878
V1 1875000 1513878 709668 1513878
V1 709668 1513878 698560 1502770
