Nets 11
Net8 5 
M3 4157492 1972230 4129721 2000001
M3 4129721 2000001 2600000 2000001
M3 2600000 2000001 1875000 1811960
M3 1875000 1811960 1594000 1811960
M3 1594000 1811960 1581040 1824920
Net29 5 
M3 3681180 1861140 3662660 1879659
M3 3662660 1879659 2600000 1879659
M3 2600000 1879659 1875000 1760120
M3 1875000 1760120 1325530 1760120
M3 1325530 1760120 1312570 1773080
Net30 5 
M3 3871710 1861140 3834676 1898173
M3 3834676 1898173 2600000 1898173
M3 2600000 1898173 1875000 1766600
M3 1875000 1766600 1426437 1766600
M3 1426437 1766600 1419957 1773080
Net43 5 
M3 4205130 1805600 4177361 1833368
M3 4177361 1833368 2600000 1833368
M3 2600000 1833368 1875000 1753640
M3 1875000 1753640 1278312 1753640
M3 1278312 1753640 1258872 1773080
Net52 5 
M3 4157492 1750060 4129723 1777828
M3 4129723 1777828 2600000 1777828
M3 2600000 1777828 1875000 1630520
M3 1875000 1630520 1620840 1630520
M3 1620840 1630520 1607880 1643480
Net59 5 
M3 3633550 1694512 3605773 1722288
M3 3605773 1722288 2600000 1722288
M3 2600000 1722288 1875000 1604600
M3 1875000 1604600 1540300 1604600
M3 1540300 1604600 1527340 1617560
Net73 5 
M3 3871710 1638970 3860601 1650078
M3 3860601 1650078 2600000 1650078
M3 2600000 1650078 1875000 1496600
M3 1875000 1496600 1544620 1496600
M3 1544620 1496600 1527340 1513880
Net74 5 
M3 3966970 1638970 3944753 1661187
M3 3944753 1661187 2600000 1661187
M3 2600000 1661187 1875000 1505240
M3 1875000 1505240 1589680 1505240
M3 1589680 1505240 1581040 1513880
Net75 5 
M3 4062230 1638970 4028904 1672295
M3 4028904 1672295 2600000 1672295
M3 2600000 1672295 1875000 1522520
M3 1875000 1522520 1571470 1522520
M3 1571470 1522520 1554190 1539800
Net76 5 
M3 4157492 1638970 4113058 1683404
M3 4113058 1683404 2600000 1683404
M3 2600000 1683404 1875000 1531160
M3 1875000 1531160 1616520 1531160
M3 1616520 1531160 1607880 1539800
Net83 5 
M3 3633550 1583430 3605781 1611198
M3 3605781 1611198 2600000 1611198
M3 2600000 1611198 1875000 1475000
M3 1875000 1475000 1352377 1475000
M3 1352377 1475000 1339417 1487960
