Nets 28
Net0 5 
V1 2919080 1972230 2907971 1983338
V1 2907971 1983338 2600000 1983338
V1 2600000 1983338 1875000 1856024
V1 1875000 1856024 1333306 1856024
V1 1333306 1856024 1312570 1876760
Net1 5 
V1 3109602 1972230 3087385 1994447
V1 3087385 1994447 2600000 1994447
V1 2600000 1994447 1875000 1861208
V1 1875000 1861208 1435509 1861208
V1 1435509 1861208 1419957 1876760
Net2 5 
V1 3204870 1972230 3171544 2005555
V1 3171544 2005555 2600000 2005555
V1 2600000 2005555 1875000 1866392
V1 1875000 1866392 1537708 1866392
V1 1537708 1866392 1527340 1876760
Net3 5 
V1 3395390 1972230 3350956 2016664
V1 3350956 2016664 2600000 2016664
V1 2600000 2016664 1875000 1871576
V1 1875000 1871576 1586224 1871576
V1 1586224 1871576 1581040 1876760
Net6 5 
V1 3966970 1972230 3955861 1961121
V1 3955861 1961121 2600000 1961121
V1 2600000 1961121 1875000 1816280
V1 1875000 1816280 1482290 1816280
V1 1482290 1816280 1473650 1824920
Net9 5 
V1 4252760 1972230 4230543 1950013
V1 4230543 1950013 2600000 1950013
V1 2600000 1950013 1875000 1807640
V1 1875000 1807640 1276152 1807640
V1 1276152 1807640 1258872 1824920
Net17 5 
V1 3728810 1916687 3717701 1927796
V1 3717701 1927796 2600000 1927796
V1 2600000 1927796 1875000 1755800
V1 1875000 1755800 1490930 1755800
V1 1490930 1755800 1473650 1773080
Net20 5 
V1 4014600 1916687 3992383 1938904
V1 3992383 1938904 2600000 1938904
V1 2600000 1938904 1875000 1764440
V1 1875000 1764440 1589680 1764440
V1 1589680 1764440 1581040 1773080
Net26 5 
V1 3300130 1861140 3272353 1888916
V1 3272353 1888916 2600000 1888916
V1 2600000 1888916 1875000 1714760
V1 1875000 1714760 1372740 1714760
V1 1372740 1714760 1366260 1721240
Net33 5 
V1 4252760 1861140 4238874 1847254
V1 4238874 1847254 2600000 1847254
V1 2600000 1847254 1875000 1708280
V1 1875000 1708280 1271832 1708280
V1 1271832 1708280 1258872 1721240
Net35 5 
V1 3157237 1805600 3143354 1819483
V1 3143354 1819483 2600000 1819483
V1 2600000 1819483 1875000 1682360
V1 1875000 1682360 1352377 1682360
V1 1352377 1682360 1339417 1695320
Net37 5 
V1 3443020 1805600 3415251 1833369
V1 3415251 1833369 2600000 1833369
V1 2600000 1833369 1875000 1701800
V1 1875000 1701800 1453280 1701800
V1 1453280 1701800 1446800 1695320
Net45 5 
V1 3109602 1750060 3100347 1759315
V1 3100347 1759315 2600000 1759315
V1 2600000 1759315 1875000 1633112
V1 1875000 1633112 1403478 1633112
V1 1403478 1633112 1393110 1643480
Net46 5 
V1 3300130 1750060 3281618 1768572
V1 3281618 1768572 2600000 1768572
V1 2600000 1768572 1875000 1638296
V1 1875000 1638296 1451984 1638296
V1 1451984 1638296 1446800 1643480
Net47 5 
V1 3395390 1750060 3367621 1777829
V1 3367621 1777829 2600000 1777829
V1 2600000 1777829 1875000 1649960
V1 1875000 1649960 1332010 1649960
V1 1332010 1649960 1312570 1669400
Net48 5 
V1 3585920 1750060 3548894 1787086
V1 3548894 1787086 2600000 1787086
V1 2600000 1787086 1875000 1656440
V1 1875000 1656440 1432917 1656440
V1 1432917 1656440 1419957 1669400
Net49 5 
V1 3681180 1750060 3634897 1796343
V1 3634897 1796343 2600000 1796343
V1 2600000 1796343 1875000 1662920
V1 1875000 1662920 1480130 1662920
V1 1480130 1662920 1473650 1669400
Net54 5 
V1 2966710 1694512 2959767 1687569
V1 2959767 1687569 2600000 1687569
V1 2600000 1687569 1875000 1627928
V1 1875000 1627928 1376628 1627928
V1 1376628 1627928 1366260 1617560
Net55 5 
V1 3157237 1694512 3143352 1680627
V1 3143352 1680627 2600000 1680627
V1 2600000 1680627 1875000 1622744
V1 1875000 1622744 1478834 1622744
V1 1478834 1622744 1473650 1617560
Net56 5 
V1 3252500 1694512 3231671 1673684
V1 3231671 1673684 2600000 1673684
V1 2600000 1673684 1875000 1608920
V1 1875000 1608920 1517777 1608920
V1 1517777 1608920 1500497 1591640
Net57 5 
V1 3443020 1694512 3415249 1666741
V1 3415249 1666741 2600000 1666741
V1 2600000 1666741 1875000 1600280
V1 1875000 1600280 1616520 1600280
V1 1616520 1600280 1607880 1591640
Net62 5 
V1 4014600 1694512 3979886 1659798
V1 3979886 1659798 2600000 1659798
V1 2600000 1659798 1875000 1578680
V1 1875000 1578680 1540300 1578680
V1 1540300 1578680 1527340 1565720
Net63 5 
V1 4109860 1694512 4068203 1652856
V1 4068203 1652856 2600000 1652856
V1 2600000 1652856 1875000 1552760
V1 1875000 1552760 1594000 1552760
V1 1594000 1552760 1581040 1565720
Net71 5 
V1 3681180 1638970 3674236 1645913
V1 3674236 1645913 2600000 1645913
V1 2600000 1645913 1875000 1505240
V1 1875000 1505240 1428597 1505240
V1 1428597 1505240 1419957 1513880
Net77 5 
V1 4252760 1638970 4241651 1627861
V1 4241651 1627861 2600000 1627861
V1 2600000 1627861 1875000 1496600
V1 1875000 1496600 1276152 1496600
V1 1276152 1496600 1258872 1513880
Net84 5 
V1 3824077 1583430 3812971 1594536
V1 3812971 1594536 2600000 1594536
V1 2600000 1594536 1875000 1468520
V1 1875000 1468520 1412550 1468520
V1 1412550 1468520 1393110 1487960
Net85 5 
V1 3919340 1583430 3897125 1605644
V1 3897125 1605644 2600000 1605644
V1 2600000 1605644 1875000 1475000
V1 1875000 1475000 1513457 1475000
V1 1513457 1475000 1500497 1487960
Net86 5 
V1 4109860 1583430 4076537 1616753
V1 4076537 1616753 2600000 1616753
V1 2600000 1616753 1875000 1481480
V1 1875000 1481480 1614360 1481480
V1 1614360 1481480 1607880 1487960
