Nets 35
Net0 5 
V1 2897430 1978400 2891257 1984572
V1 2891257 1984572 2600000 1984572
V1 2600000 1984572 1875000 1863801
V1 1875000 1863801 488169 1863801
V1 488169 1863801 460400 1891570
Net1 5 
V1 3053310 1978400 3040966 1990743
V1 3040966 1990743 2600000 1990743
V1 2600000 1990743 1875000 1868429
V1 1875000 1868429 660210 1868429
V1 660210 1868429 637070 1891570
Net2 5 
V1 3131252 1978400 3112737 1996915
V1 3112737 1996915 2600000 1996915
V1 2600000 1996915 1875000 1873058
V1 1875000 1873058 743912 1873058
V1 743912 1873058 725400 1891570
Net3 5 
V1 3287140 1978400 3262453 2003086
V1 3262453 2003086 2600000 2003086
V1 2600000 2003086 1875000 1877686
V1 1875000 1877686 915953 1877686
V1 915953 1877686 902070 1891570
Net4 5 
V1 3365080 1978400 3334222 2009257
V1 3334222 2009257 2600000 2009257
V1 2600000 2009257 1875000 1882315
V1 1875000 1882315 999665 1882315
V1 999665 1882315 990410 1891570
Net5 5 
V1 3520970 1978400 3483941 2015428
V1 3483941 2015428 2600000 2015428
V1 2600000 2015428 1875000 1886943
V1 1875000 1886943 1171706 1886943
V1 1171706 1886943 1167080 1891570
Net7 5 
V1 2936400 1935200 2931600 1930400
V1 2931600 1930400 2600000 1930400
V1 2600000 1930400 1875000 1859172
V1 1875000 1859172 439372 1859172
V1 439372 1859172 416230 1836030
Net8 5 
V1 3014340 1935200 3004740 1925600
V1 3004740 1925600 2600000 1925600
V1 2600000 1925600 1875000 1854544
V1 1875000 1854544 523084 1854544
V1 523084 1854544 504570 1836030
Net9 5 
V1 3092280 1935200 3077880 1920800
V1 3077880 1920800 2600000 1920800
V1 2600000 1920800 1875000 1849915
V1 1875000 1849915 606785 1849915
V1 606785 1849915 592900 1836030
Net10 5 
V1 3170227 1935200 3151027 1916000
V1 3151027 1916000 2600000 1916000
V1 2600000 1916000 1875000 1845287
V1 1875000 1845287 690494 1845287
V1 690494 1845287 681237 1836030
Net11 5 
V1 3248170 1935200 3224170 1911200
V1 3224170 1911200 2600000 1911200
V1 2600000 1911200 1875000 1840658
V1 1875000 1840658 774198 1840658
V1 774198 1840658 769570 1836030
Net12 5 
V1 3404050 1935200 3375250 1906400
V1 3375250 1906400 2600000 1906400
V1 2600000 1906400 1875000 1817515
V1 1875000 1817515 876422 1817515
V1 876422 1817515 857907 1836030
Net18 5 
V1 2975370 1892000 2970570 1896800
V1 2970570 1896800 2600000 1896800
V1 2600000 1896800 1875000 1761968
V1 1875000 1761968 567252 1761968
V1 567252 1761968 548732 1780487
Net19 5 
V1 3131252 1892000 3121652 1901600
V1 3121652 1901600 2600000 1901600
V1 2600000 1901600 1875000 1799001
V1 1875000 1799001 743914 1799001
V1 743914 1799001 725400 1780487
Net26 5 
V1 2936400 1848800 2931600 1844000
V1 2931600 1844000 2600000 1844000
V1 2600000 1844000 1875000 1743454
V1 1875000 1743454 434744 1743454
V1 434744 1743454 416230 1724940
Net37 5 
V1 2975370 1805600 2970570 1810400
V1 2970570 1810400 2600000 1810400
V1 2600000 1810400 1875000 1681742
V1 1875000 1681742 724435 1681742
V1 724435 1681742 681237 1724940
Net38 5 
V1 3131252 1805600 3121652 1815200
V1 3121652 1815200 2600000 1815200
V1 2600000 1815200 1875000 1687913
V1 1875000 1687913 894933 1687913
V1 894933 1687913 857907 1724940
Net39 5 
V1 3287140 1805600 3272740 1820000
V1 3272740 1820000 2600000 1820000
V1 2600000 1820000 1875000 1694085
V1 1875000 1694085 977095 1694085
V1 977095 1694085 946240 1724940
Net40 5 
V1 3443020 1805600 3423820 1824800
V1 3423820 1824800 2600000 1824800
V1 2600000 1824800 1875000 1700256
V1 1875000 1700256 1147593 1700256
V1 1147593 1700256 1122910 1724940
Net41 5 
V1 3520970 1805600 3496970 1829600
V1 3496970 1829600 2600000 1829600
V1 2600000 1829600 1875000 1706427
V1 1875000 1706427 1229752 1706427
V1 1229752 1706427 1211240 1724940
Net42 5 
V1 3598910 1805600 3570110 1834400
V1 3570110 1834400 2600000 1834400
V1 2600000 1834400 1875000 1712598
V1 1875000 1712598 1400251 1712598
V1 1400251 1712598 1387910 1724940
Net43 5 
V1 3676850 1805600 3643250 1839200
V1 3643250 1839200 2600000 1839200
V1 2600000 1839200 1875000 1718770
V1 1875000 1718770 1482420 1718770
V1 1482420 1718770 1476250 1724940
Net44 5 
V1 3014340 1762400 3005700 1771040
V1 3005700 1771040 2600000 1771040
V1 2600000 1771040 1875000 1636077
V1 1875000 1636077 493723 1636077
V1 493723 1636077 460400 1669400
Net45 5 
V1 3092280 1762400 3075000 1779680
V1 3075000 1779680 2600000 1779680
V1 2600000 1779680 1875000 1647185
V1 1875000 1647185 570947 1647185
V1 570947 1647185 548732 1669400
Net46 5 
V1 3170227 1762400 3144307 1788320
V1 3144307 1788320 2600000 1788320
V1 2600000 1788320 1875000 1658294
V1 1875000 1658294 736506 1658294
V1 736506 1658294 725400 1669400
Net47 5 
V1 3248170 1762400 3213610 1796960
V1 3213610 1796960 2600000 1796960
V1 2600000 1796960 1875000 1675571
V1 1875000 1675571 819911 1675571
V1 819911 1675571 813740 1669400
Net62 5 
V1 2936400 1676000 2922000 1661600
V1 2922000 1661600 2600000 1661600
V1 2600000 1661600 1875000 1569421
V1 1875000 1569421 559841 1569421
V1 559841 1569421 548732 1558312
Net63 5 
V1 3092280 1676000 3063480 1647200
V1 3063480 1647200 2600000 1647200
V1 2600000 1647200 1875000 1547204
V1 1875000 1547204 648178 1547204
V1 648178 1547204 637070 1558312
Net67 5 
V1 3404050 1676000 3395410 1684640
V1 3395410 1684640 2600000 1684640
V1 2600000 1684640 1875000 1580529
V1 1875000 1580529 1332910 1580529
V1 1332910 1580529 1299580 1613860
Net68 5 
V1 3559940 1676000 3542660 1693280
V1 3542660 1693280 2600000 1693280
V1 2600000 1693280 1875000 1591638
V1 1875000 1591638 1410132 1591638
V1 1410132 1591638 1387910 1613860
Net69 5 
V1 3637880 1676000 3611960 1701920
V1 3611960 1701920 2600000 1701920
V1 2600000 1701920 1875000 1602746
V1 1875000 1602746 1487363 1602746
V1 1487363 1602746 1476250 1613860
Net70 5 
V1 3793762 1676000 3759202 1710560
V1 3759202 1710560 2600000 1710560
V1 2600000 1710560 1875000 1624968
V1 1875000 1624968 416494 1624968
V1 416494 1624968 372062 1669400
Net72 5 
V1 2975370 1632800 2964570 1622000
V1 2964570 1622000 2600000 1622000
V1 2600000 1622000 1875000 1536095
V1 1875000 1536095 537895 1536095
V1 537895 1536095 504570 1502770
Net73 5 
V1 3053310 1632800 3031710 1611200
V1 3031710 1611200 2600000 1611200
V1 2600000 1611200 1875000 1524987
V1 1875000 1524987 615117 1524987
V1 615117 1524987 592900 1502770
Net81 5 
V1 2936400 1589600 2925600 1600400
V1 2925600 1600400 2600000 1600400
V1 2600000 1600400 1875000 1513878
V1 1875000 1513878 780678 1513878
V1 780678 1513878 769570 1502770
