Nets 32
Net13 5 
V2 3557770 1935200 3546970 1946000
V2 3546970 1946000 2600000 1946000
V2 2600000 1946000 1875000 1874909
V2 1875000 1874909 1255620 1874909
V2 1255620 1874909 1238960 1891570
Net14 5 
V2 3644372 1935200 3622772 1956800
V2 3622772 1956800 2600000 1956800
V2 2600000 1956800 1875000 1880464
V2 1875000 1880464 1433656 1880464
V2 1433656 1880464 1422550 1891570
Net15 5 
V2 3730980 1935200 3698580 1967600
V2 3698580 1967600 2600000 1967600
V2 2600000 1967600 1875000 1886018
V2 1875000 1886018 1519901 1886018
V2 1519901 1886018 1514350 1891570
Net16 5 
V2 3904180 1935200 3889780 1920800
V2 3889780 1920800 2600000 1920800
V2 2600000 1920800 1875000 1869355
V2 1875000 1869355 343184 1869355
V2 343184 1869355 320970 1891570
Net20 5 
V2 3341267 1892000 3326867 1906400
V2 3326867 1906400 2600000 1906400
V2 2600000 1906400 1875000 1863801
V2 1875000 1863801 1129031 1863801
V2 1129031 1863801 1101260 1836030
Net21 5 
V2 3427870 1892000 3420670 1884800
V2 3420670 1884800 2600000 1884800
V2 2600000 1884800 1875000 1858247
V2 1875000 1858247 1215277 1858247
V2 1215277 1858247 1193060 1836030
Net22 5 
V2 3514470 1892000 3500070 1877600
V2 3500070 1877600 2600000 1877600
V2 2600000 1877600 1875000 1852692
V2 1875000 1852692 1301520 1852692
V2 1301520 1852692 1284857 1836030
Net23 5 
V2 3687677 1892000 3666077 1870400
V2 3666077 1870400 2600000 1870400
V2 2600000 1870400 1875000 1847138
V2 1875000 1847138 1387761 1847138
V2 1387761 1847138 1376652 1836030
Net24 5 
V2 3774280 1892000 3745480 1863200
V2 3745480 1863200 2600000 1863200
V2 2600000 1863200 1875000 1841584
V2 1875000 1841584 1474004 1841584
V2 1474004 1841584 1468450 1836030
Net27 5 
V2 3038160 1848800 3033840 1844480
V2 3033840 1844480 2600000 1844480
V2 2600000 1844480 1875000 1822144
V2 1875000 1822144 821616 1822144
V2 821616 1822144 779960 1780487
Net28 5 
V2 3124760 1848800 3116120 1840160
V2 3116120 1840160 2600000 1840160
V2 2600000 1840160 1875000 1815201
V2 1875000 1815201 906473 1815201
V2 906473 1815201 871760 1780487
Net29 5 
V2 3211360 1848800 3198400 1835840
V2 3198400 1835840 2600000 1835840
V2 2600000 1835840 1875000 1808258
V2 1875000 1808258 991331 1808258
V2 991331 1808258 963560 1780487
Net30 5 
V2 3384570 1848800 3367290 1831520
V2 3367290 1831520 2600000 1831520
V2 2600000 1831520 1875000 1801315
V2 1875000 1801315 1076188 1801315
V2 1076188 1801315 1055360 1780487
Net31 5 
V2 3471170 1848800 3449570 1827200
V2 3449570 1827200 2600000 1827200
V2 2600000 1827200 1875000 1794373
V2 1875000 1794373 1252845 1794373
V2 1252845 1794373 1238960 1780487
Net32 5 
V2 3557770 1848800 3531850 1822880
V2 3531850 1822880 2600000 1822880
V2 2600000 1822880 1875000 1787430
V2 1875000 1787430 1337695 1787430
V2 1337695 1787430 1330752 1780487
Net33 5 
V2 3730980 1848800 3700740 1818560
V2 3700740 1818560 2600000 1818560
V2 2600000 1818560 1875000 1761968
V2 1875000 1761968 1532869 1761968
V2 1532869 1761968 1514350 1780487
Net34 5 
V2 3817580 1848800 3810380 1856000
V2 3810380 1856000 2600000 1856000
V2 2600000 1856000 1875000 1829086
V2 1875000 1829086 1567193 1829086
V2 1567193 1829086 1560250 1836030
Net35 5 
V2 3904180 1848800 3869620 1814240
V2 3869620 1814240 2600000 1814240
V2 2600000 1814240 1875000 1743454
V2 1875000 1743454 358003 1743454
V2 358003 1743454 320970 1780487
Net36 5 
V2 2908250 1805600 2903930 1809920
V2 2903930 1809920 2600000 1809920
V2 2600000 1809920 1875000 1697171
V2 1875000 1697171 578236 1697171
V2 578236 1697171 550467 1724940
Net60 5 
V2 3774280 1719200 3752680 1740800
V2 3752680 1740800 2600000 1740800
V2 2600000 1740800 1875000 1650888
V2 1875000 1650888 1532862 1650888
V2 1532862 1650888 1514350 1669400
Net61 5 
V2 3860880 1719200 3846480 1704800
V2 3846480 1704800 2600000 1704800
V2 2600000 1704800 1875000 1632374
V2 1875000 1632374 293584 1632374
V2 293584 1632374 275070 1613860
Net64 5 
V2 3211360 1676000 3196960 1690400
V2 3196960 1690400 2600000 1690400
V2 2600000 1690400 1875000 1599969
V2 1875000 1599969 729819 1599969
V2 729819 1599969 688162 1558312
Net65 5 
V2 3297962 1676000 3293642 1671680
V2 3293642 1671680 2600000 1671680
V2 2600000 1671680 1875000 1586083
V2 1875000 1586083 807731 1586083
V2 807731 1586083 779960 1558312
Net66 5 
V2 3384570 1676000 3375930 1667360
V2 3375930 1667360 2600000 1667360
V2 2600000 1667360 1875000 1572198
V2 1875000 1572198 885645 1572198
V2 885645 1572198 871760 1558312
Net71 5 
V2 2908250 1632800 2903930 1637120
V2 2903930 1637120 2600000 1637120
V2 2600000 1637120 1875000 1484255
V2 1875000 1484255 385384 1484255
V2 385384 1484255 366870 1502770
Net74 5 
V2 3168060 1632800 3159420 1641440
V2 3159420 1641440 2600000 1641440
V2 2600000 1641440 1875000 1510704
V2 1875000 1510704 1011168 1510704
V2 1011168 1510704 963560 1558312
Net75 5 
V2 3341267 1632800 3328307 1645760
V2 3328307 1645760 2600000 1645760
V2 2600000 1645760 1875000 1518639
V2 1875000 1518639 1095033 1518639
V2 1095033 1518639 1055360 1558312
Net76 5 
V2 3514470 1632800 3497190 1650080
V2 3497190 1650080 2600000 1650080
V2 2600000 1650080 1875000 1526573
V2 1875000 1526573 1178899 1526573
V2 1178899 1526573 1147160 1558312
Net77 5 
V2 3601070 1632800 3579470 1654400
V2 3579470 1654400 2600000 1654400
V2 2600000 1654400 1875000 1534508
V2 1875000 1534508 1262764 1534508
V2 1262764 1534508 1238960 1558312
Net78 5 
V2 3687677 1632800 3661757 1658720
V2 3661757 1658720 2600000 1658720
V2 2600000 1658720 1875000 1542442
V2 1875000 1542442 1438420 1542442
V2 1438420 1542442 1422550 1558312
Net79 5 
V2 3774280 1632800 3744040 1663040
V2 3744040 1663040 2600000 1663040
V2 2600000 1663040 1875000 1550377
V2 1875000 1550377 1522285 1550377
V2 1522285 1550377 1514350 1558312
Net80 5 
V2 3860880 1632800 3839280 1611200
V2 3839280 1611200 2600000 1611200
V2 2600000 1611200 1875000 1465741
V2 1875000 1465741 312098 1465741
V2 312098 1465741 275070 1502770
