Nets 26
Net4 5 
M2 3665080 1603400 3643480 1625000
M2 3643480 1625000 2900000 1625000
M2 2900000 1625000 1875000 1842200
M2 1875000 1842200 1586210 1842200
M2 1586210 1842200 1577570 1850840
Net14 5 
M2 3859940 1560200 3849140 1571000
M2 3849140 1571000 2900000 1571000
M2 2900000 1571000 1875000 1807640
M2 1875000 1807640 1573200 1807640
M2 1573200 1807640 1555920 1824920
Net15 5 
M2 3937880 1560200 3916280 1581800
M2 3916280 1581800 2900000 1581800
M2 2900000 1581800 1875000 1816280
M2 1875000 1816280 1607860 1816280
M2 1607860 1816280 1599220 1824920
Net16 5 
M2 4093762 1560200 4061362 1592600
M2 4061362 1592600 2900000 1592600
M2 2900000 1592600 1875000 1833560
M2 1875000 1833560 1348057 1833560
M2 1348057 1833560 1339417 1824920
Net21 5 
M2 3665080 1517000 3650680 1531400
M2 3650680 1531400 2900000 1531400
M2 2900000 1531400 1875000 1760120
M2 1875000 1760120 1525580 1760120
M2 1525580 1760120 1512620 1773080
Net24 5 
M2 3976850 1517000 3948050 1545800
M2 3948050 1545800 2900000 1545800
M2 2900000 1545800 1875000 1766600
M2 1875000 1766600 1605700 1766600
M2 1605700 1766600 1599220 1773080
Net25 5 
M2 4054790 1517000 4046150 1508360
M2 4046150 1508360 2900000 1508360
M2 2900000 1508360 1875000 1753640
M2 1875000 1753640 1358857 1753640
M2 1358857 1753640 1339417 1773080
Net29 5 
M2 3470227 1473800 3461587 1482440
M2 3461587 1482440 2900000 1482440
M2 2900000 1482440 1875000 1727720
M2 1875000 1727720 1423810 1727720
M2 1423810 1727720 1404370 1747160
Net33 5 
M2 3937880 1473800 3920600 1491080
M2 3920600 1491080 2900000 1491080
M2 2900000 1491080 1875000 1734200
M2 1875000 1734200 1590530 1734200
M2 1590530 1734200 1577570 1747160
Net34 5 
M2 4015820 1473800 3989900 1499720
M2 3989900 1499720 2900000 1499720
M2 2900000 1499720 1875000 1740680
M2 1875000 1740680 1627350 1740680
M2 1627350 1740680 1620870 1747160
Net37 5 
M2 3275370 1430600 3266730 1439240
M2 3266730 1439240 2900000 1439240
M2 2900000 1439240 1875000 1700504
M2 1875000 1700504 1490056 1700504
M2 1490056 1700504 1469320 1721240
Net41 5 
M2 3820970 1430600 3803690 1447880
M2 3803690 1447880 2900000 1447880
M2 2900000 1447880 1875000 1705688
M2 1875000 1705688 1528172 1705688
M2 1528172 1705688 1512620 1721240
Net42 5 
M2 3898910 1430600 3872990 1456520
M2 3872990 1456520 2900000 1456520
M2 2900000 1456520 1875000 1710872
M2 1875000 1710872 1566288 1710872
M2 1566288 1710872 1555920 1721240
Net43 5 
M2 3976850 1430600 3942290 1465160
M2 3942290 1465160 2900000 1465160
M2 2900000 1465160 1875000 1716056
M2 1875000 1716056 1604404 1716056
M2 1604404 1716056 1599220 1721240
Net44 5 
M2 3314340 1387400 3299940 1401800
M2 3299940 1401800 2900000 1401800
M2 2900000 1401800 1875000 1626200
M2 1875000 1626200 1421650 1626200
M2 1421650 1626200 1404370 1643480
Net50 5 
M2 3859940 1387400 3831140 1416200
M2 3831140 1416200 2900000 1416200
M2 2900000 1416200 1875000 1634840
M2 1875000 1634840 1542910 1634840
M2 1542910 1634840 1534270 1643480
Net57 5 
M2 3743020 1344200 3721420 1365800
M2 3721420 1365800 2900000 1365800
M2 2900000 1365800 1875000 1608920
M2 1875000 1608920 1607860 1608920
M2 1607860 1608920 1599220 1617560
Net67 5 
M2 3704050 1301000 3695410 1309640
M2 3695410 1309640 2900000 1309640
M2 2900000 1309640 1875000 1546280
M2 1875000 1546280 1532060 1546280
M2 1532060 1546280 1512620 1565720
Net68 5 
M2 3859940 1301000 3842660 1318280
M2 3842660 1318280 2900000 1318280
M2 2900000 1318280 1875000 1552760
M2 1875000 1552760 1568880 1552760
M2 1568880 1552760 1555920 1565720
Net69 5 
M2 3937880 1301000 3911960 1326920
M2 3911960 1326920 2900000 1326920
M2 2900000 1326920 1875000 1559240
M2 1875000 1559240 1605700 1559240
M2 1605700 1559240 1599220 1565720
Net70 5 
M2 4093762 1301000 4059202 1335560
M2 4059202 1335560 2900000 1335560
M2 2900000 1335560 1875000 1600280
M2 1875000 1600280 1356697 1600280
M2 1356697 1600280 1339417 1617560
Net74 5 
M2 3431252 1257800 3409652 1279400
M2 3409652 1279400 2900000 1279400
M2 2900000 1279400 1875000 1505240
M2 1875000 1505240 1477960 1505240
M2 1477960 1505240 1469320 1513880
Net84 5 
M2 3626110 1214600 3617470 1223240
M2 3617470 1223240 2900000 1223240
M2 2900000 1223240 1875000 1468520
M2 1875000 1468520 1467110 1468520
M2 1467110 1468520 1447670 1487960
Net85 5 
M2 3704050 1214600 3686770 1231880
M2 3686770 1231880 2900000 1231880
M2 2900000 1231880 1875000 1475000
M2 1875000 1475000 1547230 1475000
M2 1547230 1475000 1534270 1487960
Net86 5 
M2 3859940 1214600 3834020 1240520
M2 3834020 1240520 2900000 1240520
M2 2900000 1240520 1875000 1481480
M2 1875000 1481480 1627350 1481480
M2 1627350 1481480 1620870 1487960
Net87 5 
M2 4093762 1214600 4059202 1249160
M2 4059202 1249160 2900000 1249160
M2 2900000 1249160 1875000 1496600
M2 1875000 1496600 1356697 1496600
M2 1356697 1496600 1339417 1513880
