Nets 35
Net0 5 
V1 3197430 1603400 3191257 1609572
V1 3191257 1609572 2900000 1609572
V1 2900000 1609572 1875000 1863801
V1 1875000 1863801 440539 1863801
V1 440539 1863801 412770 1891570
Net1 5 
V1 3353310 1603400 3340966 1615743
V1 3340966 1615743 2900000 1615743
V1 2900000 1615743 1875000 1868429
V1 1875000 1868429 619508 1868429
V1 619508 1868429 596367 1891570
Net2 5 
V1 3431252 1603400 3412737 1621915
V1 3412737 1621915 2900000 1621915
V1 2900000 1621915 1875000 1873058
V1 1875000 1873058 706674 1873058
V1 706674 1873058 688162 1891570
Net3 5 
V1 3587140 1603400 3562453 1628086
V1 3562453 1628086 2900000 1628086
V1 2900000 1628086 1875000 1877686
V1 1875000 1877686 885643 1877686
V1 885643 1877686 871760 1891570
Net4 5 
V1 3665080 1603400 3634222 1634257
V1 3634222 1634257 2900000 1634257
V1 2900000 1634257 1875000 1882315
V1 1875000 1882315 972815 1882315
V1 972815 1882315 963560 1891570
Net5 5 
V1 3820970 1603400 3783941 1640428
V1 3783941 1640428 2900000 1640428
V1 2900000 1640428 1875000 1886943
V1 1875000 1886943 1151786 1886943
V1 1151786 1886943 1147160 1891570
Net7 5 
V1 3236400 1560200 3231600 1555400
V1 3231600 1555400 2900000 1555400
V1 2900000 1555400 1875000 1859172
V1 1875000 1859172 390012 1859172
V1 390012 1859172 366870 1836030
Net8 5 
V1 3314340 1560200 3304740 1550600
V1 3304740 1550600 2900000 1550600
V1 2900000 1550600 1875000 1854544
V1 1875000 1854544 477184 1854544
V1 477184 1854544 458670 1836030
Net9 5 
V1 3392280 1560200 3377880 1545800
V1 3377880 1545800 2900000 1545800
V1 2900000 1545800 1875000 1849915
V1 1875000 1849915 564353 1849915
V1 564353 1849915 550467 1836030
Net10 5 
V1 3470227 1560200 3451027 1541000
V1 3451027 1541000 2900000 1541000
V1 2900000 1541000 1875000 1845287
V1 1875000 1845287 651519 1845287
V1 651519 1845287 642262 1836030
Net11 5 
V1 3548170 1560200 3524170 1536200
V1 3524170 1536200 2900000 1536200
V1 2900000 1536200 1875000 1840658
V1 1875000 1840658 738688 1840658
V1 738688 1840658 734060 1836030
Net12 5 
V1 3704050 1560200 3675250 1531400
V1 3675250 1531400 2900000 1531400
V1 2900000 1531400 1875000 1817515
V1 1875000 1817515 844374 1817515
V1 844374 1817515 825860 1836030
Net18 5 
V1 3275370 1517000 3270570 1521800
V1 3270570 1521800 2900000 1521800
V1 2900000 1521800 1875000 1761968
V1 1875000 1761968 523089 1761968
V1 523089 1761968 504570 1780487
Net19 5 
V1 3431252 1517000 3421652 1526600
V1 3421652 1526600 2900000 1526600
V1 2900000 1526600 1875000 1799001
V1 1875000 1799001 706676 1799001
V1 706676 1799001 688162 1780487
Net26 5 
V1 3236400 1473800 3231600 1469000
V1 3231600 1469000 2900000 1469000
V1 2900000 1469000 1875000 1743454
V1 1875000 1743454 385384 1743454
V1 385384 1743454 366870 1724940
Net37 5 
V1 3275370 1430600 3270570 1435400
V1 3270570 1435400 2900000 1435400
V1 2900000 1435400 1875000 1681742
V1 1875000 1681742 685460 1681742
V1 685460 1681742 642262 1724940
Net38 5 
V1 3431252 1430600 3421652 1440200
V1 3421652 1440200 2900000 1440200
V1 2900000 1440200 1875000 1687913
V1 1875000 1687913 862886 1687913
V1 862886 1687913 825860 1724940
Net39 5 
V1 3587140 1430600 3572740 1445000
V1 3572740 1445000 2900000 1445000
V1 2900000 1445000 1875000 1694085
V1 1875000 1694085 948515 1694085
V1 948515 1694085 917660 1724940
Net40 5 
V1 3743020 1430600 3723820 1449800
V1 3723820 1449800 2900000 1449800
V1 2900000 1449800 1875000 1700256
V1 1875000 1700256 1125943 1700256
V1 1125943 1700256 1101260 1724940
Net41 5 
V1 3820970 1430600 3796970 1454600
V1 3796970 1454600 2900000 1454600
V1 2900000 1454600 1875000 1706427
V1 1875000 1706427 1211572 1706427
V1 1211572 1706427 1193060 1724940
Net42 5 
V1 3898910 1430600 3870110 1459400
V1 3870110 1459400 2900000 1459400
V1 2900000 1459400 1875000 1712598
V1 1875000 1712598 1388993 1712598
V1 1388993 1712598 1376652 1724940
Net43 5 
V1 3976850 1430600 3943250 1464200
V1 3943250 1464200 2900000 1464200
V1 2900000 1464200 1875000 1718770
V1 1875000 1718770 1474620 1718770
V1 1474620 1718770 1468450 1724940
Net44 5 
V1 3314340 1387400 3305700 1396040
V1 3305700 1396040 2900000 1396040
V1 2900000 1396040 1875000 1636077
V1 1875000 1636077 446093 1636077
V1 446093 1636077 412770 1669400
Net45 5 
V1 3392280 1387400 3375000 1404680
V1 3375000 1404680 2900000 1404680
V1 2900000 1404680 1875000 1647185
V1 1875000 1647185 526784 1647185
V1 526784 1647185 504570 1669400
Net46 5 
V1 3470227 1387400 3444307 1413320
V1 3444307 1413320 2900000 1413320
V1 2900000 1413320 1875000 1658294
V1 1875000 1658294 699268 1658294
V1 699268 1658294 688162 1669400
Net47 5 
V1 3548170 1387400 3513610 1421960
V1 3513610 1421960 2900000 1421960
V1 2900000 1421960 1875000 1675571
V1 1875000 1675571 786131 1675571
V1 786131 1675571 779960 1669400
Net62 5 
V1 3236400 1301000 3222000 1286600
V1 3222000 1286600 2900000 1286600
V1 2900000 1286600 1875000 1569421
V1 1875000 1569421 515678 1569421
V1 515678 1569421 504570 1558312
Net63 5 
V1 3392280 1301000 3363480 1272200
V1 3363480 1272200 2900000 1272200
V1 2900000 1272200 1875000 1547204
V1 1875000 1547204 607476 1547204
V1 607476 1547204 596367 1558312
Net67 5 
V1 3704050 1301000 3695410 1309640
V1 3695410 1309640 2900000 1309640
V1 2900000 1309640 1875000 1580529
V1 1875000 1580529 1318188 1580529
V1 1318188 1580529 1284857 1613860
Net68 5 
V1 3859940 1301000 3842660 1318280
V1 3842660 1318280 2900000 1318280
V1 2900000 1318280 1875000 1591638
V1 1875000 1591638 1398874 1591638
V1 1398874 1591638 1376652 1613860
Net69 5 
V1 3937880 1301000 3911960 1326920
V1 3911960 1326920 2900000 1326920
V1 2900000 1326920 1875000 1602746
V1 1875000 1602746 1479563 1602746
V1 1479563 1602746 1468450 1613860
Net70 5 
V1 4093762 1301000 4059202 1335560
V1 4059202 1335560 2900000 1335560
V1 2900000 1335560 1875000 1624968
V1 1875000 1624968 365401 1624968
V1 365401 1624968 320970 1669400
Net72 5 
V1 3275370 1257800 3264570 1247000
V1 3264570 1247000 2900000 1247000
V1 2900000 1247000 1875000 1536095
V1 1875000 1536095 491995 1536095
V1 491995 1536095 458670 1502770
Net73 5 
V1 3353310 1257800 3331710 1236200
V1 3331710 1236200 2900000 1236200
V1 2900000 1236200 1875000 1524987
V1 1875000 1524987 572684 1524987
V1 572684 1524987 550467 1502770
Net81 5 
V1 3236400 1214600 3225600 1225400
V1 3225600 1225400 2900000 1225400
V1 2900000 1225400 1875000 1513878
V1 1875000 1513878 745168 1513878
V1 745168 1513878 734060 1502770
