Nets 26
Net13 5 
V2 3284030 1560200 3277550 1566680
V2 3277550 1566680 2900000 1566680
V2 2900000 1566680 1875000 1858247
V2 1875000 1858247 1272283 1858247
V2 1272283 1858247 1238960 1891570
Net14 5 
V2 3327330 1560200 3314370 1573160
V2 3314370 1573160 2900000 1573160
V2 2900000 1573160 1875000 1869355
V2 1875000 1869355 1444764 1869355
V2 1444764 1869355 1422550 1891570
Net15 5 
V2 3413932 1560200 3394492 1579640
V2 3394492 1579640 2900000 1579640
V2 2900000 1579640 1875000 1880464
V2 1875000 1880464 1525456 1880464
V2 1525456 1880464 1514350 1891570
Net19 5 
V2 3348980 1534280 3342500 1540760
V2 3342500 1540760 2900000 1540760
V2 2900000 1540760 1875000 1799001
V2 1875000 1799001 1138288 1799001
V2 1138288 1799001 1101260 1836030
Net20 5 
V2 3392280 1534280 3379320 1547240
V2 3379320 1547240 2900000 1547240
V2 2900000 1547240 1875000 1817515
V2 1875000 1817515 1395167 1817515
V2 1395167 1817515 1376652 1836030
Net21 5 
V2 3435582 1534280 3416142 1553720
V2 3416142 1553720 2900000 1553720
V2 2900000 1553720 1875000 1847138
V2 1875000 1847138 365401 1847138
V2 365401 1847138 320970 1891570
Net22 5 
V2 3154130 1508360 3145490 1517000
V2 3145490 1517000 2900000 1517000
V2 2900000 1517000 1875000 1758265
V2 1875000 1758265 1077582 1758265
V2 1077582 1758265 1055360 1780487
Net23 5 
V2 3240730 1508360 3223450 1525640
V2 3223450 1525640 2900000 1525640
V2 2900000 1525640 1875000 1769374
V2 1875000 1769374 1250073 1769374
V2 1250073 1769374 1238960 1780487
Net27 5 
V2 3175780 1482440 3162820 1495400
V2 3162820 1495400 2900000 1495400
V2 2900000 1495400 1875000 1747157
V2 1875000 1747157 996890 1747157
V2 996890 1747157 963560 1780487
Net34 5 
V2 3197430 1456520 3184470 1469480
V2 3184470 1469480 2900000 1469480
V2 2900000 1469480 1875000 1736048
V2 1875000 1736048 824399 1736048
V2 824399 1736048 779960 1780487
Net35 5 
V2 3240730 1456520 3232090 1447880
V2 3232090 1447880 2900000 1447880
V2 2900000 1447880 1875000 1706428
V2 1875000 1706428 660774 1706428
V2 660774 1706428 642262 1724940
Net39 5 
V2 3175780 1430600 3167140 1439240
V2 3167140 1439240 2900000 1439240
V2 2900000 1439240 1875000 1687914
V2 1875000 1687914 587493 1687914
V2 587493 1687914 550467 1724940
Net51 5 
V2 3305680 1378760 3297040 1387400
V2 3297040 1387400 2900000 1387400
V2 2900000 1387400 1875000 1641631
V2 1875000 1641631 1266729 1641631
V2 1266729 1641631 1238960 1669400
Net53 5 
V2 3392280 1378760 3375000 1396040
V2 3375000 1396040 2900000 1396040
V2 2900000 1396040 1875000 1655516
V2 1875000 1655516 1528233 1655516
V2 1528233 1655516 1514350 1669400
Net61 5 
V2 3219080 1326920 3214760 1331240
V2 3214760 1331240 2900000 1331240
V2 2900000 1331240 1875000 1539798
V2 1875000 1539798 706677 1539798
V2 706677 1539798 688162 1558312
Net62 5 
V2 3262380 1326920 3253740 1335560
V2 3253740 1335560 2900000 1335560
V2 2900000 1335560 1875000 1549055
V2 1875000 1549055 789217 1549055
V2 789217 1549055 779960 1558312
Net63 5 
V2 3305680 1326920 3292720 1339880
V2 3292720 1339880 2900000 1339880
V2 2900000 1339880 1875000 1576826
V2 1875000 1576826 679296 1576826
V2 679296 1576826 642262 1613860
Net64 5 
V2 3392280 1326920 3375000 1344200
V2 3375000 1344200 2900000 1344200
V2 2900000 1344200 1875000 1595340
V2 1875000 1595340 844379 1595340
V2 844379 1595340 825860 1613860
Net65 5 
V2 3435582 1326920 3413982 1348520
V2 3413982 1348520 2900000 1348520
V2 2900000 1348520 1875000 1627745
V2 1875000 1627745 362624 1627745
V2 362624 1627745 320970 1669400
Net66 5 
V2 3154130 1301000 3141170 1313960
V2 3141170 1313960 2900000 1313960
V2 2900000 1313960 1875000 1530541
V2 1875000 1530541 624139 1530541
V2 624139 1530541 596367 1558312
Net77 5 
V2 3154130 1249160 3141170 1262120
V2 3141170 1262120 2900000 1262120
V2 2900000 1262120 1875000 1521284
V2 1875000 1521284 752574 1521284
V2 752574 1521284 734060 1502770
Net78 5 
V2 3197430 1249160 3193110 1244840
V2 3193110 1244840 2900000 1244840
V2 2900000 1244840 1875000 1512027
V2 1875000 1512027 835117 1512027
V2 835117 1512027 825860 1502770
Net83 5 
V2 3175780 1223240 3171460 1227560
V2 3171460 1227560 2900000 1227560
V2 2900000 1227560 1875000 1458336
V2 1875000 1458336 1145694 1458336
V2 1145694 1458336 1101260 1502770
Net84 5 
V2 3219080 1223240 3210440 1231880
V2 3210440 1231880 2900000 1231880
V2 2900000 1231880 1875000 1469444
V2 1875000 1469444 1318183 1469444
V2 1318183 1469444 1284857 1502770
Net85 5 
V2 3305680 1223240 3292720 1236200
V2 3292720 1236200 2900000 1236200
V2 2900000 1236200 1875000 1480553
V2 1875000 1480553 1398869 1480553
V2 1398869 1480553 1376652 1502770
Net86 5 
V2 3392280 1223240 3375000 1240520
V2 3375000 1240520 2900000 1240520
V2 2900000 1240520 1875000 1491661
V2 1875000 1491661 1571358 1491661
V2 1571358 1491661 1560250 1502770
