Nets 26
Net4 5 
M2 3577180 1603400 3555580 1625000
M2 3555580 1625000 2900000 1625000
M2 2900000 1625000 1875000 1842200
M2 1875000 1842200 1562830 1842200
M2 1562830 1842200 1554190 1850840
Net14 5 
M2 3741722 1560200 3730922 1571000
M2 3730922 1571000 2900000 1571000
M2 2900000 1571000 1875000 1807640
M2 1875000 1807640 1544620 1807640
M2 1544620 1807640 1527340 1824920
Net15 5 
M2 3807540 1560200 3785940 1581800
M2 3785940 1581800 2900000 1581800
M2 2900000 1581800 1875000 1816280
M2 1875000 1816280 1589680 1816280
M2 1589680 1816280 1581040 1824920
Net16 5 
M2 3939180 1560200 3906780 1592600
M2 3906780 1592600 2900000 1592600
M2 2900000 1592600 1875000 1833560
M2 1875000 1833560 1267512 1833560
M2 1267512 1833560 1258872 1824920
Net21 5 
M2 3577180 1517000 3562780 1531400
M2 3562780 1531400 2900000 1531400
M2 2900000 1531400 1875000 1760120
M2 1875000 1760120 1486610 1760120
M2 1486610 1760120 1473650 1773080
Net24 5 
M2 3840450 1517000 3811650 1545800
M2 3811650 1545800 2900000 1545800
M2 2900000 1545800 1875000 1766600
M2 1875000 1766600 1587520 1766600
M2 1587520 1766600 1581040 1773080
Net25 5 
M2 3906270 1517000 3897630 1508360
M2 3897630 1508360 2900000 1508360
M2 2900000 1508360 1875000 1753640
M2 1875000 1753640 1278312 1753640
M2 1278312 1753640 1258872 1773080
Net29 5 
M2 3412637 1473800 3403997 1482440
M2 3403997 1482440 2900000 1482440
M2 2900000 1482440 1875000 1727720
M2 1875000 1727720 1358857 1727720
M2 1358857 1727720 1339417 1747160
Net33 5 
M2 3807540 1473800 3790260 1491080
M2 3790260 1491080 2900000 1491080
M2 2900000 1491080 1875000 1734200
M2 1875000 1734200 1567150 1734200
M2 1567150 1734200 1554190 1747160
Net34 5 
M2 3873360 1473800 3847440 1499720
M2 3847440 1499720 2900000 1499720
M2 2900000 1499720 1875000 1740680
M2 1875000 1740680 1614360 1740680
M2 1614360 1740680 1607880 1747160
Net37 5 
M2 3248090 1430600 3239450 1439240
M2 3239450 1439240 2900000 1439240
M2 2900000 1439240 1875000 1700504
M2 1875000 1700504 1440693 1700504
M2 1440693 1700504 1419957 1721240
Net41 5 
M2 3708817 1430600 3691537 1447880
M2 3691537 1447880 2900000 1447880
M2 2900000 1447880 1875000 1705688
M2 1875000 1705688 1489202 1705688
M2 1489202 1705688 1473650 1721240
Net42 5 
M2 3774630 1430600 3748710 1456520
M2 3748710 1456520 2900000 1456520
M2 2900000 1456520 1875000 1710872
M2 1875000 1710872 1537708 1710872
M2 1537708 1710872 1527340 1721240
Net43 5 
M2 3840450 1430600 3805890 1465160
M2 3805890 1465160 2900000 1465160
M2 2900000 1465160 1875000 1716056
M2 1875000 1716056 1586224 1716056
M2 1586224 1716056 1581040 1721240
Net44 5 
M2 3281000 1387400 3266600 1401800
M2 3266600 1401800 2900000 1401800
M2 2900000 1401800 1875000 1626200
M2 1875000 1626200 1356697 1626200
M2 1356697 1626200 1339417 1643480
Net50 5 
M2 3741722 1387400 3712922 1416200
M2 3712922 1416200 2900000 1416200
M2 2900000 1416200 1875000 1634840
M2 1875000 1634840 1509137 1634840
M2 1509137 1634840 1500497 1643480
Net57 5 
M2 3643000 1344200 3621400 1365800
M2 3621400 1365800 2900000 1365800
M2 2900000 1365800 1875000 1608920
M2 1875000 1608920 1589680 1608920
M2 1589680 1608920 1581040 1617560
Net67 5 
M2 3610090 1301000 3601450 1309640
M2 3601450 1309640 2900000 1309640
M2 2900000 1309640 1875000 1546280
M2 1875000 1546280 1493090 1546280
M2 1493090 1546280 1473650 1565720
Net68 5 
M2 3741722 1301000 3724442 1318280
M2 3724442 1318280 2900000 1318280
M2 2900000 1318280 1875000 1552760
M2 1875000 1552760 1540300 1552760
M2 1540300 1552760 1527340 1565720
Net69 5 
M2 3807540 1301000 3781620 1326920
M2 3781620 1326920 2900000 1326920
M2 2900000 1326920 1875000 1559240
M2 1875000 1559240 1587520 1559240
M2 1587520 1559240 1581040 1565720
Net70 5 
M2 3939180 1301000 3904620 1335560
M2 3904620 1335560 2900000 1335560
M2 2900000 1335560 1875000 1600280
M2 1875000 1600280 1276152 1600280
M2 1276152 1600280 1258872 1617560
Net74 5 
M2 3379730 1257800 3358130 1279400
M2 3358130 1279400 2900000 1279400
M2 2900000 1279400 1875000 1505240
M2 1875000 1505240 1428597 1505240
M2 1428597 1505240 1419957 1513880
Net84 5 
M2 3544270 1214600 3535630 1223240
M2 3535630 1223240 2900000 1223240
M2 2900000 1223240 1875000 1468520
M2 1875000 1468520 1412550 1468520
M2 1412550 1468520 1393110 1487960
Net85 5 
M2 3610090 1214600 3592810 1231880
M2 3592810 1231880 2900000 1231880
M2 2900000 1231880 1875000 1475000
M2 1875000 1475000 1513457 1475000
M2 1513457 1475000 1500497 1487960
Net86 5 
M2 3741722 1214600 3715802 1240520
M2 3715802 1240520 2900000 1240520
M2 2900000 1240520 1875000 1481480
M2 1875000 1481480 1614360 1481480
M2 1614360 1481480 1607880 1487960
Net87 5 
M2 3939180 1214600 3904620 1249160
M2 3904620 1249160 2900000 1249160
M2 2900000 1249160 1875000 1496600
M2 1875000 1496600 1276152 1496600
M2 1276152 1496600 1258872 1513880
