Nets 20
Net5 5 
V2 3820970 1603400 3799370 1625000
V2 3799370 1625000 2900000 1625000
V2 2900000 1625000 1875000 1837880
V2 1875000 1837880 1607850 1837880
V2 1607850 1837880 1594890 1850840
Net13 5 
V2 3781997 1560200 3760397 1581800
V2 3760397 1581800 2900000 1581800
V2 2900000 1581800 1875000 1811960
V2 1875000 1811960 1447640 1811960
V2 1447640 1811960 1434680 1824920
Net23 5 
V2 3898910 1517000 3877310 1538600
V2 3877310 1538600 2900000 1538600
V2 2900000 1538600 1875000 1786040
V2 1875000 1786040 1607850 1786040
V2 1607850 1786040 1594890 1799000
Net31 5 
V2 3704050 1473800 3682450 1495400
V2 3682450 1495400 2900000 1495400
V2 2900000 1495400 1875000 1760120
V2 1875000 1760120 1383550 1760120
V2 1383550 1760120 1370590 1773080
Net32 5 
V2 3781997 1473800 3771197 1463000
V2 3771197 1463000 2900000 1463000
V2 2900000 1463000 1875000 1734200
V2 1875000 1734200 1415597 1734200
V2 1415597 1734200 1402637 1747160
Net35 5 
V2 4093762 1473800 4072162 1452200
V2 4072162 1452200 2900000 1452200
V2 2900000 1452200 1875000 1708280
V2 1875000 1708280 1191292 1708280
V2 1191292 1708280 1178332 1721240
Net38 5 
V2 3431252 1430600 3420452 1441400
V2 3420452 1441400 2900000 1441400
V2 2900000 1441400 1875000 1682360
V2 1875000 1682360 1415597 1682360
V2 1415597 1682360 1402637 1695320
Net48 5 
V2 3704050 1387400 3689650 1401800
V2 3689650 1401800 2900000 1401800
V2 2900000 1401800 1875000 1656440
V2 1875000 1656440 1383550 1656440
V2 1383550 1656440 1370590 1669400
Net49 5 
V2 3781997 1387400 3753197 1416200
V2 3753197 1416200 2900000 1416200
V2 2900000 1416200 1875000 1662920
V2 1875000 1662920 1441160 1662920
V2 1441160 1662920 1434680 1669400
Net55 5 
V2 3587140 1344200 3578500 1352840
V2 3578500 1352840 2900000 1352840
V2 2900000 1352840 1875000 1586456
V2 1875000 1586456 1471904 1586456
V2 1471904 1586456 1466720 1591640
Net59 5 
V2 3898910 1344200 3881630 1361480
V2 3881630 1361480 2900000 1361480
V2 2900000 1361480 1875000 1626200
V2 1875000 1626200 1548090 1626200
V2 1548090 1626200 1530810 1643480
Net60 5 
V2 3976850 1344200 3950930 1370120
V2 3950930 1370120 2900000 1370120
V2 2900000 1370120 1875000 1634840
V2 1875000 1634840 1603530 1634840
V2 1603530 1634840 1594890 1643480
Net61 5 
V2 4054790 1344200 4020230 1378760
V2 4020230 1378760 2900000 1378760
V2 2900000 1378760 1875000 1649960
V2 1875000 1649960 1197772 1649960
V2 1197772 1649960 1178332 1669400
Net62 5 
V2 3236400 1301000 3225600 1311800
V2 3225600 1311800 2900000 1311800
V2 2900000 1311800 1875000 1570904
V2 1875000 1570904 1295196 1570904
V2 1295196 1570904 1274460 1591640
Net64 5 
V2 3470227 1301000 3448627 1322600
V2 3448627 1322600 2900000 1322600
V2 2900000 1322600 1875000 1576088
V2 1875000 1576088 1354102 1576088
V2 1354102 1576088 1338550 1591640
Net65 5 
V2 3548170 1301000 3515770 1333400
V2 3515770 1333400 2900000 1333400
V2 2900000 1333400 1875000 1581272
V2 1875000 1581272 1413005 1581272
V2 1413005 1581272 1402637 1591640
Net71 5 
V2 3197430 1257800 3186630 1268600
V2 3186630 1268600 2900000 1268600
V2 2900000 1268600 1875000 1520360
V2 1875000 1520360 1229820 1520360
V2 1229820 1520360 1210380 1539800
Net72 5 
V2 3275370 1257800 3253770 1279400
V2 3253770 1279400 2900000 1279400
V2 2900000 1279400 1875000 1526840
V2 1875000 1526840 1351510 1526840
V2 1351510 1526840 1338550 1539800
Net73 5 
V2 3353310 1257800 3320910 1290200
V2 3320910 1290200 2900000 1290200
V2 2900000 1290200 1875000 1533320
V2 1875000 1533320 1409117 1533320
V2 1409117 1533320 1402637 1539800
Net83 5 
V2 3470227 1214600 3448627 1236200
V2 3448627 1236200 2900000 1236200
V2 2900000 1236200 1875000 1475000
V2 1875000 1475000 1287420 1475000
V2 1287420 1475000 1274460 1487960
