Nets 40
Net0 5 
V1 3182270 1603400 3176097 1609572
V1 3176097 1609572 2900000 1609572
V1 2900000 1609572 1875000 1856600
V1 1875000 1856600 859427 1856600
V1 859427 1856600 830627 1885400
Net1 5 
V1 3313910 1603400 3301566 1615743
V1 3301566 1615743 2900000 1615743
V1 2900000 1615743 1875000 1861400
V1 1875000 1861400 1027830 1861400
V1 1027830 1861400 1003830 1885400
Net2 5 
V1 3379730 1603400 3361215 1621915
V1 3361215 1621915 2900000 1621915
V1 2900000 1621915 1875000 1866200
V1 1875000 1866200 1109630 1866200
V1 1109630 1866200 1090430 1885400
Net3 5 
V1 3511360 1603400 3486673 1628086
V1 3486673 1628086 2900000 1628086
V1 2900000 1628086 1875000 1871000
V1 1875000 1871000 1278040 1871000
V1 1278040 1871000 1263640 1885400
Net4 5 
V1 3577180 1603400 3546322 1634257
V1 3546322 1634257 2900000 1634257
V1 2900000 1634257 1875000 1875800
V1 1875000 1875800 1359840 1875800
V1 1359840 1875800 1350240 1885400
Net5 5 
V1 3708817 1603400 3671788 1640428
V1 3671788 1640428 2900000 1640428
V1 2900000 1640428 1875000 1880600
V1 1875000 1880600 1528247 1880600
V1 1528247 1880600 1523447 1885400
Net7 5 
V1 3215180 1560200 3200780 1574600
V1 3200780 1574600 2900000 1574600
V1 2900000 1574600 1875000 1847000
V1 1875000 1847000 705520 1847000
V1 705520 1847000 700720 1842200
Net8 5 
V1 3281000 1560200 3266600 1545800
V1 3266600 1545800 2900000 1545800
V1 2900000 1545800 1875000 1827800
V1 1875000 1827800 801722 1827800
V1 801722 1827800 787322 1842200
Net16 5 
V1 3939180 1560200 3910380 1589000
V1 3910380 1589000 2900000 1589000
V1 2900000 1589000 1875000 1851800
V1 1875000 1851800 623720 1851800
V1 623720 1851800 614120 1842200
Net17 5 
V1 3182270 1517000 3173630 1508360
V1 3173630 1508360 2900000 1508360
V1 2900000 1508360 1875000 1790360
V1 1875000 1790360 752660 1790360
V1 752660 1790360 744020 1799000
Net18 5 
V1 3248090 1517000 3233690 1531400
V1 3233690 1531400 2900000 1531400
V1 2900000 1531400 1875000 1813400
V1 1875000 1813400 845027 1813400
V1 845027 1813400 830627 1799000
Net25 5 
V1 3906270 1517000 3888990 1499720
V1 3888990 1499720 2900000 1499720
V1 2900000 1499720 1875000 1781720
V1 1875000 1781720 588100 1781720
V1 588100 1781720 570820 1799000
Net26 5 
V1 3215180 1473800 3206540 1482440
V1 3206540 1482440 2900000 1482440
V1 2900000 1482440 1875000 1764440
V1 1875000 1764440 709360 1764440
V1 709360 1764440 700720 1755800
Net27 5 
V1 3281000 1473800 3266600 1459400
V1 3266600 1459400 2900000 1459400
V1 2900000 1459400 1875000 1741400
V1 1875000 1741400 801722 1741400
V1 801722 1741400 787322 1755800
Net35 5 
V1 3939180 1473800 3921900 1491080
V1 3921900 1491080 2900000 1491080
V1 2900000 1491080 1875000 1773080
V1 1875000 1773080 631400 1773080
V1 631400 1773080 614120 1755800
Net36 5 
V1 3182270 1430600 3177470 1425800
V1 3177470 1425800 2900000 1425800
V1 2900000 1425800 1875000 1691000
V1 1875000 1691000 679020 1691000
V1 679020 1691000 657420 1712600
Net37 5 
V1 3248090 1430600 3233690 1445000
V1 3233690 1445000 2900000 1445000
V1 2900000 1445000 1875000 1727000
V1 1875000 1727000 845027 1727000
V1 845027 1727000 830627 1712600
Net44 5 
V1 3281000 1387400 3276200 1382600
V1 3276200 1382600 2900000 1382600
V1 2900000 1382600 1875000 1631000
V1 1875000 1631000 739120 1631000
V1 739120 1631000 700720 1669400
Net45 5 
V1 3346820 1387400 3342020 1392200
V1 3342020 1392200 2900000 1392200
V1 2900000 1392200 1875000 1635800
V1 1875000 1635800 820922 1635800
V1 820922 1635800 787322 1669400
Net46 5 
V1 3412637 1387400 3403037 1397000
V1 3403037 1397000 2900000 1397000
V1 2900000 1397000 1875000 1640600
V1 1875000 1640600 902730 1640600
V1 902730 1640600 873930 1669400
Net47 5 
V1 3478450 1387400 3464050 1401800
V1 3464050 1401800 2900000 1401800
V1 2900000 1401800 1875000 1645400
V1 1875000 1645400 984530 1645400
V1 984530 1645400 960530 1669400
Net48 5 
V1 3610090 1387400 3590890 1406600
V1 3590890 1406600 2900000 1406600
V1 2900000 1406600 1875000 1650200
V1 1875000 1650200 1152932 1650200
V1 1152932 1650200 1133732 1669400
Net49 5 
V1 3675910 1387400 3651910 1411400
V1 3651910 1411400 2900000 1411400
V1 2900000 1411400 1875000 1655000
V1 1875000 1655000 1321340 1655000
V1 1321340 1655000 1306940 1669400
Net50 5 
V1 3741722 1387400 3712922 1416200
V1 3712922 1416200 2900000 1416200
V1 2900000 1416200 1875000 1659800
V1 1875000 1659800 1489742 1659800
V1 1489742 1659800 1480142 1669400
Net51 5 
V1 3873360 1387400 3839760 1421000
V1 3839760 1421000 2900000 1421000
V1 2900000 1421000 1875000 1664600
V1 1875000 1664600 1571550 1664600
V1 1571550 1664600 1566750 1669400
Net52 5 
V1 3182270 1344200 3177470 1349000
V1 3177470 1349000 2900000 1349000
V1 2900000 1349000 1875000 1595960
V1 1875000 1595960 687660 1595960
V1 687660 1595960 657420 1626200
Net53 5 
V1 3248090 1344200 3238490 1353800
V1 3238490 1353800 2900000 1353800
V1 2900000 1353800 1875000 1600280
V1 1875000 1600280 769940 1600280
V1 769940 1600280 744020 1626200
Net54 5 
V1 3379730 1344200 3365330 1358600
V1 3365330 1358600 2900000 1358600
V1 2900000 1358600 1875000 1604600
V1 1875000 1604600 938830 1604600
V1 938830 1604600 917230 1626200
Net57 5 
V1 3643000 1344200 3623800 1363400
V1 3623800 1363400 2900000 1363400
V1 2900000 1363400 1875000 1608920
V1 1875000 1608920 1280920 1608920
V1 1280920 1608920 1263640 1626200
Net58 5 
V1 3708817 1344200 3684817 1368200
V1 3684817 1368200 2900000 1368200
V1 2900000 1368200 1875000 1613240
V1 1875000 1613240 1363200 1613240
V1 1363200 1613240 1350240 1626200
Net59 5 
V1 3774630 1344200 3745830 1373000
V1 3745830 1373000 2900000 1373000
V1 2900000 1373000 1875000 1617560
V1 1875000 1617560 1445480 1617560
V1 1445480 1617560 1436840 1626200
Net60 5 
V1 3840450 1344200 3806850 1377800
V1 3806850 1377800 2900000 1377800
V1 2900000 1377800 1875000 1621880
V1 1875000 1621880 1527767 1621880
V1 1527767 1621880 1523447 1626200
Net62 5 
V1 3215180 1301000 3200780 1315400
V1 3200780 1315400 2900000 1315400
V1 2900000 1315400 1875000 1587320
V1 1875000 1587320 705040 1587320
V1 705040 1587320 700720 1583000
Net63 5 
V1 3346820 1301000 3332420 1286600
V1 3332420 1286600 2900000 1286600
V1 2900000 1286600 1875000 1568600
V1 1875000 1568600 801722 1568600
V1 801722 1568600 787322 1583000
Net70 5 
V1 3939180 1301000 3910380 1329800
V1 3910380 1329800 2900000 1329800
V1 2900000 1329800 1875000 1591640
V1 1875000 1591640 622760 1591640
V1 622760 1591640 614120 1583000
Net71 5 
V1 3182270 1257800 3173630 1249160
V1 3173630 1249160 2900000 1249160
V1 2900000 1249160 1875000 1531160
V1 1875000 1531160 752660 1531160
V1 752660 1531160 744020 1539800
Net72 5 
V1 3248090 1257800 3233690 1272200
V1 3233690 1272200 2900000 1272200
V1 2900000 1272200 1875000 1554200
V1 1875000 1554200 845027 1554200
V1 845027 1554200 830627 1539800
Net80 5 
V1 3906270 1257800 3888990 1240520
V1 3888990 1240520 2900000 1240520
V1 2900000 1240520 1875000 1522520
V1 1875000 1522520 588100 1522520
V1 588100 1522520 570820 1539800
Net81 5 
V1 3215180 1214600 3206540 1223240
V1 3206540 1223240 2900000 1223240
V1 2900000 1223240 1875000 1505240
V1 1875000 1505240 882570 1505240
V1 882570 1505240 873930 1496600
Net87 5 
V1 3939180 1214600 3921900 1231880
V1 3921900 1231880 2900000 1231880
V1 2900000 1231880 1875000 1513880
V1 1875000 1513880 631400 1513880
V1 631400 1513880 614120 1496600
