Nets 32
Net13 5 
V2 3781997 1560200 3771197 1571000
V2 3771197 1571000 2900000 1571000
V2 2900000 1571000 1875000 1874909
V2 1875000 1874909 1255620 1874909
V2 1255620 1874909 1238960 1891570
Net14 5 
V2 3859940 1560200 3838340 1581800
V2 3838340 1581800 2900000 1581800
V2 2900000 1581800 1875000 1880464
V2 1875000 1880464 1433656 1880464
V2 1433656 1880464 1422550 1891570
Net15 5 
V2 3937880 1560200 3905480 1592600
V2 3905480 1592600 2900000 1592600
V2 2900000 1592600 1875000 1886018
V2 1875000 1886018 1519901 1886018
V2 1519901 1886018 1514350 1891570
Net16 5 
V2 4093762 1560200 4079362 1545800
V2 4079362 1545800 2900000 1545800
V2 2900000 1545800 1875000 1869355
V2 1875000 1869355 343184 1869355
V2 343184 1869355 320970 1891570
Net20 5 
V2 3587140 1517000 3572740 1531400
V2 3572740 1531400 2900000 1531400
V2 2900000 1531400 1875000 1863801
V2 1875000 1863801 1129031 1863801
V2 1129031 1863801 1101260 1836030
Net21 5 
V2 3665080 1517000 3657880 1509800
V2 3657880 1509800 2900000 1509800
V2 2900000 1509800 1875000 1858247
V2 1875000 1858247 1215277 1858247
V2 1215277 1858247 1193060 1836030
Net22 5 
V2 3743020 1517000 3728620 1502600
V2 3728620 1502600 2900000 1502600
V2 2900000 1502600 1875000 1852692
V2 1875000 1852692 1301520 1852692
V2 1301520 1852692 1284857 1836030
Net23 5 
V2 3898910 1517000 3877310 1495400
V2 3877310 1495400 2900000 1495400
V2 2900000 1495400 1875000 1847138
V2 1875000 1847138 1387761 1847138
V2 1387761 1847138 1376652 1836030
Net24 5 
V2 3976850 1517000 3948050 1488200
V2 3948050 1488200 2900000 1488200
V2 2900000 1488200 1875000 1841584
V2 1875000 1841584 1474004 1841584
V2 1474004 1841584 1468450 1836030
Net27 5 
V2 3314340 1473800 3310020 1469480
V2 3310020 1469480 2900000 1469480
V2 2900000 1469480 1875000 1822144
V2 1875000 1822144 821616 1822144
V2 821616 1822144 779960 1780487
Net28 5 
V2 3392280 1473800 3383640 1465160
V2 3383640 1465160 2900000 1465160
V2 2900000 1465160 1875000 1815201
V2 1875000 1815201 906473 1815201
V2 906473 1815201 871760 1780487
Net29 5 
V2 3470227 1473800 3457267 1460840
V2 3457267 1460840 2900000 1460840
V2 2900000 1460840 1875000 1808258
V2 1875000 1808258 991331 1808258
V2 991331 1808258 963560 1780487
Net30 5 
V2 3626110 1473800 3608830 1456520
V2 3608830 1456520 2900000 1456520
V2 2900000 1456520 1875000 1801315
V2 1875000 1801315 1076188 1801315
V2 1076188 1801315 1055360 1780487
Net31 5 
V2 3704050 1473800 3682450 1452200
V2 3682450 1452200 2900000 1452200
V2 2900000 1452200 1875000 1794373
V2 1875000 1794373 1252845 1794373
V2 1252845 1794373 1238960 1780487
Net32 5 
V2 3781997 1473800 3756077 1447880
V2 3756077 1447880 2900000 1447880
V2 2900000 1447880 1875000 1787430
V2 1875000 1787430 1337695 1787430
V2 1337695 1787430 1330752 1780487
Net33 5 
V2 3937880 1473800 3907640 1443560
V2 3907640 1443560 2900000 1443560
V2 2900000 1443560 1875000 1761968
V2 1875000 1761968 1532869 1761968
V2 1532869 1761968 1514350 1780487
Net34 5 
V2 4015820 1473800 4008620 1481000
V2 4008620 1481000 2900000 1481000
V2 2900000 1481000 1875000 1829086
V2 1875000 1829086 1567193 1829086
V2 1567193 1829086 1560250 1836030
Net35 5 
V2 4093762 1473800 4059202 1439240
V2 4059202 1439240 2900000 1439240
V2 2900000 1439240 1875000 1743454
V2 1875000 1743454 358003 1743454
V2 358003 1743454 320970 1780487
Net36 5 
V2 3197430 1430600 3193110 1434920
V2 3193110 1434920 2900000 1434920
V2 2900000 1434920 1875000 1697171
V2 1875000 1697171 578236 1697171
V2 578236 1697171 550467 1724940
Net60 5 
V2 3976850 1344200 3955250 1365800
V2 3955250 1365800 2900000 1365800
V2 2900000 1365800 1875000 1650888
V2 1875000 1650888 1532862 1650888
V2 1532862 1650888 1514350 1669400
Net61 5 
V2 4054790 1344200 4040390 1329800
V2 4040390 1329800 2900000 1329800
V2 2900000 1329800 1875000 1632374
V2 1875000 1632374 293584 1632374
V2 293584 1632374 275070 1613860
Net64 5 
V2 3470227 1301000 3455827 1315400
V2 3455827 1315400 2900000 1315400
V2 2900000 1315400 1875000 1599969
V2 1875000 1599969 729819 1599969
V2 729819 1599969 688162 1558312
Net65 5 
V2 3548170 1301000 3543850 1296680
V2 3543850 1296680 2900000 1296680
V2 2900000 1296680 1875000 1586083
V2 1875000 1586083 807731 1586083
V2 807731 1586083 779960 1558312
Net66 5 
V2 3626110 1301000 3617470 1292360
V2 3617470 1292360 2900000 1292360
V2 2900000 1292360 1875000 1572198
V2 1875000 1572198 885645 1572198
V2 885645 1572198 871760 1558312
Net71 5 
V2 3197430 1257800 3193110 1262120
V2 3193110 1262120 2900000 1262120
V2 2900000 1262120 1875000 1484255
V2 1875000 1484255 385384 1484255
V2 385384 1484255 366870 1502770
Net74 5 
V2 3431252 1257800 3422612 1266440
V2 3422612 1266440 2900000 1266440
V2 2900000 1266440 1875000 1510704
V2 1875000 1510704 1011168 1510704
V2 1011168 1510704 963560 1558312
Net75 5 
V2 3587140 1257800 3574180 1270760
V2 3574180 1270760 2900000 1270760
V2 2900000 1270760 1875000 1518639
V2 1875000 1518639 1095033 1518639
V2 1095033 1518639 1055360 1558312
Net76 5 
V2 3743020 1257800 3725740 1275080
V2 3725740 1275080 2900000 1275080
V2 2900000 1275080 1875000 1526573
V2 1875000 1526573 1178899 1526573
V2 1178899 1526573 1147160 1558312
Net77 5 
V2 3820970 1257800 3799370 1279400
V2 3799370 1279400 2900000 1279400
V2 2900000 1279400 1875000 1534508
V2 1875000 1534508 1262764 1534508
V2 1262764 1534508 1238960 1558312
Net78 5 
V2 3898910 1257800 3872990 1283720
V2 3872990 1283720 2900000 1283720
V2 2900000 1283720 1875000 1542442
V2 1875000 1542442 1438420 1542442
V2 1438420 1542442 1422550 1558312
Net79 5 
V2 3976850 1257800 3946610 1288040
V2 3946610 1288040 2900000 1288040
V2 2900000 1288040 1875000 1550377
V2 1875000 1550377 1522285 1550377
V2 1522285 1550377 1514350 1558312
Net80 5 
V2 4054790 1257800 4033190 1236200
V2 4033190 1236200 2900000 1236200
V2 2900000 1236200 1875000 1465741
V2 1875000 1465741 312098 1465741
V2 312098 1465741 275070 1502770
