Nets 32
Net0 5 
V1 3167120 1612040 3161936 1617224
V1 3161936 1617224 2900000 1617224
V1 2900000 1617224 1875000 1854544
V1 1875000 1854544 497426 1854544
V1 497426 1854544 460400 1891570
Net1 5 
V1 3274502 1612040 3264134 1622408
V1 3264134 1622408 2900000 1622408
V1 2900000 1622408 1875000 1863801
V1 1875000 1863801 664839 1863801
V1 664839 1863801 637070 1891570
Net2 5 
V1 3381890 1612040 3366338 1627592
V1 3366338 1627592 2900000 1627592
V1 2900000 1627592 1875000 1873058
V1 1875000 1873058 743912 1873058
V1 743912 1873058 725400 1891570
Net3 5 
V1 3435582 1612040 3414846 1632776
V1 3414846 1632776 2900000 1632776
V1 2900000 1632776 1875000 1882315
V1 1875000 1882315 911325 1882315
V1 911325 1882315 902070 1891570
Net4 5 
V1 3193960 1586120 3188776 1591304
V1 3188776 1591304 2900000 1591304
V1 2900000 1591304 1875000 1802704
V1 1875000 1802704 626225 1802704
V1 626225 1802704 592900 1836030
Net5 5 
V1 3247660 1586120 3237292 1596488
V1 3237292 1596488 2900000 1596488
V1 2900000 1596488 1875000 1813813
V1 1875000 1813813 703454 1813813
V1 703454 1813813 681237 1836030
Net6 5 
V1 3301350 1586120 3285798 1601672
V1 3285798 1601672 2900000 1601672
V1 2900000 1601672 1875000 1824921
V1 1875000 1824921 780678 1824921
V1 780678 1824921 769570 1836030
Net7 5 
V1 3355042 1586120 3334306 1606856
V1 3334306 1606856 2900000 1606856
V1 2900000 1606856 1875000 1845287
V1 1875000 1845287 867164 1845287
V1 867164 1845287 857907 1836030
Net11 5 
V1 3167120 1560200 3160640 1553720
V1 3160640 1553720 2900000 1553720
V1 2900000 1553720 1875000 1791596
V1 1875000 1791596 460664 1791596
V1 460664 1791596 416230 1836030
Net17 5 
V1 3247660 1534280 3241180 1540760
V1 3241180 1540760 2900000 1540760
V1 2900000 1540760 1875000 1761968
V1 1875000 1761968 567252 1761968
V1 567252 1761968 548732 1780487
Net18 5 
V1 3301350 1534280 3288390 1547240
V1 3288390 1547240 2900000 1547240
V1 2900000 1547240 1875000 1771225
V1 1875000 1771225 734662 1771225
V1 734662 1771225 725400 1780487
Net33 5 
V1 3167120 1456520 3154160 1469480
V1 3154160 1469480 2900000 1469480
V1 2900000 1469480 1875000 1752711
V1 1875000 1752711 444001 1752711
V1 444001 1752711 416230 1724940
Net36 5 
V1 3328200 1456520 3323880 1452200
V1 3323880 1452200 2900000 1452200
V1 2900000 1452200 1875000 1743454
V1 1875000 1743454 1229754 1743454
V1 1229754 1743454 1211240 1724940
Net37 5 
V1 3381890 1456520 3373250 1447880
V1 3373250 1447880 2900000 1447880
V1 2900000 1447880 1875000 1734197
V1 1875000 1734197 1397167 1734197
V1 1397167 1734197 1387910 1724940
Net38 5 
V1 3435582 1456520 3422622 1443560
V1 3422622 1443560 2900000 1443560
V1 2900000 1443560 1875000 1713834
V1 1875000 1713834 1487356 1713834
V1 1487356 1713834 1476250 1724940
Net40 5 
V1 3301350 1430600 3296166 1425416
V1 3296166 1425416 2900000 1425416
V1 2900000 1425416 1875000 1680508
V1 1875000 1680508 902339 1680508
V1 902339 1680508 857907 1724940
Net41 5 
V1 3355042 1430600 3350722 1434920
V1 3350722 1434920 2900000 1434920
V1 2900000 1434920 1875000 1691617
V1 1875000 1691617 979563 1691617
V1 979563 1691617 946240 1724940
Net42 5 
V1 3462430 1430600 3453790 1439240
V1 3453790 1439240 2900000 1439240
V1 2900000 1439240 1875000 1702725
V1 1875000 1702725 1145124 1702725
V1 1145124 1702725 1122910 1724940
Net45 5 
V1 3274502 1404680 3269318 1409864
V1 3269318 1409864 2900000 1409864
V1 2900000 1409864 1875000 1648573
V1 1875000 1648573 1011236 1648573
V1 1011236 1648573 990410 1669400
Net46 5 
V1 3328200 1404680 3317832 1415048
V1 3317832 1415048 2900000 1415048
V1 2900000 1415048 1875000 1655516
V1 1875000 1655516 1092623 1655516
V1 1092623 1655516 1078740 1669400
Net47 5 
V1 3435582 1404680 3420030 1420232
V1 3420030 1420232 2900000 1420232
V1 2900000 1420232 1875000 1662459
V1 1875000 1662459 1350688 1662459
V1 1350688 1662459 1343747 1669400
Net48 5 
V1 3193960 1378760 3187480 1385240
V1 3187480 1385240 2900000 1385240
V1 2900000 1385240 1875000 1627745
V1 1875000 1627745 502054 1627745
V1 502054 1627745 460400 1669400
Net49 5 
V1 3247660 1378760 3234700 1391720
V1 3234700 1391720 2900000 1391720
V1 2900000 1391720 1875000 1634688
V1 1875000 1634688 583444 1634688
V1 583444 1634688 548732 1669400
Net50 5 
V1 3301350 1378760 3281910 1398200
V1 3281910 1398200 2900000 1398200
V1 2900000 1398200 1875000 1641631
V1 1875000 1641631 753169 1641631
V1 753169 1641631 725400 1669400
Net56 5 
V1 3220810 1352840 3215626 1358024
V1 3215626 1358024 2900000 1358024
V1 2900000 1358024 1875000 1580529
V1 1875000 1580529 449560 1580529
V1 449560 1580529 416230 1613860
Net57 5 
V1 3328200 1352840 3317832 1363208
V1 3317832 1363208 2900000 1363208
V1 2900000 1363208 1875000 1591638
V1 1875000 1591638 615122 1591638
V1 615122 1591638 592900 1613860
Net58 5 
V1 3381890 1352840 3366338 1368392
V1 3366338 1368392 2900000 1368392
V1 2900000 1368392 1875000 1602746
V1 1875000 1602746 1134023 1602746
V1 1134023 1602746 1122910 1613860
Net59 5 
V1 3435582 1352840 3414846 1373576
V1 3414846 1373576 2900000 1373576
V1 2900000 1373576 1875000 1620802
V1 1875000 1620802 953182 1620802
V1 953182 1620802 946240 1613860
Net60 5 
V1 3193960 1326920 3181000 1339880
V1 3181000 1339880 2900000 1339880
V1 2900000 1339880 1875000 1569421
V1 1875000 1569421 559841 1569421
V1 559841 1569421 548732 1558312
Net72 5 
V1 3247660 1275080 3241180 1281560
V1 3241180 1281560 2900000 1281560
V1 2900000 1281560 1875000 1465741
V1 1875000 1465741 541598 1465741
V1 541598 1465741 504570 1502770
Net73 5 
V1 3301350 1275080 3288390 1288040
V1 3288390 1288040 2900000 1288040
V1 2900000 1288040 1875000 1484255
V1 1875000 1484255 611414 1484255
V1 611414 1484255 592900 1502770
Net74 5 
V1 3408740 1275080 3389300 1294520
V1 3389300 1294520 2900000 1294520
V1 2900000 1294520 1875000 1530541
V1 1875000 1530541 1459851 1530541
V1 1459851 1530541 1432080 1558312
