Nets 40
Net0 5 
V1 3154130 1612040 3148946 1617224
V1 3148946 1617224 2900000 1617224
V1 2900000 1617224 1875000 1850840
V1 1875000 1850840 865187 1850840
V1 865187 1850840 830627 1885400
Net1 5 
V1 3240730 1612040 3230362 1622408
V1 3230362 1622408 2900000 1622408
V1 2900000 1622408 1875000 1859480
V1 1875000 1859480 1029750 1859480
V1 1029750 1859480 1003830 1885400
Net2 5 
V1 3327330 1612040 3311778 1627592
V1 3311778 1627592 2900000 1627592
V1 2900000 1627592 1875000 1868120
V1 1875000 1868120 1107710 1868120
V1 1107710 1868120 1090430 1885400
Net3 5 
V1 3370630 1612040 3349894 1632776
V1 3349894 1632776 2900000 1632776
V1 2900000 1632776 1875000 1876760
V1 1875000 1876760 1272280 1876760
V1 1272280 1876760 1263640 1885400
Net4 5 
V1 3175780 1586120 3170596 1591304
V1 3170596 1591304 2900000 1591304
V1 2900000 1591304 1875000 1823000
V1 1875000 1823000 893130 1823000
V1 893130 1823000 873930 1842200
Net5 5 
V1 3219080 1586120 3208712 1596488
V1 3208712 1596488 2900000 1596488
V1 2900000 1596488 1875000 1827800
V1 1875000 1827800 974930 1827800
V1 974930 1827800 960530 1842200
Net6 5 
V1 3262380 1586120 3246828 1601672
V1 3246828 1601672 2900000 1601672
V1 2900000 1601672 1875000 1832600
V1 1875000 1832600 1143332 1832600
V1 1143332 1832600 1133732 1842200
Net7 5 
V1 3305680 1586120 3284944 1606856
V1 3284944 1606856 2900000 1606856
V1 2900000 1606856 1875000 1837400
V1 1875000 1837400 1311740 1837400
V1 1311740 1837400 1306940 1842200
Net11 5 
V1 3154130 1560200 3145490 1568840
V1 3145490 1568840 2900000 1568840
V1 2900000 1568840 1875000 1813400
V1 1875000 1813400 729520 1813400
V1 729520 1813400 700720 1842200
Net12 5 
V1 3197430 1560200 3180150 1577480
V1 3180150 1577480 2900000 1577480
V1 2900000 1577480 1875000 1818200
V1 1875000 1818200 811322 1818200
V1 811322 1818200 787322 1842200
Net17 5 
V1 3219080 1534280 3206120 1547240
V1 3206120 1547240 2900000 1547240
V1 2900000 1547240 1875000 1808600
V1 1875000 1808600 840227 1808600
V1 840227 1808600 830627 1799000
Net20 5 
V1 3392280 1534280 3387960 1529960
V1 3387960 1529960 2900000 1529960
V1 2900000 1529960 1875000 1803800
V1 1875000 1803800 1355040 1803800
V1 1355040 1803800 1350240 1799000
Net22 5 
V1 3154130 1508360 3149810 1512680
V1 3149810 1512680 2900000 1512680
V1 2900000 1512680 1875000 1743456
V1 1875000 1743456 1059473 1743456
V1 1059473 1743456 1047130 1755800
Net23 5 
V1 3240730 1508360 3232090 1517000
V1 3232090 1517000 2900000 1517000
V1 2900000 1517000 1875000 1749627
V1 1875000 1749627 1139905 1749627
V1 1139905 1749627 1133732 1755800
Net25 5 
V1 3327330 1508360 3314370 1521320
V1 3314370 1521320 2900000 1521320
V1 2900000 1521320 1875000 1770200
V1 1875000 1770200 1292440 1770200
V1 1292440 1770200 1263640 1799000
Net26 5 
V1 3370630 1508360 3353350 1525640
V1 3353350 1525640 2900000 1525640
V1 2900000 1525640 1875000 1784600
V1 1875000 1784600 1537847 1784600
V1 1537847 1784600 1523447 1799000
Net28 5 
V1 3219080 1482440 3206120 1495400
V1 3206120 1495400 2900000 1495400
V1 2900000 1495400 1875000 1737285
V1 1875000 1737285 892445 1737285
V1 892445 1737285 873930 1755800
Net34 5 
V1 3197430 1456520 3184470 1469480
V1 3184470 1469480 2900000 1469480
V1 2900000 1469480 1875000 1731113
V1 1875000 1731113 812008 1731113
V1 812008 1731113 787322 1755800
Net36 5 
V1 3284030 1456520 3279710 1452200
V1 3279710 1452200 2900000 1452200
V1 2900000 1452200 1875000 1724942
V1 1875000 1724942 1275982 1724942
V1 1275982 1724942 1263640 1712600
Net37 5 
V1 3327330 1456520 3318690 1447880
V1 3318690 1447880 2900000 1447880
V1 2900000 1447880 1875000 1718771
V1 1875000 1718771 1356411 1718771
V1 1356411 1718771 1350240 1712600
Net38 5 
V1 3370630 1456520 3357670 1443560
V1 3357670 1443560 2900000 1443560
V1 2900000 1443560 1875000 1705400
V1 1875000 1705400 1444040 1705400
V1 1444040 1705400 1436840 1712600
Net40 5 
V1 3262380 1430600 3257196 1425416
V1 3257196 1425416 2900000 1425416
V1 2900000 1425416 1875000 1683800
V1 1875000 1683800 946030 1683800
V1 946030 1683800 917230 1712600
Net41 5 
V1 3305680 1430600 3301360 1434920
V1 3301360 1434920 2900000 1434920
V1 2900000 1434920 1875000 1691000
V1 1875000 1691000 1025430 1691000
V1 1025430 1691000 1003830 1712600
Net42 5 
V1 3392280 1430600 3383640 1439240
V1 3383640 1439240 2900000 1439240
V1 2900000 1439240 1875000 1698200
V1 1875000 1698200 1191437 1698200
V1 1191437 1698200 1177037 1712600
Net45 5 
V1 3240730 1404680 3235546 1409864
V1 3235546 1409864 2900000 1409864
V1 2900000 1409864 1875000 1647800
V1 1875000 1647800 1155332 1647800
V1 1155332 1647800 1133732 1669400
Net46 5 
V1 3284030 1404680 3273662 1415048
V1 3273662 1415048 2900000 1415048
V1 2900000 1415048 1875000 1658600
V1 1875000 1658600 1317740 1658600
V1 1317740 1658600 1306940 1669400
Net47 5 
V1 3370630 1404680 3355078 1420232
V1 3355078 1420232 2900000 1420232
V1 2900000 1420232 1875000 1676600
V1 1875000 1676600 1573950 1676600
V1 1573950 1676600 1566750 1669400
Net53 5 
V1 3392280 1378760 3379320 1391720
V1 3379320 1391720 2900000 1391720
V1 2900000 1391720 1875000 1637000
V1 1875000 1637000 1534247 1637000
V1 1534247 1637000 1523447 1626200
Net54 5 
V1 3435582 1378760 3422622 1365800
V1 3422622 1365800 2900000 1365800
V1 2900000 1365800 1875000 1604600
V1 1875000 1604600 592420 1604600
V1 592420 1604600 570820 1626200
Net60 5 
V1 3175780 1326920 3169300 1333400
V1 3169300 1333400 2900000 1333400
V1 2900000 1333400 1875000 1566800
V1 1875000 1566800 716920 1566800
V1 716920 1566800 700720 1583000
Net61 5 
V1 3219080 1326920 3206120 1339880
V1 3206120 1339880 2900000 1339880
V1 2900000 1339880 1875000 1572200
V1 1875000 1572200 971330 1572200
V1 971330 1572200 960530 1583000
Net62 5 
V1 3262380 1326920 3242940 1346360
V1 3242940 1346360 2900000 1346360
V1 2900000 1346360 1875000 1577600
V1 1875000 1577600 1052530 1577600
V1 1052530 1577600 1047130 1583000
Net72 5 
V1 3219080 1275080 3206120 1288040
V1 3206120 1288040 2900000 1288040
V1 2900000 1288040 1875000 1561400
V1 1875000 1561400 852227 1561400
V1 852227 1561400 830627 1539800
Net73 5 
V1 3262380 1275080 3258060 1270760
V1 3258060 1270760 2900000 1270760
V1 2900000 1270760 1875000 1556000
V1 1875000 1556000 933430 1556000
V1 933430 1556000 917230 1539800
Net74 5 
V1 3348980 1275080 3340340 1266440
V1 3340340 1266440 2900000 1266440
V1 2900000 1266440 1875000 1550600
V1 1875000 1550600 1447640 1550600
V1 1447640 1550600 1436840 1539800
Net75 5 
V1 3392280 1275080 3379320 1262120
V1 3379320 1262120 2900000 1262120
V1 2900000 1262120 1875000 1545200
V1 1875000 1545200 1528847 1545200
V1 1528847 1545200 1523447 1539800
Net76 5 
V1 3435582 1275080 3418302 1257800
V1 3418302 1257800 2900000 1257800
V1 2900000 1257800 1875000 1525400
V1 1875000 1525400 585220 1525400
V1 585220 1525400 570820 1539800
Net77 5 
V1 3154130 1249160 3145490 1240520
V1 3145490 1240520 2900000 1240520
V1 2900000 1240520 1875000 1482200
V1 1875000 1482200 888330 1482200
V1 888330 1482200 873930 1496600
Net78 5 
V1 3197430 1249160 3193110 1253480
V1 3193110 1253480 2900000 1253480
V1 2900000 1253480 1875000 1511000
V1 1875000 1511000 1061530 1511000
V1 1061530 1511000 1047130 1496600
Net87 5 
V1 3435582 1223240 3426942 1231880
V1 3426942 1231880 2900000 1231880
V1 2900000 1231880 1875000 1467800
V1 1875000 1467800 642920 1467800
V1 642920 1467800 614120 1496600
