Nets 21
Net6 5 
M2 4160880 1603400 4139280 1625000
M2 4139280 1625000 2900000 1625000
M2 2900000 1625000 1875000 1808258
M2 1875000 1808258 355671 1808258
M2 355671 1808258 327900 1836030
Net17 5 
M2 3208250 1517000 3186650 1538600
M2 3186650 1538600 2900000 1538600
M2 2900000 1538600 1875000 1752711
M2 1875000 1752711 488176 1752711
M2 488176 1752711 460400 1780487
Net25 5 
M2 4160880 1517000 4139280 1495400
M2 4139280 1495400 2900000 1495400
M2 2900000 1495400 1875000 1697171
M2 1875000 1697171 355668 1697171
M2 355668 1697171 327900 1724940
Net48 5 
M2 3771170 1387400 3762530 1396040
M2 3762530 1396040 2900000 1396040
M2 2900000 1396040 1875000 1624968
M2 1875000 1624968 1034841 1624968
M2 1034841 1624968 990410 1669400
Net49 5 
M2 3857770 1387400 3840490 1404680
M2 3840490 1404680 2900000 1404680
M2 2900000 1404680 1875000 1636077
M2 1875000 1636077 1112063 1636077
M2 1112063 1636077 1078740 1669400
Net50 5 
M2 3944372 1387400 3918452 1413320
M2 3918452 1413320 2900000 1413320
M2 2900000 1413320 1875000 1647185
M2 1875000 1647185 1277624 1647185
M2 1277624 1647185 1255410 1669400
Net51 5 
M2 4117580 1387400 4083020 1421960
M2 4083020 1421960 2900000 1421960
M2 2900000 1421960 1875000 1658294
M2 1875000 1658294 1354853 1658294
M2 1354853 1658294 1343747 1669400
Net52 5 
M2 3208250 1344200 3203450 1349000
M2 3203450 1349000 2900000 1349000
M2 2900000 1349000 1875000 1539798
M2 1875000 1539798 478914 1539798
M2 478914 1539798 460400 1558312
Net53 5 
M2 3294857 1344200 3285257 1353800
M2 3285257 1353800 2900000 1353800
M2 2900000 1353800 1875000 1565255
M2 1875000 1565255 464834 1565255
M2 464834 1565255 416230 1613860
Net54 5 
M2 3468060 1344200 3453660 1358600
M2 3453660 1358600 2900000 1358600
M2 2900000 1358600 1875000 1572198
M2 1875000 1572198 634562 1572198
M2 634562 1572198 592900 1613860
Net55 5 
M2 3641267 1344200 3622067 1363400
M2 3622067 1363400 2900000 1363400
M2 2900000 1363400 1875000 1579140
M2 1875000 1579140 715956 1579140
M2 715956 1579140 681237 1613860
Net56 5 
M2 3727870 1344200 3703870 1368200
M2 3703870 1368200 2900000 1368200
M2 2900000 1368200 1875000 1586083
M2 1875000 1586083 885684 1586083
M2 885684 1586083 857907 1613860
Net57 5 
M2 3814470 1344200 3785670 1373000
M2 3785670 1373000 2900000 1373000
M2 2900000 1373000 1875000 1593026
M2 1875000 1593026 967073 1593026
M2 967073 1593026 946240 1613860
Net58 5 
M2 3901070 1344200 3867470 1377800
M2 3867470 1377800 2900000 1377800
M2 2900000 1377800 1875000 1599969
M2 1875000 1599969 1136801 1599969
M2 1136801 1599969 1122910 1613860
Net59 5 
M2 3987677 1344200 3949277 1382600
M2 3949277 1382600 2900000 1382600
M2 2900000 1382600 1875000 1606911
M2 1875000 1606911 1218188 1606911
M2 1218188 1606911 1211240 1613860
Net82 5 
M2 3424760 1214600 3418587 1220772
M2 3418587 1220772 2900000 1220772
M2 2900000 1220772 1875000 1456484
M2 1875000 1456484 904193 1456484
M2 904193 1456484 857907 1502770
Net83 5 
M2 3511360 1214600 3499016 1226943
M2 3499016 1226943 2900000 1226943
M2 2900000 1226943 1875000 1465741
M2 1875000 1465741 1159938 1465741
M2 1159938 1465741 1122910 1502770
Net84 5 
M2 3684570 1214600 3666055 1233115
M2 3666055 1233115 2900000 1233115
M2 2900000 1233115 1875000 1474998
M2 1875000 1474998 1327351 1474998
M2 1327351 1474998 1299580 1502770
Net85 5 
M2 3771170 1214600 3746483 1239286
M2 3746483 1239286 2900000 1239286
M2 2900000 1239286 1875000 1484255
M2 1875000 1484255 1406424 1484255
M2 1406424 1484255 1387910 1502770
Net86 5 
M2 3944372 1214600 3913515 1245457
M2 3913515 1245457 2900000 1245457
M2 2900000 1245457 1875000 1493512
M2 1875000 1493512 1573837 1493512
M2 1573837 1493512 1564580 1502770
Net87 5 
M2 4204180 1214600 4167151 1251628
M2 4167151 1251628 2900000 1251628
M2 2900000 1251628 1875000 1521284
M2 1875000 1521284 409091 1521284
M2 409091 1521284 372062 1558312
