Nets 37
Net0 5 
V1 3210420 1597230 3204865 1602784
V1 3204865 1602784 2900000 1602784
V1 2900000 1602784 1875000 1849915
V1 1875000 1849915 454424 1849915
V1 454424 1849915 412770 1891570
Net1 5 
V1 3387090 1597230 3375981 1608338
V1 3375981 1608338 2900000 1608338
V1 2900000 1608338 1875000 1854544
V1 1875000 1854544 633393 1854544
V1 633393 1854544 596367 1891570
Net2 5 
V1 3475420 1597230 3458757 1613892
V1 3458757 1613892 2900000 1613892
V1 2900000 1613892 1875000 1859172
V1 1875000 1859172 720560 1859172
V1 720560 1859172 688162 1891570
Net3 5 
V1 3652090 1597230 3629873 1619447
V1 3629873 1619447 2900000 1619447
V1 2900000 1619447 1875000 1863801
V1 1875000 1863801 899529 1863801
V1 899529 1863801 871760 1891570
Net4 5 
V1 3917092 1597230 3889321 1625001
V1 3889321 1625001 2900000 1625001
V1 2900000 1625001 1875000 1868429
V1 1875000 1868429 986700 1868429
V1 986700 1868429 963560 1891570
Net5 5 
V1 4005430 1597230 3972104 1630555
V1 3972104 1630555 2900000 1630555
V1 2900000 1630555 1875000 1873058
V1 1875000 1873058 1165672 1873058
V1 1165672 1873058 1147160 1891570
Net6 5 
V1 4182100 1597230 4143220 1636109
V1 4143220 1636109 2900000 1636109
V1 2900000 1636109 1875000 1877686
V1 1875000 1877686 1252843 1877686
V1 1252843 1877686 1238960 1891570
Net7 5 
V1 4270430 1597230 4225996 1641664
V1 4225996 1641664 2900000 1641664
V1 2900000 1641664 1875000 1882315
V1 1875000 1882315 1431805 1882315
V1 1431805 1882315 1422550 1891570
Net8 5 
V1 4358770 1597230 4308781 1647218
V1 4308781 1647218 2900000 1647218
V1 2900000 1647218 1875000 1886943
V1 1875000 1886943 1518976 1886943
V1 1518976 1886943 1514350 1891570
Net10 5 
V1 3254587 1541687 3236073 1560202
V1 3236073 1560202 2900000 1560202
V1 2900000 1560202 1875000 1840658
V1 1875000 1840658 371498 1840658
V1 371498 1840658 366870 1836030
Net11 5 
V1 3342920 1541687 3324406 1523173
V1 3324406 1523173 2900000 1523173
V1 2900000 1523173 1875000 1817515
V1 1875000 1817515 477184 1817515
V1 477184 1817515 458670 1836030
Net22 5 
V1 4402937 1541687 4365909 1578716
V1 4365909 1578716 2900000 1578716
V1 2900000 1578716 1875000 1845287
V1 1875000 1845287 284327 1845287
V1 284327 1845287 275070 1836030
Net23 5 
V1 3298750 1486140 3287641 1475031
V1 3287641 1475031 2900000 1475031
V1 2900000 1475031 1875000 1769374
V1 1875000 1769374 423883 1769374
V1 423883 1769374 412770 1780487
Net24 5 
V1 3387090 1486140 3368570 1504659
V1 3368570 1504659 2900000 1504659
V1 2900000 1504659 1875000 1799001
V1 1875000 1799001 523084 1799001
V1 523084 1799001 504570 1780487
Net33 5 
V1 4447100 1486140 4424883 1463923
V1 4424883 1463923 2900000 1463923
V1 2900000 1463923 1875000 1758265
V1 1875000 1758265 343192 1758265
V1 343192 1758265 320970 1780487
Net34 5 
V1 3254587 1430600 3243481 1441706
V1 3243481 1441706 2900000 1441706
V1 2900000 1441706 1875000 1736048
V1 1875000 1736048 377978 1736048
V1 377978 1736048 366870 1724940
Net35 5 
V1 3431252 1430600 3412738 1412086
V1 3412738 1412086 2900000 1412086
V1 2900000 1412086 1875000 1706428
V1 1875000 1706428 568979 1706428
V1 568979 1706428 550467 1724940
Net43 5 
V1 4402937 1430600 4380723 1452814
V1 4380723 1452814 2900000 1452814
V1 2900000 1452814 1875000 1747157
V1 1875000 1747157 297287 1747157
V1 297287 1747157 275070 1724940
Net44 5 
V1 3298750 1375060 3287641 1363951
V1 3287641 1363951 2900000 1363951
V1 2900000 1363951 1875000 1658294
V1 1875000 1658294 423876 1658294
V1 423876 1658294 412770 1669400
Net45 5 
V1 3387090 1375060 3368578 1393572
V1 3368578 1393572 2900000 1393572
V1 2900000 1393572 1875000 1687914
V1 1875000 1687914 523084 1687914
V1 523084 1687914 504570 1669400
Net53 5 
V1 4447100 1375060 4424883 1352843
V1 4424883 1352843 2900000 1352843
V1 2900000 1352843 1875000 1647185
V1 1875000 1647185 343184 1647185
V1 343184 1647185 320970 1669400
Net54 5 
V1 3254587 1319512 3243474 1330626
V1 3243474 1330626 2900000 1330626
V1 2900000 1330626 1875000 1624968
V1 1875000 1624968 377978 1624968
V1 377978 1624968 366870 1613860
Net55 5 
V1 3431252 1319512 3426980 1315240
V1 3426980 1315240 2900000 1315240
V1 2900000 1315240 1875000 1595340
V1 1875000 1595340 568987 1595340
V1 568987 1595340 550467 1613860
Net64 5 
V1 4402937 1319512 4380715 1341734
V1 4380715 1341734 2900000 1341734
V1 2900000 1341734 1875000 1636077
V1 1875000 1636077 297287 1636077
V1 297287 1636077 275070 1613860
Net66 5 
V1 3298750 1263970 3280236 1245456
V1 3280236 1245456 2900000 1245456
V1 2900000 1245456 1875000 1511315
V1 1875000 1511315 551567 1511315
V1 551567 1511315 504570 1558312
Net67 5 
V1 3387090 1263970 3382817 1268242
V1 3382817 1268242 2900000 1268242
V1 2900000 1268242 1875000 1515587
V1 1875000 1515587 639092 1515587
V1 639092 1515587 596367 1558312
Net68 5 
V1 3475420 1263970 3466875 1272515
V1 3466875 1272515 2900000 1272515
V1 2900000 1272515 1875000 1519860
V1 1875000 1519860 726615 1519860
V1 726615 1519860 688162 1558312
Net69 5 
V1 3563760 1263970 3550942 1276787
V1 3550942 1276787 2900000 1276787
V1 2900000 1276787 1875000 1524132
V1 1875000 1524132 814140 1524132
V1 814140 1524132 779960 1558312
Net70 5 
V1 3652090 1263970 3635000 1281060
V1 3635000 1281060 2900000 1281060
V1 2900000 1281060 1875000 1528405
V1 1875000 1528405 901667 1528405
V1 901667 1528405 871760 1558312
Net71 5 
V1 3917092 1263970 3895730 1285332
V1 3895730 1285332 2900000 1285332
V1 2900000 1285332 1875000 1532677
V1 1875000 1532677 989195 1532677
V1 989195 1532677 963560 1558312
Net72 5 
V1 4005430 1263970 3979795 1289605
V1 3979795 1289605 2900000 1289605
V1 2900000 1289605 1875000 1536950
V1 1875000 1536950 1076722 1536950
V1 1076722 1536950 1055360 1558312
Net73 5 
V1 4093762 1263970 4063855 1293877
V1 4063855 1293877 2900000 1293877
V1 2900000 1293877 1875000 1541222
V1 1875000 1541222 1164250 1541222
V1 1164250 1541222 1147160 1558312
Net74 5 
V1 4182100 1263970 4147920 1298150
V1 4147920 1298150 2900000 1298150
V1 2900000 1298150 1875000 1545495
V1 1875000 1545495 1251777 1545495
V1 1251777 1545495 1238960 1558312
Net75 5 
V1 4270430 1263970 4231977 1302422
V1 4231977 1302422 2900000 1302422
V1 2900000 1302422 1875000 1549767
V1 1875000 1549767 1431095 1549767
V1 1431095 1549767 1422550 1558312
Net76 5 
V1 4358770 1263970 4316045 1306695
V1 4316045 1306695 2900000 1306695
V1 2900000 1306695 1875000 1554040
V1 1875000 1554040 1518622 1554040
V1 1518622 1554040 1514350 1558312
Net77 5 
V1 4447100 1263970 4400102 1310967
V1 4400102 1310967 2900000 1310967
V1 2900000 1310967 1875000 1576826
V1 1875000 1576826 339484 1576826
V1 339484 1576826 320970 1558312
Net79 5 
V1 3342920 1208430 3324408 1226942
V1 3324408 1226942 2900000 1226942
V1 2900000 1226942 1875000 1507042
V1 1875000 1507042 462942 1507042
V1 462942 1507042 458670 1502770
