Nets 21
Net6 5 
M2 4054790 1603400 4033190 1625000
M2 4033190 1625000 2900000 1625000
M2 2900000 1625000 1875000 1808258
M2 1875000 1808258 250011 1808258
M2 250011 1808258 222240 1836030
Net17 5 
M2 3197430 1517000 3175830 1538600
M2 3175830 1538600 2900000 1538600
M2 2900000 1538600 1875000 1752711
M2 1875000 1752711 392916 1752711
M2 392916 1752711 365140 1780487
Net25 5 
M2 4054790 1517000 4033190 1495400
M2 4033190 1495400 2900000 1495400
M2 2900000 1495400 1875000 1697171
M2 1875000 1697171 250008 1697171
M2 250008 1697171 222240 1724940
Net48 5 
M2 3704050 1387400 3695410 1396040
M2 3695410 1396040 2900000 1396040
M2 2900000 1396040 1875000 1624968
M2 1875000 1624968 981141 1624968
M2 981141 1624968 936710 1669400
Net49 5 
M2 3781997 1387400 3764717 1404680
M2 3764717 1404680 2900000 1404680
M2 2900000 1404680 1875000 1636077
M2 1875000 1636077 1065303 1636077
M2 1065303 1636077 1031980 1669400
Net50 5 
M2 3859940 1387400 3834020 1413320
M2 3834020 1413320 2900000 1413320
M2 2900000 1413320 1875000 1647185
M2 1875000 1647185 1244714 1647185
M2 1244714 1647185 1222500 1669400
Net51 5 
M2 4015820 1387400 3981260 1421960
M2 3981260 1421960 2900000 1421960
M2 2900000 1421960 1875000 1658294
M2 1875000 1658294 1328868 1658294
M2 1328868 1658294 1317762 1669400
Net52 5 
M2 3197430 1344200 3192630 1349000
M2 3192630 1349000 2900000 1349000
M2 2900000 1349000 1875000 1539798
M2 1875000 1539798 383654 1539798
M2 383654 1539798 365140 1558312
Net53 5 
M2 3275370 1344200 3265770 1353800
M2 3265770 1353800 2900000 1353800
M2 2900000 1353800 1875000 1565255
M2 1875000 1565255 366112 1565255
M2 366112 1565255 317507 1613860
Net54 5 
M2 3431252 1344200 3416852 1358600
M2 3416852 1358600 2900000 1358600
M2 2900000 1358600 1875000 1572198
M2 1875000 1572198 549692 1572198
M2 549692 1572198 508030 1613860
Net55 5 
M2 3587140 1344200 3567940 1363400
M2 3567940 1363400 2900000 1363400
M2 2900000 1363400 1875000 1579140
M2 1875000 1579140 638009 1579140
M2 638009 1579140 603290 1613860
Net56 5 
M2 3665080 1344200 3641080 1368200
M2 3641080 1368200 2900000 1368200
M2 2900000 1368200 1875000 1586083
M2 1875000 1586083 821596 1586083
M2 821596 1586083 793820 1613860
Net57 5 
M2 3743020 1344200 3714220 1373000
M2 3714220 1373000 2900000 1373000
M2 2900000 1373000 1875000 1593026
M2 1875000 1593026 909913 1593026
M2 909913 1593026 889080 1613860
Net58 5 
M2 3820970 1344200 3787370 1377800
M2 3787370 1377800 2900000 1377800
M2 2900000 1377800 1875000 1599969
M2 1875000 1599969 1093501 1599969
M2 1093501 1599969 1079610 1613860
Net59 5 
M2 3898910 1344200 3860510 1382600
M2 3860510 1382600 2900000 1382600
M2 2900000 1382600 1875000 1606911
M2 1875000 1606911 1181818 1606911
M2 1181818 1606911 1174870 1613860
Net82 5 
M2 3392280 1214600 3386107 1220772
M2 3386107 1220772 2900000 1220772
M2 2900000 1220772 1875000 1456484
M2 1875000 1456484 840105 1456484
M2 840105 1456484 793820 1502770
Net83 5 
M2 3470227 1214600 3457883 1226943
M2 3457883 1226943 2900000 1226943
M2 2900000 1226943 1875000 1465741
M2 1875000 1465741 1116638 1465741
M2 1116638 1465741 1079610 1502770
Net84 5 
M2 3626110 1214600 3607595 1233115
M2 3607595 1233115 2900000 1233115
M2 2900000 1233115 1875000 1474998
M2 1875000 1474998 1297901 1474998
M2 1297901 1474998 1270130 1502770
Net85 5 
M2 3704050 1214600 3679363 1239286
M2 3679363 1239286 2900000 1239286
M2 2900000 1239286 1875000 1484255
M2 1875000 1484255 1383912 1484255
M2 1383912 1484255 1365397 1502770
Net86 5 
M2 3859940 1214600 3829082 1245457
M2 3829082 1245457 2900000 1245457
M2 2900000 1245457 1875000 1493512
M2 1875000 1493512 1565177 1493512
M2 1565177 1493512 1555920 1502770
Net87 5 
M2 4093762 1214600 4056733 1251628
M2 4056733 1251628 2900000 1251628
M2 2900000 1251628 1875000 1521284
M2 1875000 1521284 306898 1521284
M2 306898 1521284 269870 1558312
