Nets 40
Net0 5 
V1 3197430 1603400 3191257 1609572
V1 3191257 1609572 2900000 1609572
V1 2900000 1609572 1875000 1856600
V1 1875000 1856600 1062077 1856600
V1 1062077 1856600 1033277 1885400
Net1 5 
V1 3353310 1603400 3340966 1615743
V1 3340966 1615743 2900000 1615743
V1 2900000 1615743 1875000 1861400
V1 1875000 1861400 1188910 1861400
V1 1188910 1861400 1164910 1885400
Net2 5 
V1 3431252 1603400 3412737 1621915
V1 3412737 1621915 2900000 1621915
V1 2900000 1621915 1875000 1866200
V1 1875000 1866200 1249930 1866200
V1 1249930 1866200 1230730 1885400
Net3 5 
V1 3587140 1603400 3562453 1628086
V1 3562453 1628086 2900000 1628086
V1 2900000 1628086 1875000 1871000
V1 1875000 1871000 1376762 1871000
V1 1376762 1871000 1362362 1885400
Net4 5 
V1 3665080 1603400 3634222 1634257
V1 3634222 1634257 2900000 1634257
V1 2900000 1634257 1875000 1875800
V1 1875000 1875800 1437780 1875800
V1 1437780 1875800 1428180 1885400
Net5 5 
V1 3820970 1603400 3783941 1640428
V1 3783941 1640428 2900000 1640428
V1 2900000 1640428 1875000 1880600
V1 1875000 1880600 1564620 1880600
V1 1564620 1880600 1559820 1885400
Net7 5 
V1 3236400 1560200 3222000 1574600
V1 3222000 1574600 2900000 1574600
V1 2900000 1574600 1875000 1847000
V1 1875000 1847000 939350 1847000
V1 939350 1847000 934550 1842200
Net8 5 
V1 3314340 1560200 3299940 1545800
V1 3299940 1545800 2900000 1545800
V1 2900000 1545800 1875000 1827800
V1 1875000 1827800 1014770 1827800
V1 1014770 1827800 1000370 1842200
Net16 5 
V1 4093762 1560200 4064962 1589000
V1 4064962 1589000 2900000 1589000
V1 2900000 1589000 1875000 1851800
V1 1875000 1851800 878330 1851800
V1 878330 1851800 868730 1842200
Net17 5 
V1 3197430 1517000 3188790 1508360
V1 3188790 1508360 2900000 1508360
V1 2900000 1508360 1875000 1790360
V1 1875000 1790360 976100 1790360
V1 976100 1790360 967460 1799000
Net18 5 
V1 3275370 1517000 3260970 1531400
V1 3260970 1531400 2900000 1531400
V1 2900000 1531400 1875000 1813400
V1 1875000 1813400 1047677 1813400
V1 1047677 1813400 1033277 1799000
Net25 5 
V1 4054790 1517000 4037510 1499720
V1 4037510 1499720 2900000 1499720
V1 2900000 1499720 1875000 1781720
V1 1875000 1781720 853100 1781720
V1 853100 1781720 835820 1799000
Net26 5 
V1 3236400 1473800 3227760 1482440
V1 3227760 1482440 2900000 1482440
V1 2900000 1482440 1875000 1764440
V1 1875000 1764440 943190 1764440
V1 943190 1764440 934550 1755800
Net27 5 
V1 3314340 1473800 3299940 1459400
V1 3299940 1459400 2900000 1459400
V1 2900000 1459400 1875000 1741400
V1 1875000 1741400 1014770 1741400
V1 1014770 1741400 1000370 1755800
Net35 5 
V1 4093762 1473800 4076482 1491080
V1 4076482 1491080 2900000 1491080
V1 2900000 1491080 1875000 1773080
V1 1875000 1773080 886010 1773080
V1 886010 1773080 868730 1755800
Net36 5 
V1 3197430 1430600 3192630 1425800
V1 3192630 1425800 2900000 1425800
V1 2900000 1425800 1875000 1691000
V1 1875000 1691000 923240 1691000
V1 923240 1691000 901640 1712600
Net37 5 
V1 3275370 1430600 3260970 1445000
V1 3260970 1445000 2900000 1445000
V1 2900000 1445000 1875000 1727000
V1 1875000 1727000 1047677 1727000
V1 1047677 1727000 1033277 1712600
Net44 5 
V1 3314340 1387400 3309540 1382600
V1 3309540 1382600 2900000 1382600
V1 2900000 1382600 1875000 1631000
V1 1875000 1631000 972950 1631000
V1 972950 1631000 934550 1669400
Net45 5 
V1 3392280 1387400 3387480 1392200
V1 3387480 1392200 2900000 1392200
V1 2900000 1392200 1875000 1635800
V1 1875000 1635800 1033970 1635800
V1 1033970 1635800 1000370 1669400
Net46 5 
V1 3470227 1387400 3460627 1397000
V1 3460627 1397000 2900000 1397000
V1 2900000 1397000 1875000 1640600
V1 1875000 1640600 1094982 1640600
V1 1094982 1640600 1066182 1669400
Net47 5 
V1 3548170 1387400 3533770 1401800
V1 3533770 1401800 2900000 1401800
V1 2900000 1401800 1875000 1645400
V1 1875000 1645400 1156000 1645400
V1 1156000 1645400 1132000 1669400
Net48 5 
V1 3704050 1387400 3684850 1406600
V1 3684850 1406600 2900000 1406600
V1 2900000 1406600 1875000 1650200
V1 1875000 1650200 1282840 1650200
V1 1282840 1650200 1263640 1669400
Net49 5 
V1 3781997 1387400 3757997 1411400
V1 3757997 1411400 2900000 1411400
V1 2900000 1411400 1875000 1655000
V1 1875000 1655000 1409670 1655000
V1 1409670 1655000 1395270 1669400
Net50 5 
V1 3859940 1387400 3831140 1416200
V1 3831140 1416200 2900000 1416200
V1 2900000 1416200 1875000 1659800
V1 1875000 1659800 1536510 1659800
V1 1536510 1659800 1526910 1669400
Net51 5 
V1 4015820 1387400 3982220 1421000
V1 3982220 1421000 2900000 1421000
V1 2900000 1421000 1875000 1664600
V1 1875000 1664600 1597530 1664600
V1 1597530 1664600 1592730 1669400
Net52 5 
V1 3197430 1344200 3192630 1349000
V1 3192630 1349000 2900000 1349000
V1 2900000 1349000 1875000 1595960
V1 1875000 1595960 931880 1595960
V1 931880 1595960 901640 1626200
Net53 5 
V1 3275370 1344200 3265770 1353800
V1 3265770 1353800 2900000 1353800
V1 2900000 1353800 1875000 1600280
V1 1875000 1600280 993380 1600280
V1 993380 1600280 967460 1626200
Net54 5 
V1 3431252 1344200 3416852 1358600
V1 3416852 1358600 2900000 1358600
V1 2900000 1358600 1875000 1604600
V1 1875000 1604600 1120690 1604600
V1 1120690 1604600 1099090 1626200
Net57 5 
V1 3743020 1344200 3723820 1363400
V1 3723820 1363400 2900000 1363400
V1 2900000 1363400 1875000 1608920
V1 1875000 1608920 1379642 1608920
V1 1379642 1608920 1362362 1626200
Net58 5 
V1 3820970 1344200 3796970 1368200
V1 3796970 1368200 2900000 1368200
V1 2900000 1368200 1875000 1613240
V1 1875000 1613240 1441140 1613240
V1 1441140 1613240 1428180 1626200
Net59 5 
V1 3898910 1344200 3870110 1373000
V1 3870110 1373000 2900000 1373000
V1 2900000 1373000 1875000 1617560
V1 1875000 1617560 1502640 1617560
V1 1502640 1617560 1494000 1626200
Net60 5 
V1 3976850 1344200 3943250 1377800
V1 3943250 1377800 2900000 1377800
V1 2900000 1377800 1875000 1621880
V1 1875000 1621880 1564140 1621880
V1 1564140 1621880 1559820 1626200
Net62 5 
V1 3236400 1301000 3222000 1315400
V1 3222000 1315400 2900000 1315400
V1 2900000 1315400 1875000 1587320
V1 1875000 1587320 938870 1587320
V1 938870 1587320 934550 1583000
Net63 5 
V1 3392280 1301000 3377880 1286600
V1 3377880 1286600 2900000 1286600
V1 2900000 1286600 1875000 1568600
V1 1875000 1568600 1014770 1568600
V1 1014770 1568600 1000370 1583000
Net70 5 
V1 4093762 1301000 4064962 1329800
V1 4064962 1329800 2900000 1329800
V1 2900000 1329800 1875000 1591640
V1 1875000 1591640 877370 1591640
V1 877370 1591640 868730 1583000
Net71 5 
V1 3197430 1257800 3188790 1249160
V1 3188790 1249160 2900000 1249160
V1 2900000 1249160 1875000 1531160
V1 1875000 1531160 976100 1531160
V1 976100 1531160 967460 1539800
Net72 5 
V1 3275370 1257800 3260970 1272200
V1 3260970 1272200 2900000 1272200
V1 2900000 1272200 1875000 1554200
V1 1875000 1554200 1047677 1554200
V1 1047677 1554200 1033277 1539800
Net80 5 
V1 4054790 1257800 4037510 1240520
V1 4037510 1240520 2900000 1240520
V1 2900000 1240520 1875000 1522520
V1 1875000 1522520 853100 1522520
V1 853100 1522520 835820 1539800
Net81 5 
V1 3236400 1214600 3227760 1223240
V1 3227760 1223240 2900000 1223240
V1 2900000 1223240 1875000 1505240
V1 1875000 1505240 1074822 1505240
V1 1074822 1505240 1066182 1496600
Net87 5 
V1 4093762 1214600 4076482 1231880
V1 4076482 1231880 2900000 1231880
V1 2900000 1231880 1875000 1513880
V1 1875000 1513880 886010 1513880
V1 886010 1513880 868730 1496600
