Nets 66
Net0 5 
V1 2567120 1987040 2561936 1992224
V1 2561936 1992224 2300000 1992224
V1 2300000 1992224 1875000 1859480
V1 1875000 1859480 1329850 1859480
V1 1329850 1859480 1312570 1876760
Net1 5 
V1 2674502 1987040 2664134 1997408
V1 2664134 1997408 2300000 1997408
V1 2300000 1997408 1875000 1863800
V1 1875000 1863800 1432917 1863800
V1 1432917 1863800 1419957 1876760
Net2 5 
V1 2781890 1987040 2766338 2002592
V1 2766338 2002592 2300000 2002592
V1 2300000 2002592 1875000 1868120
V1 1875000 1868120 1535980 1868120
V1 1535980 1868120 1527340 1876760
Net3 5 
V1 2835582 1987040 2814846 2007776
V1 2814846 2007776 2300000 2007776
V1 2300000 2007776 1875000 1872440
V1 1875000 1872440 1585360 1872440
V1 1585360 1872440 1581040 1876760
Net6 5 
V1 2701350 1961120 2697030 1965440
V1 2697030 1965440 2300000 1965440
V1 2300000 1965440 1875000 1833560
V1 1875000 1833560 1464080 1833560
V1 1464080 1833560 1446800 1850840
Net7 5 
V1 2755042 1961120 2746402 1969760
V1 2746402 1969760 2300000 1969760
V1 2300000 1969760 1875000 1837880
V1 1875000 1837880 1513457 1837880
V1 1513457 1837880 1500497 1850840
Net8 5 
V1 2808740 1961120 2795780 1974080
V1 2795780 1974080 2300000 1974080
V1 2300000 1974080 1875000 1842200
V1 1875000 1842200 1562830 1842200
V1 1562830 1842200 1554190 1850840
Net9 5 
V1 2862430 1961120 2845150 1978400
V1 2845150 1978400 2300000 1978400
V1 2300000 1978400 1875000 1846520
V1 1875000 1846520 1612200 1846520
V1 1612200 1846520 1607880 1850840
Net10 5 
V1 2916127 1961120 2894527 1982720
V1 2894527 1982720 2300000 1982720
V1 2300000 1982720 1875000 1855160
V1 1875000 1855160 1280472 1855160
V1 1280472 1855160 1258872 1876760
Net11 5 
V1 2567120 1935200 2562800 1939520
V1 2562800 1939520 2300000 1939520
V1 2300000 1939520 1875000 1807640
V1 1875000 1807640 1329850 1807640
V1 1329850 1807640 1312570 1824920
Net12 5 
V1 2620810 1935200 2612170 1943840
V1 2612170 1943840 2300000 1943840
V1 2300000 1943840 1875000 1811960
V1 1875000 1811960 1379220 1811960
V1 1379220 1811960 1366260 1824920
Net13 5 
V1 2728200 1935200 2715240 1948160
V1 2715240 1948160 2300000 1948160
V1 2300000 1948160 1875000 1816280
V1 1875000 1816280 1482290 1816280
V1 1482290 1816280 1473650 1824920
Net14 5 
V1 2781890 1935200 2764610 1952480
V1 2764610 1952480 2300000 1952480
V1 2300000 1952480 1875000 1820600
V1 1875000 1820600 1531660 1820600
V1 1531660 1820600 1527340 1824920
Net15 5 
V1 2889280 1935200 2867680 1956800
V1 2867680 1956800 2300000 1956800
V1 2300000 1956800 1875000 1829240
V1 1875000 1829240 1585360 1829240
V1 1585360 1829240 1581040 1824920
Net18 5 
V1 2701350 1909280 2692710 1900640
V1 2692710 1900640 2300000 1900640
V1 2300000 1900640 1875000 1779560
V1 1875000 1779560 1466240 1779560
V1 1466240 1779560 1446800 1799000
Net19 5 
V1 2808740 1909280 2802260 1915760
V1 2802260 1915760 2300000 1915760
V1 2300000 1915760 1875000 1786040
V1 1875000 1786040 1513457 1786040
V1 1513457 1786040 1500497 1799000
Net20 5 
V1 2862430 1909280 2849470 1922240
V1 2849470 1922240 2300000 1922240
V1 2300000 1922240 1875000 1792520
V1 1875000 1792520 1614360 1792520
V1 1614360 1792520 1607880 1799000
Net21 5 
V1 2916127 1909280 2896687 1928720
V1 2896687 1928720 2300000 1928720
V1 2300000 1928720 1875000 1803320
V1 1875000 1803320 1280472 1803320
V1 1280472 1803320 1258872 1824920
Net22 5 
V1 2567120 1883360 2558480 1892000
V1 2558480 1892000 2300000 1892000
V1 2300000 1892000 1875000 1764440
V1 1875000 1764440 1321210 1764440
V1 1321210 1764440 1312570 1773080
Net27 5 
V1 2593960 1857440 2589640 1861760
V1 2589640 1861760 2300000 1861760
V1 2300000 1861760 1875000 1726424
V1 1875000 1726424 1360153 1726424
V1 1360153 1726424 1339417 1747160
Net28 5 
V1 2647660 1857440 2639020 1866080
V1 2639020 1866080 2300000 1866080
V1 2300000 1866080 1875000 1731608
V1 1875000 1731608 1408662 1731608
V1 1408662 1731608 1393110 1747160
Net29 5 
V1 2701350 1857440 2688390 1870400
V1 2688390 1870400 2300000 1870400
V1 2300000 1870400 1875000 1736792
V1 1875000 1736792 1457168 1736792
V1 1457168 1736792 1446800 1747160
Net31 5 
V1 2862430 1857440 2845150 1874720
V1 2845150 1874720 2300000 1874720
V1 2300000 1874720 1875000 1741976
V1 1875000 1741976 1613064 1741976
V1 1613064 1741976 1607880 1747160
Net32 5 
V1 2916127 1857440 2894527 1879040
V1 2894527 1879040 2300000 1879040
V1 2300000 1879040 1875000 1755800
V1 1875000 1755800 1276152 1755800
V1 1276152 1755800 1258872 1773080
Net33 5 
V1 2567120 1831520 2561936 1836704
V1 2561936 1836704 2300000 1836704
V1 2300000 1836704 1875000 1703960
V1 1875000 1703960 1329850 1703960
V1 1329850 1703960 1312570 1721240
Net35 5 
V1 2674502 1831520 2664134 1841888
V1 2664134 1841888 2300000 1841888
V1 2300000 1841888 1875000 1708280
V1 1875000 1708280 1432917 1708280
V1 1432917 1708280 1419957 1721240
Net36 5 
V1 2728200 1831520 2712648 1847072
V1 2712648 1847072 2300000 1847072
V1 2300000 1847072 1875000 1712600
V1 1875000 1712600 1482290 1712600
V1 1482290 1712600 1473650 1721240
Net38 5 
V1 2835582 1831520 2814846 1852256
V1 2814846 1852256 2300000 1852256
V1 2300000 1852256 1875000 1716920
V1 1875000 1716920 1585360 1716920
V1 1585360 1716920 1581040 1721240
Net39 5 
V1 2593960 1805600 2589640 1809920
V1 2589640 1809920 2300000 1809920
V1 2300000 1809920 1875000 1674584
V1 1875000 1674584 1360153 1674584
V1 1360153 1674584 1339417 1695320
Net40 5 
V1 2701350 1805600 2692710 1814240
V1 2692710 1814240 2300000 1814240
V1 2300000 1814240 1875000 1679768
V1 1875000 1679768 1462352 1679768
V1 1462352 1679768 1446800 1695320
Net41 5 
V1 2755042 1805600 2742082 1818560
V1 2742082 1818560 2300000 1818560
V1 2300000 1818560 1875000 1684952
V1 1875000 1684952 1510865 1684952
V1 1510865 1684952 1500497 1695320
Net42 5 
V1 2862430 1805600 2845150 1822880
V1 2845150 1822880 2300000 1822880
V1 2300000 1822880 1875000 1690136
V1 1875000 1690136 1613064 1690136
V1 1613064 1690136 1607880 1695320
Net43 5 
V1 2916127 1805600 2894527 1827200
V1 2894527 1827200 2300000 1827200
V1 2300000 1827200 1875000 1699640
V1 1875000 1699640 1280472 1699640
V1 1280472 1699640 1258872 1721240
Net45 5 
V1 2674502 1779680 2668022 1786160
V1 2668022 1786160 2300000 1786160
V1 2300000 1786160 1875000 1653848
V1 1875000 1653848 1435509 1653848
V1 1435509 1653848 1419957 1669400
Net46 5 
V1 2728200 1779680 2715240 1792640
V1 2715240 1792640 2300000 1792640
V1 2300000 1792640 1875000 1659032
V1 1875000 1659032 1484018 1659032
V1 1484018 1659032 1473650 1669400
Net47 5 
V1 2835582 1779680 2816142 1799120
V1 2816142 1799120 2300000 1799120
V1 2300000 1799120 1875000 1664216
V1 1875000 1664216 1586224 1664216
V1 1586224 1664216 1581040 1669400
Net49 5 
V1 2647660 1753760 2643340 1758080
V1 2643340 1758080 2300000 1758080
V1 2300000 1758080 1875000 1622744
V1 1875000 1622744 1413846 1622744
V1 1413846 1622744 1393110 1643480
Net50 5 
V1 2701350 1753760 2692710 1762400
V1 2692710 1762400 2300000 1762400
V1 2300000 1762400 1875000 1627928
V1 1875000 1627928 1462352 1627928
V1 1462352 1627928 1446800 1643480
Net52 5 
V1 2808740 1753760 2795780 1766720
V1 2795780 1766720 2300000 1766720
V1 2300000 1766720 1875000 1633112
V1 1875000 1633112 1564558 1633112
V1 1564558 1633112 1554190 1643480
Net53 5 
V1 2862430 1753760 2845150 1771040
V1 2845150 1771040 2300000 1771040
V1 2300000 1771040 1875000 1638296
V1 1875000 1638296 1613064 1638296
V1 1613064 1638296 1607880 1643480
Net54 5 
V1 2916127 1753760 2894527 1775360
V1 2894527 1775360 2300000 1775360
V1 2300000 1775360 1875000 1648664
V1 1875000 1648664 1279608 1648664
V1 1279608 1648664 1258872 1669400
Net55 5 
V1 2567120 1727840 2560640 1734320
V1 2560640 1734320 2300000 1734320
V1 2300000 1734320 1875000 1602008
V1 1875000 1602008 1328122 1602008
V1 1328122 1602008 1312570 1617560
Net56 5 
V1 2620810 1727840 2607850 1740800
V1 2607850 1740800 2300000 1740800
V1 2300000 1740800 1875000 1607192
V1 1875000 1607192 1376628 1607192
V1 1376628 1607192 1366260 1617560
Net57 5 
V1 2728200 1727840 2708760 1747280
V1 2708760 1747280 2300000 1747280
V1 2300000 1747280 1875000 1612376
V1 1875000 1612376 1478834 1612376
V1 1478834 1612376 1473650 1617560
Net60 5 
V1 2593960 1701920 2589640 1706240
V1 2589640 1706240 2300000 1706240
V1 2300000 1706240 1875000 1570904
V1 1875000 1570904 1360153 1570904
V1 1360153 1570904 1339417 1591640
Net62 5 
V1 2701350 1701920 2692710 1710560
V1 2692710 1710560 2300000 1710560
V1 2300000 1710560 1875000 1576088
V1 1875000 1576088 1462352 1576088
V1 1462352 1576088 1446800 1591640
Net63 5 
V1 2755042 1701920 2742082 1714880
V1 2742082 1714880 2300000 1714880
V1 2300000 1714880 1875000 1581272
V1 1875000 1581272 1510865 1581272
V1 1510865 1581272 1500497 1591640
Net64 5 
V1 2862430 1701920 2845150 1719200
V1 2845150 1719200 2300000 1719200
V1 2300000 1719200 1875000 1586456
V1 1875000 1586456 1613064 1586456
V1 1613064 1586456 1607880 1591640
Net65 5 
V1 2916127 1701920 2894527 1723520
V1 2894527 1723520 2300000 1723520
V1 2300000 1723520 1875000 1596824
V1 1875000 1596824 1279608 1596824
V1 1279608 1596824 1258872 1617560
Net66 5 
V1 2567120 1676000 2561936 1681184
V1 2561936 1681184 2300000 1681184
V1 2300000 1681184 1875000 1548440
V1 1875000 1548440 1329850 1548440
V1 1329850 1548440 1312570 1565720
Net67 5 
V1 2674502 1676000 2664134 1686368
V1 2664134 1686368 2300000 1686368
V1 2300000 1686368 1875000 1552760
V1 1875000 1552760 1379220 1552760
V1 1379220 1552760 1366260 1565720
Net69 5 
V1 2781890 1676000 2766338 1691552
V1 2766338 1691552 2300000 1691552
V1 2300000 1691552 1875000 1557080
V1 1875000 1557080 1535980 1557080
V1 1535980 1557080 1527340 1565720
Net70 5 
V1 2835582 1676000 2814846 1696736
V1 2814846 1696736 2300000 1696736
V1 2300000 1696736 1875000 1561400
V1 1875000 1561400 1585360 1561400
V1 1585360 1561400 1581040 1565720
Net73 5 
V1 2701350 1650080 2696166 1655264
V1 2696166 1655264 2300000 1655264
V1 2300000 1655264 1875000 1520360
V1 1875000 1520360 1466240 1520360
V1 1466240 1520360 1446800 1539800
Net74 5 
V1 2808740 1650080 2798372 1660448
V1 2798372 1660448 2300000 1660448
V1 2300000 1660448 1875000 1526840
V1 1875000 1526840 1567150 1526840
V1 1567150 1526840 1554190 1539800
Net75 5 
V1 2862430 1650080 2846878 1665632
V1 2846878 1665632 2300000 1665632
V1 2300000 1665632 1875000 1533320
V1 1875000 1533320 1614360 1533320
V1 1614360 1533320 1607880 1539800
Net76 5 
V1 2916127 1650080 2895391 1670816
V1 2895391 1670816 2300000 1670816
V1 2300000 1670816 1875000 1544120
V1 1875000 1544120 1280472 1544120
V1 1280472 1544120 1258872 1565720
Net77 5 
V1 2567120 1624160 2561936 1629344
V1 2561936 1629344 2300000 1629344
V1 2300000 1629344 1875000 1496600
V1 1875000 1496600 1329850 1496600
V1 1329850 1496600 1312570 1513880
Net79 5 
V1 2674502 1624160 2664134 1634528
V1 2664134 1634528 2300000 1634528
V1 2300000 1634528 1875000 1500920
V1 1875000 1500920 1432917 1500920
V1 1432917 1500920 1419957 1513880
Net80 5 
V1 2728200 1624160 2712648 1639712
V1 2712648 1639712 2300000 1639712
V1 2300000 1639712 1875000 1505240
V1 1875000 1505240 1482290 1505240
V1 1482290 1505240 1473650 1513880
Net82 5 
V1 2835582 1624160 2814846 1644896
V1 2814846 1644896 2300000 1644896
V1 2300000 1644896 1875000 1509560
V1 1875000 1509560 1585360 1509560
V1 1585360 1509560 1581040 1513880
Net83 5 
V1 2593960 1598240 2589640 1602560
V1 2589640 1602560 2300000 1602560
V1 2300000 1602560 1875000 1467224
V1 1875000 1467224 1360153 1467224
V1 1360153 1467224 1339417 1487960
Net84 5 
V1 2647660 1598240 2639020 1606880
V1 2639020 1606880 2300000 1606880
V1 2300000 1606880 1875000 1472408
V1 1875000 1472408 1408662 1472408
V1 1408662 1472408 1393110 1487960
Net85 5 
V1 2755042 1598240 2742082 1611200
V1 2742082 1611200 2300000 1611200
V1 2300000 1611200 1875000 1477592
V1 1875000 1477592 1510865 1477592
V1 1510865 1477592 1500497 1487960
Net86 5 
V1 2862430 1598240 2845150 1615520
V1 2845150 1615520 2300000 1615520
V1 2300000 1615520 1875000 1482776
V1 1875000 1482776 1613064 1482776
V1 1613064 1482776 1607880 1487960
Net87 5 
V1 2916127 1598240 2894527 1619840
V1 2894527 1619840 2300000 1619840
V1 2300000 1619840 1875000 1492280
V1 1875000 1492280 1280472 1492280
V1 1280472 1492280 1258872 1513880
