Nets 15
Net8 5 
M2 2868490 1961120 2859850 1969760
M2 2859850 1969760 2300000 1969760
M2 2300000 1969760 1875000 1863801
M2 1875000 1863801 991329 1863801
M2 991329 1863801 963560 1891570
Net9 5 
M2 2932580 1961120 2915300 1978400
M2 2915300 1978400 2300000 1978400
M2 2300000 1978400 1875000 1877686
M2 1875000 1877686 1161043 1877686
M2 1161043 1877686 1147160 1891570
Net10 5 
M2 2996667 1961120 2988027 1952480
M2 2988027 1952480 2300000 1952480
M2 2300000 1952480 1875000 1849915
M2 1875000 1849915 288955 1849915
M2 288955 1849915 275070 1836030
Net12 5 
M2 2644190 1935200 2635550 1943840
M2 2635550 1943840 2300000 1943840
M2 2300000 1943840 1875000 1817515
M2 1875000 1817515 477184 1817515
M2 477184 1817515 458670 1836030
Net16 5 
M2 2612150 1909280 2599190 1922240
M2 2599190 1922240 2300000 1922240
M2 2300000 1922240 1875000 1799001
M2 1875000 1799001 431284 1799001
M2 431284 1799001 412770 1780487
Net28 5 
M2 2676240 1857440 2669760 1863920
M2 2669760 1863920 2300000 1863920
M2 2300000 1863920 1875000 1738825
M2 1875000 1738825 913422 1738825
M2 913422 1738825 871760 1780487
Net29 5 
M2 2740320 1857440 2727360 1870400
M2 2727360 1870400 2300000 1870400
M2 2300000 1870400 1875000 1752711
M2 1875000 1752711 1358529 1752711
M2 1358529 1752711 1330752 1780487
Net30 5 
M2 2868490 1857440 2849050 1876880
M2 2849050 1876880 2300000 1876880
M2 2300000 1876880 1875000 1766596
M2 1875000 1766596 1528241 1766596
M2 1528241 1766596 1514350 1780487
Net32 5 
M2 2996667 1857440 2983707 1844480
M2 2983707 1844480 2300000 1844480
M2 2300000 1844480 1875000 1697171
M2 1875000 1697171 302838 1697171
M2 302838 1697171 275070 1724940
Net44 5 
M2 2580110 1779680 2567150 1792640
M2 2567150 1792640 2300000 1792640
M2 2300000 1792640 1875000 1641631
M2 1875000 1641631 807728 1641631
M2 807728 1641631 779960 1669400
Net52 5 
M2 2868490 1753760 2855530 1766720
M2 2855530 1766720 2300000 1766720
M2 2300000 1766720 1875000 1595340
M2 1875000 1595340 1211579 1595340
M2 1211579 1595340 1193060 1613860
Net54 5 
M2 2996667 1753760 2988027 1745120
M2 2988027 1745120 2300000 1745120
M2 2300000 1745120 1875000 1576826
M2 1875000 1576826 312103 1576826
M2 312103 1576826 275070 1613860
Net55 5 
M2 2580110 1727840 2571470 1736480
M2 2571470 1736480 2300000 1736480
M2 2300000 1736480 1875000 1539798
M2 1875000 1539798 431284 1539798
M2 431284 1539798 412770 1558312
Net71 5 
M2 2612150 1650080 2603510 1658720
M2 2603510 1658720 2300000 1658720
M2 2300000 1658720 1875000 1474998
M2 1875000 1474998 394641 1474998
M2 394641 1474998 366870 1502770
Net76 5 
M2 2996667 1650080 2979387 1667360
M2 2979387 1667360 2300000 1667360
M2 2300000 1667360 1875000 1521284
M2 1875000 1521284 293584 1521284
M2 293584 1521284 275070 1502770
