Nets 26
Net4 5 
M2 2977180 1978400 2955580 2000000
M2 2955580 2000000 2300000 2000000
M2 2300000 2000000 1875000 1842200
M2 1875000 1842200 1539450 1842200
M2 1539450 1842200 1530810 1850840
Net14 5 
M2 3141722 1935200 3130922 1946000
M2 3130922 1946000 2300000 1946000
M2 2300000 1946000 1875000 1807640
M2 1875000 1807640 1516040 1807640
M2 1516040 1807640 1498760 1824920
Net15 5 
M2 3207540 1935200 3185940 1956800
M2 3185940 1956800 2300000 1956800
M2 2300000 1956800 1875000 1816280
M2 1875000 1816280 1571490 1816280
M2 1571490 1816280 1562850 1824920
Net16 5 
M2 3339180 1935200 3306780 1967600
M2 3306780 1967600 2300000 1967600
M2 2300000 1967600 1875000 1833560
M2 1875000 1833560 1186972 1833560
M2 1186972 1833560 1178332 1824920
Net21 5 
M2 2977180 1892000 2962780 1906400
M2 2962780 1906400 2300000 1906400
M2 2300000 1906400 1875000 1760120
M2 1875000 1760120 1447640 1760120
M2 1447640 1760120 1434680 1773080
Net24 5 
M2 3240450 1892000 3211650 1920800
M2 3211650 1920800 2300000 1920800
M2 2300000 1920800 1875000 1766600
M2 1875000 1766600 1569330 1766600
M2 1569330 1766600 1562850 1773080
Net25 5 
M2 3306270 1892000 3297630 1883360
M2 3297630 1883360 2300000 1883360
M2 2300000 1883360 1875000 1753640
M2 1875000 1753640 1197772 1753640
M2 1197772 1753640 1178332 1773080
Net29 5 
M2 2812637 1848800 2803997 1857440
M2 2803997 1857440 2300000 1857440
M2 2300000 1857440 1875000 1727720
M2 1875000 1727720 1293900 1727720
M2 1293900 1727720 1274460 1747160
Net33 5 
M2 3207540 1848800 3190260 1866080
M2 3190260 1866080 2300000 1866080
M2 2300000 1866080 1875000 1734200
M2 1875000 1734200 1543770 1734200
M2 1543770 1734200 1530810 1747160
Net34 5 
M2 3273360 1848800 3247440 1874720
M2 3247440 1874720 2300000 1874720
M2 2300000 1874720 1875000 1740680
M2 1875000 1740680 1601370 1740680
M2 1601370 1740680 1594890 1747160
Net37 5 
M2 2648090 1805600 2639450 1814240
M2 2639450 1814240 2300000 1814240
M2 2300000 1814240 1875000 1700504
M2 1875000 1700504 1391326 1700504
M2 1391326 1700504 1370590 1721240
Net41 5 
M2 3108817 1805600 3091537 1822880
M2 3091537 1822880 2300000 1822880
M2 2300000 1822880 1875000 1705688
M2 1875000 1705688 1450232 1705688
M2 1450232 1705688 1434680 1721240
Net42 5 
M2 3174630 1805600 3148710 1831520
M2 3148710 1831520 2300000 1831520
M2 2300000 1831520 1875000 1710872
M2 1875000 1710872 1509128 1710872
M2 1509128 1710872 1498760 1721240
Net43 5 
M2 3240450 1805600 3205890 1840160
M2 3205890 1840160 2300000 1840160
M2 2300000 1840160 1875000 1716056
M2 1875000 1716056 1568034 1716056
M2 1568034 1716056 1562850 1721240
Net44 5 
M2 2681000 1762400 2666600 1776800
M2 2666600 1776800 2300000 1776800
M2 2300000 1776800 1875000 1626200
M2 1875000 1626200 1291740 1626200
M2 1291740 1626200 1274460 1643480
Net50 5 
M2 3141722 1762400 3112922 1791200
M2 3112922 1791200 2300000 1791200
M2 2300000 1791200 1875000 1634840
M2 1875000 1634840 1475360 1634840
M2 1475360 1634840 1466720 1643480
Net57 5 
M2 3043000 1719200 3021400 1740800
M2 3021400 1740800 2300000 1740800
M2 2300000 1740800 1875000 1608920
M2 1875000 1608920 1571490 1608920
M2 1571490 1608920 1562850 1617560
Net67 5 
M2 3010090 1676000 3001450 1684640
M2 3001450 1684640 2300000 1684640
M2 2300000 1684640 1875000 1546280
M2 1875000 1546280 1454120 1546280
M2 1454120 1546280 1434680 1565720
Net68 5 
M2 3141722 1676000 3124442 1693280
M2 3124442 1693280 2300000 1693280
M2 2300000 1693280 1875000 1552760
M2 1875000 1552760 1511720 1552760
M2 1511720 1552760 1498760 1565720
Net69 5 
M2 3207540 1676000 3181620 1701920
M2 3181620 1701920 2300000 1701920
M2 2300000 1701920 1875000 1559240
M2 1875000 1559240 1569330 1559240
M2 1569330 1559240 1562850 1565720
Net70 5 
M2 3339180 1676000 3304620 1710560
M2 3304620 1710560 2300000 1710560
M2 2300000 1710560 1875000 1600280
M2 1875000 1600280 1195612 1600280
M2 1195612 1600280 1178332 1617560
Net74 5 
M2 2779730 1632800 2758130 1654400
M2 2758130 1654400 2300000 1654400
M2 2300000 1654400 1875000 1505240
M2 1875000 1505240 1379230 1505240
M2 1379230 1505240 1370590 1513880
Net84 5 
M2 2944270 1589600 2935630 1598240
M2 2935630 1598240 2300000 1598240
M2 2300000 1598240 1875000 1468520
M2 1875000 1468520 1357990 1468520
M2 1357990 1468520 1338550 1487960
Net85 5 
M2 3010090 1589600 2992810 1606880
M2 2992810 1606880 2300000 1606880
M2 2300000 1606880 1875000 1475000
M2 1875000 1475000 1479680 1475000
M2 1479680 1475000 1466720 1487960
Net86 5 
M2 3141722 1589600 3115802 1615520
M2 3115802 1615520 2300000 1615520
M2 2300000 1615520 1875000 1481480
M2 1875000 1481480 1601370 1481480
M2 1601370 1481480 1594890 1487960
Net87 5 
M2 3339180 1589600 3304620 1624160
M2 3304620 1624160 2300000 1624160
M2 2300000 1624160 1875000 1496600
M2 1875000 1496600 1195612 1496600
M2 1195612 1496600 1178332 1513880
