Nets 26
Net13 5 
V2 2772362 1935200 2765882 1941680
V2 2765882 1941680 2300000 1941680
V2 2300000 1941680 1875000 1858247
V2 1875000 1858247 1272283 1858247
V2 1272283 1858247 1238960 1891570
Net14 5 
V2 2836450 1935200 2823490 1948160
V2 2823490 1948160 2300000 1948160
V2 2300000 1948160 1875000 1869355
V2 1875000 1869355 1444764 1869355
V2 1444764 1869355 1422550 1891570
Net15 5 
V2 2964620 1935200 2945180 1954640
V2 2945180 1954640 2300000 1954640
V2 2300000 1954640 1875000 1880464
V2 1875000 1880464 1525456 1880464
V2 1525456 1880464 1514350 1891570
Net19 5 
V2 2868490 1909280 2862010 1915760
V2 2862010 1915760 2300000 1915760
V2 2300000 1915760 1875000 1799001
V2 1875000 1799001 1138288 1799001
V2 1138288 1799001 1101260 1836030
Net20 5 
V2 2932580 1909280 2919620 1922240
V2 2919620 1922240 2300000 1922240
V2 2300000 1922240 1875000 1817515
V2 1875000 1817515 1395167 1817515
V2 1395167 1817515 1376652 1836030
Net21 5 
V2 2996667 1909280 2977227 1928720
V2 2977227 1928720 2300000 1928720
V2 2300000 1928720 1875000 1847138
V2 1875000 1847138 365401 1847138
V2 365401 1847138 320970 1891570
Net22 5 
V2 2580110 1883360 2571470 1892000
V2 2571470 1892000 2300000 1892000
V2 2300000 1892000 1875000 1758265
V2 1875000 1758265 1077582 1758265
V2 1077582 1758265 1055360 1780487
Net23 5 
V2 2708280 1883360 2691000 1900640
V2 2691000 1900640 2300000 1900640
V2 2300000 1900640 1875000 1769374
V2 1875000 1769374 1250073 1769374
V2 1250073 1769374 1238960 1780487
Net27 5 
V2 2612150 1857440 2599190 1870400
V2 2599190 1870400 2300000 1870400
V2 2300000 1870400 1875000 1747157
V2 1875000 1747157 996890 1747157
V2 996890 1747157 963560 1780487
Net34 5 
V2 2644190 1831520 2631230 1844480
V2 2631230 1844480 2300000 1844480
V2 2300000 1844480 1875000 1736048
V2 1875000 1736048 824399 1736048
V2 824399 1736048 779960 1780487
Net35 5 
V2 2708280 1831520 2699640 1822880
V2 2699640 1822880 2300000 1822880
V2 2300000 1822880 1875000 1706428
V2 1875000 1706428 660774 1706428
V2 660774 1706428 642262 1724940
Net39 5 
V2 2612150 1805600 2603510 1814240
V2 2603510 1814240 2300000 1814240
V2 2300000 1814240 1875000 1687914
V2 1875000 1687914 587493 1687914
V2 587493 1687914 550467 1724940
Net51 5 
V2 2804410 1753760 2795770 1762400
V2 2795770 1762400 2300000 1762400
V2 2300000 1762400 1875000 1641631
V2 1875000 1641631 1266729 1641631
V2 1266729 1641631 1238960 1669400
Net53 5 
V2 2932580 1753760 2915300 1771040
V2 2915300 1771040 2300000 1771040
V2 2300000 1771040 1875000 1655516
V2 1875000 1655516 1528233 1655516
V2 1528233 1655516 1514350 1669400
Net61 5 
V2 2676240 1701920 2671920 1706240
V2 2671920 1706240 2300000 1706240
V2 2300000 1706240 1875000 1539798
V2 1875000 1539798 706677 1539798
V2 706677 1539798 688162 1558312
Net62 5 
V2 2740320 1701920 2731680 1710560
V2 2731680 1710560 2300000 1710560
V2 2300000 1710560 1875000 1549055
V2 1875000 1549055 789217 1549055
V2 789217 1549055 779960 1558312
Net63 5 
V2 2804410 1701920 2791450 1714880
V2 2791450 1714880 2300000 1714880
V2 2300000 1714880 1875000 1576826
V2 1875000 1576826 679296 1576826
V2 679296 1576826 642262 1613860
Net64 5 
V2 2932580 1701920 2915300 1719200
V2 2915300 1719200 2300000 1719200
V2 2300000 1719200 1875000 1595340
V2 1875000 1595340 844379 1595340
V2 844379 1595340 825860 1613860
Net65 5 
V2 2996667 1701920 2975067 1723520
V2 2975067 1723520 2300000 1723520
V2 2300000 1723520 1875000 1627745
V2 1875000 1627745 362624 1627745
V2 362624 1627745 320970 1669400
Net66 5 
V2 2580110 1676000 2567150 1688960
V2 2567150 1688960 2300000 1688960
V2 2300000 1688960 1875000 1530541
V2 1875000 1530541 624139 1530541
V2 624139 1530541 596367 1558312
Net77 5 
V2 2580110 1624160 2567150 1637120
V2 2567150 1637120 2300000 1637120
V2 2300000 1637120 1875000 1521284
V2 1875000 1521284 752574 1521284
V2 752574 1521284 734060 1502770
Net78 5 
V2 2644190 1624160 2639870 1619840
V2 2639870 1619840 2300000 1619840
V2 2300000 1619840 1875000 1512027
V2 1875000 1512027 835117 1512027
V2 835117 1512027 825860 1502770
Net83 5 
V2 2612150 1598240 2607830 1602560
V2 2607830 1602560 2300000 1602560
V2 2300000 1602560 1875000 1458336
V2 1875000 1458336 1145694 1458336
V2 1145694 1458336 1101260 1502770
Net84 5 
V2 2676240 1598240 2667600 1606880
V2 2667600 1606880 2300000 1606880
V2 2300000 1606880 1875000 1469444
V2 1875000 1469444 1318183 1469444
V2 1318183 1469444 1284857 1502770
Net85 5 
V2 2804410 1598240 2791450 1611200
V2 2791450 1611200 2300000 1611200
V2 2300000 1611200 1875000 1480553
V2 1875000 1480553 1398869 1480553
V2 1398869 1480553 1376652 1502770
Net86 5 
V2 2932580 1598240 2915300 1615520
V2 2915300 1615520 2300000 1615520
V2 2300000 1615520 1875000 1491661
V2 1875000 1491661 1571358 1491661
V2 1571358 1491661 1560250 1502770
