Nets 15
Net8 5 
M2 2748980 1961120 2740340 1969760
M2 2740340 1969760 2300000 1969760
M2 2300000 1969760 1875000 1863801
M2 1875000 1863801 964479 1863801
M2 964479 1863801 936710 1891570
Net9 5 
M2 2792280 1961120 2775000 1978400
M2 2775000 1978400 2300000 1978400
M2 2300000 1978400 1875000 1877686
M2 1875000 1877686 1141123 1877686
M2 1141123 1877686 1127240 1891570
Net10 5 
M2 2835582 1961120 2826942 1952480
M2 2826942 1952480 2300000 1952480
M2 2300000 1952480 1875000 1849915
M2 1875000 1849915 236125 1849915
M2 236125 1849915 222240 1836030
Net12 5 
M2 2597430 1935200 2588790 1943840
M2 2588790 1943840 2300000 1943840
M2 2300000 1943840 1875000 1817515
M2 1875000 1817515 431284 1817515
M2 431284 1817515 412770 1836030
Net16 5 
M2 2575780 1909280 2562820 1922240
M2 2562820 1922240 2300000 1922240
M2 2300000 1922240 1875000 1799001
M2 1875000 1799001 383654 1799001
M2 383654 1799001 365140 1780487
Net28 5 
M2 2619080 1857440 2612600 1863920
M2 2612600 1863920 2300000 1863920
M2 2300000 1863920 1875000 1738825
M2 1875000 1738825 883112 1738825
M2 883112 1738825 841450 1780487
Net29 5 
M2 2662380 1857440 2649420 1870400
M2 2649420 1870400 2300000 1870400
M2 2300000 1870400 1875000 1752711
M2 1875000 1752711 1345539 1752711
M2 1345539 1752711 1317762 1780487
Net30 5 
M2 2748980 1857440 2729540 1876880
M2 2729540 1876880 2300000 1876880
M2 2300000 1876880 1875000 1766596
M2 1875000 1766596 1522181 1766596
M2 1522181 1766596 1508290 1780487
Net32 5 
M2 2835582 1857440 2822622 1844480
M2 2822622 1844480 2300000 1844480
M2 2300000 1844480 1875000 1697171
M2 1875000 1697171 250008 1697171
M2 250008 1697171 222240 1724940
Net44 5 
M2 2554130 1779680 2541170 1792640
M2 2541170 1792640 2300000 1792640
M2 2300000 1792640 1875000 1641631
M2 1875000 1641631 773958 1641631
M2 773958 1641631 746190 1669400
Net52 5 
M2 2748980 1753760 2736020 1766720
M2 2736020 1766720 2300000 1766720
M2 2300000 1766720 1875000 1595340
M2 1875000 1595340 1193389 1595340
M2 1193389 1595340 1174870 1613860
Net54 5 
M2 2835582 1753760 2826942 1745120
M2 2826942 1745120 2300000 1745120
M2 2300000 1745120 1875000 1576826
M2 1875000 1576826 259273 1576826
M2 259273 1576826 222240 1613860
Net55 5 
M2 2554130 1727840 2545490 1736480
M2 2545490 1736480 2300000 1736480
M2 2300000 1736480 1875000 1539798
M2 1875000 1539798 383654 1539798
M2 383654 1539798 365140 1558312
Net71 5 
M2 2575780 1650080 2567140 1658720
M2 2567140 1658720 2300000 1658720
M2 2300000 1658720 1875000 1474998
M2 1875000 1474998 345278 1474998
M2 345278 1474998 317507 1502770
Net76 5 
M2 2835582 1650080 2818302 1667360
M2 2818302 1667360 2300000 1667360
M2 2300000 1667360 1875000 1521284
M2 1875000 1521284 240754 1521284
M2 240754 1521284 222240 1502770
