Nets 32
Net0 5 
V1 2580110 1987040 2574926 1992224
V1 2574926 1992224 2300000 1992224
V1 2300000 1992224 1875000 1854544
V1 1875000 1854544 449796 1854544
V1 449796 1854544 412770 1891570
Net1 5 
V1 2708280 1987040 2697912 1997408
V1 2697912 1997408 2300000 1997408
V1 2300000 1997408 1875000 1863801
V1 1875000 1863801 624136 1863801
V1 624136 1863801 596367 1891570
Net2 5 
V1 2836450 1987040 2820898 2002592
V1 2820898 2002592 2300000 2002592
V1 2300000 2002592 1875000 1873058
V1 1875000 1873058 706674 1873058
V1 706674 1873058 688162 1891570
Net3 5 
V1 2900540 1987040 2879804 2007776
V1 2879804 2007776 2300000 2007776
V1 2300000 2007776 1875000 1882315
V1 1875000 1882315 881015 1882315
V1 881015 1882315 871760 1891570
Net4 5 
V1 2612150 1961120 2606966 1966304
V1 2606966 1966304 2300000 1966304
V1 2300000 1966304 1875000 1802704
V1 1875000 1802704 583793 1802704
V1 583793 1802704 550467 1836030
Net5 5 
V1 2676240 1961120 2665872 1971488
V1 2665872 1971488 2300000 1971488
V1 2300000 1971488 1875000 1813813
V1 1875000 1813813 664479 1813813
V1 664479 1813813 642262 1836030
Net6 5 
V1 2740320 1961120 2724768 1976672
V1 2724768 1976672 2300000 1976672
V1 2300000 1976672 1875000 1824921
V1 1875000 1824921 745168 1824921
V1 745168 1824921 734060 1836030
Net7 5 
V1 2804410 1961120 2783674 1981856
V1 2783674 1981856 2300000 1981856
V1 2300000 1981856 1875000 1845287
V1 1875000 1845287 835117 1845287
V1 835117 1845287 825860 1836030
Net11 5 
V1 2580110 1935200 2573630 1928720
V1 2573630 1928720 2300000 1928720
V1 2300000 1928720 1875000 1791596
V1 1875000 1791596 411304 1791596
V1 411304 1791596 366870 1836030
Net17 5 
V1 2676240 1909280 2669760 1915760
V1 2669760 1915760 2300000 1915760
V1 2300000 1915760 1875000 1761968
V1 1875000 1761968 523089 1761968
V1 523089 1761968 504570 1780487
Net18 5 
V1 2740320 1909280 2727360 1922240
V1 2727360 1922240 2300000 1922240
V1 2300000 1922240 1875000 1771225
V1 1875000 1771225 697425 1771225
V1 697425 1771225 688162 1780487
Net33 5 
V1 2580110 1831520 2567150 1844480
V1 2567150 1844480 2300000 1844480
V1 2300000 1844480 1875000 1752711
V1 1875000 1752711 394641 1752711
V1 394641 1752711 366870 1724940
Net36 5 
V1 2772362 1831520 2768042 1827200
V1 2768042 1827200 2300000 1827200
V1 2300000 1827200 1875000 1743454
V1 1875000 1743454 1211574 1743454
V1 1211574 1743454 1193060 1724940
Net37 5 
V1 2836450 1831520 2827810 1822880
V1 2827810 1822880 2300000 1822880
V1 2300000 1822880 1875000 1734197
V1 1875000 1734197 1385909 1734197
V1 1385909 1734197 1376652 1724940
Net38 5 
V1 2900540 1831520 2887580 1818560
V1 2887580 1818560 2300000 1818560
V1 2300000 1818560 1875000 1713834
V1 1875000 1713834 1479556 1713834
V1 1479556 1713834 1468450 1724940
Net40 5 
V1 2740320 1805600 2735136 1800416
V1 2735136 1800416 2300000 1800416
V1 2300000 1800416 1875000 1680508
V1 1875000 1680508 870291 1680508
V1 870291 1680508 825860 1724940
Net41 5 
V1 2804410 1805600 2800090 1809920
V1 2800090 1809920 2300000 1809920
V1 2300000 1809920 1875000 1691617
V1 1875000 1691617 950983 1691617
V1 950983 1691617 917660 1724940
Net42 5 
V1 2932580 1805600 2923940 1814240
V1 2923940 1814240 2300000 1814240
V1 2300000 1814240 1875000 1702725
V1 1875000 1702725 1123474 1702725
V1 1123474 1702725 1101260 1724940
Net45 5 
V1 2708280 1779680 2703096 1784864
V1 2703096 1784864 2300000 1784864
V1 2300000 1784864 1875000 1648573
V1 1875000 1648573 984386 1648573
V1 984386 1648573 963560 1669400
Net46 5 
V1 2772362 1779680 2761994 1790048
V1 2761994 1790048 2300000 1790048
V1 2300000 1790048 1875000 1655516
V1 1875000 1655516 1069243 1655516
V1 1069243 1655516 1055360 1669400
Net47 5 
V1 2900540 1779680 2884988 1795232
V1 2884988 1795232 2300000 1795232
V1 2300000 1795232 1875000 1662459
V1 1875000 1662459 1337693 1662459
V1 1337693 1662459 1330752 1669400
Net48 5 
V1 2612150 1753760 2605670 1760240
V1 2605670 1760240 2300000 1760240
V1 2300000 1760240 1875000 1627745
V1 1875000 1627745 454424 1627745
V1 454424 1627745 412770 1669400
Net49 5 
V1 2676240 1753760 2663280 1766720
V1 2663280 1766720 2300000 1766720
V1 2300000 1766720 1875000 1634688
V1 1875000 1634688 539281 1634688
V1 539281 1634688 504570 1669400
Net50 5 
V1 2740320 1753760 2720880 1773200
V1 2720880 1773200 2300000 1773200
V1 2300000 1773200 1875000 1641631
V1 1875000 1641631 715931 1641631
V1 715931 1641631 688162 1669400
Net56 5 
V1 2644190 1727840 2639006 1733024
V1 2639006 1733024 2300000 1733024
V1 2300000 1733024 1875000 1580529
V1 1875000 1580529 400200 1580529
V1 400200 1580529 366870 1613860
Net57 5 
V1 2772362 1727840 2761994 1738208
V1 2761994 1738208 2300000 1738208
V1 2300000 1738208 1875000 1591638
V1 1875000 1591638 572689 1591638
V1 572689 1591638 550467 1613860
Net58 5 
V1 2836450 1727840 2820898 1743392
V1 2820898 1743392 2300000 1743392
V1 2300000 1743392 1875000 1602746
V1 1875000 1602746 1112373 1602746
V1 1112373 1602746 1101260 1613860
Net59 5 
V1 2900540 1727840 2879804 1748576
V1 2879804 1748576 2300000 1748576
V1 2300000 1748576 1875000 1620802
V1 1875000 1620802 924602 1620802
V1 924602 1620802 917660 1613860
Net60 5 
V1 2612150 1701920 2599190 1714880
V1 2599190 1714880 2300000 1714880
V1 2300000 1714880 1875000 1569421
V1 1875000 1569421 515678 1569421
V1 515678 1569421 504570 1558312
Net72 5 
V1 2676240 1650080 2669760 1656560
V1 2669760 1656560 2300000 1656560
V1 2300000 1656560 1875000 1465741
V1 1875000 1465741 495698 1465741
V1 495698 1465741 458670 1502770
Net73 5 
V1 2740320 1650080 2727360 1663040
V1 2727360 1663040 2300000 1663040
V1 2300000 1663040 1875000 1484255
V1 1875000 1484255 568982 1484255
V1 568982 1484255 550467 1502770
Net74 5 
V1 2868490 1650080 2849050 1669520
V1 2849050 1669520 2300000 1669520
V1 2300000 1669520 1875000 1530541
V1 1875000 1530541 1450321 1530541
V1 1450321 1530541 1422550 1558312
