Nets 26
Net4 5 
M2 3065080 1978400 3043480 2000000
M2 3043480 2000000 2300000 2000000
M2 2300000 2000000 1875000 1842200
M2 1875000 1842200 1586210 1842200
M2 1586210 1842200 1577570 1850840
Net14 5 
M2 3259940 1935200 3249140 1946000
M2 3249140 1946000 2300000 1946000
M2 2300000 1946000 1875000 1807640
M2 1875000 1807640 1573200 1807640
M2 1573200 1807640 1555920 1824920
Net15 5 
M2 3337880 1935200 3316280 1956800
M2 3316280 1956800 2300000 1956800
M2 2300000 1956800 1875000 1816280
M2 1875000 1816280 1607860 1816280
M2 1607860 1816280 1599220 1824920
Net16 5 
M2 3493762 1935200 3461362 1967600
M2 3461362 1967600 2300000 1967600
M2 2300000 1967600 1875000 1833560
M2 1875000 1833560 1348057 1833560
M2 1348057 1833560 1339417 1824920
Net21 5 
M2 3065080 1892000 3050680 1906400
M2 3050680 1906400 2300000 1906400
M2 2300000 1906400 1875000 1760120
M2 1875000 1760120 1525580 1760120
M2 1525580 1760120 1512620 1773080
Net24 5 
M2 3376850 1892000 3348050 1920800
M2 3348050 1920800 2300000 1920800
M2 2300000 1920800 1875000 1766600
M2 1875000 1766600 1605700 1766600
M2 1605700 1766600 1599220 1773080
Net25 5 
M2 3454790 1892000 3446150 1883360
M2 3446150 1883360 2300000 1883360
M2 2300000 1883360 1875000 1753640
M2 1875000 1753640 1358857 1753640
M2 1358857 1753640 1339417 1773080
Net29 5 
M2 2870227 1848800 2861587 1857440
M2 2861587 1857440 2300000 1857440
M2 2300000 1857440 1875000 1727720
M2 1875000 1727720 1423810 1727720
M2 1423810 1727720 1404370 1747160
Net33 5 
M2 3337880 1848800 3320600 1866080
M2 3320600 1866080 2300000 1866080
M2 2300000 1866080 1875000 1734200
M2 1875000 1734200 1590530 1734200
M2 1590530 1734200 1577570 1747160
Net34 5 
M2 3415820 1848800 3389900 1874720
M2 3389900 1874720 2300000 1874720
M2 2300000 1874720 1875000 1740680
M2 1875000 1740680 1627350 1740680
M2 1627350 1740680 1620870 1747160
Net37 5 
M2 2675370 1805600 2666730 1814240
M2 2666730 1814240 2300000 1814240
M2 2300000 1814240 1875000 1700504
M2 1875000 1700504 1490056 1700504
M2 1490056 1700504 1469320 1721240
Net41 5 
M2 3220970 1805600 3203690 1822880
M2 3203690 1822880 2300000 1822880
M2 2300000 1822880 1875000 1705688
M2 1875000 1705688 1528172 1705688
M2 1528172 1705688 1512620 1721240
Net42 5 
M2 3298910 1805600 3272990 1831520
M2 3272990 1831520 2300000 1831520
M2 2300000 1831520 1875000 1710872
M2 1875000 1710872 1566288 1710872
M2 1566288 1710872 1555920 1721240
Net43 5 
M2 3376850 1805600 3342290 1840160
M2 3342290 1840160 2300000 1840160
M2 2300000 1840160 1875000 1716056
M2 1875000 1716056 1604404 1716056
M2 1604404 1716056 1599220 1721240
Net44 5 
M2 2714340 1762400 2699940 1776800
M2 2699940 1776800 2300000 1776800
M2 2300000 1776800 1875000 1626200
M2 1875000 1626200 1421650 1626200
M2 1421650 1626200 1404370 1643480
Net50 5 
M2 3259940 1762400 3231140 1791200
M2 3231140 1791200 2300000 1791200
M2 2300000 1791200 1875000 1634840
M2 1875000 1634840 1542910 1634840
M2 1542910 1634840 1534270 1643480
Net57 5 
M2 3143020 1719200 3121420 1740800
M2 3121420 1740800 2300000 1740800
M2 2300000 1740800 1875000 1608920
M2 1875000 1608920 1607860 1608920
M2 1607860 1608920 1599220 1617560
Net67 5 
M2 3104050 1676000 3095410 1684640
M2 3095410 1684640 2300000 1684640
M2 2300000 1684640 1875000 1546280
M2 1875000 1546280 1532060 1546280
M2 1532060 1546280 1512620 1565720
Net68 5 
M2 3259940 1676000 3242660 1693280
M2 3242660 1693280 2300000 1693280
M2 2300000 1693280 1875000 1552760
M2 1875000 1552760 1568880 1552760
M2 1568880 1552760 1555920 1565720
Net69 5 
M2 3337880 1676000 3311960 1701920
M2 3311960 1701920 2300000 1701920
M2 2300000 1701920 1875000 1559240
M2 1875000 1559240 1605700 1559240
M2 1605700 1559240 1599220 1565720
Net70 5 
M2 3493762 1676000 3459202 1710560
M2 3459202 1710560 2300000 1710560
M2 2300000 1710560 1875000 1600280
M2 1875000 1600280 1356697 1600280
M2 1356697 1600280 1339417 1617560
Net74 5 
M2 2831252 1632800 2809652 1654400
M2 2809652 1654400 2300000 1654400
M2 2300000 1654400 1875000 1505240
M2 1875000 1505240 1477960 1505240
M2 1477960 1505240 1469320 1513880
Net84 5 
M2 3026110 1589600 3017470 1598240
M2 3017470 1598240 2300000 1598240
M2 2300000 1598240 1875000 1468520
M2 1875000 1468520 1467110 1468520
M2 1467110 1468520 1447670 1487960
Net85 5 
M2 3104050 1589600 3086770 1606880
M2 3086770 1606880 2300000 1606880
M2 2300000 1606880 1875000 1475000
M2 1875000 1475000 1547230 1475000
M2 1547230 1475000 1534270 1487960
Net86 5 
M2 3259940 1589600 3234020 1615520
M2 3234020 1615520 2300000 1615520
M2 2300000 1615520 1875000 1481480
M2 1875000 1481480 1627350 1481480
M2 1627350 1481480 1620870 1487960
Net87 5 
M2 3493762 1589600 3459202 1624160
M2 3459202 1624160 2300000 1624160
M2 2300000 1624160 1875000 1496600
M2 1875000 1496600 1356697 1496600
M2 1356697 1496600 1339417 1513880
