Nets 20
Net8 5 
V2 2748980 1961120 2740340 1969760
V2 2740340 1969760 2300000 1969760
V2 2300000 1969760 1875000 1856600
V2 1875000 1856600 1379040 1856600
V2 1379040 1856600 1350240 1885400
Net9 5 
V2 2792280 1961120 2775000 1978400
V2 2775000 1978400 2300000 1978400
V2 2300000 1978400 1875000 1871000
V2 1875000 1871000 1537847 1871000
V2 1537847 1871000 1523447 1885400
Net24 5 
V2 2684030 1883360 2671070 1896320
V2 2671070 1896320 2300000 1896320
V2 2300000 1896320 1875000 1777400
V2 1875000 1777400 1198637 1777400
V2 1198637 1777400 1177037 1799000
Net27 5 
V2 2575780 1857440 2562820 1870400
V2 2562820 1870400 2300000 1870400
V2 2300000 1870400 1875000 1741400
V2 1875000 1741400 974930 1741400
V2 974930 1741400 960530 1755800
Net43 5 
V2 2835582 1805600 2822622 1818560
V2 2822622 1818560 2300000 1818560
V2 2300000 1818560 1875000 1727000
V2 1875000 1727000 642920 1727000
V2 642920 1727000 614120 1755800
Net44 5 
V2 2554130 1779680 2541170 1792640
V2 2541170 1792640 2300000 1792640
V2 2300000 1792640 1875000 1663227
V2 1875000 1663227 966702 1663227
V2 966702 1663227 960530 1669400
Net48 5 
V2 2575780 1753760 2569300 1760240
V2 2569300 1760240 2300000 1760240
V2 2300000 1760240 1875000 1644713
V2 1875000 1644713 725406 1644713
V2 725406 1644713 700720 1669400
Net49 5 
V2 2619080 1753760 2606120 1766720
V2 2606120 1766720 2300000 1766720
V2 2300000 1766720 1875000 1650885
V2 1875000 1650885 805837 1650885
V2 805837 1650885 787322 1669400
Net50 5 
V2 2662380 1753760 2642940 1773200
V2 2642940 1773200 2300000 1773200
V2 2300000 1773200 1875000 1657056
V2 1875000 1657056 886273 1657056
V2 886273 1657056 873930 1669400
Net56 5 
V2 2597430 1727840 2584470 1740800
V2 2584470 1740800 2300000 1740800
V2 2300000 1740800 1875000 1638542
V2 1875000 1638542 756362 1638542
V2 756362 1638542 744020 1626200
Net57 5 
V2 2684030 1727840 2679710 1723520
V2 2679710 1723520 2300000 1723520
V2 2300000 1723520 1875000 1632371
V2 1875000 1632371 923401 1632371
V2 923401 1632371 917230 1626200
Net58 5 
V2 2727330 1727840 2718690 1719200
V2 2718690 1719200 2300000 1719200
V2 2300000 1719200 1875000 1617560
V2 1875000 1617560 1358880 1617560
V2 1358880 1617560 1350240 1626200
Net59 5 
V2 2770630 1727840 2757670 1714880
V2 2757670 1714880 2300000 1714880
V2 2300000 1714880 1875000 1608920
V2 1875000 1608920 1280920 1608920
V2 1280920 1608920 1263640 1626200
Net63 5 
V2 2705680 1701920 2701360 1706240
V2 2701360 1706240 2300000 1706240
V2 2300000 1706240 1875000 1591640
V2 1875000 1591640 1038390 1591640
V2 1038390 1591640 1003830 1626200
Net64 5 
V2 2792280 1701920 2783640 1710560
V2 2783640 1710560 2300000 1710560
V2 2300000 1710560 1875000 1600280
V2 1875000 1600280 1116350 1600280
V2 1116350 1600280 1090430 1626200
Net65 5 
V2 2835582 1701920 2822622 1688960
V2 2822622 1688960 2300000 1688960
V2 2300000 1688960 1875000 1561400
V2 1875000 1561400 635720 1561400
V2 635720 1561400 614120 1583000
Net71 5 
V2 2575780 1650080 2562820 1663040
V2 2562820 1663040 2300000 1663040
V2 2300000 1663040 1875000 1518200
V2 1875000 1518200 765620 1518200
V2 765620 1518200 744020 1539800
Net84 5 
V2 2619080 1598240 2612600 1604720
V2 2612600 1604720 2300000 1604720
V2 2300000 1604720 1875000 1464200
V2 1875000 1464200 1339340 1464200
V2 1339340 1464200 1306940 1496600
Net85 5 
V2 2705680 1598240 2692720 1611200
V2 2692720 1611200 2300000 1611200
V2 2300000 1611200 1875000 1475000
V2 1875000 1475000 1415140 1475000
V2 1415140 1475000 1393540 1496600
Net86 5 
V2 2792280 1598240 2772840 1617680
V2 2772840 1617680 2300000 1617680
V2 2300000 1617680 1875000 1485800
V2 1875000 1485800 1577550 1485800
V2 1577550 1485800 1566750 1496600
