Nets 28
Net6 5 
M2 3666970 1972230 3639198 2000001
M2 3639198 2000001 2300000 2000001
M2 2300000 2000001 1875000 1827800
M2 1875000 1827800 1407940 1827800
M2 1407940 1827800 1393540 1842200
Net9 5 
M2 3952760 1972230 3934246 1953716
M2 3934246 1953716 2300000 1953716
M2 2300000 1953716 1875000 1813400
M2 1875000 1813400 642920 1813400
M2 642920 1813400 614120 1842200
Net16 5 
M2 3333550 1916687 3315035 1935202
M2 3315035 1935202 2300000 1935202
M2 2300000 1935202 1875000 1777400
M2 1875000 1777400 1112030 1777400
M2 1112030 1777400 1090430 1799000
Net21 5 
M2 3809860 1916687 3791346 1898173
M2 3791346 1898173 2300000 1898173
M2 2300000 1898173 1875000 1741400
M2 1875000 1741400 1581150 1741400
M2 1581150 1741400 1566750 1755800
Net26 5 
M2 3000130 1861140 2981610 1879659
M2 2981610 1879659 2300000 1879659
M2 2300000 1879659 1875000 1727000
M2 1875000 1727000 816122 1727000
M2 816122 1727000 787322 1755800
Net36 5 
M2 2952500 1805600 2945559 1812540
M2 2945559 1812540 2300000 1812540
M2 2300000 1812540 1875000 1674800
M2 1875000 1674800 868427 1674800
M2 868427 1674800 830627 1712600
Net37 5 
M2 3143020 1805600 3129136 1819483
M2 3129136 1819483 2300000 1819483
M2 2300000 1819483 1875000 1680200
M2 1875000 1680200 949630 1680200
M2 949630 1680200 917230 1712600
Net38 5 
M2 3238290 1805600 3217463 1826426
M2 3217463 1826426 2300000 1826426
M2 2300000 1826426 1875000 1685600
M2 1875000 1685600 1030830 1685600
M2 1030830 1685600 1003830 1712600
Net39 5 
M2 3428810 1805600 3401041 1833369
M2 3401041 1833369 2300000 1833369
M2 2300000 1833369 1875000 1691000
M2 1875000 1691000 1198637 1691000
M2 1198637 1691000 1177037 1712600
Net40 5 
M2 3524077 1805600 3489365 1840311
M2 3489365 1840311 2300000 1840311
M2 2300000 1840311 1875000 1696400
M2 1875000 1696400 1279840 1696400
M2 1279840 1696400 1263640 1712600
Net41 5 
M2 3714600 1805600 3672945 1847254
M2 3672945 1847254 2300000 1847254
M2 2300000 1847254 1875000 1701800
M2 1875000 1701800 1361040 1701800
M2 1361040 1701800 1350240 1712600
Net42 5 
M2 3809860 1805600 3761262 1854197
M2 3761262 1854197 2300000 1854197
M2 2300000 1854197 1875000 1707200
M2 1875000 1707200 1442240 1707200
M2 1442240 1707200 1436840 1712600
Net44 5 
M2 2714340 1750060 2686571 1777828
M2 2686571 1777828 2300000 1777828
M2 2300000 1777828 1875000 1647800
M2 1875000 1647800 722320 1647800
M2 722320 1647800 700720 1669400
Net52 5 
M2 3857492 1750060 3850549 1743117
M2 3850549 1743117 2300000 1743117
M2 2300000 1743117 1875000 1621400
M2 1875000 1621400 1528247 1621400
M2 1528247 1621400 1523447 1626200
Net55 5 
M2 2857237 1694512 2850289 1701460
M2 2850289 1701460 2300000 1701460
M2 2300000 1701460 1875000 1592600
M2 1875000 1592600 950830 1592600
M2 950830 1592600 917230 1626200
Net56 5 
M2 2952500 1694512 2938609 1708403
M2 2938609 1708403 2300000 1708403
M2 2300000 1708403 1875000 1597400
M2 1875000 1597400 1032630 1597400
M2 1032630 1597400 1003830 1626200
Net57 5 
M2 3143020 1694512 3122186 1715346
M2 3122186 1715346 2300000 1715346
M2 2300000 1715346 1875000 1602200
M2 1875000 1602200 1114430 1602200
M2 1114430 1602200 1090430 1626200
Net58 5 
M2 3238290 1694512 3210513 1722289
M2 3210513 1722289 2300000 1722289
M2 2300000 1722289 1875000 1607000
M2 1875000 1607000 1282840 1607000
M2 1282840 1607000 1263640 1626200
Net59 5 
M2 3333550 1694512 3298830 1729231
M2 3298830 1729231 2300000 1729231
M2 2300000 1729231 1875000 1611800
M2 1875000 1611800 1364640 1611800
M2 1364640 1611800 1350240 1626200
Net60 5 
M2 3428810 1694512 3387148 1736174
M2 3387148 1736174 2300000 1736174
M2 2300000 1736174 1875000 1616600
M2 1875000 1616600 1446440 1616600
M2 1446440 1616600 1436840 1626200
Net65 5 
M2 2619080 1638970 2612908 1632798
M2 2612908 1632798 2300000 1632798
M2 2300000 1632798 1875000 1587800
M2 1875000 1587800 695820 1587800
M2 695820 1587800 657420 1626200
Net72 5 
M2 3476440 1638970 3464097 1626627
M2 3464097 1626627 2300000 1626627
M2 2300000 1626627 1875000 1525400
M2 1875000 1525400 1191437 1525400
M2 1191437 1525400 1177037 1539800
Net82 5 
M2 3238290 1583430 3232120 1589600
M2 3232120 1589600 2300000 1589600
M2 2300000 1589600 1875000 1460600
M2 1875000 1460600 1083130 1460600
M2 1083130 1460600 1047130 1496600
Net83 5 
M2 3333550 1583430 3321208 1595771
M2 3321208 1595771 2300000 1595771
M2 2300000 1595771 1875000 1467800
M2 1875000 1467800 1162532 1467800
M2 1162532 1467800 1133732 1496600
Net84 5 
M2 3524077 1583430 3505565 1601942
M2 3505565 1601942 2300000 1601942
M2 2300000 1601942 1875000 1475000
M2 1875000 1475000 1328540 1475000
M2 1328540 1475000 1306940 1496600
Net85 5 
M2 3619340 1583430 3594656 1608113
M2 3594656 1608113 2300000 1608113
M2 2300000 1608113 1875000 1482200
M2 1875000 1482200 1407940 1482200
M2 1407940 1482200 1393540 1496600
Net86 5 
M2 3809860 1583430 3779005 1614285
M2 3779005 1614285 2300000 1614285
M2 2300000 1614285 1875000 1489400
M2 1875000 1489400 1573950 1489400
M2 1573950 1489400 1566750 1496600
Net87 5 
M2 3905130 1583430 3868103 1620456
M2 3868103 1620456 2300000 1620456
M2 2300000 1620456 1875000 1511000
M2 1875000 1511000 599620 1511000
M2 599620 1511000 570820 1539800
