Nets 26
Net4 5 
M2 2977180 1978400 2955580 2000000
M2 2955580 2000000 2300000 2000000
M2 2300000 2000000 1875000 1842200
M2 1875000 1842200 1562830 1842200
M2 1562830 1842200 1554190 1850840
Net14 5 
M2 3141722 1935200 3130922 1946000
M2 3130922 1946000 2300000 1946000
M2 2300000 1946000 1875000 1807640
M2 1875000 1807640 1544620 1807640
M2 1544620 1807640 1527340 1824920
Net15 5 
M2 3207540 1935200 3185940 1956800
M2 3185940 1956800 2300000 1956800
M2 2300000 1956800 1875000 1816280
M2 1875000 1816280 1589680 1816280
M2 1589680 1816280 1581040 1824920
Net16 5 
M2 3339180 1935200 3306780 1967600
M2 3306780 1967600 2300000 1967600
M2 2300000 1967600 1875000 1833560
M2 1875000 1833560 1267512 1833560
M2 1267512 1833560 1258872 1824920
Net21 5 
M2 2977180 1892000 2962780 1906400
M2 2962780 1906400 2300000 1906400
M2 2300000 1906400 1875000 1760120
M2 1875000 1760120 1486610 1760120
M2 1486610 1760120 1473650 1773080
Net24 5 
M2 3240450 1892000 3211650 1920800
M2 3211650 1920800 2300000 1920800
M2 2300000 1920800 1875000 1766600
M2 1875000 1766600 1587520 1766600
M2 1587520 1766600 1581040 1773080
Net25 5 
M2 3306270 1892000 3297630 1883360
M2 3297630 1883360 2300000 1883360
M2 2300000 1883360 1875000 1753640
M2 1875000 1753640 1278312 1753640
M2 1278312 1753640 1258872 1773080
Net29 5 
M2 2812637 1848800 2803997 1857440
M2 2803997 1857440 2300000 1857440
M2 2300000 1857440 1875000 1727720
M2 1875000 1727720 1358857 1727720
M2 1358857 1727720 1339417 1747160
Net33 5 
M2 3207540 1848800 3190260 1866080
M2 3190260 1866080 2300000 1866080
M2 2300000 1866080 1875000 1734200
M2 1875000 1734200 1567150 1734200
M2 1567150 1734200 1554190 1747160
Net34 5 
M2 3273360 1848800 3247440 1874720
M2 3247440 1874720 2300000 1874720
M2 2300000 1874720 1875000 1740680
M2 1875000 1740680 1614360 1740680
M2 1614360 1740680 1607880 1747160
Net37 5 
M2 2648090 1805600 2639450 1814240
M2 2639450 1814240 2300000 1814240
M2 2300000 1814240 1875000 1700504
M2 1875000 1700504 1440693 1700504
M2 1440693 1700504 1419957 1721240
Net41 5 
M2 3108817 1805600 3091537 1822880
M2 3091537 1822880 2300000 1822880
M2 2300000 1822880 1875000 1705688
M2 1875000 1705688 1489202 1705688
M2 1489202 1705688 1473650 1721240
Net42 5 
M2 3174630 1805600 3148710 1831520
M2 3148710 1831520 2300000 1831520
M2 2300000 1831520 1875000 1710872
M2 1875000 1710872 1537708 1710872
M2 1537708 1710872 1527340 1721240
Net43 5 
M2 3240450 1805600 3205890 1840160
M2 3205890 1840160 2300000 1840160
M2 2300000 1840160 1875000 1716056
M2 1875000 1716056 1586224 1716056
M2 1586224 1716056 1581040 1721240
Net44 5 
M2 2681000 1762400 2666600 1776800
M2 2666600 1776800 2300000 1776800
M2 2300000 1776800 1875000 1626200
M2 1875000 1626200 1356697 1626200
M2 1356697 1626200 1339417 1643480
Net50 5 
M2 3141722 1762400 3112922 1791200
M2 3112922 1791200 2300000 1791200
M2 2300000 1791200 1875000 1634840
M2 1875000 1634840 1509137 1634840
M2 1509137 1634840 1500497 1643480
Net57 5 
M2 3043000 1719200 3021400 1740800
M2 3021400 1740800 2300000 1740800
M2 2300000 1740800 1875000 1608920
M2 1875000 1608920 1589680 1608920
M2 1589680 1608920 1581040 1617560
Net67 5 
M2 3010090 1676000 3001450 1684640
M2 3001450 1684640 2300000 1684640
M2 2300000 1684640 1875000 1546280
M2 1875000 1546280 1493090 1546280
M2 1493090 1546280 1473650 1565720
Net68 5 
M2 3141722 1676000 3124442 1693280
M2 3124442 1693280 2300000 1693280
M2 2300000 1693280 1875000 1552760
M2 1875000 1552760 1540300 1552760
M2 1540300 1552760 1527340 1565720
Net69 5 
M2 3207540 1676000 3181620 1701920
M2 3181620 1701920 2300000 1701920
M2 2300000 1701920 1875000 1559240
M2 1875000 1559240 1587520 1559240
M2 1587520 1559240 1581040 1565720
Net70 5 
M2 3339180 1676000 3304620 1710560
M2 3304620 1710560 2300000 1710560
M2 2300000 1710560 1875000 1600280
M2 1875000 1600280 1276152 1600280
M2 1276152 1600280 1258872 1617560
Net74 5 
M2 2779730 1632800 2758130 1654400
M2 2758130 1654400 2300000 1654400
M2 2300000 1654400 1875000 1505240
M2 1875000 1505240 1428597 1505240
M2 1428597 1505240 1419957 1513880
Net84 5 
M2 2944270 1589600 2935630 1598240
M2 2935630 1598240 2300000 1598240
M2 2300000 1598240 1875000 1468520
M2 1875000 1468520 1412550 1468520
M2 1412550 1468520 1393110 1487960
Net85 5 
M2 3010090 1589600 2992810 1606880
M2 2992810 1606880 2300000 1606880
M2 2300000 1606880 1875000 1475000
M2 1875000 1475000 1513457 1475000
M2 1513457 1475000 1500497 1487960
Net86 5 
M2 3141722 1589600 3115802 1615520
M2 3115802 1615520 2300000 1615520
M2 2300000 1615520 1875000 1481480
M2 1875000 1481480 1614360 1481480
M2 1614360 1481480 1607880 1487960
Net87 5 
M2 3339180 1589600 3304620 1624160
M2 3304620 1624160 2300000 1624160
M2 2300000 1624160 1875000 1496600
M2 1875000 1496600 1276152 1496600
M2 1276152 1496600 1258872 1513880
