Nets 15
Net24 5 
M3 2684030 1883360 2671070 1896320
M3 2671070 1896320 2300000 1896320
M3 2300000 1896320 1875000 1877686
M3 1875000 1877686 1234716 1877686
M3 1234716 1877686 1193060 1836030
Net25 5 
M3 2727330 1883360 2720850 1876880
M3 2720850 1876880 2300000 1876880
M3 2300000 1876880 1875000 1863801
M3 1875000 1863801 1312628 1863801
M3 1312628 1863801 1284857 1836030
Net26 5 
M3 2770630 1883360 2757670 1870400
M3 2757670 1870400 2300000 1870400
M3 2300000 1870400 1875000 1849915
M3 1875000 1849915 1482335 1849915
M3 1482335 1849915 1468450 1836030
Net31 5 
M3 2792280 1857440 2785800 1863920
M3 2785800 1863920 2300000 1863920
M3 2300000 1863920 1875000 1808258
M3 1875000 1808258 1588021 1808258
M3 1588021 1808258 1560250 1836030
Net43 5 
M3 2835582 1805600 2822622 1818560
M3 2822622 1818560 2300000 1818560
M3 2300000 1818560 1875000 1752711
M3 1875000 1752711 348746 1752711
M3 348746 1752711 320970 1780487
Net67 5 
M3 2640730 1676000 2635546 1681184
M3 2635546 1681184 2300000 1681184
M3 2300000 1681184 1875000 1569421
M3 1875000 1569421 882868 1569421
M3 882868 1569421 871760 1558312
Net68 5 
M3 2684030 1676000 2673662 1686368
M3 2673662 1686368 2300000 1686368
M3 2300000 1686368 1875000 1580529
M3 1875000 1580529 1318188 1580529
M3 1318188 1580529 1284857 1613860
Net69 5 
M3 2727330 1676000 2711778 1691552
M3 2711778 1691552 2300000 1691552
M3 2300000 1691552 1875000 1591638
M3 1875000 1591638 1398874 1591638
M3 1398874 1591638 1376652 1613860
Net70 5 
M3 2770630 1676000 2749894 1696736
M3 2749894 1696736 2300000 1696736
M3 2300000 1696736 1875000 1602746
M3 1875000 1602746 1479563 1602746
M3 1479563 1602746 1468450 1613860
Net75 5 
M3 2792280 1650080 2779320 1663040
M3 2779320 1663040 2300000 1663040
M3 2300000 1663040 1875000 1550377
M3 1875000 1550377 1522285 1550377
M3 1522285 1550377 1514350 1558312
Net79 5 
M3 2640730 1624160 2635546 1629344
M3 2635546 1629344 2300000 1629344
M3 2300000 1629344 1875000 1518639
M3 1875000 1518639 1003233 1518639
M3 1003233 1518639 963560 1558312
Net80 5 
M3 2684030 1624160 2673662 1634528
M3 2673662 1634528 2300000 1634528
M3 2300000 1634528 1875000 1526573
M3 1875000 1526573 1087099 1526573
M3 1087099 1526573 1055360 1558312
Net81 5 
M3 2727330 1624160 2711778 1639712
M3 2711778 1639712 2300000 1639712
M3 2300000 1639712 1875000 1534508
M3 1875000 1534508 1170964 1534508
M3 1170964 1534508 1147160 1558312
Net82 5 
M3 2770630 1624160 2749894 1644896
M3 2749894 1644896 2300000 1644896
M3 2300000 1644896 1875000 1542442
M3 1875000 1542442 1254830 1542442
M3 1254830 1542442 1238960 1558312
Net87 5 
M3 2835582 1598240 2822622 1611200
M3 2822622 1611200 2300000 1611200
M3 2300000 1611200 1875000 1510704
M3 1875000 1510704 368578 1510704
M3 368578 1510704 320970 1558312
