Nets 40
Net0 5 
V1 2554130 1987040 2548946 1992224
V1 2548946 1992224 2300000 1992224
V1 2300000 1992224 1875000 1850840
V1 1875000 1850840 1067837 1850840
V1 1067837 1850840 1033277 1885400
Net1 5 
V1 2640730 1987040 2630362 1997408
V1 2630362 1997408 2300000 1997408
V1 2300000 1997408 1875000 1859480
V1 1875000 1859480 1190830 1859480
V1 1190830 1859480 1164910 1885400
Net2 5 
V1 2727330 1987040 2711778 2002592
V1 2711778 2002592 2300000 2002592
V1 2300000 2002592 1875000 1868120
V1 1875000 1868120 1248010 1868120
V1 1248010 1868120 1230730 1885400
Net3 5 
V1 2770630 1987040 2749894 2007776
V1 2749894 2007776 2300000 2007776
V1 2300000 2007776 1875000 1876760
V1 1875000 1876760 1371002 1876760
V1 1371002 1876760 1362362 1885400
Net4 5 
V1 2575780 1961120 2570596 1966304
V1 2570596 1966304 2300000 1966304
V1 2300000 1966304 1875000 1823000
V1 1875000 1823000 1085382 1823000
V1 1085382 1823000 1066182 1842200
Net5 5 
V1 2619080 1961120 2608712 1971488
V1 2608712 1971488 2300000 1971488
V1 2300000 1971488 1875000 1827800
V1 1875000 1827800 1146400 1827800
V1 1146400 1827800 1132000 1842200
Net6 5 
V1 2662380 1961120 2646828 1976672
V1 2646828 1976672 2300000 1976672
V1 2300000 1976672 1875000 1832600
V1 1875000 1832600 1273240 1832600
V1 1273240 1832600 1263640 1842200
Net7 5 
V1 2705680 1961120 2684944 1981856
V1 2684944 1981856 2300000 1981856
V1 2300000 1981856 1875000 1837400
V1 1875000 1837400 1400070 1837400
V1 1400070 1837400 1395270 1842200
Net11 5 
V1 2554130 1935200 2545490 1943840
V1 2545490 1943840 2300000 1943840
V1 2300000 1943840 1875000 1813400
V1 1875000 1813400 963350 1813400
V1 963350 1813400 934550 1842200
Net12 5 
V1 2597430 1935200 2580150 1952480
V1 2580150 1952480 2300000 1952480
V1 2300000 1952480 1875000 1818200
V1 1875000 1818200 1024370 1818200
V1 1024370 1818200 1000370 1842200
Net17 5 
V1 2619080 1909280 2606120 1922240
V1 2606120 1922240 2300000 1922240
V1 2300000 1922240 1875000 1808600
V1 1875000 1808600 1042877 1808600
V1 1042877 1808600 1033277 1799000
Net20 5 
V1 2792280 1909280 2787960 1904960
V1 2787960 1904960 2300000 1904960
V1 2300000 1904960 1875000 1803800
V1 1875000 1803800 1432980 1803800
V1 1432980 1803800 1428180 1799000
Net22 5 
V1 2554130 1883360 2549810 1887680
V1 2549810 1887680 2300000 1887680
V1 2300000 1887680 1875000 1743456
V1 1875000 1743456 1210163 1743456
V1 1210163 1743456 1197820 1755800
Net23 5 
V1 2640730 1883360 2632090 1892000
V1 2632090 1892000 2300000 1892000
V1 2300000 1892000 1875000 1749627
V1 1875000 1749627 1269812 1749627
V1 1269812 1749627 1263640 1755800
Net25 5 
V1 2727330 1883360 2714370 1896320
V1 2714370 1896320 2300000 1896320
V1 2300000 1896320 1875000 1770200
V1 1875000 1770200 1391162 1770200
V1 1391162 1770200 1362362 1799000
Net26 5 
V1 2770630 1883360 2753350 1900640
V1 2753350 1900640 2300000 1900640
V1 2300000 1900640 1875000 1784600
V1 1875000 1784600 1574220 1784600
V1 1574220 1784600 1559820 1799000
Net28 5 
V1 2619080 1857440 2606120 1870400
V1 2606120 1870400 2300000 1870400
V1 2300000 1870400 1875000 1737285
V1 1875000 1737285 1084697 1737285
V1 1084697 1737285 1066182 1755800
Net34 5 
V1 2597430 1831520 2584470 1844480
V1 2584470 1844480 2300000 1844480
V1 2300000 1844480 1875000 1731113
V1 1875000 1731113 1025056 1731113
V1 1025056 1731113 1000370 1755800
Net36 5 
V1 2684030 1831520 2679710 1827200
V1 2679710 1827200 2300000 1827200
V1 2300000 1827200 1875000 1724942
V1 1875000 1724942 1374705 1724942
V1 1374705 1724942 1362362 1712600
Net37 5 
V1 2727330 1831520 2718690 1822880
V1 2718690 1822880 2300000 1822880
V1 2300000 1822880 1875000 1718771
V1 1875000 1718771 1434351 1718771
V1 1434351 1718771 1428180 1712600
Net38 5 
V1 2770630 1831520 2757670 1818560
V1 2757670 1818560 2300000 1818560
V1 2300000 1818560 1875000 1705400
V1 1875000 1705400 1501200 1705400
V1 1501200 1705400 1494000 1712600
Net40 5 
V1 2662380 1805600 2657196 1800416
V1 2657196 1800416 2300000 1800416
V1 2300000 1800416 1875000 1683800
V1 1875000 1683800 1127890 1683800
V1 1127890 1683800 1099090 1712600
Net41 5 
V1 2705680 1805600 2701360 1809920
V1 2701360 1809920 2300000 1809920
V1 2300000 1809920 1875000 1691000
V1 1875000 1691000 1186510 1691000
V1 1186510 1691000 1164910 1712600
Net42 5 
V1 2792280 1805600 2783640 1814240
V1 2783640 1814240 2300000 1814240
V1 2300000 1814240 1875000 1698200
V1 1875000 1698200 1310950 1698200
V1 1310950 1698200 1296550 1712600
Net45 5 
V1 2640730 1779680 2635546 1784864
V1 2635546 1784864 2300000 1784864
V1 2300000 1784864 1875000 1647800
V1 1875000 1647800 1285240 1647800
V1 1285240 1647800 1263640 1669400
Net46 5 
V1 2684030 1779680 2673662 1790048
V1 2673662 1790048 2300000 1790048
V1 2300000 1790048 1875000 1658600
V1 1875000 1658600 1406070 1658600
V1 1406070 1658600 1395270 1669400
Net47 5 
V1 2770630 1779680 2755078 1795232
V1 2755078 1795232 2300000 1795232
V1 2300000 1795232 1875000 1676600
V1 1875000 1676600 1599930 1676600
V1 1599930 1676600 1592730 1669400
Net53 5 
V1 2792280 1753760 2779320 1766720
V1 2779320 1766720 2300000 1766720
V1 2300000 1766720 1875000 1637000
V1 1875000 1637000 1570620 1637000
V1 1570620 1637000 1559820 1626200
Net54 5 
V1 2835582 1753760 2822622 1740800
V1 2822622 1740800 2300000 1740800
V1 2300000 1740800 1875000 1604600
V1 1875000 1604600 857420 1604600
V1 857420 1604600 835820 1626200
Net60 5 
V1 2575780 1701920 2569300 1708400
V1 2569300 1708400 2300000 1708400
V1 2300000 1708400 1875000 1566800
V1 1875000 1566800 950750 1566800
V1 950750 1566800 934550 1583000
Net61 5 
V1 2619080 1701920 2606120 1714880
V1 2606120 1714880 2300000 1714880
V1 2300000 1714880 1875000 1572200
V1 1875000 1572200 1142800 1572200
V1 1142800 1572200 1132000 1583000
Net62 5 
V1 2662380 1701920 2642940 1721360
V1 2642940 1721360 2300000 1721360
V1 2300000 1721360 1875000 1577600
V1 1875000 1577600 1203220 1577600
V1 1203220 1577600 1197820 1583000
Net72 5 
V1 2619080 1650080 2606120 1663040
V1 2606120 1663040 2300000 1663040
V1 2300000 1663040 1875000 1561400
V1 1875000 1561400 1054877 1561400
V1 1054877 1561400 1033277 1539800
Net73 5 
V1 2662380 1650080 2658060 1645760
V1 2658060 1645760 2300000 1645760
V1 2300000 1645760 1875000 1556000
V1 1875000 1556000 1115290 1556000
V1 1115290 1556000 1099090 1539800
Net74 5 
V1 2748980 1650080 2740340 1641440
V1 2740340 1641440 2300000 1641440
V1 2300000 1641440 1875000 1550600
V1 1875000 1550600 1504800 1550600
V1 1504800 1550600 1494000 1539800
Net75 5 
V1 2792280 1650080 2779320 1637120
V1 2779320 1637120 2300000 1637120
V1 2300000 1637120 1875000 1545200
V1 1875000 1545200 1565220 1545200
V1 1565220 1545200 1559820 1539800
Net76 5 
V1 2835582 1650080 2818302 1632800
V1 2818302 1632800 2300000 1632800
V1 2300000 1632800 1875000 1525400
V1 1875000 1525400 850220 1525400
V1 850220 1525400 835820 1539800
Net77 5 
V1 2554130 1624160 2545490 1615520
V1 2545490 1615520 2300000 1615520
V1 2300000 1615520 1875000 1482200
V1 1875000 1482200 1080582 1482200
V1 1080582 1482200 1066182 1496600
Net78 5 
V1 2597430 1624160 2593110 1628480
V1 2593110 1628480 2300000 1628480
V1 2300000 1628480 1875000 1511000
V1 1875000 1511000 1212220 1511000
V1 1212220 1511000 1197820 1496600
Net87 5 
V1 2835582 1598240 2826942 1606880
V1 2826942 1606880 2300000 1606880
V1 2300000 1606880 1875000 1467800
V1 1875000 1467800 897530 1467800
V1 897530 1467800 868730 1496600
