Nets 21
Net6 5 
M2 3454790 1978400 3433190 2000000
M2 3433190 2000000 2300000 2000000
M2 2300000 2000000 1875000 1808258
M2 1875000 1808258 250011 1808258
M2 250011 1808258 222240 1836030
Net17 5 
M2 2597430 1892000 2575830 1913600
M2 2575830 1913600 2300000 1913600
M2 2300000 1913600 1875000 1752711
M2 1875000 1752711 392916 1752711
M2 392916 1752711 365140 1780487
Net25 5 
M2 3454790 1892000 3433190 1870400
M2 3433190 1870400 2300000 1870400
M2 2300000 1870400 1875000 1697171
M2 1875000 1697171 250008 1697171
M2 250008 1697171 222240 1724940
Net48 5 
M2 3104050 1762400 3095410 1771040
M2 3095410 1771040 2300000 1771040
M2 2300000 1771040 1875000 1624968
M2 1875000 1624968 981141 1624968
M2 981141 1624968 936710 1669400
Net49 5 
M2 3181997 1762400 3164717 1779680
M2 3164717 1779680 2300000 1779680
M2 2300000 1779680 1875000 1636077
M2 1875000 1636077 1065303 1636077
M2 1065303 1636077 1031980 1669400
Net50 5 
M2 3259940 1762400 3234020 1788320
M2 3234020 1788320 2300000 1788320
M2 2300000 1788320 1875000 1647185
M2 1875000 1647185 1244714 1647185
M2 1244714 1647185 1222500 1669400
Net51 5 
M2 3415820 1762400 3381260 1796960
M2 3381260 1796960 2300000 1796960
M2 2300000 1796960 1875000 1658294
M2 1875000 1658294 1328868 1658294
M2 1328868 1658294 1317762 1669400
Net52 5 
M2 2597430 1719200 2592630 1724000
M2 2592630 1724000 2300000 1724000
M2 2300000 1724000 1875000 1539798
M2 1875000 1539798 383654 1539798
M2 383654 1539798 365140 1558312
Net53 5 
M2 2675370 1719200 2665770 1728800
M2 2665770 1728800 2300000 1728800
M2 2300000 1728800 1875000 1565255
M2 1875000 1565255 366112 1565255
M2 366112 1565255 317507 1613860
Net54 5 
M2 2831252 1719200 2816852 1733600
M2 2816852 1733600 2300000 1733600
M2 2300000 1733600 1875000 1572198
M2 1875000 1572198 549692 1572198
M2 549692 1572198 508030 1613860
Net55 5 
M2 2987140 1719200 2967940 1738400
M2 2967940 1738400 2300000 1738400
M2 2300000 1738400 1875000 1579140
M2 1875000 1579140 638009 1579140
M2 638009 1579140 603290 1613860
Net56 5 
M2 3065080 1719200 3041080 1743200
M2 3041080 1743200 2300000 1743200
M2 2300000 1743200 1875000 1586083
M2 1875000 1586083 821596 1586083
M2 821596 1586083 793820 1613860
Net57 5 
M2 3143020 1719200 3114220 1748000
M2 3114220 1748000 2300000 1748000
M2 2300000 1748000 1875000 1593026
M2 1875000 1593026 909913 1593026
M2 909913 1593026 889080 1613860
Net58 5 
M2 3220970 1719200 3187370 1752800
M2 3187370 1752800 2300000 1752800
M2 2300000 1752800 1875000 1599969
M2 1875000 1599969 1093501 1599969
M2 1093501 1599969 1079610 1613860
Net59 5 
M2 3298910 1719200 3260510 1757600
M2 3260510 1757600 2300000 1757600
M2 2300000 1757600 1875000 1606911
M2 1875000 1606911 1181818 1606911
M2 1181818 1606911 1174870 1613860
Net82 5 
M2 2792280 1589600 2786107 1595772
M2 2786107 1595772 2300000 1595772
M2 2300000 1595772 1875000 1456484
M2 1875000 1456484 840105 1456484
M2 840105 1456484 793820 1502770
Net83 5 
M2 2870227 1589600 2857883 1601943
M2 2857883 1601943 2300000 1601943
M2 2300000 1601943 1875000 1465741
M2 1875000 1465741 1116638 1465741
M2 1116638 1465741 1079610 1502770
Net84 5 
M2 3026110 1589600 3007595 1608115
M2 3007595 1608115 2300000 1608115
M2 2300000 1608115 1875000 1474998
M2 1875000 1474998 1297901 1474998
M2 1297901 1474998 1270130 1502770
Net85 5 
M2 3104050 1589600 3079363 1614286
M2 3079363 1614286 2300000 1614286
M2 2300000 1614286 1875000 1484255
M2 1875000 1484255 1383912 1484255
M2 1383912 1484255 1365397 1502770
Net86 5 
M2 3259940 1589600 3229082 1620457
M2 3229082 1620457 2300000 1620457
M2 2300000 1620457 1875000 1493512
M2 1875000 1493512 1565177 1493512
M2 1565177 1493512 1555920 1502770
Net87 5 
M2 3493762 1589600 3456733 1626628
M2 3456733 1626628 2300000 1626628
M2 2300000 1626628 1875000 1521284
M2 1875000 1521284 306898 1521284
M2 306898 1521284 269870 1558312
