Nets 66
Net0 5 
V1 2554130 1987040 2548946 1992224
V1 2548946 1992224 2300000 1992224
V1 2300000 1992224 1875000 1859480
V1 1875000 1859480 1400000 1859480
V1 1400000 1859480 1382720 1876760
Net1 5 
V1 2640730 1987040 2630362 1997408
V1 2630362 1997408 2300000 1997408
V1 2300000 1997408 1875000 1863800
V1 1875000 1863800 1482280 1863800
V1 1482280 1863800 1469320 1876760
Net2 5 
V1 2727330 1987040 2711778 2002592
V1 2711778 2002592 2300000 2002592
V1 2300000 2002592 1875000 1868120
V1 1875000 1868120 1564560 1868120
V1 1564560 1868120 1555920 1876760
Net3 5 
V1 2770630 1987040 2749894 2007776
V1 2749894 2007776 2300000 2007776
V1 2300000 2007776 1875000 1872440
V1 1875000 1872440 1603540 1872440
V1 1603540 1872440 1599220 1876760
Net6 5 
V1 2662380 1961120 2658060 1965440
V1 2658060 1965440 2300000 1965440
V1 2300000 1965440 1875000 1833560
V1 1875000 1833560 1508250 1833560
V1 1508250 1833560 1490970 1850840
Net7 5 
V1 2705680 1961120 2697040 1969760
V1 2697040 1969760 2300000 1969760
V1 2300000 1969760 1875000 1837880
V1 1875000 1837880 1547230 1837880
V1 1547230 1837880 1534270 1850840
Net8 5 
V1 2748980 1961120 2736020 1974080
V1 2736020 1974080 2300000 1974080
V1 2300000 1974080 1875000 1842200
V1 1875000 1842200 1586210 1842200
V1 1586210 1842200 1577570 1850840
Net9 5 
V1 2792280 1961120 2775000 1978400
V1 2775000 1978400 2300000 1978400
V1 2300000 1978400 1875000 1846520
V1 1875000 1846520 1625190 1846520
V1 1625190 1846520 1620870 1850840
Net10 5 
V1 2835582 1961120 2813982 1982720
V1 2813982 1982720 2300000 1982720
V1 2300000 1982720 1875000 1855160
V1 1875000 1855160 1361017 1855160
V1 1361017 1855160 1339417 1876760
Net11 5 
V1 2554130 1935200 2549810 1939520
V1 2549810 1939520 2300000 1939520
V1 2300000 1939520 1875000 1807640
V1 1875000 1807640 1400000 1807640
V1 1400000 1807640 1382720 1824920
Net12 5 
V1 2597430 1935200 2588790 1943840
V1 2588790 1943840 2300000 1943840
V1 2300000 1943840 1875000 1811960
V1 1875000 1811960 1438980 1811960
V1 1438980 1811960 1426020 1824920
Net13 5 
V1 2684030 1935200 2671070 1948160
V1 2671070 1948160 2300000 1948160
V1 2300000 1948160 1875000 1816280
V1 1875000 1816280 1521260 1816280
V1 1521260 1816280 1512620 1824920
Net14 5 
V1 2727330 1935200 2710050 1952480
V1 2710050 1952480 2300000 1952480
V1 2300000 1952480 1875000 1820600
V1 1875000 1820600 1560240 1820600
V1 1560240 1820600 1555920 1824920
Net15 5 
V1 2813932 1935200 2792332 1956800
V1 2792332 1956800 2300000 1956800
V1 2300000 1956800 1875000 1829240
V1 1875000 1829240 1603540 1829240
V1 1603540 1829240 1599220 1824920
Net18 5 
V1 2662380 1909280 2653740 1900640
V1 2653740 1900640 2300000 1900640
V1 2300000 1900640 1875000 1779560
V1 1875000 1779560 1510410 1779560
V1 1510410 1779560 1490970 1799000
Net19 5 
V1 2748980 1909280 2742500 1915760
V1 2742500 1915760 2300000 1915760
V1 2300000 1915760 1875000 1786040
V1 1875000 1786040 1547230 1786040
V1 1547230 1786040 1534270 1799000
Net20 5 
V1 2792280 1909280 2779320 1922240
V1 2779320 1922240 2300000 1922240
V1 2300000 1922240 1875000 1792520
V1 1875000 1792520 1627350 1792520
V1 1627350 1792520 1620870 1799000
Net21 5 
V1 2835582 1909280 2816142 1928720
V1 2816142 1928720 2300000 1928720
V1 2300000 1928720 1875000 1803320
V1 1875000 1803320 1361017 1803320
V1 1361017 1803320 1339417 1824920
Net22 5 
V1 2554130 1883360 2545490 1892000
V1 2545490 1892000 2300000 1892000
V1 2300000 1892000 1875000 1764440
V1 1875000 1764440 1391360 1764440
V1 1391360 1764440 1382720 1773080
Net27 5 
V1 2575780 1857440 2571460 1861760
V1 2571460 1861760 2300000 1861760
V1 2300000 1861760 1875000 1726424
V1 1875000 1726424 1425106 1726424
V1 1425106 1726424 1404370 1747160
Net28 5 
V1 2619080 1857440 2610440 1866080
V1 2610440 1866080 2300000 1866080
V1 2300000 1866080 1875000 1731608
V1 1875000 1731608 1463222 1731608
V1 1463222 1731608 1447670 1747160
Net29 5 
V1 2662380 1857440 2649420 1870400
V1 2649420 1870400 2300000 1870400
V1 2300000 1870400 1875000 1736792
V1 1875000 1736792 1501338 1736792
V1 1501338 1736792 1490970 1747160
Net31 5 
V1 2792280 1857440 2775000 1874720
V1 2775000 1874720 2300000 1874720
V1 2300000 1874720 1875000 1741976
V1 1875000 1741976 1626054 1741976
V1 1626054 1741976 1620870 1747160
Net32 5 
V1 2835582 1857440 2813982 1879040
V1 2813982 1879040 2300000 1879040
V1 2300000 1879040 1875000 1755800
V1 1875000 1755800 1356697 1755800
V1 1356697 1755800 1339417 1773080
Net33 5 
V1 2554130 1831520 2548946 1836704
V1 2548946 1836704 2300000 1836704
V1 2300000 1836704 1875000 1703960
V1 1875000 1703960 1400000 1703960
V1 1400000 1703960 1382720 1721240
Net35 5 
V1 2640730 1831520 2630362 1841888
V1 2630362 1841888 2300000 1841888
V1 2300000 1841888 1875000 1708280
V1 1875000 1708280 1482280 1708280
V1 1482280 1708280 1469320 1721240
Net36 5 
V1 2684030 1831520 2668478 1847072
V1 2668478 1847072 2300000 1847072
V1 2300000 1847072 1875000 1712600
V1 1875000 1712600 1521260 1712600
V1 1521260 1712600 1512620 1721240
Net38 5 
V1 2770630 1831520 2749894 1852256
V1 2749894 1852256 2300000 1852256
V1 2300000 1852256 1875000 1716920
V1 1875000 1716920 1603540 1716920
V1 1603540 1716920 1599220 1721240
Net39 5 
V1 2575780 1805600 2571460 1809920
V1 2571460 1809920 2300000 1809920
V1 2300000 1809920 1875000 1674584
V1 1875000 1674584 1425106 1674584
V1 1425106 1674584 1404370 1695320
Net40 5 
V1 2662380 1805600 2653740 1814240
V1 2653740 1814240 2300000 1814240
V1 2300000 1814240 1875000 1679768
V1 1875000 1679768 1506522 1679768
V1 1506522 1679768 1490970 1695320
Net41 5 
V1 2705680 1805600 2692720 1818560
V1 2692720 1818560 2300000 1818560
V1 2300000 1818560 1875000 1684952
V1 1875000 1684952 1544638 1684952
V1 1544638 1684952 1534270 1695320
Net42 5 
V1 2792280 1805600 2775000 1822880
V1 2775000 1822880 2300000 1822880
V1 2300000 1822880 1875000 1690136
V1 1875000 1690136 1626054 1690136
V1 1626054 1690136 1620870 1695320
Net43 5 
V1 2835582 1805600 2813982 1827200
V1 2813982 1827200 2300000 1827200
V1 2300000 1827200 1875000 1699640
V1 1875000 1699640 1361017 1699640
V1 1361017 1699640 1339417 1721240
Net45 5 
V1 2640730 1779680 2634250 1786160
V1 2634250 1786160 2300000 1786160
V1 2300000 1786160 1875000 1653848
V1 1875000 1653848 1484872 1653848
V1 1484872 1653848 1469320 1669400
Net46 5 
V1 2684030 1779680 2671070 1792640
V1 2671070 1792640 2300000 1792640
V1 2300000 1792640 1875000 1659032
V1 1875000 1659032 1522988 1659032
V1 1522988 1659032 1512620 1669400
Net47 5 
V1 2770630 1779680 2751190 1799120
V1 2751190 1799120 2300000 1799120
V1 2300000 1799120 1875000 1664216
V1 1875000 1664216 1604404 1664216
V1 1604404 1664216 1599220 1669400
Net49 5 
V1 2619080 1753760 2614760 1758080
V1 2614760 1758080 2300000 1758080
V1 2300000 1758080 1875000 1622744
V1 1875000 1622744 1468406 1622744
V1 1468406 1622744 1447670 1643480
Net50 5 
V1 2662380 1753760 2653740 1762400
V1 2653740 1762400 2300000 1762400
V1 2300000 1762400 1875000 1627928
V1 1875000 1627928 1506522 1627928
V1 1506522 1627928 1490970 1643480
Net52 5 
V1 2748980 1753760 2736020 1766720
V1 2736020 1766720 2300000 1766720
V1 2300000 1766720 1875000 1633112
V1 1875000 1633112 1587938 1633112
V1 1587938 1633112 1577570 1643480
Net53 5 
V1 2792280 1753760 2775000 1771040
V1 2775000 1771040 2300000 1771040
V1 2300000 1771040 1875000 1638296
V1 1875000 1638296 1626054 1638296
V1 1626054 1638296 1620870 1643480
Net54 5 
V1 2835582 1753760 2813982 1775360
V1 2813982 1775360 2300000 1775360
V1 2300000 1775360 1875000 1648664
V1 1875000 1648664 1360153 1648664
V1 1360153 1648664 1339417 1669400
Net55 5 
V1 2554130 1727840 2547650 1734320
V1 2547650 1734320 2300000 1734320
V1 2300000 1734320 1875000 1602008
V1 1875000 1602008 1398272 1602008
V1 1398272 1602008 1382720 1617560
Net56 5 
V1 2597430 1727840 2584470 1740800
V1 2584470 1740800 2300000 1740800
V1 2300000 1740800 1875000 1607192
V1 1875000 1607192 1436388 1607192
V1 1436388 1607192 1426020 1617560
Net57 5 
V1 2684030 1727840 2664590 1747280
V1 2664590 1747280 2300000 1747280
V1 2300000 1747280 1875000 1612376
V1 1875000 1612376 1517804 1612376
V1 1517804 1612376 1512620 1617560
Net60 5 
V1 2575780 1701920 2571460 1706240
V1 2571460 1706240 2300000 1706240
V1 2300000 1706240 1875000 1570904
V1 1875000 1570904 1425106 1570904
V1 1425106 1570904 1404370 1591640
Net62 5 
V1 2662380 1701920 2653740 1710560
V1 2653740 1710560 2300000 1710560
V1 2300000 1710560 1875000 1576088
V1 1875000 1576088 1506522 1576088
V1 1506522 1576088 1490970 1591640
Net63 5 
V1 2705680 1701920 2692720 1714880
V1 2692720 1714880 2300000 1714880
V1 2300000 1714880 1875000 1581272
V1 1875000 1581272 1544638 1581272
V1 1544638 1581272 1534270 1591640
Net64 5 
V1 2792280 1701920 2775000 1719200
V1 2775000 1719200 2300000 1719200
V1 2300000 1719200 1875000 1586456
V1 1875000 1586456 1626054 1586456
V1 1626054 1586456 1620870 1591640
Net65 5 
V1 2835582 1701920 2813982 1723520
V1 2813982 1723520 2300000 1723520
V1 2300000 1723520 1875000 1596824
V1 1875000 1596824 1360153 1596824
V1 1360153 1596824 1339417 1617560
Net66 5 
V1 2554130 1676000 2548946 1681184
V1 2548946 1681184 2300000 1681184
V1 2300000 1681184 1875000 1548440
V1 1875000 1548440 1400000 1548440
V1 1400000 1548440 1382720 1565720
Net67 5 
V1 2640730 1676000 2630362 1686368
V1 2630362 1686368 2300000 1686368
V1 2300000 1686368 1875000 1552760
V1 1875000 1552760 1438980 1552760
V1 1438980 1552760 1426020 1565720
Net69 5 
V1 2727330 1676000 2711778 1691552
V1 2711778 1691552 2300000 1691552
V1 2300000 1691552 1875000 1557080
V1 1875000 1557080 1564560 1557080
V1 1564560 1557080 1555920 1565720
Net70 5 
V1 2770630 1676000 2749894 1696736
V1 2749894 1696736 2300000 1696736
V1 2300000 1696736 1875000 1561400
V1 1875000 1561400 1603540 1561400
V1 1603540 1561400 1599220 1565720
Net73 5 
V1 2662380 1650080 2657196 1655264
V1 2657196 1655264 2300000 1655264
V1 2300000 1655264 1875000 1520360
V1 1875000 1520360 1510410 1520360
V1 1510410 1520360 1490970 1539800
Net74 5 
V1 2748980 1650080 2738612 1660448
V1 2738612 1660448 2300000 1660448
V1 2300000 1660448 1875000 1526840
V1 1875000 1526840 1590530 1526840
V1 1590530 1526840 1577570 1539800
Net75 5 
V1 2792280 1650080 2776728 1665632
V1 2776728 1665632 2300000 1665632
V1 2300000 1665632 1875000 1533320
V1 1875000 1533320 1627350 1533320
V1 1627350 1533320 1620870 1539800
Net76 5 
V1 2835582 1650080 2814846 1670816
V1 2814846 1670816 2300000 1670816
V1 2300000 1670816 1875000 1544120
V1 1875000 1544120 1361017 1544120
V1 1361017 1544120 1339417 1565720
Net77 5 
V1 2554130 1624160 2548946 1629344
V1 2548946 1629344 2300000 1629344
V1 2300000 1629344 1875000 1496600
V1 1875000 1496600 1400000 1496600
V1 1400000 1496600 1382720 1513880
Net79 5 
V1 2640730 1624160 2630362 1634528
V1 2630362 1634528 2300000 1634528
V1 2300000 1634528 1875000 1500920
V1 1875000 1500920 1482280 1500920
V1 1482280 1500920 1469320 1513880
Net80 5 
V1 2684030 1624160 2668478 1639712
V1 2668478 1639712 2300000 1639712
V1 2300000 1639712 1875000 1505240
V1 1875000 1505240 1521260 1505240
V1 1521260 1505240 1512620 1513880
Net82 5 
V1 2770630 1624160 2749894 1644896
V1 2749894 1644896 2300000 1644896
V1 2300000 1644896 1875000 1509560
V1 1875000 1509560 1603540 1509560
V1 1603540 1509560 1599220 1513880
Net83 5 
V1 2575780 1598240 2571460 1602560
V1 2571460 1602560 2300000 1602560
V1 2300000 1602560 1875000 1467224
V1 1875000 1467224 1425106 1467224
V1 1425106 1467224 1404370 1487960
Net84 5 
V1 2619080 1598240 2610440 1606880
V1 2610440 1606880 2300000 1606880
V1 2300000 1606880 1875000 1472408
V1 1875000 1472408 1463222 1472408
V1 1463222 1472408 1447670 1487960
Net85 5 
V1 2705680 1598240 2692720 1611200
V1 2692720 1611200 2300000 1611200
V1 2300000 1611200 1875000 1477592
V1 1875000 1477592 1544638 1477592
V1 1544638 1477592 1534270 1487960
Net86 5 
V1 2792280 1598240 2775000 1615520
V1 2775000 1615520 2300000 1615520
V1 2300000 1615520 1875000 1482776
V1 1875000 1482776 1626054 1482776
V1 1626054 1482776 1620870 1487960
Net87 5 
V1 2835582 1598240 2813982 1619840
V1 2813982 1619840 2300000 1619840
V1 2300000 1619840 1875000 1492280
V1 1875000 1492280 1361017 1492280
V1 1361017 1492280 1339417 1513880
