Nets 20
Net5 5 
V2 3108817 1978400 3087217 2000000
V2 3087217 2000000 2300000 2000000
V2 2300000 2000000 1875000 1837880
V2 1875000 1837880 1620840 1837880
V2 1620840 1837880 1607880 1850840
Net13 5 
V2 3075910 1935200 3054310 1956800
V2 3054310 1956800 2300000 1956800
V2 2300000 1956800 1875000 1811960
V2 1875000 1811960 1486610 1811960
V2 1486610 1811960 1473650 1824920
Net23 5 
V2 3174630 1892000 3153030 1913600
V2 3153030 1913600 2300000 1913600
V2 2300000 1913600 1875000 1786040
V2 1875000 1786040 1620840 1786040
V2 1620840 1786040 1607880 1799000
Net31 5 
V2 3010090 1848800 2988490 1870400
V2 2988490 1870400 2300000 1870400
V2 2300000 1870400 1875000 1760120
V2 1875000 1760120 1432917 1760120
V2 1432917 1760120 1419957 1773080
Net32 5 
V2 3075910 1848800 3065110 1838000
V2 3065110 1838000 2300000 1838000
V2 2300000 1838000 1875000 1734200
V2 1875000 1734200 1459760 1734200
V2 1459760 1734200 1446800 1747160
Net35 5 
V2 3339180 1848800 3317580 1827200
V2 3317580 1827200 2300000 1827200
V2 2300000 1827200 1875000 1708280
V2 1875000 1708280 1271832 1708280
V2 1271832 1708280 1258872 1721240
Net38 5 
V2 2779730 1805600 2768930 1816400
V2 2768930 1816400 2300000 1816400
V2 2300000 1816400 1875000 1682360
V2 1875000 1682360 1459760 1682360
V2 1459760 1682360 1446800 1695320
Net48 5 
V2 3010090 1762400 2995690 1776800
V2 2995690 1776800 2300000 1776800
V2 2300000 1776800 1875000 1656440
V2 1875000 1656440 1432917 1656440
V2 1432917 1656440 1419957 1669400
Net49 5 
V2 3075910 1762400 3047110 1791200
V2 3047110 1791200 2300000 1791200
V2 2300000 1791200 1875000 1662920
V2 1875000 1662920 1480130 1662920
V2 1480130 1662920 1473650 1669400
Net55 5 
V2 2911360 1719200 2902720 1727840
V2 2902720 1727840 2300000 1727840
V2 2300000 1727840 1875000 1586456
V2 1875000 1586456 1505681 1586456
V2 1505681 1586456 1500497 1591640
Net59 5 
V2 3174630 1719200 3157350 1736480
V2 3157350 1736480 2300000 1736480
V2 2300000 1736480 1875000 1626200
V2 1875000 1626200 1571470 1626200
V2 1571470 1626200 1554190 1643480
Net60 5 
V2 3240450 1719200 3214530 1745120
V2 3214530 1745120 2300000 1745120
V2 2300000 1745120 1875000 1634840
V2 1875000 1634840 1616520 1634840
V2 1616520 1634840 1607880 1643480
Net61 5 
V2 3306270 1719200 3271710 1753760
V2 3271710 1753760 2300000 1753760
V2 2300000 1753760 1875000 1649960
V2 1875000 1649960 1278312 1649960
V2 1278312 1649960 1258872 1669400
Net62 5 
V2 2615180 1676000 2604380 1686800
V2 2604380 1686800 2300000 1686800
V2 2300000 1686800 1875000 1570904
V2 1875000 1570904 1360153 1570904
V2 1360153 1570904 1339417 1591640
Net64 5 
V2 2812637 1676000 2791037 1697600
V2 2791037 1697600 2300000 1697600
V2 2300000 1697600 1875000 1576088
V2 1875000 1576088 1408662 1576088
V2 1408662 1576088 1393110 1591640
Net65 5 
V2 2878450 1676000 2846050 1708400
V2 2846050 1708400 2300000 1708400
V2 2300000 1708400 1875000 1581272
V2 1875000 1581272 1457168 1581272
V2 1457168 1581272 1446800 1591640
Net71 5 
V2 2582270 1632800 2571470 1643600
V2 2571470 1643600 2300000 1643600
V2 2300000 1643600 1875000 1520360
V2 1875000 1520360 1305160 1520360
V2 1305160 1520360 1285720 1539800
Net72 5 
V2 2648090 1632800 2626490 1654400
V2 2626490 1654400 2300000 1654400
V2 2300000 1654400 1875000 1526840
V2 1875000 1526840 1406070 1526840
V2 1406070 1526840 1393110 1539800
Net73 5 
V2 2713910 1632800 2681510 1665200
V2 2681510 1665200 2300000 1665200
V2 2300000 1665200 1875000 1533320
V2 1875000 1533320 1453280 1533320
V2 1453280 1533320 1446800 1539800
Net83 5 
V2 2812637 1589600 2791037 1611200
V2 2791037 1611200 2300000 1611200
V2 2300000 1611200 1875000 1475000
V2 1875000 1475000 1352377 1475000
V2 1352377 1475000 1339417 1487960
