Nets 32
Net13 5 
V2 3181997 1935200 3171197 1946000
V2 3171197 1946000 2300000 1946000
V2 2300000 1946000 1875000 1874909
V2 1875000 1874909 1239160 1874909
V2 1239160 1874909 1222500 1891570
Net14 5 
V2 3259940 1935200 3238340 1956800
V2 3238340 1956800 2300000 1956800
V2 2300000 1956800 1875000 1880464
V2 1875000 1880464 1424136 1880464
V2 1424136 1880464 1413030 1891570
Net15 5 
V2 3337880 1935200 3305480 1967600
V2 3305480 1967600 2300000 1967600
V2 2300000 1967600 1875000 1886018
V2 1875000 1886018 1513841 1886018
V2 1513841 1886018 1508290 1891570
Net16 5 
V2 3493762 1935200 3479362 1920800
V2 3479362 1920800 2300000 1920800
V2 2300000 1920800 1875000 1869355
V2 1875000 1869355 292084 1869355
V2 292084 1869355 269870 1891570
Net20 5 
V2 2987140 1892000 2972740 1906400
V2 2972740 1906400 2300000 1906400
V2 2300000 1906400 1875000 1863801
V2 1875000 1863801 1107381 1863801
V2 1107381 1863801 1079610 1836030
Net21 5 
V2 3065080 1892000 3057880 1884800
V2 3057880 1884800 2300000 1884800
V2 2300000 1884800 1875000 1858247
V2 1875000 1858247 1197087 1858247
V2 1197087 1858247 1174870 1836030
Net22 5 
V2 3143020 1892000 3128620 1877600
V2 3128620 1877600 2300000 1877600
V2 2300000 1877600 1875000 1852692
V2 1875000 1852692 1286792 1852692
V2 1286792 1852692 1270130 1836030
Net23 5 
V2 3298910 1892000 3277310 1870400
V2 3277310 1870400 2300000 1870400
V2 2300000 1870400 1875000 1847138
V2 1875000 1847138 1376506 1847138
V2 1376506 1847138 1365397 1836030
Net24 5 
V2 3376850 1892000 3348050 1863200
V2 3348050 1863200 2300000 1863200
V2 2300000 1863200 1875000 1841584
V2 1875000 1841584 1466214 1841584
V2 1466214 1841584 1460660 1836030
Net27 5 
V2 2714340 1848800 2710020 1844480
V2 2710020 1844480 2300000 1844480
V2 2300000 1844480 1875000 1822144
V2 1875000 1822144 787846 1822144
V2 787846 1822144 746190 1780487
Net28 5 
V2 2792280 1848800 2783640 1840160
V2 2783640 1840160 2300000 1840160
V2 2300000 1840160 1875000 1815201
V2 1875000 1815201 876163 1815201
V2 876163 1815201 841450 1780487
Net29 5 
V2 2870227 1848800 2857267 1835840
V2 2857267 1835840 2300000 1835840
V2 2300000 1835840 1875000 1808258
V2 1875000 1808258 964481 1808258
V2 964481 1808258 936710 1780487
Net30 5 
V2 3026110 1848800 3008830 1831520
V2 3008830 1831520 2300000 1831520
V2 2300000 1831520 1875000 1801315
V2 1875000 1801315 1052808 1801315
V2 1052808 1801315 1031980 1780487
Net31 5 
V2 3104050 1848800 3082450 1827200
V2 3082450 1827200 2300000 1827200
V2 2300000 1827200 1875000 1794373
V2 1875000 1794373 1236385 1794373
V2 1236385 1794373 1222500 1780487
Net32 5 
V2 3181997 1848800 3156077 1822880
V2 3156077 1822880 2300000 1822880
V2 2300000 1822880 1875000 1787430
V2 1875000 1787430 1324705 1787430
V2 1324705 1787430 1317762 1780487
Net33 5 
V2 3337880 1848800 3307640 1818560
V2 3307640 1818560 2300000 1818560
V2 2300000 1818560 1875000 1761968
V2 1875000 1761968 1526809 1761968
V2 1526809 1761968 1508290 1780487
Net34 5 
V2 3415820 1848800 3408620 1856000
V2 3408620 1856000 2300000 1856000
V2 2300000 1856000 1875000 1829086
V2 1875000 1829086 1562863 1829086
V2 1562863 1829086 1555920 1836030
Net35 5 
V2 3493762 1848800 3459202 1814240
V2 3459202 1814240 2300000 1814240
V2 2300000 1814240 1875000 1743454
V2 1875000 1743454 306903 1743454
V2 306903 1743454 269870 1780487
Net36 5 
V2 2597430 1805600 2593110 1809920
V2 2593110 1809920 2300000 1809920
V2 2300000 1809920 1875000 1697171
V2 1875000 1697171 535798 1697171
V2 535798 1697171 508030 1724940
Net60 5 
V2 3376850 1719200 3355250 1740800
V2 3355250 1740800 2300000 1740800
V2 2300000 1740800 1875000 1650888
V2 1875000 1650888 1526802 1650888
V2 1526802 1650888 1508290 1669400
Net61 5 
V2 3454790 1719200 3440390 1704800
V2 3440390 1704800 2300000 1704800
V2 2300000 1704800 1875000 1632374
V2 1875000 1632374 240754 1632374
V2 240754 1632374 222240 1613860
Net64 5 
V2 2870227 1676000 2855827 1690400
V2 2855827 1690400 2300000 1690400
V2 2300000 1690400 1875000 1599969
V2 1875000 1599969 692579 1599969
V2 692579 1599969 650922 1558312
Net65 5 
V2 2948170 1676000 2943850 1671680
V2 2943850 1671680 2300000 1671680
V2 2300000 1671680 1875000 1586083
V2 1875000 1586083 773961 1586083
V2 773961 1586083 746190 1558312
Net66 5 
V2 3026110 1676000 3017470 1667360
V2 3017470 1667360 2300000 1667360
V2 2300000 1667360 1875000 1572198
V2 1875000 1572198 855335 1572198
V2 855335 1572198 841450 1558312
Net71 5 
V2 2597430 1632800 2593110 1637120
V2 2593110 1637120 2300000 1637120
V2 2300000 1637120 1875000 1484255
V2 1875000 1484255 336022 1484255
V2 336022 1484255 317507 1502770
Net74 5 
V2 2831252 1632800 2822612 1641440
V2 2822612 1641440 2300000 1641440
V2 2300000 1641440 1875000 1510704
V2 1875000 1510704 984318 1510704
V2 984318 1510704 936710 1558312
Net75 5 
V2 2987140 1632800 2974180 1645760
V2 2974180 1645760 2300000 1645760
V2 2300000 1645760 1875000 1518639
V2 1875000 1518639 1071653 1518639
V2 1071653 1518639 1031980 1558312
Net76 5 
V2 3143020 1632800 3125740 1650080
V2 3125740 1650080 2300000 1650080
V2 2300000 1650080 1875000 1526573
V2 1875000 1526573 1158979 1526573
V2 1158979 1526573 1127240 1558312
Net77 5 
V2 3220970 1632800 3199370 1654400
V2 3199370 1654400 2300000 1654400
V2 2300000 1654400 1875000 1534508
V2 1875000 1534508 1246304 1534508
V2 1246304 1534508 1222500 1558312
Net78 5 
V2 3298910 1632800 3272990 1658720
V2 3272990 1658720 2300000 1658720
V2 2300000 1658720 1875000 1542442
V2 1875000 1542442 1428900 1542442
V2 1428900 1542442 1413030 1558312
Net79 5 
V2 3376850 1632800 3346610 1663040
V2 3346610 1663040 2300000 1663040
V2 2300000 1663040 1875000 1550377
V2 1875000 1550377 1516225 1550377
V2 1516225 1550377 1508290 1558312
Net80 5 
V2 3454790 1632800 3433190 1611200
V2 3433190 1611200 2300000 1611200
V2 2300000 1611200 1875000 1465741
V2 1875000 1465741 259268 1465741
V2 259268 1465741 222240 1502770
