Nets 42
Net0 5 
V1 3097430 1728400 3088790 1737040
V1 3088790 1737040 2800000 1737040
V1 2800000 1737040 1875000 1859480
V1 1875000 1859480 1329850 1859480
V1 1329850 1859480 1312570 1876760
Net1 5 
V1 3253310 1728400 3236030 1745680
V1 3236030 1745680 2800000 1745680
V1 2800000 1745680 1875000 1863800
V1 1875000 1863800 1432917 1863800
V1 1432917 1863800 1419957 1876760
Net2 5 
V1 3331252 1728400 3305332 1754320
V1 3305332 1754320 2800000 1754320
V1 2800000 1754320 1875000 1868120
V1 1875000 1868120 1535980 1868120
V1 1535980 1868120 1527340 1876760
Net3 5 
V1 3487140 1728400 3452580 1762960
V1 3452580 1762960 2800000 1762960
V1 2800000 1762960 1875000 1872440
V1 1875000 1872440 1585360 1872440
V1 1585360 1872440 1581040 1876760
Net6 5 
V1 3954790 1728400 3948618 1722228
V1 3948618 1722228 2800000 1722228
V1 2800000 1722228 1875000 1855160
V1 1875000 1855160 1280472 1855160
V1 1280472 1855160 1258872 1876760
Net7 5 
V1 3136400 1685200 3130227 1691372
V1 3130227 1691372 2800000 1691372
V1 2800000 1691372 1875000 1829240
V1 1875000 1829240 1316890 1829240
V1 1316890 1829240 1312570 1824920
Net8 5 
V1 3214340 1685200 3205700 1676560
V1 3205700 1676560 2800000 1676560
V1 2800000 1676560 1875000 1811960
V1 1875000 1811960 1379220 1811960
V1 1379220 1811960 1366260 1824920
Net9 5 
V1 3292280 1685200 3279936 1697543
V1 3279936 1697543 2800000 1697543
V1 2800000 1697543 1875000 1833560
V1 1875000 1833560 1356697 1833560
V1 1356697 1833560 1339417 1850840
Net10 5 
V1 3370227 1685200 3351712 1703715
V1 3351712 1703715 2800000 1703715
V1 2800000 1703715 1875000 1837880
V1 1875000 1837880 1406070 1837880
V1 1406070 1837880 1393110 1850840
Net11 5 
V1 3448170 1685200 3423483 1709886
V1 3423483 1709886 2800000 1709886
V1 2800000 1709886 1875000 1842200
V1 1875000 1842200 1455440 1842200
V1 1455440 1842200 1446800 1850840
Net12 5 
V1 3604050 1685200 3573192 1716057
V1 3573192 1716057 2800000 1716057
V1 2800000 1716057 1875000 1846520
V1 1875000 1846520 1504817 1846520
V1 1504817 1846520 1500497 1850840
Net17 5 
V1 3097430 1642000 3090230 1634800
V1 3090230 1634800 2800000 1634800
V1 2800000 1634800 1875000 1778264
V1 1875000 1778264 1360153 1778264
V1 1360153 1778264 1339417 1799000
Net18 5 
V1 3175370 1642000 3166730 1650640
V1 3166730 1650640 2800000 1650640
V1 2800000 1650640 1875000 1783448
V1 1875000 1783448 1408662 1783448
V1 1408662 1783448 1393110 1799000
Net19 5 
V1 3331252 1642000 3313972 1659280
V1 3313972 1659280 2800000 1659280
V1 2800000 1659280 1875000 1788632
V1 1875000 1788632 1457168 1788632
V1 1457168 1788632 1446800 1799000
Net20 5 
V1 3487140 1642000 3461220 1667920
V1 3461220 1667920 2800000 1667920
V1 2800000 1667920 1875000 1793816
V1 1875000 1793816 1505681 1793816
V1 1505681 1793816 1500497 1799000
Net22 5 
V1 3643020 1642000 3628620 1627600
V1 3628620 1627600 2800000 1627600
V1 2800000 1627600 1875000 1764440
V1 1875000 1764440 1535980 1764440
V1 1535980 1764440 1527340 1773080
Net26 5 
V1 3136400 1598800 3125600 1588000
V1 3125600 1588000 2800000 1588000
V1 2800000 1588000 1875000 1703960
V1 1875000 1703960 1329850 1703960
V1 1329850 1703960 1312570 1721240
Net27 5 
V1 3214340 1598800 3207140 1606000
V1 3207140 1606000 2800000 1606000
V1 2800000 1606000 1875000 1712600
V1 1875000 1712600 1374900 1712600
V1 1374900 1712600 1366260 1721240
Net28 5 
V1 3292280 1598800 3277880 1613200
V1 3277880 1613200 2800000 1613200
V1 2800000 1613200 1875000 1734200
V1 1875000 1734200 1406070 1734200
V1 1406070 1734200 1393110 1747160
Net30 5 
V1 3526110 1598800 3504510 1620400
V1 3504510 1620400 2800000 1620400
V1 2800000 1620400 1875000 1755800
V1 1875000 1755800 1329850 1755800
V1 1329850 1755800 1312570 1773080
Net36 5 
V1 3097430 1555600 3090230 1548400
V1 3090230 1548400 2800000 1548400
V1 2800000 1548400 1875000 1675880
V1 1875000 1675880 1358857 1675880
V1 1358857 1675880 1339417 1695320
Net39 5 
V1 3487140 1555600 3476340 1566400
V1 3476340 1566400 2800000 1566400
V1 2800000 1566400 1875000 1682360
V1 1875000 1682360 1513457 1682360
V1 1513457 1682360 1500497 1695320
Net40 5 
V1 3643020 1555600 3621420 1577200
V1 3621420 1577200 2800000 1577200
V1 2800000 1577200 1875000 1688840
V1 1875000 1688840 1614360 1688840
V1 1614360 1688840 1607880 1695320
Net45 5 
V1 3292280 1512400 3285080 1519600
V1 3285080 1519600 2800000 1519600
V1 2800000 1519600 1875000 1626200
V1 1875000 1626200 1410390 1626200
V1 1410390 1626200 1393110 1643480
Net46 5 
V1 3370227 1512400 3355827 1526800
V1 3355827 1526800 2800000 1526800
V1 2800000 1526800 1875000 1634840
V1 1875000 1634840 1455440 1634840
V1 1455440 1634840 1446800 1643480
Net47 5 
V1 3448170 1512400 3426570 1534000
V1 3426570 1534000 2800000 1534000
V1 2800000 1534000 1875000 1652120
V1 1875000 1652120 1329850 1652120
V1 1329850 1652120 1312570 1669400
Net51 5 
V1 3915820 1512400 3887020 1541200
V1 3887020 1541200 2800000 1541200
V1 2800000 1541200 1875000 1660760
V1 1875000 1660760 1589680 1660760
V1 1589680 1660760 1581040 1669400
Net52 5 
V1 3097430 1469200 3088790 1477840
V1 3088790 1477840 2800000 1477840
V1 2800000 1477840 1875000 1596824
V1 1875000 1596824 1333306 1596824
V1 1333306 1596824 1312570 1617560
Net53 5 
V1 3175370 1469200 3158090 1486480
V1 3158090 1486480 2800000 1486480
V1 2800000 1486480 1875000 1602008
V1 1875000 1602008 1381812 1602008
V1 1381812 1602008 1366260 1617560
Net54 5 
V1 3331252 1469200 3305332 1495120
V1 3305332 1495120 2800000 1495120
V1 2800000 1495120 1875000 1607192
V1 1875000 1607192 1484018 1607192
V1 1484018 1607192 1473650 1617560
Net56 5 
V1 3565080 1469200 3554280 1458400
V1 3554280 1458400 2800000 1458400
V1 2800000 1458400 1875000 1578680
V1 1875000 1578680 1620840 1578680
V1 1620840 1578680 1607880 1591640
Net58 5 
V1 3720970 1469200 3686410 1503760
V1 3686410 1503760 2800000 1503760
V1 2800000 1503760 1875000 1612376
V1 1875000 1612376 1532524 1612376
V1 1532524 1612376 1527340 1617560
Net63 5 
V1 3292280 1426000 3281480 1436800
V1 3281480 1436800 2800000 1436800
V1 2800000 1436800 1875000 1552760
V1 1875000 1552760 1325530 1552760
V1 1325530 1552760 1312570 1565720
Net66 5 
V1 3526110 1426000 3504510 1447600
V1 3504510 1447600 2800000 1447600
V1 2800000 1447600 1875000 1559240
V1 1875000 1559240 1372740 1559240
V1 1372740 1559240 1366260 1565720
Net75 5 
V1 3487140 1382800 3480967 1388972
V1 3480967 1388972 2800000 1388972
V1 2800000 1388972 1875000 1500920
V1 1875000 1500920 1486610 1500920
V1 1486610 1500920 1473650 1513880
Net76 5 
V1 3643020 1382800 3630676 1395143
V1 3630676 1395143 2800000 1395143
V1 2800000 1395143 1875000 1505240
V1 1875000 1505240 1535980 1505240
V1 1535980 1505240 1527340 1513880
Net77 5 
V1 3720970 1382800 3702455 1401315
V1 3702455 1401315 2800000 1401315
V1 2800000 1401315 1875000 1509560
V1 1875000 1509560 1585360 1509560
V1 1585360 1509560 1581040 1513880
Net78 5 
V1 3798910 1382800 3774223 1407486
V1 3774223 1407486 2800000 1407486
V1 2800000 1407486 1875000 1522520
V1 1875000 1522520 1571470 1522520
V1 1571470 1522520 1554190 1539800
Net79 5 
V1 3876850 1382800 3845992 1413657
V1 3845992 1413657 2800000 1413657
V1 2800000 1413657 1875000 1531160
V1 1875000 1531160 1616520 1531160
V1 1616520 1531160 1607880 1539800
Net80 5 
V1 3954790 1382800 3917761 1419828
V1 3917761 1419828 2800000 1419828
V1 2800000 1419828 1875000 1546280
V1 1875000 1546280 1278312 1546280
V1 1278312 1546280 1258872 1565720
Net81 5 
V1 3136400 1339600 3122000 1354000
V1 3122000 1354000 2800000 1354000
V1 2800000 1354000 1875000 1492280
V1 1875000 1492280 1334170 1492280
V1 1334170 1492280 1312570 1513880
Net82 5 
V1 3292280 1339600 3263480 1368400
V1 3263480 1368400 2800000 1368400
V1 2800000 1368400 1875000 1496600
V1 1875000 1496600 1383540 1496600
V1 1383540 1496600 1366260 1513880
