Nets 22
Net4 5 
M2 3093960 1711120 3085320 1719760
M2 3085320 1719760 2800000 1719760
M2 2800000 1719760 1875000 1833560
M2 1875000 1833560 1291740 1833560
M2 1291740 1833560 1274460 1850840
Net5 5 
M2 3147660 1711120 3130380 1728400
M2 3130380 1728400 2800000 1728400
M2 2800000 1728400 1875000 1842200
M2 1875000 1842200 1347190 1842200
M2 1347190 1842200 1338550 1850840
Net16 5 
M2 3093960 1659280 3085320 1667920
M2 3085320 1667920 2800000 1667920
M2 2800000 1667920 1875000 1781720
M2 1875000 1781720 1291740 1781720
M2 1291740 1781720 1274460 1799000
Net17 5 
M2 3147660 1659280 3130380 1676560
M2 3130380 1676560 2800000 1676560
M2 2800000 1676560 1875000 1790360
M2 1875000 1790360 1347190 1790360
M2 1347190 1790360 1338550 1799000
Net23 5 
M2 3174502 1633360 3169318 1638544
M2 3169318 1638544 2800000 1638544
M2 2800000 1638544 1875000 1752344
M2 1875000 1752344 1391326 1752344
M2 1391326 1752344 1370590 1773080
Net24 5 
M2 3228200 1633360 3217832 1643728
M2 3217832 1643728 2800000 1643728
M2 2800000 1643728 1875000 1757528
M2 1875000 1757528 1450232 1757528
M2 1450232 1757528 1434680 1773080
Net25 5 
M2 3281890 1633360 3266338 1648912
M2 3266338 1648912 2800000 1648912
M2 2800000 1648912 1875000 1762712
M2 1875000 1762712 1509128 1762712
M2 1509128 1762712 1498760 1773080
Net26 5 
M2 3335582 1633360 3314846 1654096
M2 3314846 1654096 2800000 1654096
M2 2800000 1654096 1875000 1767896
M2 1875000 1767896 1568034 1767896
M2 1568034 1767896 1562850 1773080
Net30 5 
M2 3308740 1607440 3295780 1620400
M2 3295780 1620400 2800000 1620400
M2 2800000 1620400 1875000 1734200
M2 1875000 1734200 1543770 1734200
M2 1543770 1734200 1530810 1747160
Net34 5 
M2 3120810 1581520 3112170 1590160
M2 3112170 1590160 2800000 1590160
M2 2800000 1590160 1875000 1703960
M2 1875000 1703960 1323790 1703960
M2 1323790 1703960 1306510 1721240
Net37 5 
M2 3281890 1581520 3264610 1598800
M2 3264610 1598800 2800000 1598800
M2 2800000 1598800 1875000 1712600
M2 1875000 1712600 1507400 1712600
M2 1507400 1712600 1498760 1721240
Net44 5 
M2 3067120 1529680 3054160 1542640
M2 3054160 1542640 2800000 1542640
M2 2800000 1542640 1875000 1656440
M2 1875000 1656440 1255380 1656440
M2 1255380 1656440 1242420 1669400
Net48 5 
M2 3093960 1503760 3085320 1512400
M2 3085320 1512400 2800000 1512400
M2 2800000 1512400 1875000 1626200
M2 1875000 1626200 1291740 1626200
M2 1291740 1626200 1274460 1643480
Net51 5 
M2 3255042 1503760 3237762 1521040
M2 3237762 1521040 2800000 1521040
M2 2800000 1521040 1875000 1634840
M2 1875000 1634840 1475360 1634840
M2 1475360 1634840 1466720 1643480
Net58 5 
M2 3281890 1477840 3273250 1486480
M2 3273250 1486480 2800000 1486480
M2 2800000 1486480 1875000 1600280
M2 1875000 1600280 1516040 1600280
M2 1516040 1600280 1498760 1617560
Net59 5 
M2 3335582 1477840 3318302 1495120
M2 3318302 1495120 2800000 1495120
M2 2800000 1495120 1875000 1608920
M2 1875000 1608920 1571490 1608920
M2 1571490 1608920 1562850 1617560
Net61 5 
M2 3147660 1451920 3134700 1464880
M2 3134700 1464880 2800000 1464880
M2 2800000 1464880 1875000 1578680
M2 1875000 1578680 1351510 1578680
M2 1351510 1578680 1338550 1591640
Net68 5 
M2 3228200 1426000 3215240 1438960
M2 3215240 1438960 2800000 1438960
M2 2800000 1438960 1875000 1552760
M2 1875000 1552760 1447640 1552760
M2 1447640 1552760 1434680 1565720
Net71 5 
M2 3093960 1400080 3085320 1408720
M2 3085320 1408720 2800000 1408720
M2 2800000 1408720 1875000 1522520
M2 1875000 1522520 1227660 1522520
M2 1227660 1522520 1210380 1539800
Net72 5 
M2 3147660 1400080 3130380 1417360
M2 3130380 1417360 2800000 1417360
M2 2800000 1417360 1875000 1531160
M2 1875000 1531160 1347190 1531160
M2 1347190 1531160 1338550 1539800
Net78 5 
M2 3120810 1374160 3112170 1382800
M2 3112170 1382800 2800000 1382800
M2 2800000 1382800 1875000 1496600
M2 1875000 1496600 1323790 1496600
M2 1323790 1496600 1306510 1513880
Net81 5 
M2 3281890 1374160 3264610 1391440
M2 3264610 1391440 2800000 1391440
M2 2800000 1391440 1875000 1505240
M2 1875000 1505240 1507400 1505240
M2 1507400 1505240 1498760 1513880
