Nets 32
Net13 5 
V2 3681997 1685200 3671197 1696000
V2 3671197 1696000 2800000 1696000
V2 2800000 1696000 1875000 1874909
V2 1875000 1874909 1239160 1874909
V2 1239160 1874909 1222500 1891570
Net14 5 
V2 3759940 1685200 3738340 1706800
V2 3738340 1706800 2800000 1706800
V2 2800000 1706800 1875000 1880464
V2 1875000 1880464 1424136 1880464
V2 1424136 1880464 1413030 1891570
Net15 5 
V2 3837880 1685200 3805480 1717600
V2 3805480 1717600 2800000 1717600
V2 2800000 1717600 1875000 1886018
V2 1875000 1886018 1513841 1886018
V2 1513841 1886018 1508290 1891570
Net16 5 
V2 3993762 1685200 3979362 1670800
V2 3979362 1670800 2800000 1670800
V2 2800000 1670800 1875000 1869355
V2 1875000 1869355 292084 1869355
V2 292084 1869355 269870 1891570
Net20 5 
V2 3487140 1642000 3472740 1656400
V2 3472740 1656400 2800000 1656400
V2 2800000 1656400 1875000 1863801
V2 1875000 1863801 1107381 1863801
V2 1107381 1863801 1079610 1836030
Net21 5 
V2 3565080 1642000 3557880 1634800
V2 3557880 1634800 2800000 1634800
V2 2800000 1634800 1875000 1858247
V2 1875000 1858247 1197087 1858247
V2 1197087 1858247 1174870 1836030
Net22 5 
V2 3643020 1642000 3628620 1627600
V2 3628620 1627600 2800000 1627600
V2 2800000 1627600 1875000 1852692
V2 1875000 1852692 1286792 1852692
V2 1286792 1852692 1270130 1836030
Net23 5 
V2 3798910 1642000 3777310 1620400
V2 3777310 1620400 2800000 1620400
V2 2800000 1620400 1875000 1847138
V2 1875000 1847138 1376506 1847138
V2 1376506 1847138 1365397 1836030
Net24 5 
V2 3876850 1642000 3848050 1613200
V2 3848050 1613200 2800000 1613200
V2 2800000 1613200 1875000 1841584
V2 1875000 1841584 1466214 1841584
V2 1466214 1841584 1460660 1836030
Net27 5 
V2 3214340 1598800 3210020 1594480
V2 3210020 1594480 2800000 1594480
V2 2800000 1594480 1875000 1822144
V2 1875000 1822144 787846 1822144
V2 787846 1822144 746190 1780487
Net28 5 
V2 3292280 1598800 3283640 1590160
V2 3283640 1590160 2800000 1590160
V2 2800000 1590160 1875000 1815201
V2 1875000 1815201 876163 1815201
V2 876163 1815201 841450 1780487
Net29 5 
V2 3370227 1598800 3357267 1585840
V2 3357267 1585840 2800000 1585840
V2 2800000 1585840 1875000 1808258
V2 1875000 1808258 964481 1808258
V2 964481 1808258 936710 1780487
Net30 5 
V2 3526110 1598800 3508830 1581520
V2 3508830 1581520 2800000 1581520
V2 2800000 1581520 1875000 1801315
V2 1875000 1801315 1052808 1801315
V2 1052808 1801315 1031980 1780487
Net31 5 
V2 3604050 1598800 3582450 1577200
V2 3582450 1577200 2800000 1577200
V2 2800000 1577200 1875000 1794373
V2 1875000 1794373 1236385 1794373
V2 1236385 1794373 1222500 1780487
Net32 5 
V2 3681997 1598800 3656077 1572880
V2 3656077 1572880 2800000 1572880
V2 2800000 1572880 1875000 1787430
V2 1875000 1787430 1324705 1787430
V2 1324705 1787430 1317762 1780487
Net33 5 
V2 3837880 1598800 3807640 1568560
V2 3807640 1568560 2800000 1568560
V2 2800000 1568560 1875000 1761968
V2 1875000 1761968 1526809 1761968
V2 1526809 1761968 1508290 1780487
Net34 5 
V2 3915820 1598800 3908620 1606000
V2 3908620 1606000 2800000 1606000
V2 2800000 1606000 1875000 1829086
V2 1875000 1829086 1562863 1829086
V2 1562863 1829086 1555920 1836030
Net35 5 
V2 3993762 1598800 3959202 1564240
V2 3959202 1564240 2800000 1564240
V2 2800000 1564240 1875000 1743454
V2 1875000 1743454 306903 1743454
V2 306903 1743454 269870 1780487
Net36 5 
V2 3097430 1555600 3093110 1559920
V2 3093110 1559920 2800000 1559920
V2 2800000 1559920 1875000 1697171
V2 1875000 1697171 535798 1697171
V2 535798 1697171 508030 1724940
Net60 5 
V2 3876850 1469200 3855250 1490800
V2 3855250 1490800 2800000 1490800
V2 2800000 1490800 1875000 1650888
V2 1875000 1650888 1526802 1650888
V2 1526802 1650888 1508290 1669400
Net61 5 
V2 3954790 1469200 3940390 1454800
V2 3940390 1454800 2800000 1454800
V2 2800000 1454800 1875000 1632374
V2 1875000 1632374 240754 1632374
V2 240754 1632374 222240 1613860
Net64 5 
V2 3370227 1426000 3355827 1440400
V2 3355827 1440400 2800000 1440400
V2 2800000 1440400 1875000 1599969
V2 1875000 1599969 692579 1599969
V2 692579 1599969 650922 1558312
Net65 5 
V2 3448170 1426000 3443850 1421680
V2 3443850 1421680 2800000 1421680
V2 2800000 1421680 1875000 1586083
V2 1875000 1586083 773961 1586083
V2 773961 1586083 746190 1558312
Net66 5 
V2 3526110 1426000 3517470 1417360
V2 3517470 1417360 2800000 1417360
V2 2800000 1417360 1875000 1572198
V2 1875000 1572198 855335 1572198
V2 855335 1572198 841450 1558312
Net71 5 
V2 3097430 1382800 3093110 1387120
V2 3093110 1387120 2800000 1387120
V2 2800000 1387120 1875000 1484255
V2 1875000 1484255 336022 1484255
V2 336022 1484255 317507 1502770
Net74 5 
V2 3331252 1382800 3322612 1391440
V2 3322612 1391440 2800000 1391440
V2 2800000 1391440 1875000 1510704
V2 1875000 1510704 984318 1510704
V2 984318 1510704 936710 1558312
Net75 5 
V2 3487140 1382800 3474180 1395760
V2 3474180 1395760 2800000 1395760
V2 2800000 1395760 1875000 1518639
V2 1875000 1518639 1071653 1518639
V2 1071653 1518639 1031980 1558312
Net76 5 
V2 3643020 1382800 3625740 1400080
V2 3625740 1400080 2800000 1400080
V2 2800000 1400080 1875000 1526573
V2 1875000 1526573 1158979 1526573
V2 1158979 1526573 1127240 1558312
Net77 5 
V2 3720970 1382800 3699370 1404400
V2 3699370 1404400 2800000 1404400
V2 2800000 1404400 1875000 1534508
V2 1875000 1534508 1246304 1534508
V2 1246304 1534508 1222500 1558312
Net78 5 
V2 3798910 1382800 3772990 1408720
V2 3772990 1408720 2800000 1408720
V2 2800000 1408720 1875000 1542442
V2 1875000 1542442 1428900 1542442
V2 1428900 1542442 1413030 1558312
Net79 5 
V2 3876850 1382800 3846610 1413040
V2 3846610 1413040 2800000 1413040
V2 2800000 1413040 1875000 1550377
V2 1875000 1550377 1516225 1550377
V2 1516225 1550377 1508290 1558312
Net80 5 
V2 3954790 1382800 3933190 1361200
V2 3933190 1361200 2800000 1361200
V2 2800000 1361200 1875000 1465741
V2 1875000 1465741 259268 1465741
V2 259268 1465741 222240 1502770
