Nets 40
Net0 5 
V1 3097430 1728400 3091257 1734572
V1 3091257 1734572 2800000 1734572
V1 2800000 1734572 1875000 1856600
V1 1875000 1856600 859427 1856600
V1 859427 1856600 830627 1885400
Net1 5 
V1 3253310 1728400 3240966 1740743
V1 3240966 1740743 2800000 1740743
V1 2800000 1740743 1875000 1861400
V1 1875000 1861400 1027830 1861400
V1 1027830 1861400 1003830 1885400
Net2 5 
V1 3331252 1728400 3312737 1746915
V1 3312737 1746915 2800000 1746915
V1 2800000 1746915 1875000 1866200
V1 1875000 1866200 1109630 1866200
V1 1109630 1866200 1090430 1885400
Net3 5 
V1 3487140 1728400 3462453 1753086
V1 3462453 1753086 2800000 1753086
V1 2800000 1753086 1875000 1871000
V1 1875000 1871000 1278040 1871000
V1 1278040 1871000 1263640 1885400
Net4 5 
V1 3565080 1728400 3534222 1759257
V1 3534222 1759257 2800000 1759257
V1 2800000 1759257 1875000 1875800
V1 1875000 1875800 1359840 1875800
V1 1359840 1875800 1350240 1885400
Net5 5 
V1 3720970 1728400 3683941 1765428
V1 3683941 1765428 2800000 1765428
V1 2800000 1765428 1875000 1880600
V1 1875000 1880600 1528247 1880600
V1 1528247 1880600 1523447 1885400
Net7 5 
V1 3136400 1685200 3122000 1699600
V1 3122000 1699600 2800000 1699600
V1 2800000 1699600 1875000 1847000
V1 1875000 1847000 705520 1847000
V1 705520 1847000 700720 1842200
Net8 5 
V1 3214340 1685200 3199940 1670800
V1 3199940 1670800 2800000 1670800
V1 2800000 1670800 1875000 1827800
V1 1875000 1827800 801722 1827800
V1 801722 1827800 787322 1842200
Net16 5 
V1 3993762 1685200 3964962 1714000
V1 3964962 1714000 2800000 1714000
V1 2800000 1714000 1875000 1851800
V1 1875000 1851800 623720 1851800
V1 623720 1851800 614120 1842200
Net17 5 
V1 3097430 1642000 3088790 1633360
V1 3088790 1633360 2800000 1633360
V1 2800000 1633360 1875000 1790360
V1 1875000 1790360 752660 1790360
V1 752660 1790360 744020 1799000
Net18 5 
V1 3175370 1642000 3160970 1656400
V1 3160970 1656400 2800000 1656400
V1 2800000 1656400 1875000 1813400
V1 1875000 1813400 845027 1813400
V1 845027 1813400 830627 1799000
Net25 5 
V1 3954790 1642000 3937510 1624720
V1 3937510 1624720 2800000 1624720
V1 2800000 1624720 1875000 1781720
V1 1875000 1781720 588100 1781720
V1 588100 1781720 570820 1799000
Net26 5 
V1 3136400 1598800 3127760 1607440
V1 3127760 1607440 2800000 1607440
V1 2800000 1607440 1875000 1764440
V1 1875000 1764440 709360 1764440
V1 709360 1764440 700720 1755800
Net27 5 
V1 3214340 1598800 3199940 1584400
V1 3199940 1584400 2800000 1584400
V1 2800000 1584400 1875000 1741400
V1 1875000 1741400 801722 1741400
V1 801722 1741400 787322 1755800
Net35 5 
V1 3993762 1598800 3976482 1616080
V1 3976482 1616080 2800000 1616080
V1 2800000 1616080 1875000 1773080
V1 1875000 1773080 631400 1773080
V1 631400 1773080 614120 1755800
Net36 5 
V1 3097430 1555600 3092630 1550800
V1 3092630 1550800 2800000 1550800
V1 2800000 1550800 1875000 1691000
V1 1875000 1691000 679020 1691000
V1 679020 1691000 657420 1712600
Net37 5 
V1 3175370 1555600 3160970 1570000
V1 3160970 1570000 2800000 1570000
V1 2800000 1570000 1875000 1727000
V1 1875000 1727000 845027 1727000
V1 845027 1727000 830627 1712600
Net44 5 
V1 3214340 1512400 3209540 1507600
V1 3209540 1507600 2800000 1507600
V1 2800000 1507600 1875000 1631000
V1 1875000 1631000 739120 1631000
V1 739120 1631000 700720 1669400
Net45 5 
V1 3292280 1512400 3287480 1517200
V1 3287480 1517200 2800000 1517200
V1 2800000 1517200 1875000 1635800
V1 1875000 1635800 820922 1635800
V1 820922 1635800 787322 1669400
Net46 5 
V1 3370227 1512400 3360627 1522000
V1 3360627 1522000 2800000 1522000
V1 2800000 1522000 1875000 1640600
V1 1875000 1640600 902730 1640600
V1 902730 1640600 873930 1669400
Net47 5 
V1 3448170 1512400 3433770 1526800
V1 3433770 1526800 2800000 1526800
V1 2800000 1526800 1875000 1645400
V1 1875000 1645400 984530 1645400
V1 984530 1645400 960530 1669400
Net48 5 
V1 3604050 1512400 3584850 1531600
V1 3584850 1531600 2800000 1531600
V1 2800000 1531600 1875000 1650200
V1 1875000 1650200 1152932 1650200
V1 1152932 1650200 1133732 1669400
Net49 5 
V1 3681997 1512400 3657997 1536400
V1 3657997 1536400 2800000 1536400
V1 2800000 1536400 1875000 1655000
V1 1875000 1655000 1321340 1655000
V1 1321340 1655000 1306940 1669400
Net50 5 
V1 3759940 1512400 3731140 1541200
V1 3731140 1541200 2800000 1541200
V1 2800000 1541200 1875000 1659800
V1 1875000 1659800 1489742 1659800
V1 1489742 1659800 1480142 1669400
Net51 5 
V1 3915820 1512400 3882220 1546000
V1 3882220 1546000 2800000 1546000
V1 2800000 1546000 1875000 1664600
V1 1875000 1664600 1571550 1664600
V1 1571550 1664600 1566750 1669400
Net52 5 
V1 3097430 1469200 3092630 1474000
V1 3092630 1474000 2800000 1474000
V1 2800000 1474000 1875000 1595960
V1 1875000 1595960 687660 1595960
V1 687660 1595960 657420 1626200
Net53 5 
V1 3175370 1469200 3165770 1478800
V1 3165770 1478800 2800000 1478800
V1 2800000 1478800 1875000 1600280
V1 1875000 1600280 769940 1600280
V1 769940 1600280 744020 1626200
Net54 5 
V1 3331252 1469200 3316852 1483600
V1 3316852 1483600 2800000 1483600
V1 2800000 1483600 1875000 1604600
V1 1875000 1604600 938830 1604600
V1 938830 1604600 917230 1626200
Net57 5 
V1 3643020 1469200 3623820 1488400
V1 3623820 1488400 2800000 1488400
V1 2800000 1488400 1875000 1608920
V1 1875000 1608920 1280920 1608920
V1 1280920 1608920 1263640 1626200
Net58 5 
V1 3720970 1469200 3696970 1493200
V1 3696970 1493200 2800000 1493200
V1 2800000 1493200 1875000 1613240
V1 1875000 1613240 1363200 1613240
V1 1363200 1613240 1350240 1626200
Net59 5 
V1 3798910 1469200 3770110 1498000
V1 3770110 1498000 2800000 1498000
V1 2800000 1498000 1875000 1617560
V1 1875000 1617560 1445480 1617560
V1 1445480 1617560 1436840 1626200
Net60 5 
V1 3876850 1469200 3843250 1502800
V1 3843250 1502800 2800000 1502800
V1 2800000 1502800 1875000 1621880
V1 1875000 1621880 1527767 1621880
V1 1527767 1621880 1523447 1626200
Net62 5 
V1 3136400 1426000 3122000 1440400
V1 3122000 1440400 2800000 1440400
V1 2800000 1440400 1875000 1587320
V1 1875000 1587320 705040 1587320
V1 705040 1587320 700720 1583000
Net63 5 
V1 3292280 1426000 3277880 1411600
V1 3277880 1411600 2800000 1411600
V1 2800000 1411600 1875000 1568600
V1 1875000 1568600 801722 1568600
V1 801722 1568600 787322 1583000
Net70 5 
V1 3993762 1426000 3964962 1454800
V1 3964962 1454800 2800000 1454800
V1 2800000 1454800 1875000 1591640
V1 1875000 1591640 622760 1591640
V1 622760 1591640 614120 1583000
Net71 5 
V1 3097430 1382800 3088790 1374160
V1 3088790 1374160 2800000 1374160
V1 2800000 1374160 1875000 1531160
V1 1875000 1531160 752660 1531160
V1 752660 1531160 744020 1539800
Net72 5 
V1 3175370 1382800 3160970 1397200
V1 3160970 1397200 2800000 1397200
V1 2800000 1397200 1875000 1554200
V1 1875000 1554200 845027 1554200
V1 845027 1554200 830627 1539800
Net80 5 
V1 3954790 1382800 3937510 1365520
V1 3937510 1365520 2800000 1365520
V1 2800000 1365520 1875000 1522520
V1 1875000 1522520 588100 1522520
V1 588100 1522520 570820 1539800
Net81 5 
V1 3136400 1339600 3127760 1348240
V1 3127760 1348240 2800000 1348240
V1 2800000 1348240 1875000 1505240
V1 1875000 1505240 882570 1505240
V1 882570 1505240 873930 1496600
Net87 5 
V1 3993762 1339600 3976482 1356880
V1 3976482 1356880 2800000 1356880
V1 2800000 1356880 1875000 1513880
V1 1875000 1513880 631400 1513880
V1 631400 1513880 614120 1496600
