Nets 28
Net6 5 
M2 4166970 1722230 4139198 1750001
M2 4139198 1750001 2800000 1750001
M2 2800000 1750001 1875000 1827800
M2 1875000 1827800 1475490 1827800
M2 1475490 1827800 1461090 1842200
Net9 5 
M2 4452760 1722230 4434246 1703716
M2 4434246 1703716 2800000 1703716
M2 2800000 1703716 1875000 1813400
M2 1875000 1813400 897530 1813400
M2 897530 1813400 868730 1842200
Net16 5 
M2 3833550 1666687 3815035 1685202
M2 3815035 1685202 2800000 1685202
M2 2800000 1685202 1875000 1777400
M2 1875000 1777400 1252330 1777400
M2 1252330 1777400 1230730 1799000
Net21 5 
M2 4309860 1666687 4291346 1648173
M2 4291346 1648173 2800000 1648173
M2 2800000 1648173 1875000 1741400
M2 1875000 1741400 1607130 1741400
M2 1607130 1741400 1592730 1755800
Net26 5 
M2 3500130 1611140 3481610 1629659
M2 3481610 1629659 2800000 1629659
M2 2800000 1629659 1875000 1727000
M2 1875000 1727000 1029170 1727000
M2 1029170 1727000 1000370 1755800
Net36 5 
M2 3452500 1555600 3445559 1562540
M2 3445559 1562540 2800000 1562540
M2 2800000 1562540 1875000 1674800
M2 1875000 1674800 1071077 1674800
M2 1071077 1674800 1033277 1712600
Net37 5 
M2 3643020 1555600 3629136 1569483
M2 3629136 1569483 2800000 1569483
M2 2800000 1569483 1875000 1680200
M2 1875000 1680200 1131490 1680200
M2 1131490 1680200 1099090 1712600
Net38 5 
M2 3738290 1555600 3717463 1576426
M2 3717463 1576426 2800000 1576426
M2 2800000 1576426 1875000 1685600
M2 1875000 1685600 1191910 1685600
M2 1191910 1685600 1164910 1712600
Net39 5 
M2 3928810 1555600 3901041 1583369
M2 3901041 1583369 2800000 1583369
M2 2800000 1583369 1875000 1691000
M2 1875000 1691000 1318150 1691000
M2 1318150 1691000 1296550 1712600
Net40 5 
M2 4024077 1555600 3989365 1590311
M2 3989365 1590311 2800000 1590311
M2 2800000 1590311 1875000 1696400
M2 1875000 1696400 1378562 1696400
M2 1378562 1696400 1362362 1712600
Net41 5 
M2 4214600 1555600 4172945 1597254
M2 4172945 1597254 2800000 1597254
M2 2800000 1597254 1875000 1701800
M2 1875000 1701800 1438980 1701800
M2 1438980 1701800 1428180 1712600
Net42 5 
M2 4309860 1555600 4261262 1604197
M2 4261262 1604197 2800000 1604197
M2 2800000 1604197 1875000 1707200
M2 1875000 1707200 1499400 1707200
M2 1499400 1707200 1494000 1712600
Net44 5 
M2 3214340 1500060 3186571 1527828
M2 3186571 1527828 2800000 1527828
M2 2800000 1527828 1875000 1647800
M2 1875000 1647800 956150 1647800
M2 956150 1647800 934550 1669400
Net52 5 
M2 4357492 1500060 4350549 1493117
M2 4350549 1493117 2800000 1493117
M2 2800000 1493117 1875000 1621400
M2 1875000 1621400 1564620 1621400
M2 1564620 1621400 1559820 1626200
Net55 5 
M2 3357237 1444512 3350289 1451460
M2 3350289 1451460 2800000 1451460
M2 2800000 1451460 1875000 1592600
M2 1875000 1592600 1132690 1592600
M2 1132690 1592600 1099090 1626200
Net56 5 
M2 3452500 1444512 3438609 1458403
M2 3438609 1458403 2800000 1458403
M2 2800000 1458403 1875000 1597400
M2 1875000 1597400 1193710 1597400
M2 1193710 1597400 1164910 1626200
Net57 5 
M2 3643020 1444512 3622186 1465346
M2 3622186 1465346 2800000 1465346
M2 2800000 1465346 1875000 1602200
M2 1875000 1602200 1254730 1602200
M2 1254730 1602200 1230730 1626200
Net58 5 
M2 3738290 1444512 3710513 1472289
M2 3710513 1472289 2800000 1472289
M2 2800000 1472289 1875000 1607000
M2 1875000 1607000 1381562 1607000
M2 1381562 1607000 1362362 1626200
Net59 5 
M2 3833550 1444512 3798830 1479231
M2 3798830 1479231 2800000 1479231
M2 2800000 1479231 1875000 1611800
M2 1875000 1611800 1442580 1611800
M2 1442580 1611800 1428180 1626200
Net60 5 
M2 3928810 1444512 3887148 1486174
M2 3887148 1486174 2800000 1486174
M2 2800000 1486174 1875000 1616600
M2 1875000 1616600 1503600 1616600
M2 1503600 1616600 1494000 1626200
Net65 5 
M2 3119080 1388970 3112908 1382798
M2 3112908 1382798 2800000 1382798
M2 2800000 1382798 1875000 1587800
M2 1875000 1587800 940040 1587800
M2 940040 1587800 901640 1626200
Net72 5 
M2 3976440 1388970 3964097 1376627
M2 3964097 1376627 2800000 1376627
M2 2800000 1376627 1875000 1525400
M2 1875000 1525400 1310950 1525400
M2 1310950 1525400 1296550 1539800
Net82 5 
M2 3738290 1333430 3732120 1339600
M2 3732120 1339600 2800000 1339600
M2 2800000 1339600 1875000 1460600
M2 1875000 1460600 1233820 1460600
M2 1233820 1460600 1197820 1496600
Net83 5 
M2 3833550 1333430 3821208 1345771
M2 3821208 1345771 2800000 1345771
M2 2800000 1345771 1875000 1467800
M2 1875000 1467800 1292440 1467800
M2 1292440 1467800 1263640 1496600
Net84 5 
M2 4024077 1333430 4005565 1351942
M2 4005565 1351942 2800000 1351942
M2 2800000 1351942 1875000 1475000
M2 1875000 1475000 1416870 1475000
M2 1416870 1475000 1395270 1496600
Net85 5 
M2 4119340 1333430 4094656 1358113
M2 4094656 1358113 2800000 1358113
M2 2800000 1358113 1875000 1482200
M2 1875000 1482200 1475490 1482200
M2 1475490 1482200 1461090 1496600
Net86 5 
M2 4309860 1333430 4279005 1364285
M2 4279005 1364285 2800000 1364285
M2 2800000 1364285 1875000 1489400
M2 1875000 1489400 1599930 1489400
M2 1599930 1489400 1592730 1496600
Net87 5 
M2 4405130 1333430 4368103 1370456
M2 4368103 1370456 2800000 1370456
M2 2800000 1370456 1875000 1511000
M2 1875000 1511000 864620 1511000
M2 864620 1511000 835820 1539800
