Nets 26
Net13 5 
V2 3228200 1685200 3221720 1691680
V2 3221720 1691680 2800000 1691680
V2 2800000 1691680 1875000 1858247
V2 1875000 1858247 1272283 1858247
V2 1272283 1858247 1238960 1891570
Net14 5 
V2 3281890 1685200 3268930 1698160
V2 3268930 1698160 2800000 1698160
V2 2800000 1698160 1875000 1869355
V2 1875000 1869355 1444764 1869355
V2 1444764 1869355 1422550 1891570
Net15 5 
V2 3389280 1685200 3369840 1704640
V2 3369840 1704640 2800000 1704640
V2 2800000 1704640 1875000 1880464
V2 1875000 1880464 1525456 1880464
V2 1525456 1880464 1514350 1891570
Net19 5 
V2 3308740 1659280 3302260 1665760
V2 3302260 1665760 2800000 1665760
V2 2800000 1665760 1875000 1799001
V2 1875000 1799001 1138288 1799001
V2 1138288 1799001 1101260 1836030
Net20 5 
V2 3362430 1659280 3349470 1672240
V2 3349470 1672240 2800000 1672240
V2 2800000 1672240 1875000 1817515
V2 1875000 1817515 1395167 1817515
V2 1395167 1817515 1376652 1836030
Net21 5 
V2 3416127 1659280 3396687 1678720
V2 3396687 1678720 2800000 1678720
V2 2800000 1678720 1875000 1847138
V2 1875000 1847138 365401 1847138
V2 365401 1847138 320970 1891570
Net22 5 
V2 3067120 1633360 3058480 1642000
V2 3058480 1642000 2800000 1642000
V2 2800000 1642000 1875000 1758265
V2 1875000 1758265 1077582 1758265
V2 1077582 1758265 1055360 1780487
Net23 5 
V2 3174502 1633360 3157222 1650640
V2 3157222 1650640 2800000 1650640
V2 2800000 1650640 1875000 1769374
V2 1875000 1769374 1250073 1769374
V2 1250073 1769374 1238960 1780487
Net27 5 
V2 3093960 1607440 3081000 1620400
V2 3081000 1620400 2800000 1620400
V2 2800000 1620400 1875000 1747157
V2 1875000 1747157 996890 1747157
V2 996890 1747157 963560 1780487
Net34 5 
V2 3120810 1581520 3107850 1594480
V2 3107850 1594480 2800000 1594480
V2 2800000 1594480 1875000 1736048
V2 1875000 1736048 824399 1736048
V2 824399 1736048 779960 1780487
Net35 5 
V2 3174502 1581520 3165862 1572880
V2 3165862 1572880 2800000 1572880
V2 2800000 1572880 1875000 1706428
V2 1875000 1706428 660774 1706428
V2 660774 1706428 642262 1724940
Net39 5 
V2 3093960 1555600 3085320 1564240
V2 3085320 1564240 2800000 1564240
V2 2800000 1564240 1875000 1687914
V2 1875000 1687914 587493 1687914
V2 587493 1687914 550467 1724940
Net51 5 
V2 3255042 1503760 3246402 1512400
V2 3246402 1512400 2800000 1512400
V2 2800000 1512400 1875000 1641631
V2 1875000 1641631 1266729 1641631
V2 1266729 1641631 1238960 1669400
Net53 5 
V2 3362430 1503760 3345150 1521040
V2 3345150 1521040 2800000 1521040
V2 2800000 1521040 1875000 1655516
V2 1875000 1655516 1528233 1655516
V2 1528233 1655516 1514350 1669400
Net61 5 
V2 3147660 1451920 3143340 1456240
V2 3143340 1456240 2800000 1456240
V2 2800000 1456240 1875000 1539798
V2 1875000 1539798 706677 1539798
V2 706677 1539798 688162 1558312
Net62 5 
V2 3201350 1451920 3192710 1460560
V2 3192710 1460560 2800000 1460560
V2 2800000 1460560 1875000 1549055
V2 1875000 1549055 789217 1549055
V2 789217 1549055 779960 1558312
Net63 5 
V2 3255042 1451920 3242082 1464880
V2 3242082 1464880 2800000 1464880
V2 2800000 1464880 1875000 1576826
V2 1875000 1576826 679296 1576826
V2 679296 1576826 642262 1613860
Net64 5 
V2 3362430 1451920 3345150 1469200
V2 3345150 1469200 2800000 1469200
V2 2800000 1469200 1875000 1595340
V2 1875000 1595340 844379 1595340
V2 844379 1595340 825860 1613860
Net65 5 
V2 3416127 1451920 3394527 1473520
V2 3394527 1473520 2800000 1473520
V2 2800000 1473520 1875000 1627745
V2 1875000 1627745 362624 1627745
V2 362624 1627745 320970 1669400
Net66 5 
V2 3067120 1426000 3054160 1438960
V2 3054160 1438960 2800000 1438960
V2 2800000 1438960 1875000 1530541
V2 1875000 1530541 624139 1530541
V2 624139 1530541 596367 1558312
Net77 5 
V2 3067120 1374160 3054160 1387120
V2 3054160 1387120 2800000 1387120
V2 2800000 1387120 1875000 1521284
V2 1875000 1521284 752574 1521284
V2 752574 1521284 734060 1502770
Net78 5 
V2 3120810 1374160 3116490 1369840
V2 3116490 1369840 2800000 1369840
V2 2800000 1369840 1875000 1512027
V2 1875000 1512027 835117 1512027
V2 835117 1512027 825860 1502770
Net83 5 
V2 3093960 1348240 3089640 1352560
V2 3089640 1352560 2800000 1352560
V2 2800000 1352560 1875000 1458336
V2 1875000 1458336 1145694 1458336
V2 1145694 1458336 1101260 1502770
Net84 5 
V2 3147660 1348240 3139020 1356880
V2 3139020 1356880 2800000 1356880
V2 2800000 1356880 1875000 1469444
V2 1875000 1469444 1318183 1469444
V2 1318183 1469444 1284857 1502770
Net85 5 
V2 3255042 1348240 3242082 1361200
V2 3242082 1361200 2800000 1361200
V2 2800000 1361200 1875000 1480553
V2 1875000 1480553 1398869 1480553
V2 1398869 1480553 1376652 1502770
Net86 5 
V2 3362430 1348240 3345150 1365520
V2 3345150 1365520 2800000 1365520
V2 2800000 1365520 1875000 1491661
V2 1875000 1491661 1571358 1491661
V2 1571358 1491661 1560250 1502770
