Nets 48
Net6 5 
M2 4060880 1728400 4039280 1750000
M2 4039280 1750000 2800000 1750000
M2 2800000 1750000 1875000 1863800
M2 1875000 1863800 592420 1863800
M2 592420 1863800 570820 1885400
Net9 5 
M2 3324760 1685200 3319360 1690600
M2 3319360 1690600 2800000 1690600
M2 2800000 1690600 1875000 1804400
M2 1875000 1804400 911730 1804400
M2 911730 1804400 873930 1842200
Net10 5 
M2 3411360 1685200 3400560 1696000
M2 3400560 1696000 2800000 1696000
M2 2800000 1696000 1875000 1809800
M2 1875000 1809800 992930 1809800
M2 992930 1809800 960530 1842200
Net11 5 
M2 3497962 1685200 3481762 1701400
M2 3481762 1701400 2800000 1701400
M2 2800000 1701400 1875000 1815200
M2 1875000 1815200 1160732 1815200
M2 1160732 1815200 1133732 1842200
Net12 5 
M2 3671170 1685200 3649570 1706800
M2 3649570 1706800 2800000 1706800
M2 2800000 1706800 1875000 1820600
M2 1875000 1820600 1328540 1820600
M2 1328540 1820600 1306940 1842200
Net13 5 
M2 3757770 1685200 3730770 1712200
M2 3730770 1712200 2800000 1712200
M2 2800000 1712200 1875000 1826000
M2 1875000 1826000 1409740 1826000
M2 1409740 1826000 1393540 1842200
Net14 5 
M2 3844372 1685200 3811972 1717600
M2 3811972 1717600 2800000 1717600
M2 2800000 1717600 1875000 1831400
M2 1875000 1831400 1490942 1831400
M2 1490942 1831400 1480142 1842200
Net15 5 
M2 3930980 1685200 3893180 1723000
M2 3893180 1723000 2800000 1723000
M2 2800000 1723000 1875000 1836800
M2 1875000 1836800 1572150 1836800
M2 1572150 1836800 1566750 1842200
Net19 5 
M2 3368060 1642000 3361887 1648172
M2 3361887 1648172 2800000 1648172
M2 2800000 1648172 1875000 1761971
M2 1875000 1761971 1040858 1761971
M2 1040858 1761971 1003830 1799000
Net20 5 
M2 3541267 1642000 3528923 1654343
M2 3528923 1654343 2800000 1654343
M2 2800000 1654343 1875000 1768142
M2 1875000 1768142 1121287 1768142
M2 1121287 1768142 1090430 1799000
Net21 5 
M2 3627870 1642000 3609355 1660515
M2 3609355 1660515 2800000 1660515
M2 2800000 1660515 1875000 1774313
M2 1875000 1774313 1201723 1774313
M2 1201723 1774313 1177037 1799000
Net22 5 
M2 3714470 1642000 3689783 1666686
M2 3689783 1666686 2800000 1666686
M2 2800000 1666686 1875000 1780485
M2 1875000 1780485 1282155 1780485
M2 1282155 1780485 1263640 1799000
Net23 5 
M2 3887677 1642000 3856820 1672857
M2 3856820 1672857 2800000 1672857
M2 2800000 1672857 1875000 1786656
M2 1875000 1786656 1362583 1786656
M2 1362583 1786656 1350240 1799000
Net24 5 
M2 3974280 1642000 3937251 1679028
M2 3937251 1679028 2800000 1679028
M2 2800000 1679028 1875000 1792827
M2 1875000 1792827 1529620 1792827
M2 1529620 1792827 1523447 1799000
Net28 5 
M2 3324760 1598800 3319360 1604200
M2 3319360 1604200 2800000 1604200
M2 2800000 1604200 1875000 1718000
M2 1875000 1718000 911730 1718000
M2 911730 1718000 873930 1755800
Net29 5 
M2 3411360 1598800 3400560 1609600
M2 3400560 1609600 2800000 1609600
M2 2800000 1609600 1875000 1723400
M2 1875000 1723400 992930 1723400
M2 992930 1723400 960530 1755800
Net30 5 
M2 3584570 1598800 3568370 1615000
M2 3568370 1615000 2800000 1615000
M2 2800000 1615000 1875000 1728800
M2 1875000 1728800 1074130 1728800
M2 1074130 1728800 1047130 1755800
Net31 5 
M2 3671170 1598800 3649570 1620400
M2 3649570 1620400 2800000 1620400
M2 2800000 1620400 1875000 1734200
M2 1875000 1734200 1155332 1734200
M2 1155332 1734200 1133732 1755800
Net32 5 
M2 3757770 1598800 3730770 1625800
M2 3730770 1625800 2800000 1625800
M2 2800000 1625800 1875000 1739600
M2 1875000 1739600 1323140 1739600
M2 1323140 1739600 1306940 1755800
Net33 5 
M2 3930980 1598800 3898580 1631200
M2 3898580 1631200 2800000 1631200
M2 2800000 1631200 1875000 1745000
M2 1875000 1745000 1490942 1745000
M2 1490942 1745000 1480142 1755800
Net34 5 
M2 4017580 1598800 3979780 1636600
M2 3979780 1636600 2800000 1636600
M2 2800000 1636600 1875000 1750400
M2 1875000 1750400 1572150 1750400
M2 1572150 1750400 1566750 1755800
Net38 5 
M2 3368060 1555600 3361887 1561772
M2 3361887 1561772 2800000 1561772
M2 2800000 1561772 1875000 1675571
M2 1875000 1675571 954258 1675571
M2 954258 1675571 917230 1712600
Net39 5 
M2 3541267 1555600 3528923 1567943
M2 3528923 1567943 2800000 1567943
M2 2800000 1567943 1875000 1681742
M2 1875000 1681742 1034687 1681742
M2 1034687 1681742 1003830 1712600
Net40 5 
M2 3714470 1555600 3695955 1574115
M2 3695955 1574115 2800000 1574115
M2 2800000 1574115 1875000 1687913
M2 1875000 1687913 1201723 1687913
M2 1201723 1687913 1177037 1712600
Net41 5 
M2 3801070 1555600 3776383 1580286
M2 3776383 1580286 2800000 1580286
M2 2800000 1580286 1875000 1694085
M2 1875000 1694085 1282155 1694085
M2 1282155 1694085 1263640 1712600
Net42 5 
M2 3887677 1555600 3856820 1586457
M2 3856820 1586457 2800000 1586457
M2 2800000 1586457 1875000 1700256
M2 1875000 1700256 1362583 1700256
M2 1362583 1700256 1350240 1712600
Net43 5 
M2 3974280 1555600 3937251 1592628
M2 3937251 1592628 2800000 1592628
M2 2800000 1592628 1875000 1706427
M2 1875000 1706427 1443012 1706427
M2 1443012 1706427 1436840 1712600
Net55 5 
M2 3541267 1469200 3530467 1480000
M2 3530467 1480000 2800000 1480000
M2 2800000 1480000 1875000 1597400
M2 1875000 1597400 1032630 1597400
M2 1032630 1597400 1003830 1626200
Net56 5 
M2 3627870 1469200 3606270 1490800
M2 3606270 1490800 2800000 1490800
M2 2800000 1490800 1875000 1611800
M2 1875000 1611800 1104830 1611800
M2 1104830 1611800 1090430 1626200
Net61 5 
M2 4060880 1469200 4028480 1501600
M2 4028480 1501600 2800000 1501600
M2 2800000 1501600 1875000 1647800
M2 1875000 1647800 592420 1647800
M2 592420 1647800 570820 1626200
Net64 5 
M2 3411360 1426000 3405187 1432172
M2 3405187 1432172 2800000 1432172
M2 2800000 1432172 1875000 1545971
M2 1875000 1545971 997558 1545971
M2 997558 1545971 960530 1583000
Net65 5 
M2 3497962 1426000 3485618 1438343
M2 3485618 1438343 2800000 1438343
M2 2800000 1438343 1875000 1552142
M2 1875000 1552142 1077987 1552142
M2 1077987 1552142 1047130 1583000
Net66 5 
M2 3584570 1426000 3566055 1444515
M2 3566055 1444515 2800000 1444515
M2 2800000 1444515 1875000 1558313
M2 1875000 1558313 1158418 1558313
M2 1158418 1558313 1133732 1583000
Net67 5 
M2 3671170 1426000 3646483 1450686
M2 3646483 1450686 2800000 1450686
M2 2800000 1450686 1875000 1564485
M2 1875000 1564485 1325455 1564485
M2 1325455 1564485 1306940 1583000
Net68 5 
M2 3844372 1426000 3813515 1456857
M2 3813515 1456857 2800000 1456857
M2 2800000 1456857 1875000 1570656
M2 1875000 1570656 1492486 1570656
M2 1492486 1570656 1480142 1583000
Net69 5 
M2 3930980 1426000 3893951 1463028
M2 3893951 1463028 2800000 1463028
M2 2800000 1463028 1875000 1576827
M2 1875000 1576827 1572922 1576827
M2 1572922 1576827 1566750 1583000
Net73 5 
M2 3281460 1382800 3276060 1388200
M2 3276060 1388200 2800000 1388200
M2 2800000 1388200 1875000 1502000
M2 1875000 1502000 955030 1502000
M2 955030 1502000 917230 1539800
Net74 5 
M2 3368060 1382800 3357260 1393600
M2 3357260 1393600 2800000 1393600
M2 2800000 1393600 1875000 1507400
M2 1875000 1507400 1036230 1507400
M2 1036230 1507400 1003830 1539800
Net75 5 
M2 3541267 1382800 3525067 1399000
M2 3525067 1399000 2800000 1399000
M2 2800000 1399000 1875000 1512800
M2 1875000 1512800 1204037 1512800
M2 1204037 1512800 1177037 1539800
Net76 5 
M2 3714470 1382800 3692870 1404400
M2 3692870 1404400 2800000 1404400
M2 2800000 1404400 1875000 1518200
M2 1875000 1518200 1285240 1518200
M2 1285240 1518200 1263640 1539800
Net77 5 
M2 3801070 1382800 3774070 1409800
M2 3774070 1409800 2800000 1409800
M2 2800000 1409800 1875000 1523600
M2 1875000 1523600 1366440 1523600
M2 1366440 1523600 1350240 1539800
Net78 5 
M2 3887677 1382800 3855277 1415200
M2 3855277 1415200 2800000 1415200
M2 2800000 1415200 1875000 1529000
M2 1875000 1529000 1447640 1529000
M2 1447640 1529000 1436840 1539800
Net79 5 
M2 3974280 1382800 3936480 1420600
M2 3936480 1420600 2800000 1420600
M2 2800000 1420600 1875000 1534400
M2 1875000 1534400 1528847 1534400
M2 1528847 1534400 1523447 1539800
Net82 5 
M2 3324760 1339600 3317560 1346800
M2 3317560 1346800 2800000 1346800
M2 2800000 1346800 1875000 1460600
M2 1875000 1460600 1083130 1460600
M2 1083130 1460600 1047130 1496600
Net83 5 
M2 3411360 1339600 3396960 1354000
M2 3396960 1354000 2800000 1354000
M2 2800000 1354000 1875000 1467800
M2 1875000 1467800 1162532 1467800
M2 1162532 1467800 1133732 1496600
Net84 5 
M2 3584570 1339600 3562970 1361200
M2 3562970 1361200 2800000 1361200
M2 2800000 1361200 1875000 1475000
M2 1875000 1475000 1328540 1475000
M2 1328540 1475000 1306940 1496600
Net85 5 
M2 3671170 1339600 3642370 1368400
M2 3642370 1368400 2800000 1368400
M2 2800000 1368400 1875000 1482200
M2 1875000 1482200 1407940 1482200
M2 1407940 1482200 1393540 1496600
Net86 5 
M2 3844372 1339600 3808372 1375600
M2 3808372 1375600 2800000 1375600
M2 2800000 1375600 1875000 1489400
M2 1875000 1489400 1573950 1489400
M2 1573950 1489400 1566750 1496600
