Nets 32
Net0 5 
V1 3054130 1737040 3048946 1742224
V1 3048946 1742224 2800000 1742224
V1 2800000 1742224 1875000 1854544
V1 1875000 1854544 402166 1854544
V1 402166 1854544 365140 1891570
Net1 5 
V1 3140730 1737040 3130362 1747408
V1 3130362 1747408 2800000 1747408
V1 2800000 1747408 1875000 1863801
V1 1875000 1863801 583429 1863801
V1 583429 1863801 555660 1891570
Net2 5 
V1 3227330 1737040 3211778 1752592
V1 3211778 1752592 2800000 1752592
V1 2800000 1752592 1875000 1873058
V1 1875000 1873058 669434 1873058
V1 669434 1873058 650922 1891570
Net3 5 
V1 3270630 1737040 3249894 1757776
V1 3249894 1757776 2800000 1757776
V1 2800000 1757776 1875000 1882315
V1 1875000 1882315 850705 1882315
V1 850705 1882315 841450 1891570
Net4 5 
V1 3075780 1711120 3070596 1716304
V1 3070596 1716304 2800000 1716304
V1 2800000 1716304 1875000 1802704
V1 1875000 1802704 541355 1802704
V1 541355 1802704 508030 1836030
Net5 5 
V1 3119080 1711120 3108712 1721488
V1 3108712 1721488 2800000 1721488
V1 2800000 1721488 1875000 1813813
V1 1875000 1813813 625507 1813813
V1 625507 1813813 603290 1836030
Net6 5 
V1 3162380 1711120 3146828 1726672
V1 3146828 1726672 2800000 1726672
V1 2800000 1726672 1875000 1824921
V1 1875000 1824921 709668 1824921
V1 709668 1824921 698560 1836030
Net7 5 
V1 3205680 1711120 3184944 1731856
V1 3184944 1731856 2800000 1731856
V1 2800000 1731856 1875000 1845287
V1 1875000 1845287 803077 1845287
V1 803077 1845287 793820 1836030
Net11 5 
V1 3054130 1685200 3047650 1678720
V1 3047650 1678720 2800000 1678720
V1 2800000 1678720 1875000 1791596
V1 1875000 1791596 361941 1791596
V1 361941 1791596 317507 1836030
Net17 5 
V1 3119080 1659280 3112600 1665760
V1 3112600 1665760 2800000 1665760
V1 2800000 1665760 1875000 1761968
V1 1875000 1761968 478919 1761968
V1 478919 1761968 460400 1780487
Net18 5 
V1 3162380 1659280 3149420 1672240
V1 3149420 1672240 2800000 1672240
V1 2800000 1672240 1875000 1771225
V1 1875000 1771225 660185 1771225
V1 660185 1771225 650922 1780487
Net33 5 
V1 3054130 1581520 3041170 1594480
V1 3041170 1594480 2800000 1594480
V1 2800000 1594480 1875000 1752711
V1 1875000 1752711 345278 1752711
V1 345278 1752711 317507 1724940
Net36 5 
V1 3184030 1581520 3179710 1577200
V1 3179710 1577200 2800000 1577200
V1 2800000 1577200 1875000 1743454
V1 1875000 1743454 1193384 1743454
V1 1193384 1743454 1174870 1724940
Net37 5 
V1 3227330 1581520 3218690 1572880
V1 3218690 1572880 2800000 1572880
V1 2800000 1572880 1875000 1734197
V1 1875000 1734197 1374654 1734197
V1 1374654 1734197 1365397 1724940
Net38 5 
V1 3270630 1581520 3257670 1568560
V1 3257670 1568560 2800000 1568560
V1 2800000 1568560 1875000 1713834
V1 1875000 1713834 1471766 1713834
V1 1471766 1713834 1460660 1724940
Net40 5 
V1 3162380 1555600 3157196 1550416
V1 3157196 1550416 2800000 1550416
V1 2800000 1550416 1875000 1680508
V1 1875000 1680508 838251 1680508
V1 838251 1680508 793820 1724940
Net41 5 
V1 3205680 1555600 3201360 1559920
V1 3201360 1559920 2800000 1559920
V1 2800000 1559920 1875000 1691617
V1 1875000 1691617 922403 1691617
V1 922403 1691617 889080 1724940
Net42 5 
V1 3292280 1555600 3283640 1564240
V1 3283640 1564240 2800000 1564240
V1 2800000 1564240 1875000 1702725
V1 1875000 1702725 1101824 1702725
V1 1101824 1702725 1079610 1724940
Net45 5 
V1 3140730 1529680 3135546 1534864
V1 3135546 1534864 2800000 1534864
V1 2800000 1534864 1875000 1648573
V1 1875000 1648573 957536 1648573
V1 957536 1648573 936710 1669400
Net46 5 
V1 3184030 1529680 3173662 1540048
V1 3173662 1540048 2800000 1540048
V1 2800000 1540048 1875000 1655516
V1 1875000 1655516 1045863 1655516
V1 1045863 1655516 1031980 1669400
Net47 5 
V1 3270630 1529680 3255078 1545232
V1 3255078 1545232 2800000 1545232
V1 2800000 1545232 1875000 1662459
V1 1875000 1662459 1324703 1662459
V1 1324703 1662459 1317762 1669400
Net48 5 
V1 3075780 1503760 3069300 1510240
V1 3069300 1510240 2800000 1510240
V1 2800000 1510240 1875000 1627745
V1 1875000 1627745 406794 1627745
V1 406794 1627745 365140 1669400
Net49 5 
V1 3119080 1503760 3106120 1516720
V1 3106120 1516720 2800000 1516720
V1 2800000 1516720 1875000 1634688
V1 1875000 1634688 495111 1634688
V1 495111 1634688 460400 1669400
Net50 5 
V1 3162380 1503760 3142940 1523200
V1 3142940 1523200 2800000 1523200
V1 2800000 1523200 1875000 1641631
V1 1875000 1641631 678691 1641631
V1 678691 1641631 650922 1669400
Net56 5 
V1 3097430 1477840 3092246 1483024
V1 3092246 1483024 2800000 1483024
V1 2800000 1483024 1875000 1580529
V1 1875000 1580529 350838 1580529
V1 350838 1580529 317507 1613860
Net57 5 
V1 3184030 1477840 3173662 1488208
V1 3173662 1488208 2800000 1488208
V1 2800000 1488208 1875000 1591638
V1 1875000 1591638 530252 1591638
V1 530252 1591638 508030 1613860
Net58 5 
V1 3227330 1477840 3211778 1493392
V1 3211778 1493392 2800000 1493392
V1 2800000 1493392 1875000 1602746
V1 1875000 1602746 1090723 1602746
V1 1090723 1602746 1079610 1613860
Net59 5 
V1 3270630 1477840 3249894 1498576
V1 3249894 1498576 2800000 1498576
V1 2800000 1498576 1875000 1620802
V1 1875000 1620802 896022 1620802
V1 896022 1620802 889080 1613860
Net60 5 
V1 3075780 1451920 3062820 1464880
V1 3062820 1464880 2800000 1464880
V1 2800000 1464880 1875000 1569421
V1 1875000 1569421 471508 1569421
V1 471508 1569421 460400 1558312
Net72 5 
V1 3119080 1400080 3112600 1406560
V1 3112600 1406560 2800000 1406560
V1 2800000 1406560 1875000 1465741
V1 1875000 1465741 449798 1465741
V1 449798 1465741 412770 1502770
Net73 5 
V1 3162380 1400080 3149420 1413040
V1 3149420 1413040 2800000 1413040
V1 2800000 1413040 1875000 1484255
V1 1875000 1484255 526544 1484255
V1 526544 1484255 508030 1502770
Net74 5 
V1 3248980 1400080 3229540 1419520
V1 3229540 1419520 2800000 1419520
V1 2800000 1419520 1875000 1530541
V1 1875000 1530541 1440801 1530541
V1 1440801 1530541 1413030 1558312
