Nets 27
Net4 5 
M2 3881180 1722230 3862665 1740744
M2 3862665 1740744 2800000 1740744
M2 2800000 1740744 1875000 1833560
M2 1875000 1833560 1571470 1833560
M2 1571470 1833560 1554190 1850840
Net5 5 
M2 3976440 1722230 3939411 1759258
M2 3939411 1759258 2800000 1759258
M2 2800000 1759258 1875000 1842200
M2 1875000 1842200 1616520 1842200
M2 1616520 1842200 1607880 1850840
Net7 5 
M2 4262230 1722230 4248344 1708344
M2 4248344 1708344 2800000 1708344
M2 2800000 1708344 1875000 1818440
M2 1875000 1818440 1533820 1818440
M2 1533820 1818440 1527340 1824920
Net10 5 
M2 3166710 1666687 3152824 1680573
M2 3152824 1680573 2800000 1680573
M2 2800000 1680573 1875000 1805480
M2 1875000 1805480 1332010 1805480
M2 1332010 1805480 1312570 1824920
Net11 5 
M2 3261970 1666687 3234198 1694459
M2 3234198 1694459 2800000 1694459
M2 2800000 1694459 1875000 1811960
M2 1875000 1811960 1379220 1811960
M2 1379220 1811960 1366260 1824920
Net16 5 
M2 3833550 1666687 3825615 1658753
M2 3825615 1658753 2800000 1658753
M2 2800000 1658753 1875000 1786040
M2 1875000 1786040 1513457 1786040
M2 1513457 1786040 1500497 1799000
Net18 5 
M2 4024077 1666687 4008208 1650818
M2 4008208 1650818 2800000 1650818
M2 2800000 1650818 1875000 1760120
M2 1875000 1760120 1540300 1760120
M2 1540300 1760120 1527340 1773080
Net21 5 
M2 4309860 1666687 4286056 1642884
M2 4286056 1642884 2800000 1642884
M2 2800000 1642884 1875000 1741976
M2 1875000 1741976 1613064 1741976
M2 1613064 1741976 1607880 1747160
Net27 5 
M2 3595390 1611140 3587449 1619080
M2 3587449 1619080 2800000 1619080
M2 2800000 1619080 1875000 1726424
M2 1875000 1726424 1413846 1726424
M2 1413846 1726424 1393110 1747160
Net31 5 
M2 4166970 1611140 4151095 1627015
M2 4151095 1627015 2800000 1627015
M2 2800000 1627015 1875000 1731608
M2 1875000 1731608 1462352 1731608
M2 1462352 1731608 1446800 1747160
Net32 5 
M2 4357492 1611140 4333683 1634949
M2 4333683 1634949 2800000 1634949
M2 2800000 1634949 1875000 1736792
M2 1875000 1736792 1564558 1736792
M2 1564558 1736792 1554190 1747160
Net34 5 
M2 3166710 1555600 3155604 1566706
M2 3155604 1566706 2800000 1566706
M2 2800000 1566706 1875000 1703960
M2 1875000 1703960 1329850 1703960
M2 1329850 1703960 1312570 1721240
Net38 5 
M2 3738290 1555600 3729033 1546343
M2 3729033 1546343 2800000 1546343
M2 2800000 1546343 1875000 1699640
M2 1875000 1699640 1504817 1699640
M2 1504817 1699640 1500497 1695320
Net39 5 
M2 3928810 1555600 3910296 1537086
M2 3910296 1537086 2800000 1537086
M2 2800000 1537086 1875000 1682360
M2 1875000 1682360 1620840 1682360
M2 1620840 1682360 1607880 1695320
Net40 5 
M2 4024077 1555600 4001863 1577814
M2 4001863 1577814 2800000 1577814
M2 2800000 1577814 1875000 1708280
M2 1875000 1708280 1486610 1708280
M2 1486610 1708280 1473650 1721240
Net41 5 
M2 4214600 1555600 4181277 1588923
M2 4181277 1588923 2800000 1588923
M2 2800000 1588923 1875000 1712600
M2 1875000 1712600 1535980 1712600
M2 1535980 1712600 1527340 1721240
Net42 5 
M2 4309860 1555600 4265428 1600031
M2 4265428 1600031 2800000 1600031
M2 2800000 1600031 1875000 1716920
M2 1875000 1716920 1585360 1716920
M2 1585360 1716920 1581040 1721240
Net44 5 
M2 3214340 1500060 3205085 1509315
M2 3205085 1509315 2800000 1509315
M2 2800000 1509315 1875000 1626200
M2 1875000 1626200 1356697 1626200
M2 1356697 1626200 1339417 1643480
Net50 5 
M2 4071710 1500060 4053198 1518572
M2 4053198 1518572 2800000 1518572
M2 2800000 1518572 1875000 1634840
M2 1875000 1634840 1509137 1634840
M2 1509137 1634840 1500497 1643480
Net51 5 
M2 4166970 1500060 4139201 1527829
M2 4139201 1527829 2800000 1527829
M2 2800000 1527829 1875000 1656440
M2 1875000 1656440 1594000 1656440
M2 1594000 1656440 1581040 1669400
Net53 5 
M2 4452760 1500060 4434246 1481546
M2 4434246 1481546 2800000 1481546
M2 2800000 1481546 1875000 1604600
M2 1875000 1604600 1271832 1604600
M2 1271832 1604600 1258872 1617560
Net61 5 
M2 4024077 1444512 4005558 1463032
M2 4005558 1463032 2800000 1463032
M2 2800000 1463032 1875000 1559240
M2 1875000 1559240 1480130 1559240
M2 1480130 1559240 1473650 1565720
Net67 5 
M2 3309602 1388970 3291088 1407484
M2 3291088 1407484 2800000 1407484
M2 2800000 1407484 1875000 1546280
M2 1875000 1546280 1332010 1546280
M2 1332010 1546280 1312570 1565720
Net70 5 
M2 3595390 1388970 3558361 1425998
M2 3558361 1425998 2800000 1425998
M2 2800000 1425998 1875000 1552760
M2 1875000 1552760 1379220 1552760
M2 1379220 1552760 1366260 1565720
Net72 5 
M2 3976440 1388970 3962554 1375084
M2 3962554 1375084 2800000 1375084
M2 2800000 1375084 1875000 1507400
M2 1875000 1507400 1480130 1507400
M2 1480130 1507400 1473650 1513880
Net81 5 
M2 3547760 1333430 3533876 1347313
M2 3533876 1347313 2800000 1347313
M2 2800000 1347313 1875000 1494440
M2 1875000 1494440 1332010 1494440
M2 1332010 1494440 1312570 1513880
Net82 5 
M2 3738290 1333430 3710521 1361199
M2 3710521 1361199 2800000 1361199
M2 2800000 1361199 1875000 1500920
M2 1875000 1500920 1379220 1500920
M2 1379220 1500920 1366260 1513880
