Nets 20
Net5 5 
V2 3720970 1728400 3699370 1750000
V2 3699370 1750000 2800000 1750000
V2 2800000 1750000 1875000 1837880
V2 1875000 1837880 1607850 1837880
V2 1607850 1837880 1594890 1850840
Net13 5 
V2 3681997 1685200 3660397 1706800
V2 3660397 1706800 2800000 1706800
V2 2800000 1706800 1875000 1811960
V2 1875000 1811960 1447640 1811960
V2 1447640 1811960 1434680 1824920
Net23 5 
V2 3798910 1642000 3777310 1663600
V2 3777310 1663600 2800000 1663600
V2 2800000 1663600 1875000 1786040
V2 1875000 1786040 1607850 1786040
V2 1607850 1786040 1594890 1799000
Net31 5 
V2 3604050 1598800 3582450 1620400
V2 3582450 1620400 2800000 1620400
V2 2800000 1620400 1875000 1760120
V2 1875000 1760120 1383550 1760120
V2 1383550 1760120 1370590 1773080
Net32 5 
V2 3681997 1598800 3671197 1588000
V2 3671197 1588000 2800000 1588000
V2 2800000 1588000 1875000 1734200
V2 1875000 1734200 1415597 1734200
V2 1415597 1734200 1402637 1747160
Net35 5 
V2 3993762 1598800 3972162 1577200
V2 3972162 1577200 2800000 1577200
V2 2800000 1577200 1875000 1708280
V2 1875000 1708280 1191292 1708280
V2 1191292 1708280 1178332 1721240
Net38 5 
V2 3331252 1555600 3320452 1566400
V2 3320452 1566400 2800000 1566400
V2 2800000 1566400 1875000 1682360
V2 1875000 1682360 1415597 1682360
V2 1415597 1682360 1402637 1695320
Net48 5 
V2 3604050 1512400 3589650 1526800
V2 3589650 1526800 2800000 1526800
V2 2800000 1526800 1875000 1656440
V2 1875000 1656440 1383550 1656440
V2 1383550 1656440 1370590 1669400
Net49 5 
V2 3681997 1512400 3653197 1541200
V2 3653197 1541200 2800000 1541200
V2 2800000 1541200 1875000 1662920
V2 1875000 1662920 1441160 1662920
V2 1441160 1662920 1434680 1669400
Net55 5 
V2 3487140 1469200 3478500 1477840
V2 3478500 1477840 2800000 1477840
V2 2800000 1477840 1875000 1586456
V2 1875000 1586456 1471904 1586456
V2 1471904 1586456 1466720 1591640
Net59 5 
V2 3798910 1469200 3781630 1486480
V2 3781630 1486480 2800000 1486480
V2 2800000 1486480 1875000 1626200
V2 1875000 1626200 1548090 1626200
V2 1548090 1626200 1530810 1643480
Net60 5 
V2 3876850 1469200 3850930 1495120
V2 3850930 1495120 2800000 1495120
V2 2800000 1495120 1875000 1634840
V2 1875000 1634840 1603530 1634840
V2 1603530 1634840 1594890 1643480
Net61 5 
V2 3954790 1469200 3920230 1503760
V2 3920230 1503760 2800000 1503760
V2 2800000 1503760 1875000 1649960
V2 1875000 1649960 1197772 1649960
V2 1197772 1649960 1178332 1669400
Net62 5 
V2 3136400 1426000 3125600 1436800
V2 3125600 1436800 2800000 1436800
V2 2800000 1436800 1875000 1570904
V2 1875000 1570904 1295196 1570904
V2 1295196 1570904 1274460 1591640
Net64 5 
V2 3370227 1426000 3348627 1447600
V2 3348627 1447600 2800000 1447600
V2 2800000 1447600 1875000 1576088
V2 1875000 1576088 1354102 1576088
V2 1354102 1576088 1338550 1591640
Net65 5 
V2 3448170 1426000 3415770 1458400
V2 3415770 1458400 2800000 1458400
V2 2800000 1458400 1875000 1581272
V2 1875000 1581272 1413005 1581272
V2 1413005 1581272 1402637 1591640
Net71 5 
V2 3097430 1382800 3086630 1393600
V2 3086630 1393600 2800000 1393600
V2 2800000 1393600 1875000 1520360
V2 1875000 1520360 1229820 1520360
V2 1229820 1520360 1210380 1539800
Net72 5 
V2 3175370 1382800 3153770 1404400
V2 3153770 1404400 2800000 1404400
V2 2800000 1404400 1875000 1526840
V2 1875000 1526840 1351510 1526840
V2 1351510 1526840 1338550 1539800
Net73 5 
V2 3253310 1382800 3220910 1415200
V2 3220910 1415200 2800000 1415200
V2 2800000 1415200 1875000 1533320
V2 1875000 1533320 1409117 1533320
V2 1409117 1533320 1402637 1539800
Net83 5 
V2 3370227 1339600 3348627 1361200
V2 3348627 1361200 2800000 1361200
V2 2800000 1361200 1875000 1475000
V2 1875000 1475000 1287420 1475000
V2 1287420 1475000 1274460 1487960
