Nets 22
Net12 5 
V2 3452500 1666687 3443242 1675945
V2 3443242 1675945 2800000 1675945
V2 2800000 1675945 1875000 1830104
V2 1875000 1830104 1295196 1830104
V2 1295196 1830104 1274460 1850840
Net13 5 
V2 3547760 1666687 3529245 1685202
V2 3529245 1685202 2800000 1685202
V2 2800000 1685202 1875000 1835288
V2 1875000 1835288 1354102 1835288
V2 1354102 1835288 1338550 1850840
Net14 5 
V2 3643020 1666687 3615248 1694459
V2 3615248 1694459 2800000 1694459
V2 2800000 1694459 1875000 1840472
V2 1875000 1840472 1413005 1840472
V2 1413005 1840472 1402637 1850840
Net15 5 
V2 3738290 1666687 3701261 1703716
V2 3701261 1703716 2800000 1703716
V2 2800000 1703716 1875000 1845656
V2 1875000 1845656 1471904 1845656
V2 1471904 1845656 1466720 1850840
Net19 5 
V2 4119340 1666687 4108231 1655579
V2 4108231 1655579 2800000 1655579
V2 2800000 1655579 1875000 1793816
V2 1875000 1793816 1600074 1793816
V2 1600074 1793816 1594890 1799000
Net22 5 
V2 4405130 1666687 4358844 1712973
V2 4358844 1712973 2800000 1712973
V2 2800000 1712973 1875000 1863800
V2 1875000 1863800 1191292 1863800
V2 1191292 1863800 1178332 1876760
Net23 5 
V2 3214340 1611140 3203226 1622253
V2 3203226 1622253 2800000 1622253
V2 2800000 1622253 1875000 1778264
V2 1875000 1778264 1295196 1778264
V2 1295196 1778264 1274460 1799000
Net24 5 
V2 3309602 1611140 3287380 1633362
V2 3287380 1633362 2800000 1633362
V2 2800000 1633362 1875000 1783448
V2 1875000 1783448 1354102 1783448
V2 1354102 1783448 1338550 1799000
Net25 5 
V2 3404870 1611140 3371539 1644470
V2 3371539 1644470 2800000 1644470
V2 2800000 1644470 1875000 1788632
V2 1875000 1788632 1413005 1788632
V2 1413005 1788632 1402637 1799000
Net28 5 
V2 3785920 1611140 3767406 1592626
V2 3767406 1592626 2800000 1592626
V2 2800000 1592626 1875000 1760120
V2 1875000 1760120 1287420 1760120
V2 1287420 1760120 1274460 1747160
Net36 5 
V2 3452500 1555600 3433988 1574112
V2 3433988 1574112 2800000 1574112
V2 2800000 1574112 1875000 1708280
V2 1875000 1708280 1383550 1708280
V2 1383550 1708280 1370590 1721240
Net58 5 
V2 3738290 1444512 3724399 1458403
V2 3724399 1458403 2800000 1458403
V2 2800000 1458403 1875000 1612376
V2 1875000 1612376 1568034 1612376
V2 1568034 1612376 1562850 1617560
Net60 5 
V2 3928810 1444512 3901033 1472289
V2 3901033 1472289 2800000 1472289
V2 2800000 1472289 1875000 1652120
V2 1875000 1652120 1539450 1652120
V2 1539450 1652120 1530810 1643480
Net64 5 
V2 4405130 1444512 4363468 1486174
V2 4363468 1486174 2800000 1486174
V2 2800000 1486174 1875000 1660760
V2 1875000 1660760 1186972 1660760
V2 1186972 1660760 1178332 1669400
Net65 5 
V2 3119080 1388970 3091308 1416741
V2 3091308 1416741 2800000 1416741
V2 2800000 1416741 1875000 1607192
V2 1875000 1607192 1252788 1607192
V2 1252788 1607192 1242420 1617560
Net66 5 
V2 3214340 1388970 3207397 1382027
V2 3207397 1382027 2800000 1382027
V2 2800000 1382027 1875000 1602008
V2 1875000 1602008 1284828 1602008
V2 1284828 1602008 1274460 1591640
Net68 5 
V2 3404870 1388970 3390984 1375084
V2 3390984 1375084 2800000 1375084
V2 2800000 1375084 1875000 1596824
V2 1875000 1596824 1343734 1596824
V2 1343734 1596824 1338550 1591640
Net69 5 
V2 3500130 1388970 3479301 1368141
V2 3479301 1368141 2800000 1368141
V2 2800000 1368141 1875000 1578680
V2 1875000 1578680 1415597 1578680
V2 1415597 1578680 1402637 1591640
Net78 5 
V2 3166710 1333430 3159769 1340370
V2 3159769 1340370 2800000 1340370
V2 2800000 1340370 1875000 1520360
V2 1875000 1520360 1229820 1520360
V2 1229820 1520360 1210380 1539800
Net79 5 
V2 3261970 1333430 3248086 1347313
V2 3248086 1347313 2800000 1347313
V2 2800000 1347313 1875000 1526840
V2 1875000 1526840 1351510 1526840
V2 1351510 1526840 1338550 1539800
Net80 5 
V2 3452500 1333430 3431673 1354256
V2 3431673 1354256 2800000 1354256
V2 2800000 1354256 1875000 1533320
V2 1875000 1533320 1409117 1533320
V2 1409117 1533320 1402637 1539800
Net87 5 
V2 4405130 1333430 4377361 1361199
V2 4377361 1361199 2800000 1361199
V2 2800000 1361199 1875000 1552760
V2 1875000 1552760 1191292 1552760
V2 1191292 1552760 1178332 1565720
