Nets 42
Net0 5 
V1 3108250 1728400 3099610 1737040
V1 3099610 1737040 2800000 1737040
V1 2800000 1737040 1875000 1859480
V1 1875000 1859480 1329850 1859480
V1 1329850 1859480 1312570 1876760
Net1 5 
V1 3281460 1728400 3264180 1745680
V1 3264180 1745680 2800000 1745680
V1 2800000 1745680 1875000 1863800
V1 1875000 1863800 1432917 1863800
V1 1432917 1863800 1419957 1876760
Net2 5 
V1 3368060 1728400 3342140 1754320
V1 3342140 1754320 2800000 1754320
V1 2800000 1754320 1875000 1868120
V1 1875000 1868120 1535980 1868120
V1 1535980 1868120 1527340 1876760
Net3 5 
V1 3541267 1728400 3506707 1762960
V1 3506707 1762960 2800000 1762960
V1 2800000 1762960 1875000 1872440
V1 1875000 1872440 1585360 1872440
V1 1585360 1872440 1581040 1876760
Net6 5 
V1 4060880 1728400 4054708 1722228
V1 4054708 1722228 2800000 1722228
V1 2800000 1722228 1875000 1855160
V1 1875000 1855160 1280472 1855160
V1 1280472 1855160 1258872 1876760
Net7 5 
V1 3151552 1685200 3145380 1691372
V1 3145380 1691372 2800000 1691372
V1 2800000 1691372 1875000 1829240
V1 1875000 1829240 1316890 1829240
V1 1316890 1829240 1312570 1824920
Net8 5 
V1 3238160 1685200 3229520 1676560
V1 3229520 1676560 2800000 1676560
V1 2800000 1676560 1875000 1811960
V1 1875000 1811960 1379220 1811960
V1 1379220 1811960 1366260 1824920
Net9 5 
V1 3324760 1685200 3312416 1697543
V1 3312416 1697543 2800000 1697543
V1 2800000 1697543 1875000 1833560
V1 1875000 1833560 1356697 1833560
V1 1356697 1833560 1339417 1850840
Net10 5 
V1 3411360 1685200 3392845 1703715
V1 3392845 1703715 2800000 1703715
V1 2800000 1703715 1875000 1837880
V1 1875000 1837880 1406070 1837880
V1 1406070 1837880 1393110 1850840
Net11 5 
V1 3497962 1685200 3473276 1709886
V1 3473276 1709886 2800000 1709886
V1 2800000 1709886 1875000 1842200
V1 1875000 1842200 1455440 1842200
V1 1455440 1842200 1446800 1850840
Net12 5 
V1 3671170 1685200 3640312 1716057
V1 3640312 1716057 2800000 1716057
V1 2800000 1716057 1875000 1846520
V1 1875000 1846520 1504817 1846520
V1 1504817 1846520 1500497 1850840
Net17 5 
V1 3108250 1642000 3101050 1634800
V1 3101050 1634800 2800000 1634800
V1 2800000 1634800 1875000 1778264
V1 1875000 1778264 1360153 1778264
V1 1360153 1778264 1339417 1799000
Net18 5 
V1 3194857 1642000 3186217 1650640
V1 3186217 1650640 2800000 1650640
V1 2800000 1650640 1875000 1783448
V1 1875000 1783448 1408662 1783448
V1 1408662 1783448 1393110 1799000
Net19 5 
V1 3368060 1642000 3350780 1659280
V1 3350780 1659280 2800000 1659280
V1 2800000 1659280 1875000 1788632
V1 1875000 1788632 1457168 1788632
V1 1457168 1788632 1446800 1799000
Net20 5 
V1 3541267 1642000 3515347 1667920
V1 3515347 1667920 2800000 1667920
V1 2800000 1667920 1875000 1793816
V1 1875000 1793816 1505681 1793816
V1 1505681 1793816 1500497 1799000
Net22 5 
V1 3714470 1642000 3700070 1627600
V1 3700070 1627600 2800000 1627600
V1 2800000 1627600 1875000 1764440
V1 1875000 1764440 1535980 1764440
V1 1535980 1764440 1527340 1773080
Net26 5 
V1 3151552 1598800 3140752 1588000
V1 3140752 1588000 2800000 1588000
V1 2800000 1588000 1875000 1703960
V1 1875000 1703960 1329850 1703960
V1 1329850 1703960 1312570 1721240
Net27 5 
V1 3238160 1598800 3230960 1606000
V1 3230960 1606000 2800000 1606000
V1 2800000 1606000 1875000 1712600
V1 1875000 1712600 1374900 1712600
V1 1374900 1712600 1366260 1721240
Net28 5 
V1 3324760 1598800 3310360 1613200
V1 3310360 1613200 2800000 1613200
V1 2800000 1613200 1875000 1734200
V1 1875000 1734200 1406070 1734200
V1 1406070 1734200 1393110 1747160
Net30 5 
V1 3584570 1598800 3562970 1620400
V1 3562970 1620400 2800000 1620400
V1 2800000 1620400 1875000 1755800
V1 1875000 1755800 1329850 1755800
V1 1329850 1755800 1312570 1773080
Net36 5 
V1 3108250 1555600 3101050 1548400
V1 3101050 1548400 2800000 1548400
V1 2800000 1548400 1875000 1675880
V1 1875000 1675880 1358857 1675880
V1 1358857 1675880 1339417 1695320
Net39 5 
V1 3541267 1555600 3530467 1566400
V1 3530467 1566400 2800000 1566400
V1 2800000 1566400 1875000 1682360
V1 1875000 1682360 1513457 1682360
V1 1513457 1682360 1500497 1695320
Net40 5 
V1 3714470 1555600 3692870 1577200
V1 3692870 1577200 2800000 1577200
V1 2800000 1577200 1875000 1688840
V1 1875000 1688840 1614360 1688840
V1 1614360 1688840 1607880 1695320
Net45 5 
V1 3324760 1512400 3317560 1519600
V1 3317560 1519600 2800000 1519600
V1 2800000 1519600 1875000 1626200
V1 1875000 1626200 1410390 1626200
V1 1410390 1626200 1393110 1643480
Net46 5 
V1 3411360 1512400 3396960 1526800
V1 3396960 1526800 2800000 1526800
V1 2800000 1526800 1875000 1634840
V1 1875000 1634840 1455440 1634840
V1 1455440 1634840 1446800 1643480
Net47 5 
V1 3497962 1512400 3476362 1534000
V1 3476362 1534000 2800000 1534000
V1 2800000 1534000 1875000 1652120
V1 1875000 1652120 1329850 1652120
V1 1329850 1652120 1312570 1669400
Net51 5 
V1 4017580 1512400 3988780 1541200
V1 3988780 1541200 2800000 1541200
V1 2800000 1541200 1875000 1660760
V1 1875000 1660760 1589680 1660760
V1 1589680 1660760 1581040 1669400
Net52 5 
V1 3108250 1469200 3099610 1477840
V1 3099610 1477840 2800000 1477840
V1 2800000 1477840 1875000 1596824
V1 1875000 1596824 1333306 1596824
V1 1333306 1596824 1312570 1617560
Net53 5 
V1 3194857 1469200 3177577 1486480
V1 3177577 1486480 2800000 1486480
V1 2800000 1486480 1875000 1602008
V1 1875000 1602008 1381812 1602008
V1 1381812 1602008 1366260 1617560
Net54 5 
V1 3368060 1469200 3342140 1495120
V1 3342140 1495120 2800000 1495120
V1 2800000 1495120 1875000 1607192
V1 1875000 1607192 1484018 1607192
V1 1484018 1607192 1473650 1617560
Net56 5 
V1 3627870 1469200 3617070 1458400
V1 3617070 1458400 2800000 1458400
V1 2800000 1458400 1875000 1578680
V1 1875000 1578680 1620840 1578680
V1 1620840 1578680 1607880 1591640
Net58 5 
V1 3801070 1469200 3766510 1503760
V1 3766510 1503760 2800000 1503760
V1 2800000 1503760 1875000 1612376
V1 1875000 1612376 1532524 1612376
V1 1532524 1612376 1527340 1617560
Net63 5 
V1 3324760 1426000 3313960 1436800
V1 3313960 1436800 2800000 1436800
V1 2800000 1436800 1875000 1552760
V1 1875000 1552760 1325530 1552760
V1 1325530 1552760 1312570 1565720
Net66 5 
V1 3584570 1426000 3562970 1447600
V1 3562970 1447600 2800000 1447600
V1 2800000 1447600 1875000 1559240
V1 1875000 1559240 1372740 1559240
V1 1372740 1559240 1366260 1565720
Net75 5 
V1 3541267 1382800 3535095 1388972
V1 3535095 1388972 2800000 1388972
V1 2800000 1388972 1875000 1500920
V1 1875000 1500920 1486610 1500920
V1 1486610 1500920 1473650 1513880
Net76 5 
V1 3714470 1382800 3702126 1395143
V1 3702126 1395143 2800000 1395143
V1 2800000 1395143 1875000 1505240
V1 1875000 1505240 1535980 1505240
V1 1535980 1505240 1527340 1513880
Net77 5 
V1 3801070 1382800 3782555 1401315
V1 3782555 1401315 2800000 1401315
V1 2800000 1401315 1875000 1509560
V1 1875000 1509560 1585360 1509560
V1 1585360 1509560 1581040 1513880
Net78 5 
V1 3887677 1382800 3862991 1407486
V1 3862991 1407486 2800000 1407486
V1 2800000 1407486 1875000 1522520
V1 1875000 1522520 1571470 1522520
V1 1571470 1522520 1554190 1539800
Net79 5 
V1 3974280 1382800 3943422 1413657
V1 3943422 1413657 2800000 1413657
V1 2800000 1413657 1875000 1531160
V1 1875000 1531160 1616520 1531160
V1 1616520 1531160 1607880 1539800
Net80 5 
V1 4060880 1382800 4023851 1419828
V1 4023851 1419828 2800000 1419828
V1 2800000 1419828 1875000 1546280
V1 1875000 1546280 1278312 1546280
V1 1278312 1546280 1258872 1565720
Net81 5 
V1 3151552 1339600 3137152 1354000
V1 3137152 1354000 2800000 1354000
V1 2800000 1354000 1875000 1492280
V1 1875000 1492280 1334170 1492280
V1 1334170 1492280 1312570 1513880
Net82 5 
V1 3324760 1339600 3295960 1368400
V1 3295960 1368400 2800000 1368400
V1 2800000 1368400 1875000 1496600
V1 1875000 1496600 1383540 1496600
V1 1383540 1496600 1366260 1513880
