Nets 15
Net8 5 
M2 3368490 1711120 3359850 1719760
M2 3359850 1719760 2800000 1719760
M2 2800000 1719760 1875000 1863801
M2 1875000 1863801 991329 1863801
M2 991329 1863801 963560 1891570
Net9 5 
M2 3432580 1711120 3415300 1728400
M2 3415300 1728400 2800000 1728400
M2 2800000 1728400 1875000 1877686
M2 1875000 1877686 1161043 1877686
M2 1161043 1877686 1147160 1891570
Net10 5 
M2 3496667 1711120 3488027 1702480
M2 3488027 1702480 2800000 1702480
M2 2800000 1702480 1875000 1849915
M2 1875000 1849915 288955 1849915
M2 288955 1849915 275070 1836030
Net12 5 
M2 3144190 1685200 3135550 1693840
M2 3135550 1693840 2800000 1693840
M2 2800000 1693840 1875000 1817515
M2 1875000 1817515 477184 1817515
M2 477184 1817515 458670 1836030
Net16 5 
M2 3112150 1659280 3099190 1672240
M2 3099190 1672240 2800000 1672240
M2 2800000 1672240 1875000 1799001
M2 1875000 1799001 431284 1799001
M2 431284 1799001 412770 1780487
Net28 5 
M2 3176240 1607440 3169760 1613920
M2 3169760 1613920 2800000 1613920
M2 2800000 1613920 1875000 1738825
M2 1875000 1738825 913422 1738825
M2 913422 1738825 871760 1780487
Net29 5 
M2 3240320 1607440 3227360 1620400
M2 3227360 1620400 2800000 1620400
M2 2800000 1620400 1875000 1752711
M2 1875000 1752711 1358529 1752711
M2 1358529 1752711 1330752 1780487
Net30 5 
M2 3368490 1607440 3349050 1626880
M2 3349050 1626880 2800000 1626880
M2 2800000 1626880 1875000 1766596
M2 1875000 1766596 1528241 1766596
M2 1528241 1766596 1514350 1780487
Net32 5 
M2 3496667 1607440 3483707 1594480
M2 3483707 1594480 2800000 1594480
M2 2800000 1594480 1875000 1697171
M2 1875000 1697171 302838 1697171
M2 302838 1697171 275070 1724940
Net44 5 
M2 3080110 1529680 3067150 1542640
M2 3067150 1542640 2800000 1542640
M2 2800000 1542640 1875000 1641631
M2 1875000 1641631 807728 1641631
M2 807728 1641631 779960 1669400
Net52 5 
M2 3368490 1503760 3355530 1516720
M2 3355530 1516720 2800000 1516720
M2 2800000 1516720 1875000 1595340
M2 1875000 1595340 1211579 1595340
M2 1211579 1595340 1193060 1613860
Net54 5 
M2 3496667 1503760 3488027 1495120
M2 3488027 1495120 2800000 1495120
M2 2800000 1495120 1875000 1576826
M2 1875000 1576826 312103 1576826
M2 312103 1576826 275070 1613860
Net55 5 
M2 3080110 1477840 3071470 1486480
M2 3071470 1486480 2800000 1486480
M2 2800000 1486480 1875000 1539798
M2 1875000 1539798 431284 1539798
M2 431284 1539798 412770 1558312
Net71 5 
M2 3112150 1400080 3103510 1408720
M2 3103510 1408720 2800000 1408720
M2 2800000 1408720 1875000 1474998
M2 1875000 1474998 394641 1474998
M2 394641 1474998 366870 1502770
Net76 5 
M2 3496667 1400080 3479387 1417360
M2 3479387 1417360 2800000 1417360
M2 2800000 1417360 1875000 1521284
M2 1875000 1521284 293584 1521284
M2 293584 1521284 275070 1502770
