Nets 15
Net24 5 
M3 3184030 1633360 3171070 1646320
M3 3171070 1646320 2800000 1646320
M3 2800000 1646320 1875000 1877686
M3 1875000 1877686 1234716 1877686
M3 1234716 1877686 1193060 1836030
Net25 5 
M3 3227330 1633360 3220850 1626880
M3 3220850 1626880 2800000 1626880
M3 2800000 1626880 1875000 1863801
M3 1875000 1863801 1312628 1863801
M3 1312628 1863801 1284857 1836030
Net26 5 
M3 3270630 1633360 3257670 1620400
M3 3257670 1620400 2800000 1620400
M3 2800000 1620400 1875000 1849915
M3 1875000 1849915 1482335 1849915
M3 1482335 1849915 1468450 1836030
Net31 5 
M3 3292280 1607440 3285800 1613920
M3 3285800 1613920 2800000 1613920
M3 2800000 1613920 1875000 1808258
M3 1875000 1808258 1588021 1808258
M3 1588021 1808258 1560250 1836030
Net43 5 
M3 3335582 1555600 3322622 1568560
M3 3322622 1568560 2800000 1568560
M3 2800000 1568560 1875000 1752711
M3 1875000 1752711 348746 1752711
M3 348746 1752711 320970 1780487
Net67 5 
M3 3140730 1426000 3135546 1431184
M3 3135546 1431184 2800000 1431184
M3 2800000 1431184 1875000 1569421
M3 1875000 1569421 882868 1569421
M3 882868 1569421 871760 1558312
Net68 5 
M3 3184030 1426000 3173662 1436368
M3 3173662 1436368 2800000 1436368
M3 2800000 1436368 1875000 1580529
M3 1875000 1580529 1318188 1580529
M3 1318188 1580529 1284857 1613860
Net69 5 
M3 3227330 1426000 3211778 1441552
M3 3211778 1441552 2800000 1441552
M3 2800000 1441552 1875000 1591638
M3 1875000 1591638 1398874 1591638
M3 1398874 1591638 1376652 1613860
Net70 5 
M3 3270630 1426000 3249894 1446736
M3 3249894 1446736 2800000 1446736
M3 2800000 1446736 1875000 1602746
M3 1875000 1602746 1479563 1602746
M3 1479563 1602746 1468450 1613860
Net75 5 
M3 3292280 1400080 3279320 1413040
M3 3279320 1413040 2800000 1413040
M3 2800000 1413040 1875000 1550377
M3 1875000 1550377 1522285 1550377
M3 1522285 1550377 1514350 1558312
Net79 5 
M3 3140730 1374160 3135546 1379344
M3 3135546 1379344 2800000 1379344
M3 2800000 1379344 1875000 1518639
M3 1875000 1518639 1003233 1518639
M3 1003233 1518639 963560 1558312
Net80 5 
M3 3184030 1374160 3173662 1384528
M3 3173662 1384528 2800000 1384528
M3 2800000 1384528 1875000 1526573
M3 1875000 1526573 1087099 1526573
M3 1087099 1526573 1055360 1558312
Net81 5 
M3 3227330 1374160 3211778 1389712
M3 3211778 1389712 2800000 1389712
M3 2800000 1389712 1875000 1534508
M3 1875000 1534508 1170964 1534508
M3 1170964 1534508 1147160 1558312
Net82 5 
M3 3270630 1374160 3249894 1394896
M3 3249894 1394896 2800000 1394896
M3 2800000 1394896 1875000 1542442
M3 1875000 1542442 1254830 1542442
M3 1254830 1542442 1238960 1558312
Net87 5 
M3 3335582 1348240 3322622 1361200
M3 3322622 1361200 2800000 1361200
M3 2800000 1361200 1875000 1510704
M3 1875000 1510704 368578 1510704
M3 368578 1510704 320970 1558312
