Nets 32
Net13 5 
V2 3757770 1685200 3746970 1696000
V2 3746970 1696000 2800000 1696000
V2 2800000 1696000 1875000 1874909
V2 1875000 1874909 1272070 1874909
V2 1272070 1874909 1255410 1891570
Net14 5 
V2 3844372 1685200 3822772 1706800
V2 3822772 1706800 2800000 1706800
V2 2800000 1706800 1875000 1880464
V2 1875000 1880464 1443186 1880464
V2 1443186 1880464 1432080 1891570
Net15 5 
V2 3930980 1685200 3898580 1717600
V2 3898580 1717600 2800000 1717600
V2 2800000 1717600 1875000 1886018
V2 1875000 1886018 1525964 1886018
V2 1525964 1886018 1520412 1891570
Net16 5 
V2 4104180 1685200 4089780 1670800
V2 4089780 1670800 2800000 1670800
V2 2800000 1670800 1875000 1869355
V2 1875000 1869355 394277 1869355
V2 394277 1869355 372062 1891570
Net20 5 
V2 3541267 1642000 3526867 1656400
V2 3526867 1656400 2800000 1656400
V2 2800000 1656400 1875000 1863801
V2 1875000 1863801 1150681 1863801
V2 1150681 1863801 1122910 1836030
Net21 5 
V2 3627870 1642000 3620670 1634800
V2 3620670 1634800 2800000 1634800
V2 2800000 1634800 1875000 1858247
V2 1875000 1858247 1233457 1858247
V2 1233457 1858247 1211240 1836030
Net22 5 
V2 3714470 1642000 3700070 1627600
V2 3700070 1627600 2800000 1627600
V2 2800000 1627600 1875000 1852692
V2 1875000 1852692 1316242 1852692
V2 1316242 1852692 1299580 1836030
Net23 5 
V2 3887677 1642000 3866077 1620400
V2 3866077 1620400 2800000 1620400
V2 2800000 1620400 1875000 1847138
V2 1875000 1847138 1399018 1847138
V2 1399018 1847138 1387910 1836030
Net24 5 
V2 3974280 1642000 3945480 1613200
V2 3945480 1613200 2800000 1613200
V2 2800000 1613200 1875000 1841584
V2 1875000 1841584 1481804 1841584
V2 1481804 1841584 1476250 1836030
Net27 5 
V2 3238160 1598800 3233840 1594480
V2 3233840 1594480 2800000 1594480
V2 2800000 1594480 1875000 1822144
V2 1875000 1822144 855396 1822144
V2 855396 1822144 813740 1780487
Net28 5 
V2 3324760 1598800 3316120 1590160
V2 3316120 1590160 2800000 1590160
V2 2800000 1590160 1875000 1815201
V2 1875000 1815201 936783 1815201
V2 936783 1815201 902070 1780487
Net29 5 
V2 3411360 1598800 3398400 1585840
V2 3398400 1585840 2800000 1585840
V2 2800000 1585840 1875000 1808258
V2 1875000 1808258 1018181 1808258
V2 1018181 1808258 990410 1780487
Net30 5 
V2 3584570 1598800 3567290 1581520
V2 3567290 1581520 2800000 1581520
V2 2800000 1581520 1875000 1801315
V2 1875000 1801315 1099568 1801315
V2 1099568 1801315 1078740 1780487
Net31 5 
V2 3671170 1598800 3649570 1577200
V2 3649570 1577200 2800000 1577200
V2 2800000 1577200 1875000 1794373
V2 1875000 1794373 1269295 1794373
V2 1269295 1794373 1255410 1780487
Net32 5 
V2 3757770 1598800 3731850 1572880
V2 3731850 1572880 2800000 1572880
V2 2800000 1572880 1875000 1787430
V2 1875000 1787430 1350690 1787430
V2 1350690 1787430 1343747 1780487
Net33 5 
V2 3930980 1598800 3900740 1568560
V2 3900740 1568560 2800000 1568560
V2 2800000 1568560 1875000 1761968
V2 1875000 1761968 1538932 1761968
V2 1538932 1761968 1520412 1780487
Net34 5 
V2 4017580 1598800 4010380 1606000
V2 4010380 1606000 2800000 1606000
V2 2800000 1606000 1875000 1829086
V2 1875000 1829086 1571523 1829086
V2 1571523 1829086 1564580 1836030
Net35 5 
V2 4104180 1598800 4069620 1564240
V2 4069620 1564240 2800000 1564240
V2 2800000 1564240 1875000 1743454
V2 1875000 1743454 409096 1743454
V2 409096 1743454 372062 1780487
Net36 5 
V2 3108250 1555600 3103930 1559920
V2 3103930 1559920 2800000 1559920
V2 2800000 1559920 1875000 1697171
V2 1875000 1697171 620668 1697171
V2 620668 1697171 592900 1724940
Net60 5 
V2 3974280 1469200 3952680 1490800
V2 3952680 1490800 2800000 1490800
V2 2800000 1490800 1875000 1650888
V2 1875000 1650888 1538924 1650888
V2 1538924 1650888 1520412 1669400
Net61 5 
V2 4060880 1469200 4046480 1454800
V2 4046480 1454800 2800000 1454800
V2 2800000 1454800 1875000 1632374
V2 1875000 1632374 346414 1632374
V2 346414 1632374 327900 1613860
Net64 5 
V2 3411360 1426000 3396960 1440400
V2 3396960 1440400 2800000 1440400
V2 2800000 1440400 1875000 1599969
V2 1875000 1599969 767056 1599969
V2 767056 1599969 725400 1558312
Net65 5 
V2 3497962 1426000 3493642 1421680
V2 3493642 1421680 2800000 1421680
V2 2800000 1421680 1875000 1586083
V2 1875000 1586083 841511 1586083
V2 841511 1586083 813740 1558312
Net66 5 
V2 3584570 1426000 3575930 1417360
V2 3575930 1417360 2800000 1417360
V2 2800000 1417360 1875000 1572198
V2 1875000 1572198 915955 1572198
V2 915955 1572198 902070 1558312
Net71 5 
V2 3108250 1382800 3103930 1387120
V2 3103930 1387120 2800000 1387120
V2 2800000 1387120 1875000 1484255
V2 1875000 1484255 434744 1484255
V2 434744 1484255 416230 1502770
Net74 5 
V2 3368060 1382800 3359420 1391440
V2 3359420 1391440 2800000 1391440
V2 2800000 1391440 1875000 1510704
V2 1875000 1510704 1038018 1510704
V2 1038018 1510704 990410 1558312
Net75 5 
V2 3541267 1382800 3528307 1395760
V2 3528307 1395760 2800000 1395760
V2 2800000 1395760 1875000 1518639
V2 1875000 1518639 1118413 1518639
V2 1118413 1518639 1078740 1558312
Net76 5 
V2 3714470 1382800 3697190 1400080
V2 3697190 1400080 2800000 1400080
V2 2800000 1400080 1875000 1526573
V2 1875000 1526573 1198819 1526573
V2 1198819 1526573 1167080 1558312
Net77 5 
V2 3801070 1382800 3779470 1404400
V2 3779470 1404400 2800000 1404400
V2 2800000 1404400 1875000 1534508
V2 1875000 1534508 1279214 1534508
V2 1279214 1534508 1255410 1558312
Net78 5 
V2 3887677 1382800 3861757 1408720
V2 3861757 1408720 2800000 1408720
V2 2800000 1408720 1875000 1542442
V2 1875000 1542442 1447950 1542442
V2 1447950 1542442 1432080 1558312
Net79 5 
V2 3974280 1382800 3944040 1413040
V2 3944040 1413040 2800000 1413040
V2 2800000 1413040 1875000 1550377
V2 1875000 1550377 1528348 1550377
V2 1528348 1550377 1520412 1558312
Net80 5 
V2 4060880 1382800 4039280 1361200
V2 4039280 1361200 2800000 1361200
V2 2800000 1361200 1875000 1465741
V2 1875000 1465741 364928 1465741
V2 364928 1465741 327900 1502770
