Nets 26
Net13 5 
V2 3228200 1685200 3221720 1691680
V2 3221720 1691680 2800000 1691680
V2 2800000 1691680 1875000 1858247
V2 1875000 1858247 1288733 1858247
V2 1288733 1858247 1255410 1891570
Net14 5 
V2 3281890 1685200 3268930 1698160
V2 3268930 1698160 2800000 1698160
V2 2800000 1698160 1875000 1869355
V2 1875000 1869355 1454294 1869355
V2 1454294 1869355 1432080 1891570
Net15 5 
V2 3389280 1685200 3369840 1704640
V2 3369840 1704640 2800000 1704640
V2 2800000 1704640 1875000 1880464
V2 1875000 1880464 1531518 1880464
V2 1531518 1880464 1520412 1891570
Net19 5 
V2 3308740 1659280 3302260 1665760
V2 3302260 1665760 2800000 1665760
V2 2800000 1665760 1875000 1799001
V2 1875000 1799001 1159938 1799001
V2 1159938 1799001 1122910 1836030
Net20 5 
V2 3362430 1659280 3349470 1672240
V2 3349470 1672240 2800000 1672240
V2 2800000 1672240 1875000 1817515
V2 1875000 1817515 1406424 1817515
V2 1406424 1817515 1387910 1836030
Net21 5 
V2 3416127 1659280 3396687 1678720
V2 3396687 1678720 2800000 1678720
V2 2800000 1678720 1875000 1847138
V2 1875000 1847138 416494 1847138
V2 416494 1847138 372062 1891570
Net22 5 
V2 3067120 1633360 3058480 1642000
V2 3058480 1642000 2800000 1642000
V2 2800000 1642000 1875000 1758265
V2 1875000 1758265 1100962 1758265
V2 1100962 1758265 1078740 1780487
Net23 5 
V2 3174502 1633360 3157222 1650640
V2 3157222 1650640 2800000 1650640
V2 2800000 1650640 1875000 1769374
V2 1875000 1769374 1266523 1769374
V2 1266523 1769374 1255410 1780487
Net27 5 
V2 3093960 1607440 3081000 1620400
V2 3081000 1620400 2800000 1620400
V2 2800000 1620400 1875000 1747157
V2 1875000 1747157 1023740 1747157
V2 1023740 1747157 990410 1780487
Net34 5 
V2 3120810 1581520 3107850 1594480
V2 3107850 1594480 2800000 1594480
V2 2800000 1594480 1875000 1736048
V2 1875000 1736048 858179 1736048
V2 858179 1736048 813740 1780487
Net35 5 
V2 3174502 1581520 3165862 1572880
V2 3165862 1572880 2800000 1572880
V2 2800000 1572880 1875000 1706428
V2 1875000 1706428 699749 1706428
V2 699749 1706428 681237 1724940
Net39 5 
V2 3093960 1555600 3085320 1564240
V2 3085320 1564240 2800000 1564240
V2 2800000 1564240 1875000 1687914
V2 1875000 1687914 629926 1687914
V2 629926 1687914 592900 1724940
Net51 5 
V2 3255042 1503760 3246402 1512400
V2 3246402 1512400 2800000 1512400
V2 2800000 1512400 1875000 1641631
V2 1875000 1641631 1283179 1641631
V2 1283179 1641631 1255410 1669400
Net53 5 
V2 3362430 1503760 3345150 1521040
V2 3345150 1521040 2800000 1521040
V2 2800000 1521040 1875000 1655516
V2 1875000 1655516 1534296 1655516
V2 1534296 1655516 1520412 1669400
Net61 5 
V2 3147660 1451920 3143340 1456240
V2 3143340 1456240 2800000 1456240
V2 2800000 1456240 1875000 1539798
V2 1875000 1539798 743914 1539798
V2 743914 1539798 725400 1558312
Net62 5 
V2 3201350 1451920 3192710 1460560
V2 3192710 1460560 2800000 1460560
V2 2800000 1460560 1875000 1549055
V2 1875000 1549055 822997 1549055
V2 822997 1549055 813740 1558312
Net63 5 
V2 3255042 1451920 3242082 1464880
V2 3242082 1464880 2800000 1464880
V2 2800000 1464880 1875000 1576826
V2 1875000 1576826 718271 1576826
V2 718271 1576826 681237 1613860
Net64 5 
V2 3362430 1451920 3345150 1469200
V2 3345150 1469200 2800000 1469200
V2 2800000 1469200 1875000 1595340
V2 1875000 1595340 876427 1595340
V2 876427 1595340 857907 1613860
Net65 5 
V2 3416127 1451920 3394527 1473520
V2 3394527 1473520 2800000 1473520
V2 2800000 1473520 1875000 1627745
V2 1875000 1627745 413717 1627745
V2 413717 1627745 372062 1669400
Net66 5 
V2 3067120 1426000 3054160 1438960
V2 3054160 1438960 2800000 1438960
V2 2800000 1438960 1875000 1530541
V2 1875000 1530541 664841 1530541
V2 664841 1530541 637070 1558312
Net77 5 
V2 3067120 1374160 3054160 1387120
V2 3054160 1387120 2800000 1387120
V2 2800000 1387120 1875000 1521284
V2 1875000 1521284 788084 1521284
V2 788084 1521284 769570 1502770
Net78 5 
V2 3120810 1374160 3116490 1369840
V2 3116490 1369840 2800000 1369840
V2 2800000 1369840 1875000 1512027
V2 1875000 1512027 867164 1512027
V2 867164 1512027 857907 1502770
Net83 5 
V2 3093960 1348240 3089640 1352560
V2 3089640 1352560 2800000 1352560
V2 2800000 1352560 1875000 1458336
V2 1875000 1458336 1167344 1458336
V2 1167344 1458336 1122910 1502770
Net84 5 
V2 3147660 1348240 3139020 1356880
V2 3139020 1356880 2800000 1356880
V2 2800000 1356880 1875000 1469444
V2 1875000 1469444 1332905 1469444
V2 1332905 1469444 1299580 1502770
Net85 5 
V2 3255042 1348240 3242082 1361200
V2 3242082 1361200 2800000 1361200
V2 2800000 1361200 1875000 1480553
V2 1875000 1480553 1410127 1480553
V2 1410127 1480553 1387910 1502770
Net86 5 
V2 3362430 1348240 3345150 1365520
V2 3345150 1365520 2800000 1365520
V2 2800000 1365520 1875000 1491661
V2 1875000 1491661 1575688 1491661
V2 1575688 1491661 1564580 1502770
