Nets 28
Net10 5 
M2 3335582 1711120 3322622 1724080
M2 3322622 1724080 2800000 1724080
M2 2800000 1724080 1875000 1863800
M2 1875000 1863800 857420 1863800
M2 857420 1863800 835820 1885400
Net13 5 
M2 3184030 1685200 3177550 1691680
M2 3177550 1691680 2800000 1691680
M2 2800000 1691680 1875000 1816280
M2 1875000 1816280 1487010 1816280
M2 1487010 1816280 1461090 1842200
Net14 5 
M2 3227330 1685200 3214370 1698160
M2 3214370 1698160 2800000 1698160
M2 2800000 1698160 1875000 1824920
M2 1875000 1824920 1544190 1824920
M2 1544190 1824920 1526910 1842200
Net15 5 
M2 3313932 1685200 3294492 1704640
M2 3294492 1704640 2800000 1704640
M2 2800000 1704640 1875000 1833560
M2 1875000 1833560 1601370 1833560
M2 1601370 1833560 1592730 1842200
Net16 5 
M2 3075780 1659280 3070596 1664464
M2 3070596 1664464 2800000 1664464
M2 2800000 1664464 1875000 1773080
M2 1875000 1773080 993380 1773080
M2 993380 1773080 967460 1799000
Net18 5 
M2 3162380 1659280 3152012 1669648
M2 3152012 1669648 2800000 1669648
M2 2800000 1669648 1875000 1781720
M2 1875000 1781720 1182190 1781720
M2 1182190 1781720 1164910 1799000
Net19 5 
M2 3248980 1659280 3233428 1674832
M2 3233428 1674832 2800000 1674832
M2 2800000 1674832 1875000 1790360
M2 1875000 1790360 1239370 1790360
M2 1239370 1790360 1230730 1799000
Net21 5 
M2 3335582 1659280 3314846 1680016
M2 3314846 1680016 2800000 1680016
M2 2800000 1680016 1875000 1807640
M2 1875000 1807640 903290 1807640
M2 903290 1807640 868730 1842200
Net29 5 
M2 3162380 1607440 3157196 1612624
M2 3157196 1612624 2800000 1612624
M2 2800000 1612624 1875000 1729880
M2 1875000 1729880 1421190 1729880
M2 1421190 1729880 1395270 1755800
Net30 5 
M2 3248980 1607440 3238612 1617808
M2 3238612 1617808 2800000 1617808
M2 2800000 1617808 1875000 1738520
M2 1875000 1738520 1544190 1738520
M2 1544190 1738520 1526910 1755800
Net31 5 
M2 3292280 1607440 3276728 1622992
M2 3276728 1622992 2800000 1622992
M2 2800000 1622992 1875000 1747160
M2 1875000 1747160 1601370 1747160
M2 1601370 1747160 1592730 1755800
Net32 5 
M2 3335582 1607440 3314846 1628176
M2 3314846 1628176 2800000 1628176
M2 2800000 1628176 1875000 1764440
M2 1875000 1764440 870380 1764440
M2 870380 1764440 835820 1799000
Net33 5 
M2 3054130 1581520 3041170 1594480
M2 3041170 1594480 2800000 1594480
M2 2800000 1594480 1875000 1721240
M2 1875000 1721240 969110 1721240
M2 969110 1721240 934550 1755800
Net35 5 
M2 3140730 1581520 3127770 1568560
M2 3127770 1568560 2800000 1568560
M2 2800000 1568560 1875000 1701800
M2 1875000 1701800 1044077 1701800
M2 1044077 1701800 1033277 1712600
Net39 5 
M2 3075780 1555600 3062820 1542640
M2 3062820 1542640 2800000 1542640
M2 2800000 1542640 1875000 1691000
M2 1875000 1691000 923240 1691000
M2 923240 1691000 901640 1712600
Net51 5 
M2 3205680 1503760 3192720 1516720
M2 3192720 1516720 2800000 1516720
M2 2800000 1516720 1875000 1680200
M2 1875000 1680200 1537710 1680200
M2 1537710 1680200 1526910 1669400
Net52 5 
M2 3248980 1503760 3236020 1490800
M2 3236020 1490800 2800000 1490800
M2 2800000 1490800 1875000 1620027
M2 1875000 1620027 1500172 1620027
M2 1500172 1620027 1494000 1626200
Net55 5 
M2 3054130 1477840 3041170 1464880
M2 3041170 1464880 2800000 1464880
M2 2800000 1464880 1875000 1613856
M2 1875000 1613856 913983 1613856
M2 913983 1613856 901640 1626200
Net66 5 
M2 3054130 1426000 3041170 1438960
M2 3041170 1438960 2800000 1438960
M2 2800000 1438960 1875000 1607685
M2 1875000 1607685 1025055 1607685
M2 1025055 1607685 1000370 1583000
Net67 5 
M2 3140730 1426000 3135546 1420816
M2 3135546 1420816 2800000 1420816
M2 2800000 1420816 1875000 1601513
M2 1875000 1601513 1282153 1601513
M2 1282153 1601513 1263640 1583000
Net68 5 
M2 3184030 1426000 3173662 1415632
M2 3173662 1415632 2800000 1415632
M2 2800000 1415632 1875000 1595342
M2 1875000 1595342 1407612 1595342
M2 1407612 1595342 1395270 1583000
Net69 5 
M2 3227330 1426000 3211778 1410448
M2 3211778 1410448 2800000 1410448
M2 2800000 1410448 1875000 1589171
M2 1875000 1589171 1533081 1589171
M2 1533081 1589171 1526910 1583000
Net70 5 
M2 3270630 1426000 3249894 1405264
M2 3249894 1405264 2800000 1405264
M2 2800000 1405264 1875000 1561400
M2 1875000 1561400 1614330 1561400
M2 1614330 1561400 1592730 1583000
Net79 5 
M2 3140730 1374160 3135546 1379344
M2 3135546 1379344 2800000 1379344
M2 2800000 1379344 1875000 1505240
M2 1875000 1505240 1199470 1505240
M2 1199470 1505240 1164910 1539800
Net80 5 
M2 3184030 1374160 3173662 1384528
M2 3173662 1384528 2800000 1384528
M2 2800000 1384528 1875000 1513880
M2 1875000 1513880 1322470 1513880
M2 1322470 1513880 1296550 1539800
Net81 5 
M2 3227330 1374160 3211778 1389712
M2 3211778 1389712 2800000 1389712
M2 2800000 1389712 1875000 1522520
M2 1875000 1522520 1379642 1522520
M2 1379642 1522520 1362362 1539800
Net82 5 
M2 3270630 1374160 3249894 1394896
M2 3249894 1394896 2800000 1394896
M2 2800000 1394896 1875000 1531160
M2 1875000 1531160 1436820 1531160
M2 1436820 1531160 1428180 1539800
Net83 5 
M2 3075780 1348240 3062820 1361200
M2 3062820 1361200 2800000 1361200
M2 2800000 1361200 1875000 1475000
M2 1875000 1475000 1285240 1475000
M2 1285240 1475000 1263640 1496600
