Nets 66
Net0 5 
V1 3067120 1737040 3061936 1742224
V1 3061936 1742224 2800000 1742224
V1 2800000 1742224 1875000 1859480
V1 1875000 1859480 1329850 1859480
V1 1329850 1859480 1312570 1876760
Net1 5 
V1 3174502 1737040 3164134 1747408
V1 3164134 1747408 2800000 1747408
V1 2800000 1747408 1875000 1863800
V1 1875000 1863800 1432917 1863800
V1 1432917 1863800 1419957 1876760
Net2 5 
V1 3281890 1737040 3266338 1752592
V1 3266338 1752592 2800000 1752592
V1 2800000 1752592 1875000 1868120
V1 1875000 1868120 1535980 1868120
V1 1535980 1868120 1527340 1876760
Net3 5 
V1 3335582 1737040 3314846 1757776
V1 3314846 1757776 2800000 1757776
V1 2800000 1757776 1875000 1872440
V1 1875000 1872440 1585360 1872440
V1 1585360 1872440 1581040 1876760
Net6 5 
V1 3201350 1711120 3197030 1715440
V1 3197030 1715440 2800000 1715440
V1 2800000 1715440 1875000 1833560
V1 1875000 1833560 1464080 1833560
V1 1464080 1833560 1446800 1850840
Net7 5 
V1 3255042 1711120 3246402 1719760
V1 3246402 1719760 2800000 1719760
V1 2800000 1719760 1875000 1837880
V1 1875000 1837880 1513457 1837880
V1 1513457 1837880 1500497 1850840
Net8 5 
V1 3308740 1711120 3295780 1724080
V1 3295780 1724080 2800000 1724080
V1 2800000 1724080 1875000 1842200
V1 1875000 1842200 1562830 1842200
V1 1562830 1842200 1554190 1850840
Net9 5 
V1 3362430 1711120 3345150 1728400
V1 3345150 1728400 2800000 1728400
V1 2800000 1728400 1875000 1846520
V1 1875000 1846520 1612200 1846520
V1 1612200 1846520 1607880 1850840
Net10 5 
V1 3416127 1711120 3394527 1732720
V1 3394527 1732720 2800000 1732720
V1 2800000 1732720 1875000 1855160
V1 1875000 1855160 1280472 1855160
V1 1280472 1855160 1258872 1876760
Net11 5 
V1 3067120 1685200 3062800 1689520
V1 3062800 1689520 2800000 1689520
V1 2800000 1689520 1875000 1807640
V1 1875000 1807640 1329850 1807640
V1 1329850 1807640 1312570 1824920
Net12 5 
V1 3120810 1685200 3112170 1693840
V1 3112170 1693840 2800000 1693840
V1 2800000 1693840 1875000 1811960
V1 1875000 1811960 1379220 1811960
V1 1379220 1811960 1366260 1824920
Net13 5 
V1 3228200 1685200 3215240 1698160
V1 3215240 1698160 2800000 1698160
V1 2800000 1698160 1875000 1816280
V1 1875000 1816280 1482290 1816280
V1 1482290 1816280 1473650 1824920
Net14 5 
V1 3281890 1685200 3264610 1702480
V1 3264610 1702480 2800000 1702480
V1 2800000 1702480 1875000 1820600
V1 1875000 1820600 1531660 1820600
V1 1531660 1820600 1527340 1824920
Net15 5 
V1 3389280 1685200 3367680 1706800
V1 3367680 1706800 2800000 1706800
V1 2800000 1706800 1875000 1829240
V1 1875000 1829240 1585360 1829240
V1 1585360 1829240 1581040 1824920
Net18 5 
V1 3201350 1659280 3192710 1650640
V1 3192710 1650640 2800000 1650640
V1 2800000 1650640 1875000 1779560
V1 1875000 1779560 1466240 1779560
V1 1466240 1779560 1446800 1799000
Net19 5 
V1 3308740 1659280 3302260 1665760
V1 3302260 1665760 2800000 1665760
V1 2800000 1665760 1875000 1786040
V1 1875000 1786040 1513457 1786040
V1 1513457 1786040 1500497 1799000
Net20 5 
V1 3362430 1659280 3349470 1672240
V1 3349470 1672240 2800000 1672240
V1 2800000 1672240 1875000 1792520
V1 1875000 1792520 1614360 1792520
V1 1614360 1792520 1607880 1799000
Net21 5 
V1 3416127 1659280 3396687 1678720
V1 3396687 1678720 2800000 1678720
V1 2800000 1678720 1875000 1803320
V1 1875000 1803320 1280472 1803320
V1 1280472 1803320 1258872 1824920
Net22 5 
V1 3067120 1633360 3058480 1642000
V1 3058480 1642000 2800000 1642000
V1 2800000 1642000 1875000 1764440
V1 1875000 1764440 1321210 1764440
V1 1321210 1764440 1312570 1773080
Net27 5 
V1 3093960 1607440 3089640 1611760
V1 3089640 1611760 2800000 1611760
V1 2800000 1611760 1875000 1726424
V1 1875000 1726424 1360153 1726424
V1 1360153 1726424 1339417 1747160
Net28 5 
V1 3147660 1607440 3139020 1616080
V1 3139020 1616080 2800000 1616080
V1 2800000 1616080 1875000 1731608
V1 1875000 1731608 1408662 1731608
V1 1408662 1731608 1393110 1747160
Net29 5 
V1 3201350 1607440 3188390 1620400
V1 3188390 1620400 2800000 1620400
V1 2800000 1620400 1875000 1736792
V1 1875000 1736792 1457168 1736792
V1 1457168 1736792 1446800 1747160
Net31 5 
V1 3362430 1607440 3345150 1624720
V1 3345150 1624720 2800000 1624720
V1 2800000 1624720 1875000 1741976
V1 1875000 1741976 1613064 1741976
V1 1613064 1741976 1607880 1747160
Net32 5 
V1 3416127 1607440 3394527 1629040
V1 3394527 1629040 2800000 1629040
V1 2800000 1629040 1875000 1755800
V1 1875000 1755800 1276152 1755800
V1 1276152 1755800 1258872 1773080
Net33 5 
V1 3067120 1581520 3061936 1586704
V1 3061936 1586704 2800000 1586704
V1 2800000 1586704 1875000 1703960
V1 1875000 1703960 1329850 1703960
V1 1329850 1703960 1312570 1721240
Net35 5 
V1 3174502 1581520 3164134 1591888
V1 3164134 1591888 2800000 1591888
V1 2800000 1591888 1875000 1708280
V1 1875000 1708280 1432917 1708280
V1 1432917 1708280 1419957 1721240
Net36 5 
V1 3228200 1581520 3212648 1597072
V1 3212648 1597072 2800000 1597072
V1 2800000 1597072 1875000 1712600
V1 1875000 1712600 1482290 1712600
V1 1482290 1712600 1473650 1721240
Net38 5 
V1 3335582 1581520 3314846 1602256
V1 3314846 1602256 2800000 1602256
V1 2800000 1602256 1875000 1716920
V1 1875000 1716920 1585360 1716920
V1 1585360 1716920 1581040 1721240
Net39 5 
V1 3093960 1555600 3089640 1559920
V1 3089640 1559920 2800000 1559920
V1 2800000 1559920 1875000 1674584
V1 1875000 1674584 1360153 1674584
V1 1360153 1674584 1339417 1695320
Net40 5 
V1 3201350 1555600 3192710 1564240
V1 3192710 1564240 2800000 1564240
V1 2800000 1564240 1875000 1679768
V1 1875000 1679768 1462352 1679768
V1 1462352 1679768 1446800 1695320
Net41 5 
V1 3255042 1555600 3242082 1568560
V1 3242082 1568560 2800000 1568560
V1 2800000 1568560 1875000 1684952
V1 1875000 1684952 1510865 1684952
V1 1510865 1684952 1500497 1695320
Net42 5 
V1 3362430 1555600 3345150 1572880
V1 3345150 1572880 2800000 1572880
V1 2800000 1572880 1875000 1690136
V1 1875000 1690136 1613064 1690136
V1 1613064 1690136 1607880 1695320
Net43 5 
V1 3416127 1555600 3394527 1577200
V1 3394527 1577200 2800000 1577200
V1 2800000 1577200 1875000 1699640
V1 1875000 1699640 1280472 1699640
V1 1280472 1699640 1258872 1721240
Net45 5 
V1 3174502 1529680 3168022 1536160
V1 3168022 1536160 2800000 1536160
V1 2800000 1536160 1875000 1653848
V1 1875000 1653848 1435509 1653848
V1 1435509 1653848 1419957 1669400
Net46 5 
V1 3228200 1529680 3215240 1542640
V1 3215240 1542640 2800000 1542640
V1 2800000 1542640 1875000 1659032
V1 1875000 1659032 1484018 1659032
V1 1484018 1659032 1473650 1669400
Net47 5 
V1 3335582 1529680 3316142 1549120
V1 3316142 1549120 2800000 1549120
V1 2800000 1549120 1875000 1664216
V1 1875000 1664216 1586224 1664216
V1 1586224 1664216 1581040 1669400
Net49 5 
V1 3147660 1503760 3143340 1508080
V1 3143340 1508080 2800000 1508080
V1 2800000 1508080 1875000 1622744
V1 1875000 1622744 1413846 1622744
V1 1413846 1622744 1393110 1643480
Net50 5 
V1 3201350 1503760 3192710 1512400
V1 3192710 1512400 2800000 1512400
V1 2800000 1512400 1875000 1627928
V1 1875000 1627928 1462352 1627928
V1 1462352 1627928 1446800 1643480
Net52 5 
V1 3308740 1503760 3295780 1516720
V1 3295780 1516720 2800000 1516720
V1 2800000 1516720 1875000 1633112
V1 1875000 1633112 1564558 1633112
V1 1564558 1633112 1554190 1643480
Net53 5 
V1 3362430 1503760 3345150 1521040
V1 3345150 1521040 2800000 1521040
V1 2800000 1521040 1875000 1638296
V1 1875000 1638296 1613064 1638296
V1 1613064 1638296 1607880 1643480
Net54 5 
V1 3416127 1503760 3394527 1525360
V1 3394527 1525360 2800000 1525360
V1 2800000 1525360 1875000 1648664
V1 1875000 1648664 1279608 1648664
V1 1279608 1648664 1258872 1669400
Net55 5 
V1 3067120 1477840 3060640 1484320
V1 3060640 1484320 2800000 1484320
V1 2800000 1484320 1875000 1602008
V1 1875000 1602008 1328122 1602008
V1 1328122 1602008 1312570 1617560
Net56 5 
V1 3120810 1477840 3107850 1490800
V1 3107850 1490800 2800000 1490800
V1 2800000 1490800 1875000 1607192
V1 1875000 1607192 1376628 1607192
V1 1376628 1607192 1366260 1617560
Net57 5 
V1 3228200 1477840 3208760 1497280
V1 3208760 1497280 2800000 1497280
V1 2800000 1497280 1875000 1612376
V1 1875000 1612376 1478834 1612376
V1 1478834 1612376 1473650 1617560
Net60 5 
V1 3093960 1451920 3089640 1456240
V1 3089640 1456240 2800000 1456240
V1 2800000 1456240 1875000 1570904
V1 1875000 1570904 1360153 1570904
V1 1360153 1570904 1339417 1591640
Net62 5 
V1 3201350 1451920 3192710 1460560
V1 3192710 1460560 2800000 1460560
V1 2800000 1460560 1875000 1576088
V1 1875000 1576088 1462352 1576088
V1 1462352 1576088 1446800 1591640
Net63 5 
V1 3255042 1451920 3242082 1464880
V1 3242082 1464880 2800000 1464880
V1 2800000 1464880 1875000 1581272
V1 1875000 1581272 1510865 1581272
V1 1510865 1581272 1500497 1591640
Net64 5 
V1 3362430 1451920 3345150 1469200
V1 3345150 1469200 2800000 1469200
V1 2800000 1469200 1875000 1586456
V1 1875000 1586456 1613064 1586456
V1 1613064 1586456 1607880 1591640
Net65 5 
V1 3416127 1451920 3394527 1473520
V1 3394527 1473520 2800000 1473520
V1 2800000 1473520 1875000 1596824
V1 1875000 1596824 1279608 1596824
V1 1279608 1596824 1258872 1617560
Net66 5 
V1 3067120 1426000 3061936 1431184
V1 3061936 1431184 2800000 1431184
V1 2800000 1431184 1875000 1548440
V1 1875000 1548440 1329850 1548440
V1 1329850 1548440 1312570 1565720
Net67 5 
V1 3174502 1426000 3164134 1436368
V1 3164134 1436368 2800000 1436368
V1 2800000 1436368 1875000 1552760
V1 1875000 1552760 1379220 1552760
V1 1379220 1552760 1366260 1565720
Net69 5 
V1 3281890 1426000 3266338 1441552
V1 3266338 1441552 2800000 1441552
V1 2800000 1441552 1875000 1557080
V1 1875000 1557080 1535980 1557080
V1 1535980 1557080 1527340 1565720
Net70 5 
V1 3335582 1426000 3314846 1446736
V1 3314846 1446736 2800000 1446736
V1 2800000 1446736 1875000 1561400
V1 1875000 1561400 1585360 1561400
V1 1585360 1561400 1581040 1565720
Net73 5 
V1 3201350 1400080 3196166 1405264
V1 3196166 1405264 2800000 1405264
V1 2800000 1405264 1875000 1520360
V1 1875000 1520360 1466240 1520360
V1 1466240 1520360 1446800 1539800
Net74 5 
V1 3308740 1400080 3298372 1410448
V1 3298372 1410448 2800000 1410448
V1 2800000 1410448 1875000 1526840
V1 1875000 1526840 1567150 1526840
V1 1567150 1526840 1554190 1539800
Net75 5 
V1 3362430 1400080 3346878 1415632
V1 3346878 1415632 2800000 1415632
V1 2800000 1415632 1875000 1533320
V1 1875000 1533320 1614360 1533320
V1 1614360 1533320 1607880 1539800
Net76 5 
V1 3416127 1400080 3395391 1420816
V1 3395391 1420816 2800000 1420816
V1 2800000 1420816 1875000 1544120
V1 1875000 1544120 1280472 1544120
V1 1280472 1544120 1258872 1565720
Net77 5 
V1 3067120 1374160 3061936 1379344
V1 3061936 1379344 2800000 1379344
V1 2800000 1379344 1875000 1496600
V1 1875000 1496600 1329850 1496600
V1 1329850 1496600 1312570 1513880
Net79 5 
V1 3174502 1374160 3164134 1384528
V1 3164134 1384528 2800000 1384528
V1 2800000 1384528 1875000 1500920
V1 1875000 1500920 1432917 1500920
V1 1432917 1500920 1419957 1513880
Net80 5 
V1 3228200 1374160 3212648 1389712
V1 3212648 1389712 2800000 1389712
V1 2800000 1389712 1875000 1505240
V1 1875000 1505240 1482290 1505240
V1 1482290 1505240 1473650 1513880
Net82 5 
V1 3335582 1374160 3314846 1394896
V1 3314846 1394896 2800000 1394896
V1 2800000 1394896 1875000 1509560
V1 1875000 1509560 1585360 1509560
V1 1585360 1509560 1581040 1513880
Net83 5 
V1 3093960 1348240 3089640 1352560
V1 3089640 1352560 2800000 1352560
V1 2800000 1352560 1875000 1467224
V1 1875000 1467224 1360153 1467224
V1 1360153 1467224 1339417 1487960
Net84 5 
V1 3147660 1348240 3139020 1356880
V1 3139020 1356880 2800000 1356880
V1 2800000 1356880 1875000 1472408
V1 1875000 1472408 1408662 1472408
V1 1408662 1472408 1393110 1487960
Net85 5 
V1 3255042 1348240 3242082 1361200
V1 3242082 1361200 2800000 1361200
V1 2800000 1361200 1875000 1477592
V1 1875000 1477592 1510865 1477592
V1 1510865 1477592 1500497 1487960
Net86 5 
V1 3362430 1348240 3345150 1365520
V1 3345150 1365520 2800000 1365520
V1 2800000 1365520 1875000 1482776
V1 1875000 1482776 1613064 1482776
V1 1613064 1482776 1607880 1487960
Net87 5 
V1 3416127 1348240 3394527 1369840
V1 3394527 1369840 2800000 1369840
V1 2800000 1369840 1875000 1492280
V1 1875000 1492280 1280472 1492280
V1 1280472 1492280 1258872 1513880
