Nets 26
Net4 5 
M2 3365080 1728400 3343480 1750000
M2 3343480 1750000 2600000 1750000
M2 2600000 1750000 1875000 1842200
M2 1875000 1842200 1539450 1842200
M2 1539450 1842200 1530810 1850840
Net14 5 
M2 3559940 1685200 3549140 1696000
M2 3549140 1696000 2600000 1696000
M2 2600000 1696000 1875000 1807640
M2 1875000 1807640 1516040 1807640
M2 1516040 1807640 1498760 1824920
Net15 5 
M2 3637880 1685200 3616280 1706800
M2 3616280 1706800 2600000 1706800
M2 2600000 1706800 1875000 1816280
M2 1875000 1816280 1571490 1816280
M2 1571490 1816280 1562850 1824920
Net16 5 
M2 3793762 1685200 3761362 1717600
M2 3761362 1717600 2600000 1717600
M2 2600000 1717600 1875000 1833560
M2 1875000 1833560 1186972 1833560
M2 1186972 1833560 1178332 1824920
Net21 5 
M2 3365080 1642000 3350680 1656400
M2 3350680 1656400 2600000 1656400
M2 2600000 1656400 1875000 1760120
M2 1875000 1760120 1447640 1760120
M2 1447640 1760120 1434680 1773080
Net24 5 
M2 3676850 1642000 3648050 1670800
M2 3648050 1670800 2600000 1670800
M2 2600000 1670800 1875000 1766600
M2 1875000 1766600 1569330 1766600
M2 1569330 1766600 1562850 1773080
Net25 5 
M2 3754790 1642000 3746150 1633360
M2 3746150 1633360 2600000 1633360
M2 2600000 1633360 1875000 1753640
M2 1875000 1753640 1197772 1753640
M2 1197772 1753640 1178332 1773080
Net29 5 
M2 3170227 1598800 3161587 1607440
M2 3161587 1607440 2600000 1607440
M2 2600000 1607440 1875000 1727720
M2 1875000 1727720 1293900 1727720
M2 1293900 1727720 1274460 1747160
Net33 5 
M2 3637880 1598800 3620600 1616080
M2 3620600 1616080 2600000 1616080
M2 2600000 1616080 1875000 1734200
M2 1875000 1734200 1543770 1734200
M2 1543770 1734200 1530810 1747160
Net34 5 
M2 3715820 1598800 3689900 1624720
M2 3689900 1624720 2600000 1624720
M2 2600000 1624720 1875000 1740680
M2 1875000 1740680 1601370 1740680
M2 1601370 1740680 1594890 1747160
Net37 5 
M2 2975370 1555600 2966730 1564240
M2 2966730 1564240 2600000 1564240
M2 2600000 1564240 1875000 1700504
M2 1875000 1700504 1391326 1700504
M2 1391326 1700504 1370590 1721240
Net41 5 
M2 3520970 1555600 3503690 1572880
M2 3503690 1572880 2600000 1572880
M2 2600000 1572880 1875000 1705688
M2 1875000 1705688 1450232 1705688
M2 1450232 1705688 1434680 1721240
Net42 5 
M2 3598910 1555600 3572990 1581520
M2 3572990 1581520 2600000 1581520
M2 2600000 1581520 1875000 1710872
M2 1875000 1710872 1509128 1710872
M2 1509128 1710872 1498760 1721240
Net43 5 
M2 3676850 1555600 3642290 1590160
M2 3642290 1590160 2600000 1590160
M2 2600000 1590160 1875000 1716056
M2 1875000 1716056 1568034 1716056
M2 1568034 1716056 1562850 1721240
Net44 5 
M2 3014340 1512400 2999940 1526800
M2 2999940 1526800 2600000 1526800
M2 2600000 1526800 1875000 1626200
M2 1875000 1626200 1291740 1626200
M2 1291740 1626200 1274460 1643480
Net50 5 
M2 3559940 1512400 3531140 1541200
M2 3531140 1541200 2600000 1541200
M2 2600000 1541200 1875000 1634840
M2 1875000 1634840 1475360 1634840
M2 1475360 1634840 1466720 1643480
Net57 5 
M2 3443020 1469200 3421420 1490800
M2 3421420 1490800 2600000 1490800
M2 2600000 1490800 1875000 1608920
M2 1875000 1608920 1571490 1608920
M2 1571490 1608920 1562850 1617560
Net67 5 
M2 3404050 1426000 3395410 1434640
M2 3395410 1434640 2600000 1434640
M2 2600000 1434640 1875000 1546280
M2 1875000 1546280 1454120 1546280
M2 1454120 1546280 1434680 1565720
Net68 5 
M2 3559940 1426000 3542660 1443280
M2 3542660 1443280 2600000 1443280
M2 2600000 1443280 1875000 1552760
M2 1875000 1552760 1511720 1552760
M2 1511720 1552760 1498760 1565720
Net69 5 
M2 3637880 1426000 3611960 1451920
M2 3611960 1451920 2600000 1451920
M2 2600000 1451920 1875000 1559240
M2 1875000 1559240 1569330 1559240
M2 1569330 1559240 1562850 1565720
Net70 5 
M2 3793762 1426000 3759202 1460560
M2 3759202 1460560 2600000 1460560
M2 2600000 1460560 1875000 1600280
M2 1875000 1600280 1195612 1600280
M2 1195612 1600280 1178332 1617560
Net74 5 
M2 3131252 1382800 3109652 1404400
M2 3109652 1404400 2600000 1404400
M2 2600000 1404400 1875000 1505240
M2 1875000 1505240 1379230 1505240
M2 1379230 1505240 1370590 1513880
Net84 5 
M2 3326110 1339600 3317470 1348240
M2 3317470 1348240 2600000 1348240
M2 2600000 1348240 1875000 1468520
M2 1875000 1468520 1357990 1468520
M2 1357990 1468520 1338550 1487960
Net85 5 
M2 3404050 1339600 3386770 1356880
M2 3386770 1356880 2600000 1356880
M2 2600000 1356880 1875000 1475000
M2 1875000 1475000 1479680 1475000
M2 1479680 1475000 1466720 1487960
Net86 5 
M2 3559940 1339600 3534020 1365520
M2 3534020 1365520 2600000 1365520
M2 2600000 1365520 1875000 1481480
M2 1875000 1481480 1601370 1481480
M2 1601370 1481480 1594890 1487960
Net87 5 
M2 3793762 1339600 3759202 1374160
M2 3759202 1374160 2600000 1374160
M2 2600000 1374160 1875000 1496600
M2 1875000 1496600 1195612 1496600
M2 1195612 1496600 1178332 1513880
