Nets 32
Net13 5 
V2 3481997 1685200 3471197 1696000
V2 3471197 1696000 2600000 1696000
V2 2600000 1696000 1875000 1874909
V2 1875000 1874909 1255620 1874909
V2 1255620 1874909 1238960 1891570
Net14 5 
V2 3559940 1685200 3538340 1706800
V2 3538340 1706800 2600000 1706800
V2 2600000 1706800 1875000 1880464
V2 1875000 1880464 1433656 1880464
V2 1433656 1880464 1422550 1891570
Net15 5 
V2 3637880 1685200 3605480 1717600
V2 3605480 1717600 2600000 1717600
V2 2600000 1717600 1875000 1886018
V2 1875000 1886018 1519901 1886018
V2 1519901 1886018 1514350 1891570
Net16 5 
V2 3793762 1685200 3779362 1670800
V2 3779362 1670800 2600000 1670800
V2 2600000 1670800 1875000 1869355
V2 1875000 1869355 343184 1869355
V2 343184 1869355 320970 1891570
Net20 5 
V2 3287140 1642000 3272740 1656400
V2 3272740 1656400 2600000 1656400
V2 2600000 1656400 1875000 1863801
V2 1875000 1863801 1129031 1863801
V2 1129031 1863801 1101260 1836030
Net21 5 
V2 3365080 1642000 3357880 1634800
V2 3357880 1634800 2600000 1634800
V2 2600000 1634800 1875000 1858247
V2 1875000 1858247 1215277 1858247
V2 1215277 1858247 1193060 1836030
Net22 5 
V2 3443020 1642000 3428620 1627600
V2 3428620 1627600 2600000 1627600
V2 2600000 1627600 1875000 1852692
V2 1875000 1852692 1301520 1852692
V2 1301520 1852692 1284857 1836030
Net23 5 
V2 3598910 1642000 3577310 1620400
V2 3577310 1620400 2600000 1620400
V2 2600000 1620400 1875000 1847138
V2 1875000 1847138 1387761 1847138
V2 1387761 1847138 1376652 1836030
Net24 5 
V2 3676850 1642000 3648050 1613200
V2 3648050 1613200 2600000 1613200
V2 2600000 1613200 1875000 1841584
V2 1875000 1841584 1474004 1841584
V2 1474004 1841584 1468450 1836030
Net27 5 
V2 3014340 1598800 3010020 1594480
V2 3010020 1594480 2600000 1594480
V2 2600000 1594480 1875000 1822144
V2 1875000 1822144 821616 1822144
V2 821616 1822144 779960 1780487
Net28 5 
V2 3092280 1598800 3083640 1590160
V2 3083640 1590160 2600000 1590160
V2 2600000 1590160 1875000 1815201
V2 1875000 1815201 906473 1815201
V2 906473 1815201 871760 1780487
Net29 5 
V2 3170227 1598800 3157267 1585840
V2 3157267 1585840 2600000 1585840
V2 2600000 1585840 1875000 1808258
V2 1875000 1808258 991331 1808258
V2 991331 1808258 963560 1780487
Net30 5 
V2 3326110 1598800 3308830 1581520
V2 3308830 1581520 2600000 1581520
V2 2600000 1581520 1875000 1801315
V2 1875000 1801315 1076188 1801315
V2 1076188 1801315 1055360 1780487
Net31 5 
V2 3404050 1598800 3382450 1577200
V2 3382450 1577200 2600000 1577200
V2 2600000 1577200 1875000 1794373
V2 1875000 1794373 1252845 1794373
V2 1252845 1794373 1238960 1780487
Net32 5 
V2 3481997 1598800 3456077 1572880
V2 3456077 1572880 2600000 1572880
V2 2600000 1572880 1875000 1787430
V2 1875000 1787430 1337695 1787430
V2 1337695 1787430 1330752 1780487
Net33 5 
V2 3637880 1598800 3607640 1568560
V2 3607640 1568560 2600000 1568560
V2 2600000 1568560 1875000 1761968
V2 1875000 1761968 1532869 1761968
V2 1532869 1761968 1514350 1780487
Net34 5 
V2 3715820 1598800 3708620 1606000
V2 3708620 1606000 2600000 1606000
V2 2600000 1606000 1875000 1829086
V2 1875000 1829086 1567193 1829086
V2 1567193 1829086 1560250 1836030
Net35 5 
V2 3793762 1598800 3759202 1564240
V2 3759202 1564240 2600000 1564240
V2 2600000 1564240 1875000 1743454
V2 1875000 1743454 358003 1743454
V2 358003 1743454 320970 1780487
Net36 5 
V2 2897430 1555600 2893110 1559920
V2 2893110 1559920 2600000 1559920
V2 2600000 1559920 1875000 1697171
V2 1875000 1697171 578236 1697171
V2 578236 1697171 550467 1724940
Net60 5 
V2 3676850 1469200 3655250 1490800
V2 3655250 1490800 2600000 1490800
V2 2600000 1490800 1875000 1650888
V2 1875000 1650888 1532862 1650888
V2 1532862 1650888 1514350 1669400
Net61 5 
V2 3754790 1469200 3740390 1454800
V2 3740390 1454800 2600000 1454800
V2 2600000 1454800 1875000 1632374
V2 1875000 1632374 293584 1632374
V2 293584 1632374 275070 1613860
Net64 5 
V2 3170227 1426000 3155827 1440400
V2 3155827 1440400 2600000 1440400
V2 2600000 1440400 1875000 1599969
V2 1875000 1599969 729819 1599969
V2 729819 1599969 688162 1558312
Net65 5 
V2 3248170 1426000 3243850 1421680
V2 3243850 1421680 2600000 1421680
V2 2600000 1421680 1875000 1586083
V2 1875000 1586083 807731 1586083
V2 807731 1586083 779960 1558312
Net66 5 
V2 3326110 1426000 3317470 1417360
V2 3317470 1417360 2600000 1417360
V2 2600000 1417360 1875000 1572198
V2 1875000 1572198 885645 1572198
V2 885645 1572198 871760 1558312
Net71 5 
V2 2897430 1382800 2893110 1387120
V2 2893110 1387120 2600000 1387120
V2 2600000 1387120 1875000 1484255
V2 1875000 1484255 385384 1484255
V2 385384 1484255 366870 1502770
Net74 5 
V2 3131252 1382800 3122612 1391440
V2 3122612 1391440 2600000 1391440
V2 2600000 1391440 1875000 1510704
V2 1875000 1510704 1011168 1510704
V2 1011168 1510704 963560 1558312
Net75 5 
V2 3287140 1382800 3274180 1395760
V2 3274180 1395760 2600000 1395760
V2 2600000 1395760 1875000 1518639
V2 1875000 1518639 1095033 1518639
V2 1095033 1518639 1055360 1558312
Net76 5 
V2 3443020 1382800 3425740 1400080
V2 3425740 1400080 2600000 1400080
V2 2600000 1400080 1875000 1526573
V2 1875000 1526573 1178899 1526573
V2 1178899 1526573 1147160 1558312
Net77 5 
V2 3520970 1382800 3499370 1404400
V2 3499370 1404400 2600000 1404400
V2 2600000 1404400 1875000 1534508
V2 1875000 1534508 1262764 1534508
V2 1262764 1534508 1238960 1558312
Net78 5 
V2 3598910 1382800 3572990 1408720
V2 3572990 1408720 2600000 1408720
V2 2600000 1408720 1875000 1542442
V2 1875000 1542442 1438420 1542442
V2 1438420 1542442 1422550 1558312
Net79 5 
V2 3676850 1382800 3646610 1413040
V2 3646610 1413040 2600000 1413040
V2 2600000 1413040 1875000 1550377
V2 1875000 1550377 1522285 1550377
V2 1522285 1550377 1514350 1558312
Net80 5 
V2 3754790 1382800 3733190 1361200
V2 3733190 1361200 2600000 1361200
V2 2600000 1361200 1875000 1465741
V2 1875000 1465741 312098 1465741
V2 312098 1465741 275070 1502770
