Nets 32
Net13 5 
V2 3481997 1685200 3471197 1696000
V2 3471197 1696000 2600000 1696000
V2 2600000 1696000 1875000 1874909
V2 1875000 1874909 1239160 1874909
V2 1239160 1874909 1222500 1891570
Net14 5 
V2 3559940 1685200 3538340 1706800
V2 3538340 1706800 2600000 1706800
V2 2600000 1706800 1875000 1880464
V2 1875000 1880464 1424136 1880464
V2 1424136 1880464 1413030 1891570
Net15 5 
V2 3637880 1685200 3605480 1717600
V2 3605480 1717600 2600000 1717600
V2 2600000 1717600 1875000 1886018
V2 1875000 1886018 1513841 1886018
V2 1513841 1886018 1508290 1891570
Net16 5 
V2 3793762 1685200 3779362 1670800
V2 3779362 1670800 2600000 1670800
V2 2600000 1670800 1875000 1869355
V2 1875000 1869355 292084 1869355
V2 292084 1869355 269870 1891570
Net20 5 
V2 3287140 1642000 3272740 1656400
V2 3272740 1656400 2600000 1656400
V2 2600000 1656400 1875000 1863801
V2 1875000 1863801 1107381 1863801
V2 1107381 1863801 1079610 1836030
Net21 5 
V2 3365080 1642000 3357880 1634800
V2 3357880 1634800 2600000 1634800
V2 2600000 1634800 1875000 1858247
V2 1875000 1858247 1197087 1858247
V2 1197087 1858247 1174870 1836030
Net22 5 
V2 3443020 1642000 3428620 1627600
V2 3428620 1627600 2600000 1627600
V2 2600000 1627600 1875000 1852692
V2 1875000 1852692 1286792 1852692
V2 1286792 1852692 1270130 1836030
Net23 5 
V2 3598910 1642000 3577310 1620400
V2 3577310 1620400 2600000 1620400
V2 2600000 1620400 1875000 1847138
V2 1875000 1847138 1376506 1847138
V2 1376506 1847138 1365397 1836030
Net24 5 
V2 3676850 1642000 3648050 1613200
V2 3648050 1613200 2600000 1613200
V2 2600000 1613200 1875000 1841584
V2 1875000 1841584 1466214 1841584
V2 1466214 1841584 1460660 1836030
Net27 5 
V2 3014340 1598800 3010020 1594480
V2 3010020 1594480 2600000 1594480
V2 2600000 1594480 1875000 1822144
V2 1875000 1822144 787846 1822144
V2 787846 1822144 746190 1780487
Net28 5 
V2 3092280 1598800 3083640 1590160
V2 3083640 1590160 2600000 1590160
V2 2600000 1590160 1875000 1815201
V2 1875000 1815201 876163 1815201
V2 876163 1815201 841450 1780487
Net29 5 
V2 3170227 1598800 3157267 1585840
V2 3157267 1585840 2600000 1585840
V2 2600000 1585840 1875000 1808258
V2 1875000 1808258 964481 1808258
V2 964481 1808258 936710 1780487
Net30 5 
V2 3326110 1598800 3308830 1581520
V2 3308830 1581520 2600000 1581520
V2 2600000 1581520 1875000 1801315
V2 1875000 1801315 1052808 1801315
V2 1052808 1801315 1031980 1780487
Net31 5 
V2 3404050 1598800 3382450 1577200
V2 3382450 1577200 2600000 1577200
V2 2600000 1577200 1875000 1794373
V2 1875000 1794373 1236385 1794373
V2 1236385 1794373 1222500 1780487
Net32 5 
V2 3481997 1598800 3456077 1572880
V2 3456077 1572880 2600000 1572880
V2 2600000 1572880 1875000 1787430
V2 1875000 1787430 1324705 1787430
V2 1324705 1787430 1317762 1780487
Net33 5 
V2 3637880 1598800 3607640 1568560
V2 3607640 1568560 2600000 1568560
V2 2600000 1568560 1875000 1761968
V2 1875000 1761968 1526809 1761968
V2 1526809 1761968 1508290 1780487
Net34 5 
V2 3715820 1598800 3708620 1606000
V2 3708620 1606000 2600000 1606000
V2 2600000 1606000 1875000 1829086
V2 1875000 1829086 1562863 1829086
V2 1562863 1829086 1555920 1836030
Net35 5 
V2 3793762 1598800 3759202 1564240
V2 3759202 1564240 2600000 1564240
V2 2600000 1564240 1875000 1743454
V2 1875000 1743454 306903 1743454
V2 306903 1743454 269870 1780487
Net36 5 
V2 2897430 1555600 2893110 1559920
V2 2893110 1559920 2600000 1559920
V2 2600000 1559920 1875000 1697171
V2 1875000 1697171 535798 1697171
V2 535798 1697171 508030 1724940
Net60 5 
V2 3676850 1469200 3655250 1490800
V2 3655250 1490800 2600000 1490800
V2 2600000 1490800 1875000 1650888
V2 1875000 1650888 1526802 1650888
V2 1526802 1650888 1508290 1669400
Net61 5 
V2 3754790 1469200 3740390 1454800
V2 3740390 1454800 2600000 1454800
V2 2600000 1454800 1875000 1632374
V2 1875000 1632374 240754 1632374
V2 240754 1632374 222240 1613860
Net64 5 
V2 3170227 1426000 3155827 1440400
V2 3155827 1440400 2600000 1440400
V2 2600000 1440400 1875000 1599969
V2 1875000 1599969 692579 1599969
V2 692579 1599969 650922 1558312
Net65 5 
V2 3248170 1426000 3243850 1421680
V2 3243850 1421680 2600000 1421680
V2 2600000 1421680 1875000 1586083
V2 1875000 1586083 773961 1586083
V2 773961 1586083 746190 1558312
Net66 5 
V2 3326110 1426000 3317470 1417360
V2 3317470 1417360 2600000 1417360
V2 2600000 1417360 1875000 1572198
V2 1875000 1572198 855335 1572198
V2 855335 1572198 841450 1558312
Net71 5 
V2 2897430 1382800 2893110 1387120
V2 2893110 1387120 2600000 1387120
V2 2600000 1387120 1875000 1484255
V2 1875000 1484255 336022 1484255
V2 336022 1484255 317507 1502770
Net74 5 
V2 3131252 1382800 3122612 1391440
V2 3122612 1391440 2600000 1391440
V2 2600000 1391440 1875000 1510704
V2 1875000 1510704 984318 1510704
V2 984318 1510704 936710 1558312
Net75 5 
V2 3287140 1382800 3274180 1395760
V2 3274180 1395760 2600000 1395760
V2 2600000 1395760 1875000 1518639
V2 1875000 1518639 1071653 1518639
V2 1071653 1518639 1031980 1558312
Net76 5 
V2 3443020 1382800 3425740 1400080
V2 3425740 1400080 2600000 1400080
V2 2600000 1400080 1875000 1526573
V2 1875000 1526573 1158979 1526573
V2 1158979 1526573 1127240 1558312
Net77 5 
V2 3520970 1382800 3499370 1404400
V2 3499370 1404400 2600000 1404400
V2 2600000 1404400 1875000 1534508
V2 1875000 1534508 1246304 1534508
V2 1246304 1534508 1222500 1558312
Net78 5 
V2 3598910 1382800 3572990 1408720
V2 3572990 1408720 2600000 1408720
V2 2600000 1408720 1875000 1542442
V2 1875000 1542442 1428900 1542442
V2 1428900 1542442 1413030 1558312
Net79 5 
V2 3676850 1382800 3646610 1413040
V2 3646610 1413040 2600000 1413040
V2 2600000 1413040 1875000 1550377
V2 1875000 1550377 1516225 1550377
V2 1516225 1550377 1508290 1558312
Net80 5 
V2 3754790 1382800 3733190 1361200
V2 3733190 1361200 2600000 1361200
V2 2600000 1361200 1875000 1465741
V2 1875000 1465741 259268 1465741
V2 259268 1465741 222240 1502770
