Nets 40
Net0 5 
V1 2882270 1728400 2876097 1734572
V1 2876097 1734572 2600000 1734572
V1 2600000 1734572 1875000 1856600
V1 1875000 1856600 859427 1856600
V1 859427 1856600 830627 1885400
Net1 5 
V1 3013910 1728400 3001566 1740743
V1 3001566 1740743 2600000 1740743
V1 2600000 1740743 1875000 1861400
V1 1875000 1861400 1027830 1861400
V1 1027830 1861400 1003830 1885400
Net2 5 
V1 3079730 1728400 3061215 1746915
V1 3061215 1746915 2600000 1746915
V1 2600000 1746915 1875000 1866200
V1 1875000 1866200 1109630 1866200
V1 1109630 1866200 1090430 1885400
Net3 5 
V1 3211360 1728400 3186673 1753086
V1 3186673 1753086 2600000 1753086
V1 2600000 1753086 1875000 1871000
V1 1875000 1871000 1278040 1871000
V1 1278040 1871000 1263640 1885400
Net4 5 
V1 3277180 1728400 3246322 1759257
V1 3246322 1759257 2600000 1759257
V1 2600000 1759257 1875000 1875800
V1 1875000 1875800 1359840 1875800
V1 1359840 1875800 1350240 1885400
Net5 5 
V1 3408817 1728400 3371788 1765428
V1 3371788 1765428 2600000 1765428
V1 2600000 1765428 1875000 1880600
V1 1875000 1880600 1528247 1880600
V1 1528247 1880600 1523447 1885400
Net7 5 
V1 2915180 1685200 2900780 1699600
V1 2900780 1699600 2600000 1699600
V1 2600000 1699600 1875000 1847000
V1 1875000 1847000 705520 1847000
V1 705520 1847000 700720 1842200
Net8 5 
V1 2981000 1685200 2966600 1670800
V1 2966600 1670800 2600000 1670800
V1 2600000 1670800 1875000 1827800
V1 1875000 1827800 801722 1827800
V1 801722 1827800 787322 1842200
Net16 5 
V1 3639180 1685200 3610380 1714000
V1 3610380 1714000 2600000 1714000
V1 2600000 1714000 1875000 1851800
V1 1875000 1851800 623720 1851800
V1 623720 1851800 614120 1842200
Net17 5 
V1 2882270 1642000 2873630 1633360
V1 2873630 1633360 2600000 1633360
V1 2600000 1633360 1875000 1790360
V1 1875000 1790360 752660 1790360
V1 752660 1790360 744020 1799000
Net18 5 
V1 2948090 1642000 2933690 1656400
V1 2933690 1656400 2600000 1656400
V1 2600000 1656400 1875000 1813400
V1 1875000 1813400 845027 1813400
V1 845027 1813400 830627 1799000
Net25 5 
V1 3606270 1642000 3588990 1624720
V1 3588990 1624720 2600000 1624720
V1 2600000 1624720 1875000 1781720
V1 1875000 1781720 588100 1781720
V1 588100 1781720 570820 1799000
Net26 5 
V1 2915180 1598800 2906540 1607440
V1 2906540 1607440 2600000 1607440
V1 2600000 1607440 1875000 1764440
V1 1875000 1764440 709360 1764440
V1 709360 1764440 700720 1755800
Net27 5 
V1 2981000 1598800 2966600 1584400
V1 2966600 1584400 2600000 1584400
V1 2600000 1584400 1875000 1741400
V1 1875000 1741400 801722 1741400
V1 801722 1741400 787322 1755800
Net35 5 
V1 3639180 1598800 3621900 1616080
V1 3621900 1616080 2600000 1616080
V1 2600000 1616080 1875000 1773080
V1 1875000 1773080 631400 1773080
V1 631400 1773080 614120 1755800
Net36 5 
V1 2882270 1555600 2877470 1550800
V1 2877470 1550800 2600000 1550800
V1 2600000 1550800 1875000 1691000
V1 1875000 1691000 679020 1691000
V1 679020 1691000 657420 1712600
Net37 5 
V1 2948090 1555600 2933690 1570000
V1 2933690 1570000 2600000 1570000
V1 2600000 1570000 1875000 1727000
V1 1875000 1727000 845027 1727000
V1 845027 1727000 830627 1712600
Net44 5 
V1 2981000 1512400 2976200 1507600
V1 2976200 1507600 2600000 1507600
V1 2600000 1507600 1875000 1631000
V1 1875000 1631000 739120 1631000
V1 739120 1631000 700720 1669400
Net45 5 
V1 3046820 1512400 3042020 1517200
V1 3042020 1517200 2600000 1517200
V1 2600000 1517200 1875000 1635800
V1 1875000 1635800 820922 1635800
V1 820922 1635800 787322 1669400
Net46 5 
V1 3112637 1512400 3103037 1522000
V1 3103037 1522000 2600000 1522000
V1 2600000 1522000 1875000 1640600
V1 1875000 1640600 902730 1640600
V1 902730 1640600 873930 1669400
Net47 5 
V1 3178450 1512400 3164050 1526800
V1 3164050 1526800 2600000 1526800
V1 2600000 1526800 1875000 1645400
V1 1875000 1645400 984530 1645400
V1 984530 1645400 960530 1669400
Net48 5 
V1 3310090 1512400 3290890 1531600
V1 3290890 1531600 2600000 1531600
V1 2600000 1531600 1875000 1650200
V1 1875000 1650200 1152932 1650200
V1 1152932 1650200 1133732 1669400
Net49 5 
V1 3375910 1512400 3351910 1536400
V1 3351910 1536400 2600000 1536400
V1 2600000 1536400 1875000 1655000
V1 1875000 1655000 1321340 1655000
V1 1321340 1655000 1306940 1669400
Net50 5 
V1 3441722 1512400 3412922 1541200
V1 3412922 1541200 2600000 1541200
V1 2600000 1541200 1875000 1659800
V1 1875000 1659800 1489742 1659800
V1 1489742 1659800 1480142 1669400
Net51 5 
V1 3573360 1512400 3539760 1546000
V1 3539760 1546000 2600000 1546000
V1 2600000 1546000 1875000 1664600
V1 1875000 1664600 1571550 1664600
V1 1571550 1664600 1566750 1669400
Net52 5 
V1 2882270 1469200 2877470 1474000
V1 2877470 1474000 2600000 1474000
V1 2600000 1474000 1875000 1595960
V1 1875000 1595960 687660 1595960
V1 687660 1595960 657420 1626200
Net53 5 
V1 2948090 1469200 2938490 1478800
V1 2938490 1478800 2600000 1478800
V1 2600000 1478800 1875000 1600280
V1 1875000 1600280 769940 1600280
V1 769940 1600280 744020 1626200
Net54 5 
V1 3079730 1469200 3065330 1483600
V1 3065330 1483600 2600000 1483600
V1 2600000 1483600 1875000 1604600
V1 1875000 1604600 938830 1604600
V1 938830 1604600 917230 1626200
Net57 5 
V1 3343000 1469200 3323800 1488400
V1 3323800 1488400 2600000 1488400
V1 2600000 1488400 1875000 1608920
V1 1875000 1608920 1280920 1608920
V1 1280920 1608920 1263640 1626200
Net58 5 
V1 3408817 1469200 3384817 1493200
V1 3384817 1493200 2600000 1493200
V1 2600000 1493200 1875000 1613240
V1 1875000 1613240 1363200 1613240
V1 1363200 1613240 1350240 1626200
Net59 5 
V1 3474630 1469200 3445830 1498000
V1 3445830 1498000 2600000 1498000
V1 2600000 1498000 1875000 1617560
V1 1875000 1617560 1445480 1617560
V1 1445480 1617560 1436840 1626200
Net60 5 
V1 3540450 1469200 3506850 1502800
V1 3506850 1502800 2600000 1502800
V1 2600000 1502800 1875000 1621880
V1 1875000 1621880 1527767 1621880
V1 1527767 1621880 1523447 1626200
Net62 5 
V1 2915180 1426000 2900780 1440400
V1 2900780 1440400 2600000 1440400
V1 2600000 1440400 1875000 1587320
V1 1875000 1587320 705040 1587320
V1 705040 1587320 700720 1583000
Net63 5 
V1 3046820 1426000 3032420 1411600
V1 3032420 1411600 2600000 1411600
V1 2600000 1411600 1875000 1568600
V1 1875000 1568600 801722 1568600
V1 801722 1568600 787322 1583000
Net70 5 
V1 3639180 1426000 3610380 1454800
V1 3610380 1454800 2600000 1454800
V1 2600000 1454800 1875000 1591640
V1 1875000 1591640 622760 1591640
V1 622760 1591640 614120 1583000
Net71 5 
V1 2882270 1382800 2873630 1374160
V1 2873630 1374160 2600000 1374160
V1 2600000 1374160 1875000 1531160
V1 1875000 1531160 752660 1531160
V1 752660 1531160 744020 1539800
Net72 5 
V1 2948090 1382800 2933690 1397200
V1 2933690 1397200 2600000 1397200
V1 2600000 1397200 1875000 1554200
V1 1875000 1554200 845027 1554200
V1 845027 1554200 830627 1539800
Net80 5 
V1 3606270 1382800 3588990 1365520
V1 3588990 1365520 2600000 1365520
V1 2600000 1365520 1875000 1522520
V1 1875000 1522520 588100 1522520
V1 588100 1522520 570820 1539800
Net81 5 
V1 2915180 1339600 2906540 1348240
V1 2906540 1348240 2600000 1348240
V1 2600000 1348240 1875000 1505240
V1 1875000 1505240 882570 1505240
V1 882570 1505240 873930 1496600
Net87 5 
V1 3639180 1339600 3621900 1356880
V1 3621900 1356880 2600000 1356880
V1 2600000 1356880 1875000 1513880
V1 1875000 1513880 631400 1513880
V1 631400 1513880 614120 1496600
