Nets 20
Net5 5 
V2 3408817 1728400 3387217 1750000
V2 3387217 1750000 2600000 1750000
V2 2600000 1750000 1875000 1837880
V2 1875000 1837880 1620840 1837880
V2 1620840 1837880 1607880 1850840
Net13 5 
V2 3375910 1685200 3354310 1706800
V2 3354310 1706800 2600000 1706800
V2 2600000 1706800 1875000 1811960
V2 1875000 1811960 1486610 1811960
V2 1486610 1811960 1473650 1824920
Net23 5 
V2 3474630 1642000 3453030 1663600
V2 3453030 1663600 2600000 1663600
V2 2600000 1663600 1875000 1786040
V2 1875000 1786040 1620840 1786040
V2 1620840 1786040 1607880 1799000
Net31 5 
V2 3310090 1598800 3288490 1620400
V2 3288490 1620400 2600000 1620400
V2 2600000 1620400 1875000 1760120
V2 1875000 1760120 1432917 1760120
V2 1432917 1760120 1419957 1773080
Net32 5 
V2 3375910 1598800 3365110 1588000
V2 3365110 1588000 2600000 1588000
V2 2600000 1588000 1875000 1734200
V2 1875000 1734200 1459760 1734200
V2 1459760 1734200 1446800 1747160
Net35 5 
V2 3639180 1598800 3617580 1577200
V2 3617580 1577200 2600000 1577200
V2 2600000 1577200 1875000 1708280
V2 1875000 1708280 1271832 1708280
V2 1271832 1708280 1258872 1721240
Net38 5 
V2 3079730 1555600 3068930 1566400
V2 3068930 1566400 2600000 1566400
V2 2600000 1566400 1875000 1682360
V2 1875000 1682360 1459760 1682360
V2 1459760 1682360 1446800 1695320
Net48 5 
V2 3310090 1512400 3295690 1526800
V2 3295690 1526800 2600000 1526800
V2 2600000 1526800 1875000 1656440
V2 1875000 1656440 1432917 1656440
V2 1432917 1656440 1419957 1669400
Net49 5 
V2 3375910 1512400 3347110 1541200
V2 3347110 1541200 2600000 1541200
V2 2600000 1541200 1875000 1662920
V2 1875000 1662920 1480130 1662920
V2 1480130 1662920 1473650 1669400
Net55 5 
V2 3211360 1469200 3202720 1477840
V2 3202720 1477840 2600000 1477840
V2 2600000 1477840 1875000 1586456
V2 1875000 1586456 1505681 1586456
V2 1505681 1586456 1500497 1591640
Net59 5 
V2 3474630 1469200 3457350 1486480
V2 3457350 1486480 2600000 1486480
V2 2600000 1486480 1875000 1626200
V2 1875000 1626200 1571470 1626200
V2 1571470 1626200 1554190 1643480
Net60 5 
V2 3540450 1469200 3514530 1495120
V2 3514530 1495120 2600000 1495120
V2 2600000 1495120 1875000 1634840
V2 1875000 1634840 1616520 1634840
V2 1616520 1634840 1607880 1643480
Net61 5 
V2 3606270 1469200 3571710 1503760
V2 3571710 1503760 2600000 1503760
V2 2600000 1503760 1875000 1649960
V2 1875000 1649960 1278312 1649960
V2 1278312 1649960 1258872 1669400
Net62 5 
V2 2915180 1426000 2904380 1436800
V2 2904380 1436800 2600000 1436800
V2 2600000 1436800 1875000 1570904
V2 1875000 1570904 1360153 1570904
V2 1360153 1570904 1339417 1591640
Net64 5 
V2 3112637 1426000 3091037 1447600
V2 3091037 1447600 2600000 1447600
V2 2600000 1447600 1875000 1576088
V2 1875000 1576088 1408662 1576088
V2 1408662 1576088 1393110 1591640
Net65 5 
V2 3178450 1426000 3146050 1458400
V2 3146050 1458400 2600000 1458400
V2 2600000 1458400 1875000 1581272
V2 1875000 1581272 1457168 1581272
V2 1457168 1581272 1446800 1591640
Net71 5 
V2 2882270 1382800 2871470 1393600
V2 2871470 1393600 2600000 1393600
V2 2600000 1393600 1875000 1520360
V2 1875000 1520360 1305160 1520360
V2 1305160 1520360 1285720 1539800
Net72 5 
V2 2948090 1382800 2926490 1404400
V2 2926490 1404400 2600000 1404400
V2 2600000 1404400 1875000 1526840
V2 1875000 1526840 1406070 1526840
V2 1406070 1526840 1393110 1539800
Net73 5 
V2 3013910 1382800 2981510 1415200
V2 2981510 1415200 2600000 1415200
V2 2600000 1415200 1875000 1533320
V2 1875000 1533320 1453280 1533320
V2 1453280 1533320 1446800 1539800
Net83 5 
V2 3112637 1339600 3091037 1361200
V2 3091037 1361200 2600000 1361200
V2 2600000 1361200 1875000 1475000
V2 1875000 1475000 1352377 1475000
V2 1352377 1475000 1339417 1487960
