Nets 20
Net8 5 
V2 3048980 1711120 3040340 1719760
V2 3040340 1719760 2600000 1719760
V2 2600000 1719760 1875000 1856600
V2 1875000 1856600 1456980 1856600
V2 1456980 1856600 1428180 1885400
Net9 5 
V2 3092280 1711120 3075000 1728400
V2 3075000 1728400 2600000 1728400
V2 2600000 1728400 1875000 1871000
V2 1875000 1871000 1574220 1871000
V2 1574220 1871000 1559820 1885400
Net24 5 
V2 2984030 1633360 2971070 1646320
V2 2971070 1646320 2600000 1646320
V2 2600000 1646320 1875000 1777400
V2 1875000 1777400 1318150 1777400
V2 1318150 1777400 1296550 1799000
Net27 5 
V2 2875780 1607440 2862820 1620400
V2 2862820 1620400 2600000 1620400
V2 2600000 1620400 1875000 1741400
V2 1875000 1741400 1146400 1741400
V2 1146400 1741400 1132000 1755800
Net43 5 
V2 3135582 1555600 3122622 1568560
V2 3122622 1568560 2600000 1568560
V2 2600000 1568560 1875000 1727000
V2 1875000 1727000 897530 1727000
V2 897530 1727000 868730 1755800
Net44 5 
V2 2854130 1529680 2841170 1542640
V2 2841170 1542640 2600000 1542640
V2 2600000 1542640 1875000 1663227
V2 1875000 1663227 1138172 1663227
V2 1138172 1663227 1132000 1669400
Net48 5 
V2 2875780 1503760 2869300 1510240
V2 2869300 1510240 2600000 1510240
V2 2600000 1510240 1875000 1644713
V2 1875000 1644713 959236 1644713
V2 959236 1644713 934550 1669400
Net49 5 
V2 2919080 1503760 2906120 1516720
V2 2906120 1516720 2600000 1516720
V2 2600000 1516720 1875000 1650885
V2 1875000 1650885 1018885 1650885
V2 1018885 1650885 1000370 1669400
Net50 5 
V2 2962380 1503760 2942940 1523200
V2 2942940 1523200 2600000 1523200
V2 2600000 1523200 1875000 1657056
V2 1875000 1657056 1078526 1657056
V2 1078526 1657056 1066182 1669400
Net56 5 
V2 2897430 1477840 2884470 1490800
V2 2884470 1490800 2600000 1490800
V2 2600000 1490800 1875000 1638542
V2 1875000 1638542 979802 1638542
V2 979802 1638542 967460 1626200
Net57 5 
V2 2984030 1477840 2979710 1473520
V2 2979710 1473520 2600000 1473520
V2 2600000 1473520 1875000 1632371
V2 1875000 1632371 1105261 1632371
V2 1105261 1632371 1099090 1626200
Net58 5 
V2 3027330 1477840 3018690 1469200
V2 3018690 1469200 2600000 1469200
V2 2600000 1469200 1875000 1617560
V2 1875000 1617560 1436820 1617560
V2 1436820 1617560 1428180 1626200
Net59 5 
V2 3070630 1477840 3057670 1464880
V2 3057670 1464880 2600000 1464880
V2 2600000 1464880 1875000 1608920
V2 1875000 1608920 1379642 1608920
V2 1379642 1608920 1362362 1626200
Net63 5 
V2 3005680 1451920 3001360 1456240
V2 3001360 1456240 2600000 1456240
V2 2600000 1456240 1875000 1591640
V2 1875000 1591640 1199470 1591640
V2 1199470 1591640 1164910 1626200
Net64 5 
V2 3092280 1451920 3083640 1460560
V2 3083640 1460560 2600000 1460560
V2 2600000 1460560 1875000 1600280
V2 1875000 1600280 1256650 1600280
V2 1256650 1600280 1230730 1626200
Net65 5 
V2 3135582 1451920 3122622 1438960
V2 3122622 1438960 2600000 1438960
V2 2600000 1438960 1875000 1561400
V2 1875000 1561400 890330 1561400
V2 890330 1561400 868730 1583000
Net71 5 
V2 2875780 1400080 2862820 1413040
V2 2862820 1413040 2600000 1413040
V2 2600000 1413040 1875000 1518200
V2 1875000 1518200 989060 1518200
V2 989060 1518200 967460 1539800
Net84 5 
V2 2919080 1348240 2912600 1354720
V2 2912600 1354720 2600000 1354720
V2 2600000 1354720 1875000 1464200
V2 1875000 1464200 1427670 1464200
V2 1427670 1464200 1395270 1496600
Net85 5 
V2 3005680 1348240 2992720 1361200
V2 2992720 1361200 2600000 1361200
V2 2600000 1361200 1875000 1475000
V2 1875000 1475000 1482690 1475000
V2 1482690 1475000 1461090 1496600
Net86 5 
V2 3092280 1348240 3072840 1367680
V2 3072840 1367680 2600000 1367680
V2 2600000 1367680 1875000 1485800
V2 1875000 1485800 1603530 1485800
V2 1603530 1485800 1592730 1496600
