Nets 20
Net5 5 
V2 3520970 1728400 3499370 1750000
V2 3499370 1750000 2600000 1750000
V2 2600000 1750000 1875000 1837880
V2 1875000 1837880 1633830 1837880
V2 1633830 1837880 1620870 1850840
Net13 5 
V2 3481997 1685200 3460397 1706800
V2 3460397 1706800 2600000 1706800
V2 2600000 1706800 1875000 1811960
V2 1875000 1811960 1525580 1811960
V2 1525580 1811960 1512620 1824920
Net23 5 
V2 3598910 1642000 3577310 1663600
V2 3577310 1663600 2600000 1663600
V2 2600000 1663600 1875000 1786040
V2 1875000 1786040 1633830 1786040
V2 1633830 1786040 1620870 1799000
Net31 5 
V2 3404050 1598800 3382450 1620400
V2 3382450 1620400 2600000 1620400
V2 2600000 1620400 1875000 1760120
V2 1875000 1760120 1482280 1760120
V2 1482280 1760120 1469320 1773080
Net32 5 
V2 3481997 1598800 3471197 1588000
V2 3471197 1588000 2600000 1588000
V2 2600000 1588000 1875000 1734200
V2 1875000 1734200 1503930 1734200
V2 1503930 1734200 1490970 1747160
Net35 5 
V2 3793762 1598800 3772162 1577200
V2 3772162 1577200 2600000 1577200
V2 2600000 1577200 1875000 1708280
V2 1875000 1708280 1352377 1708280
V2 1352377 1708280 1339417 1721240
Net38 5 
V2 3131252 1555600 3120452 1566400
V2 3120452 1566400 2600000 1566400
V2 2600000 1566400 1875000 1682360
V2 1875000 1682360 1503930 1682360
V2 1503930 1682360 1490970 1695320
Net48 5 
V2 3404050 1512400 3389650 1526800
V2 3389650 1526800 2600000 1526800
V2 2600000 1526800 1875000 1656440
V2 1875000 1656440 1482280 1656440
V2 1482280 1656440 1469320 1669400
Net49 5 
V2 3481997 1512400 3453197 1541200
V2 3453197 1541200 2600000 1541200
V2 2600000 1541200 1875000 1662920
V2 1875000 1662920 1519100 1662920
V2 1519100 1662920 1512620 1669400
Net55 5 
V2 3287140 1469200 3278500 1477840
V2 3278500 1477840 2600000 1477840
V2 2600000 1477840 1875000 1586456
V2 1875000 1586456 1539454 1586456
V2 1539454 1586456 1534270 1591640
Net59 5 
V2 3598910 1469200 3581630 1486480
V2 3581630 1486480 2600000 1486480
V2 2600000 1486480 1875000 1626200
V2 1875000 1626200 1594850 1626200
V2 1594850 1626200 1577570 1643480
Net60 5 
V2 3676850 1469200 3650930 1495120
V2 3650930 1495120 2600000 1495120
V2 2600000 1495120 1875000 1634840
V2 1875000 1634840 1629510 1634840
V2 1629510 1634840 1620870 1643480
Net61 5 
V2 3754790 1469200 3720230 1503760
V2 3720230 1503760 2600000 1503760
V2 2600000 1503760 1875000 1649960
V2 1875000 1649960 1358857 1649960
V2 1358857 1649960 1339417 1669400
Net62 5 
V2 2936400 1426000 2925600 1436800
V2 2925600 1436800 2600000 1436800
V2 2600000 1436800 1875000 1570904
V2 1875000 1570904 1425106 1570904
V2 1425106 1570904 1404370 1591640
Net64 5 
V2 3170227 1426000 3148627 1447600
V2 3148627 1447600 2600000 1447600
V2 2600000 1447600 1875000 1576088
V2 1875000 1576088 1463222 1576088
V2 1463222 1576088 1447670 1591640
Net65 5 
V2 3248170 1426000 3215770 1458400
V2 3215770 1458400 2600000 1458400
V2 2600000 1458400 1875000 1581272
V2 1875000 1581272 1501338 1581272
V2 1501338 1581272 1490970 1591640
Net71 5 
V2 2897430 1382800 2886630 1393600
V2 2886630 1393600 2600000 1393600
V2 2600000 1393600 1875000 1520360
V2 1875000 1520360 1380507 1520360
V2 1380507 1520360 1361067 1539800
Net72 5 
V2 2975370 1382800 2953770 1404400
V2 2953770 1404400 2600000 1404400
V2 2600000 1404400 1875000 1526840
V2 1875000 1526840 1460630 1526840
V2 1460630 1526840 1447670 1539800
Net73 5 
V2 3053310 1382800 3020910 1415200
V2 3020910 1415200 2600000 1415200
V2 2600000 1415200 1875000 1533320
V2 1875000 1533320 1497450 1533320
V2 1497450 1533320 1490970 1539800
Net83 5 
V2 3170227 1339600 3148627 1361200
V2 3148627 1361200 2600000 1361200
V2 2600000 1361200 1875000 1475000
V2 1875000 1475000 1417330 1475000
V2 1417330 1475000 1404370 1487960
