Nets 22
Net4 5 
M2 2875780 1711120 2867140 1719760
M2 2867140 1719760 2600000 1719760
M2 2600000 1719760 1875000 1833560
M2 1875000 1833560 1421650 1833560
M2 1421650 1833560 1404370 1850840
Net5 5 
M2 2919080 1711120 2901800 1728400
M2 2901800 1728400 2600000 1728400
M2 2600000 1728400 1875000 1842200
M2 1875000 1842200 1456310 1842200
M2 1456310 1842200 1447670 1850840
Net16 5 
M2 2875780 1659280 2867140 1667920
M2 2867140 1667920 2600000 1667920
M2 2600000 1667920 1875000 1781720
M2 1875000 1781720 1421650 1781720
M2 1421650 1781720 1404370 1799000
Net17 5 
M2 2919080 1659280 2901800 1676560
M2 2901800 1676560 2600000 1676560
M2 2600000 1676560 1875000 1790360
M2 1875000 1790360 1456310 1790360
M2 1456310 1790360 1447670 1799000
Net23 5 
M2 2940730 1633360 2935546 1638544
M2 2935546 1638544 2600000 1638544
M2 2600000 1638544 1875000 1752344
M2 1875000 1752344 1490056 1752344
M2 1490056 1752344 1469320 1773080
Net24 5 
M2 2984030 1633360 2973662 1643728
M2 2973662 1643728 2600000 1643728
M2 2600000 1643728 1875000 1757528
M2 1875000 1757528 1528172 1757528
M2 1528172 1757528 1512620 1773080
Net25 5 
M2 3027330 1633360 3011778 1648912
M2 3011778 1648912 2600000 1648912
M2 2600000 1648912 1875000 1762712
M2 1875000 1762712 1566288 1762712
M2 1566288 1762712 1555920 1773080
Net26 5 
M2 3070630 1633360 3049894 1654096
M2 3049894 1654096 2600000 1654096
M2 2600000 1654096 1875000 1767896
M2 1875000 1767896 1604404 1767896
M2 1604404 1767896 1599220 1773080
Net30 5 
M2 3048980 1607440 3036020 1620400
M2 3036020 1620400 2600000 1620400
M2 2600000 1620400 1875000 1734200
M2 1875000 1734200 1590530 1734200
M2 1590530 1734200 1577570 1747160
Net34 5 
M2 2897430 1581520 2888790 1590160
M2 2888790 1590160 2600000 1590160
M2 2600000 1590160 1875000 1703960
M2 1875000 1703960 1443300 1703960
M2 1443300 1703960 1426020 1721240
Net37 5 
M2 3027330 1581520 3010050 1598800
M2 3010050 1598800 2600000 1598800
M2 2600000 1598800 1875000 1712600
M2 1875000 1712600 1564560 1712600
M2 1564560 1712600 1555920 1721240
Net44 5 
M2 2854130 1529680 2841170 1542640
M2 2841170 1542640 2600000 1542640
M2 2600000 1542640 1875000 1656440
M2 1875000 1656440 1395680 1656440
M2 1395680 1656440 1382720 1669400
Net48 5 
M2 2875780 1503760 2867140 1512400
M2 2867140 1512400 2600000 1512400
M2 2600000 1512400 1875000 1626200
M2 1875000 1626200 1421650 1626200
M2 1421650 1626200 1404370 1643480
Net51 5 
M2 3005680 1503760 2988400 1521040
M2 2988400 1521040 2600000 1521040
M2 2600000 1521040 1875000 1634840
M2 1875000 1634840 1542910 1634840
M2 1542910 1634840 1534270 1643480
Net58 5 
M2 3027330 1477840 3018690 1486480
M2 3018690 1486480 2600000 1486480
M2 2600000 1486480 1875000 1600280
M2 1875000 1600280 1573200 1600280
M2 1573200 1600280 1555920 1617560
Net59 5 
M2 3070630 1477840 3053350 1495120
M2 3053350 1495120 2600000 1495120
M2 2600000 1495120 1875000 1608920
M2 1875000 1608920 1607860 1608920
M2 1607860 1608920 1599220 1617560
Net61 5 
M2 2919080 1451920 2906120 1464880
M2 2906120 1464880 2600000 1464880
M2 2600000 1464880 1875000 1578680
M2 1875000 1578680 1460630 1578680
M2 1460630 1578680 1447670 1591640
Net68 5 
M2 2984030 1426000 2971070 1438960
M2 2971070 1438960 2600000 1438960
M2 2600000 1438960 1875000 1552760
M2 1875000 1552760 1525580 1552760
M2 1525580 1552760 1512620 1565720
Net71 5 
M2 2875780 1400080 2867140 1408720
M2 2867140 1408720 2600000 1408720
M2 2600000 1408720 1875000 1522520
M2 1875000 1522520 1378347 1522520
M2 1378347 1522520 1361067 1539800
Net72 5 
M2 2919080 1400080 2901800 1417360
M2 2901800 1417360 2600000 1417360
M2 2600000 1417360 1875000 1531160
M2 1875000 1531160 1456310 1531160
M2 1456310 1531160 1447670 1539800
Net78 5 
M2 2897430 1374160 2888790 1382800
M2 2888790 1382800 2600000 1382800
M2 2600000 1382800 1875000 1496600
M2 1875000 1496600 1443300 1496600
M2 1443300 1496600 1426020 1513880
Net81 5 
M2 3027330 1374160 3010050 1391440
M2 3010050 1391440 2600000 1391440
M2 2600000 1391440 1875000 1505240
M2 1875000 1505240 1564560 1505240
M2 1564560 1505240 1555920 1513880
