Nets 15
Net24 5 
M3 3072362 1633360 3059402 1646320
M3 3059402 1646320 2600000 1646320
M3 2600000 1646320 1875000 1877686
M3 1875000 1877686 1234716 1877686
M3 1234716 1877686 1193060 1836030
Net25 5 
M3 3136450 1633360 3129970 1626880
M3 3129970 1626880 2600000 1626880
M3 2600000 1626880 1875000 1863801
M3 1875000 1863801 1312628 1863801
M3 1312628 1863801 1284857 1836030
Net26 5 
M3 3200540 1633360 3187580 1620400
M3 3187580 1620400 2600000 1620400
M3 2600000 1620400 1875000 1849915
M3 1875000 1849915 1482335 1849915
M3 1482335 1849915 1468450 1836030
Net31 5 
M3 3232580 1607440 3226100 1613920
M3 3226100 1613920 2600000 1613920
M3 2600000 1613920 1875000 1808258
M3 1875000 1808258 1588021 1808258
M3 1588021 1808258 1560250 1836030
Net43 5 
M3 3296667 1555600 3283707 1568560
M3 3283707 1568560 2600000 1568560
M3 2600000 1568560 1875000 1752711
M3 1875000 1752711 348746 1752711
M3 348746 1752711 320970 1780487
Net67 5 
M3 3008280 1426000 3003096 1431184
M3 3003096 1431184 2600000 1431184
M3 2600000 1431184 1875000 1569421
M3 1875000 1569421 882868 1569421
M3 882868 1569421 871760 1558312
Net68 5 
M3 3072362 1426000 3061994 1436368
M3 3061994 1436368 2600000 1436368
M3 2600000 1436368 1875000 1580529
M3 1875000 1580529 1318188 1580529
M3 1318188 1580529 1284857 1613860
Net69 5 
M3 3136450 1426000 3120898 1441552
M3 3120898 1441552 2600000 1441552
M3 2600000 1441552 1875000 1591638
M3 1875000 1591638 1398874 1591638
M3 1398874 1591638 1376652 1613860
Net70 5 
M3 3200540 1426000 3179804 1446736
M3 3179804 1446736 2600000 1446736
M3 2600000 1446736 1875000 1602746
M3 1875000 1602746 1479563 1602746
M3 1479563 1602746 1468450 1613860
Net75 5 
M3 3232580 1400080 3219620 1413040
M3 3219620 1413040 2600000 1413040
M3 2600000 1413040 1875000 1550377
M3 1875000 1550377 1522285 1550377
M3 1522285 1550377 1514350 1558312
Net79 5 
M3 3008280 1374160 3003096 1379344
M3 3003096 1379344 2600000 1379344
M3 2600000 1379344 1875000 1518639
M3 1875000 1518639 1003233 1518639
M3 1003233 1518639 963560 1558312
Net80 5 
M3 3072362 1374160 3061994 1384528
M3 3061994 1384528 2600000 1384528
M3 2600000 1384528 1875000 1526573
M3 1875000 1526573 1087099 1526573
M3 1087099 1526573 1055360 1558312
Net81 5 
M3 3136450 1374160 3120898 1389712
M3 3120898 1389712 2600000 1389712
M3 2600000 1389712 1875000 1534508
M3 1875000 1534508 1170964 1534508
M3 1170964 1534508 1147160 1558312
Net82 5 
M3 3200540 1374160 3179804 1394896
M3 3179804 1394896 2600000 1394896
M3 2600000 1394896 1875000 1542442
M3 1875000 1542442 1254830 1542442
M3 1254830 1542442 1238960 1558312
Net87 5 
M3 3296667 1348240 3283707 1361200
M3 3283707 1361200 2600000 1361200
M3 2600000 1361200 1875000 1510704
M3 1875000 1510704 368578 1510704
M3 368578 1510704 320970 1558312
