Nets 11
Net8 5 
M3 4157492 1722230 4129721 1750001
M3 4129721 1750001 2600000 1750001
M3 2600000 1750001 1875000 1811960
M3 1875000 1811960 1575810 1811960
M3 1575810 1811960 1562850 1824920
Net29 5 
M3 3681180 1611140 3662660 1629659
M3 3662660 1629659 2600000 1629659
M3 2600000 1629659 1875000 1760120
M3 1875000 1760120 1255380 1760120
M3 1255380 1760120 1242420 1773080
Net30 5 
M3 3871710 1611140 3834676 1648173
M3 3834676 1648173 2600000 1648173
M3 2600000 1648173 1875000 1766600
M3 1875000 1766600 1377070 1766600
M3 1377070 1766600 1370590 1773080
Net43 5 
M3 4205130 1555600 4177361 1583368
M3 4177361 1583368 2600000 1583368
M3 2600000 1583368 1875000 1753640
M3 1875000 1753640 1197772 1753640
M3 1197772 1753640 1178332 1773080
Net52 5 
M3 4157492 1500060 4129723 1527828
M3 4129723 1527828 2600000 1527828
M3 2600000 1527828 1875000 1630520
M3 1875000 1630520 1607850 1630520
M3 1607850 1630520 1594890 1643480
Net59 5 
M3 3633550 1444512 3605773 1472288
M3 3605773 1472288 2600000 1472288
M3 2600000 1472288 1875000 1604600
M3 1875000 1604600 1511720 1604600
M3 1511720 1604600 1498760 1617560
Net73 5 
M3 3871710 1388970 3860601 1400078
M3 3860601 1400078 2600000 1400078
M3 2600000 1400078 1875000 1496600
M3 1875000 1496600 1516040 1496600
M3 1516040 1496600 1498760 1513880
Net74 5 
M3 3966970 1388970 3944753 1411187
M3 3944753 1411187 2600000 1411187
M3 2600000 1411187 1875000 1505240
M3 1875000 1505240 1571490 1505240
M3 1571490 1505240 1562850 1513880
Net75 5 
M3 4062230 1388970 4028904 1422295
M3 4028904 1422295 2600000 1422295
M3 2600000 1422295 1875000 1522520
M3 1875000 1522520 1548090 1522520
M3 1548090 1522520 1530810 1539800
Net76 5 
M3 4157492 1388970 4113058 1433404
M3 4113058 1433404 2600000 1433404
M3 2600000 1433404 1875000 1531160
M3 1875000 1531160 1603530 1531160
M3 1603530 1531160 1594890 1539800
Net83 5 
M3 3633550 1333430 3605781 1361198
M3 3605781 1361198 2600000 1361198
M3 2600000 1361198 1875000 1475000
M3 1875000 1475000 1287420 1475000
M3 1287420 1475000 1274460 1487960
