Nets 26
Net13 5 
V2 2984030 1685200 2977550 1691680
V2 2977550 1691680 2600000 1691680
V2 2600000 1691680 1875000 1858247
V2 1875000 1858247 1272283 1858247
V2 1272283 1858247 1238960 1891570
Net14 5 
V2 3027330 1685200 3014370 1698160
V2 3014370 1698160 2600000 1698160
V2 2600000 1698160 1875000 1869355
V2 1875000 1869355 1444764 1869355
V2 1444764 1869355 1422550 1891570
Net15 5 
V2 3113932 1685200 3094492 1704640
V2 3094492 1704640 2600000 1704640
V2 2600000 1704640 1875000 1880464
V2 1875000 1880464 1525456 1880464
V2 1525456 1880464 1514350 1891570
Net19 5 
V2 3048980 1659280 3042500 1665760
V2 3042500 1665760 2600000 1665760
V2 2600000 1665760 1875000 1799001
V2 1875000 1799001 1138288 1799001
V2 1138288 1799001 1101260 1836030
Net20 5 
V2 3092280 1659280 3079320 1672240
V2 3079320 1672240 2600000 1672240
V2 2600000 1672240 1875000 1817515
V2 1875000 1817515 1395167 1817515
V2 1395167 1817515 1376652 1836030
Net21 5 
V2 3135582 1659280 3116142 1678720
V2 3116142 1678720 2600000 1678720
V2 2600000 1678720 1875000 1847138
V2 1875000 1847138 365401 1847138
V2 365401 1847138 320970 1891570
Net22 5 
V2 2854130 1633360 2845490 1642000
V2 2845490 1642000 2600000 1642000
V2 2600000 1642000 1875000 1758265
V2 1875000 1758265 1077582 1758265
V2 1077582 1758265 1055360 1780487
Net23 5 
V2 2940730 1633360 2923450 1650640
V2 2923450 1650640 2600000 1650640
V2 2600000 1650640 1875000 1769374
V2 1875000 1769374 1250073 1769374
V2 1250073 1769374 1238960 1780487
Net27 5 
V2 2875780 1607440 2862820 1620400
V2 2862820 1620400 2600000 1620400
V2 2600000 1620400 1875000 1747157
V2 1875000 1747157 996890 1747157
V2 996890 1747157 963560 1780487
Net34 5 
V2 2897430 1581520 2884470 1594480
V2 2884470 1594480 2600000 1594480
V2 2600000 1594480 1875000 1736048
V2 1875000 1736048 824399 1736048
V2 824399 1736048 779960 1780487
Net35 5 
V2 2940730 1581520 2932090 1572880
V2 2932090 1572880 2600000 1572880
V2 2600000 1572880 1875000 1706428
V2 1875000 1706428 660774 1706428
V2 660774 1706428 642262 1724940
Net39 5 
V2 2875780 1555600 2867140 1564240
V2 2867140 1564240 2600000 1564240
V2 2600000 1564240 1875000 1687914
V2 1875000 1687914 587493 1687914
V2 587493 1687914 550467 1724940
Net51 5 
V2 3005680 1503760 2997040 1512400
V2 2997040 1512400 2600000 1512400
V2 2600000 1512400 1875000 1641631
V2 1875000 1641631 1266729 1641631
V2 1266729 1641631 1238960 1669400
Net53 5 
V2 3092280 1503760 3075000 1521040
V2 3075000 1521040 2600000 1521040
V2 2600000 1521040 1875000 1655516
V2 1875000 1655516 1528233 1655516
V2 1528233 1655516 1514350 1669400
Net61 5 
V2 2919080 1451920 2914760 1456240
V2 2914760 1456240 2600000 1456240
V2 2600000 1456240 1875000 1539798
V2 1875000 1539798 706677 1539798
V2 706677 1539798 688162 1558312
Net62 5 
V2 2962380 1451920 2953740 1460560
V2 2953740 1460560 2600000 1460560
V2 2600000 1460560 1875000 1549055
V2 1875000 1549055 789217 1549055
V2 789217 1549055 779960 1558312
Net63 5 
V2 3005680 1451920 2992720 1464880
V2 2992720 1464880 2600000 1464880
V2 2600000 1464880 1875000 1576826
V2 1875000 1576826 679296 1576826
V2 679296 1576826 642262 1613860
Net64 5 
V2 3092280 1451920 3075000 1469200
V2 3075000 1469200 2600000 1469200
V2 2600000 1469200 1875000 1595340
V2 1875000 1595340 844379 1595340
V2 844379 1595340 825860 1613860
Net65 5 
V2 3135582 1451920 3113982 1473520
V2 3113982 1473520 2600000 1473520
V2 2600000 1473520 1875000 1627745
V2 1875000 1627745 362624 1627745
V2 362624 1627745 320970 1669400
Net66 5 
V2 2854130 1426000 2841170 1438960
V2 2841170 1438960 2600000 1438960
V2 2600000 1438960 1875000 1530541
V2 1875000 1530541 624139 1530541
V2 624139 1530541 596367 1558312
Net77 5 
V2 2854130 1374160 2841170 1387120
V2 2841170 1387120 2600000 1387120
V2 2600000 1387120 1875000 1521284
V2 1875000 1521284 752574 1521284
V2 752574 1521284 734060 1502770
Net78 5 
V2 2897430 1374160 2893110 1369840
V2 2893110 1369840 2600000 1369840
V2 2600000 1369840 1875000 1512027
V2 1875000 1512027 835117 1512027
V2 835117 1512027 825860 1502770
Net83 5 
V2 2875780 1348240 2871460 1352560
V2 2871460 1352560 2600000 1352560
V2 2600000 1352560 1875000 1458336
V2 1875000 1458336 1145694 1458336
V2 1145694 1458336 1101260 1502770
Net84 5 
V2 2919080 1348240 2910440 1356880
V2 2910440 1356880 2600000 1356880
V2 2600000 1356880 1875000 1469444
V2 1875000 1469444 1318183 1469444
V2 1318183 1469444 1284857 1502770
Net85 5 
V2 3005680 1348240 2992720 1361200
V2 2992720 1361200 2600000 1361200
V2 2600000 1361200 1875000 1480553
V2 1875000 1480553 1398869 1480553
V2 1398869 1480553 1376652 1502770
Net86 5 
V2 3092280 1348240 3075000 1365520
V2 3075000 1365520 2600000 1365520
V2 2600000 1365520 1875000 1491661
V2 1875000 1491661 1571358 1491661
V2 1571358 1491661 1560250 1502770
