Nets 42
Net0 5 
V1 2897430 1728400 2888790 1737040
V1 2888790 1737040 2600000 1737040
V1 2600000 1737040 1875000 1859480
V1 1875000 1859480 1400000 1859480
V1 1400000 1859480 1382720 1876760
Net1 5 
V1 3053310 1728400 3036030 1745680
V1 3036030 1745680 2600000 1745680
V1 2600000 1745680 1875000 1863800
V1 1875000 1863800 1482280 1863800
V1 1482280 1863800 1469320 1876760
Net2 5 
V1 3131252 1728400 3105332 1754320
V1 3105332 1754320 2600000 1754320
V1 2600000 1754320 1875000 1868120
V1 1875000 1868120 1564560 1868120
V1 1564560 1868120 1555920 1876760
Net3 5 
V1 3287140 1728400 3252580 1762960
V1 3252580 1762960 2600000 1762960
V1 2600000 1762960 1875000 1872440
V1 1875000 1872440 1603540 1872440
V1 1603540 1872440 1599220 1876760
Net6 5 
V1 3754790 1728400 3748618 1722228
V1 3748618 1722228 2600000 1722228
V1 2600000 1722228 1875000 1855160
V1 1875000 1855160 1361017 1855160
V1 1361017 1855160 1339417 1876760
Net7 5 
V1 2936400 1685200 2930227 1691372
V1 2930227 1691372 2600000 1691372
V1 2600000 1691372 1875000 1829240
V1 1875000 1829240 1387040 1829240
V1 1387040 1829240 1382720 1824920
Net8 5 
V1 3014340 1685200 3005700 1676560
V1 3005700 1676560 2600000 1676560
V1 2600000 1676560 1875000 1811960
V1 1875000 1811960 1438980 1811960
V1 1438980 1811960 1426020 1824920
Net9 5 
V1 3092280 1685200 3079936 1697543
V1 3079936 1697543 2600000 1697543
V1 2600000 1697543 1875000 1833560
V1 1875000 1833560 1421650 1833560
V1 1421650 1833560 1404370 1850840
Net10 5 
V1 3170227 1685200 3151712 1703715
V1 3151712 1703715 2600000 1703715
V1 2600000 1703715 1875000 1837880
V1 1875000 1837880 1460630 1837880
V1 1460630 1837880 1447670 1850840
Net11 5 
V1 3248170 1685200 3223483 1709886
V1 3223483 1709886 2600000 1709886
V1 2600000 1709886 1875000 1842200
V1 1875000 1842200 1499610 1842200
V1 1499610 1842200 1490970 1850840
Net12 5 
V1 3404050 1685200 3373192 1716057
V1 3373192 1716057 2600000 1716057
V1 2600000 1716057 1875000 1846520
V1 1875000 1846520 1538590 1846520
V1 1538590 1846520 1534270 1850840
Net17 5 
V1 2897430 1642000 2890230 1634800
V1 2890230 1634800 2600000 1634800
V1 2600000 1634800 1875000 1778264
V1 1875000 1778264 1425106 1778264
V1 1425106 1778264 1404370 1799000
Net18 5 
V1 2975370 1642000 2966730 1650640
V1 2966730 1650640 2600000 1650640
V1 2600000 1650640 1875000 1783448
V1 1875000 1783448 1463222 1783448
V1 1463222 1783448 1447670 1799000
Net19 5 
V1 3131252 1642000 3113972 1659280
V1 3113972 1659280 2600000 1659280
V1 2600000 1659280 1875000 1788632
V1 1875000 1788632 1501338 1788632
V1 1501338 1788632 1490970 1799000
Net20 5 
V1 3287140 1642000 3261220 1667920
V1 3261220 1667920 2600000 1667920
V1 2600000 1667920 1875000 1793816
V1 1875000 1793816 1539454 1793816
V1 1539454 1793816 1534270 1799000
Net22 5 
V1 3443020 1642000 3428620 1627600
V1 3428620 1627600 2600000 1627600
V1 2600000 1627600 1875000 1764440
V1 1875000 1764440 1564560 1764440
V1 1564560 1764440 1555920 1773080
Net26 5 
V1 2936400 1598800 2925600 1588000
V1 2925600 1588000 2600000 1588000
V1 2600000 1588000 1875000 1703960
V1 1875000 1703960 1400000 1703960
V1 1400000 1703960 1382720 1721240
Net27 5 
V1 3014340 1598800 3007140 1606000
V1 3007140 1606000 2600000 1606000
V1 2600000 1606000 1875000 1712600
V1 1875000 1712600 1434660 1712600
V1 1434660 1712600 1426020 1721240
Net28 5 
V1 3092280 1598800 3077880 1613200
V1 3077880 1613200 2600000 1613200
V1 2600000 1613200 1875000 1734200
V1 1875000 1734200 1460630 1734200
V1 1460630 1734200 1447670 1747160
Net30 5 
V1 3326110 1598800 3304510 1620400
V1 3304510 1620400 2600000 1620400
V1 2600000 1620400 1875000 1755800
V1 1875000 1755800 1400000 1755800
V1 1400000 1755800 1382720 1773080
Net36 5 
V1 2897430 1555600 2890230 1548400
V1 2890230 1548400 2600000 1548400
V1 2600000 1548400 1875000 1675880
V1 1875000 1675880 1423810 1675880
V1 1423810 1675880 1404370 1695320
Net39 5 
V1 3287140 1555600 3276340 1566400
V1 3276340 1566400 2600000 1566400
V1 2600000 1566400 1875000 1682360
V1 1875000 1682360 1547230 1682360
V1 1547230 1682360 1534270 1695320
Net40 5 
V1 3443020 1555600 3421420 1577200
V1 3421420 1577200 2600000 1577200
V1 2600000 1577200 1875000 1688840
V1 1875000 1688840 1627350 1688840
V1 1627350 1688840 1620870 1695320
Net45 5 
V1 3092280 1512400 3085080 1519600
V1 3085080 1519600 2600000 1519600
V1 2600000 1519600 1875000 1626200
V1 1875000 1626200 1464950 1626200
V1 1464950 1626200 1447670 1643480
Net46 5 
V1 3170227 1512400 3155827 1526800
V1 3155827 1526800 2600000 1526800
V1 2600000 1526800 1875000 1634840
V1 1875000 1634840 1499610 1634840
V1 1499610 1634840 1490970 1643480
Net47 5 
V1 3248170 1512400 3226570 1534000
V1 3226570 1534000 2600000 1534000
V1 2600000 1534000 1875000 1652120
V1 1875000 1652120 1400000 1652120
V1 1400000 1652120 1382720 1669400
Net51 5 
V1 3715820 1512400 3687020 1541200
V1 3687020 1541200 2600000 1541200
V1 2600000 1541200 1875000 1660760
V1 1875000 1660760 1607860 1660760
V1 1607860 1660760 1599220 1669400
Net52 5 
V1 2897430 1469200 2888790 1477840
V1 2888790 1477840 2600000 1477840
V1 2600000 1477840 1875000 1596824
V1 1875000 1596824 1403456 1596824
V1 1403456 1596824 1382720 1617560
Net53 5 
V1 2975370 1469200 2958090 1486480
V1 2958090 1486480 2600000 1486480
V1 2600000 1486480 1875000 1602008
V1 1875000 1602008 1441572 1602008
V1 1441572 1602008 1426020 1617560
Net54 5 
V1 3131252 1469200 3105332 1495120
V1 3105332 1495120 2600000 1495120
V1 2600000 1495120 1875000 1607192
V1 1875000 1607192 1522988 1607192
V1 1522988 1607192 1512620 1617560
Net56 5 
V1 3365080 1469200 3354280 1458400
V1 3354280 1458400 2600000 1458400
V1 2600000 1458400 1875000 1578680
V1 1875000 1578680 1633830 1578680
V1 1633830 1578680 1620870 1591640
Net58 5 
V1 3520970 1469200 3486410 1503760
V1 3486410 1503760 2600000 1503760
V1 2600000 1503760 1875000 1612376
V1 1875000 1612376 1561104 1612376
V1 1561104 1612376 1555920 1617560
Net63 5 
V1 3092280 1426000 3081480 1436800
V1 3081480 1436800 2600000 1436800
V1 2600000 1436800 1875000 1552760
V1 1875000 1552760 1395680 1552760
V1 1395680 1552760 1382720 1565720
Net66 5 
V1 3326110 1426000 3304510 1447600
V1 3304510 1447600 2600000 1447600
V1 2600000 1447600 1875000 1559240
V1 1875000 1559240 1432500 1559240
V1 1432500 1559240 1426020 1565720
Net75 5 
V1 3287140 1382800 3280967 1388972
V1 3280967 1388972 2600000 1388972
V1 2600000 1388972 1875000 1500920
V1 1875000 1500920 1525580 1500920
V1 1525580 1500920 1512620 1513880
Net76 5 
V1 3443020 1382800 3430676 1395143
V1 3430676 1395143 2600000 1395143
V1 2600000 1395143 1875000 1505240
V1 1875000 1505240 1564560 1505240
V1 1564560 1505240 1555920 1513880
Net77 5 
V1 3520970 1382800 3502455 1401315
V1 3502455 1401315 2600000 1401315
V1 2600000 1401315 1875000 1509560
V1 1875000 1509560 1603540 1509560
V1 1603540 1509560 1599220 1513880
Net78 5 
V1 3598910 1382800 3574223 1407486
V1 3574223 1407486 2600000 1407486
V1 2600000 1407486 1875000 1522520
V1 1875000 1522520 1594850 1522520
V1 1594850 1522520 1577570 1539800
Net79 5 
V1 3676850 1382800 3645992 1413657
V1 3645992 1413657 2600000 1413657
V1 2600000 1413657 1875000 1531160
V1 1875000 1531160 1629510 1531160
V1 1629510 1531160 1620870 1539800
Net80 5 
V1 3754790 1382800 3717761 1419828
V1 3717761 1419828 2600000 1419828
V1 2600000 1419828 1875000 1546280
V1 1875000 1546280 1358857 1546280
V1 1358857 1546280 1339417 1565720
Net81 5 
V1 2936400 1339600 2922000 1354000
V1 2922000 1354000 2600000 1354000
V1 2600000 1354000 1875000 1492280
V1 1875000 1492280 1404320 1492280
V1 1404320 1492280 1382720 1513880
Net82 5 
V1 3092280 1339600 3063480 1368400
V1 3063480 1368400 2600000 1368400
V1 2600000 1368400 1875000 1496600
V1 1875000 1496600 1443300 1496600
V1 1443300 1496600 1426020 1513880
