Nets 34
Net0 5 
V1 2919080 1722230 2911144 1730165
V1 2911144 1730165 2600000 1730165
V1 2600000 1730165 1875000 1853000
V1 1875000 1853000 863027 1853000
V1 863027 1853000 830627 1885400
Net1 5 
V1 3109602 1722230 3093732 1738100
V1 3093732 1738100 2600000 1738100
V1 2600000 1738100 1875000 1858400
V1 1875000 1858400 1030830 1858400
V1 1030830 1858400 1003830 1885400
Net2 5 
V1 3204870 1722230 3181065 1746034
V1 3181065 1746034 2600000 1746034
V1 2600000 1746034 1875000 1863800
V1 1875000 1863800 1112030 1863800
V1 1112030 1863800 1090430 1885400
Net3 5 
V1 3395390 1722230 3363651 1753969
V1 3363651 1753969 2600000 1753969
V1 2600000 1753969 1875000 1869200
V1 1875000 1869200 1279840 1869200
V1 1279840 1869200 1263640 1885400
Net4 5 
V1 3681180 1722230 3641506 1761903
V1 3641506 1761903 2600000 1761903
V1 2600000 1761903 1875000 1874600
V1 1875000 1874600 1361040 1874600
V1 1361040 1874600 1350240 1885400
Net5 5 
V1 3776440 1722230 3728832 1769838
V1 3728832 1769838 2600000 1769838
V1 2600000 1769838 1875000 1880000
V1 1875000 1880000 1528847 1880000
V1 1528847 1880000 1523447 1885400
Net7 5 
V1 4062230 1722230 4043716 1703716
V1 4043716 1703716 2600000 1703716
V1 2600000 1703716 1875000 1847600
V1 1875000 1847600 1485542 1847600
V1 1485542 1847600 1480142 1842200
Net8 5 
V1 4157492 1722230 4120464 1685202
V1 4120464 1685202 2600000 1685202
V1 2600000 1685202 1875000 1835000
V1 1875000 1835000 1573950 1835000
V1 1573950 1835000 1566750 1842200
Net10 5 
V1 2966710 1666687 2959767 1659744
V1 2959767 1659744 2600000 1659744
V1 2600000 1659744 1875000 1827800
V1 1875000 1827800 715120 1827800
V1 715120 1827800 700720 1842200
Net17 5 
V1 3728810 1666687 3714924 1652802
V1 3714924 1652802 2600000 1652802
V1 2600000 1652802 1875000 1820600
V1 1875000 1820600 1198637 1820600
V1 1198637 1820600 1177037 1799000
Net18 5 
V1 3824077 1666687 3803249 1645859
V1 3803249 1645859 2600000 1645859
V1 2600000 1645859 1875000 1813400
V1 1875000 1813400 1278040 1813400
V1 1278040 1813400 1263640 1799000
Net19 5 
V1 3919340 1666687 3891569 1638916
V1 3891569 1638916 2600000 1638916
V1 2600000 1638916 1875000 1806200
V1 1875000 1806200 1357440 1806200
V1 1357440 1806200 1350240 1799000
Net20 5 
V1 4014600 1666687 3979886 1631973
V1 3979886 1631973 2600000 1631973
V1 2600000 1631973 1875000 1794680
V1 1875000 1794680 1527767 1794680
V1 1527767 1794680 1523447 1799000
Net24 5 
V1 3109602 1611140 3102654 1618088
V1 3102654 1618088 2600000 1618088
V1 2600000 1618088 1875000 1786040
V1 1875000 1786040 843587 1786040
V1 843587 1786040 830627 1799000
Net25 5 
V1 3204870 1611140 3190979 1625031
V1 3190979 1625031 2600000 1625031
V1 2600000 1625031 1875000 1790360
V1 1875000 1790360 1012470 1790360
V1 1012470 1790360 1003830 1799000
Net27 5 
V1 3395390 1611140 3389218 1604968
V1 3389218 1604968 2600000 1604968
V1 2600000 1604968 1875000 1781720
V1 1875000 1781720 899850 1781720
V1 899850 1781720 873930 1755800
Net28 5 
V1 3585920 1611140 3573577 1598797
V1 3573577 1598797 2600000 1598797
V1 2600000 1598797 1875000 1777400
V1 1875000 1777400 982130 1777400
V1 982130 1777400 960530 1755800
Net29 5 
V1 3681180 1611140 3662666 1592626
V1 3662666 1592626 2600000 1592626
V1 2600000 1592626 1875000 1773080
V1 1875000 1773080 1064410 1773080
V1 1064410 1773080 1047130 1755800
Net30 5 
V1 3871710 1611140 3847025 1586455
V1 3847025 1586455 2600000 1586455
V1 2600000 1586455 1875000 1768760
V1 1875000 1768760 1146692 1768760
V1 1146692 1768760 1133732 1755800
Net31 5 
V1 3966970 1611140 3936113 1580283
V1 3936113 1580283 2600000 1580283
V1 2600000 1580283 1875000 1764440
V1 1875000 1764440 1315580 1764440
V1 1315580 1764440 1306940 1755800
Net32 5 
V1 4157492 1611140 4120465 1574112
V1 4120465 1574112 2600000 1574112
V1 2600000 1574112 1875000 1760120
V1 1875000 1760120 1484462 1760120
V1 1484462 1760120 1480142 1755800
Net33 5 
V1 4252760 1611140 4209561 1567941
V1 4209561 1567941 2600000 1567941
V1 2600000 1567941 1875000 1734200
V1 1875000 1734200 635720 1734200
V1 635720 1734200 614120 1755800
Net35 5 
V1 3157237 1555600 3151067 1561770
V1 3151067 1561770 2600000 1561770
V1 2600000 1561770 1875000 1691000
V1 1875000 1691000 679020 1691000
V1 679020 1691000 657420 1712600
Net45 5 
V1 3109602 1500060 3102661 1507000
V1 3102661 1507000 2600000 1507000
V1 2600000 1507000 1875000 1631600
V1 1875000 1631600 825122 1631600
V1 825122 1631600 787322 1669400
Net46 5 
V1 3300130 1500060 3286246 1513943
V1 3286246 1513943 2600000 1513943
V1 2600000 1513943 1875000 1637000
V1 1875000 1637000 906330 1637000
V1 906330 1637000 873930 1669400
Net47 5 
V1 3395390 1500060 3374563 1520886
V1 3374563 1520886 2600000 1520886
V1 2600000 1520886 1875000 1642400
V1 1875000 1642400 987530 1642400
V1 987530 1642400 960530 1669400
Net48 5 
V1 3585920 1500060 3558151 1527829
V1 3558151 1527829 2600000 1527829
V1 2600000 1527829 1875000 1647800
V1 1875000 1647800 1155332 1647800
V1 1155332 1647800 1133732 1669400
Net49 5 
V1 3681180 1500060 3646468 1534771
V1 3646468 1534771 2600000 1534771
V1 2600000 1534771 1875000 1653200
V1 1875000 1653200 1323140 1653200
V1 1323140 1653200 1306940 1669400
Net50 5 
V1 3871710 1500060 3830055 1541714
V1 3830055 1541714 2600000 1541714
V1 2600000 1541714 1875000 1658600
V1 1875000 1658600 1490942 1658600
V1 1490942 1658600 1480142 1669400
Net51 5 
V1 3966970 1500060 3918372 1548657
V1 3918372 1548657 2600000 1548657
V1 2600000 1548657 1875000 1664000
V1 1875000 1664000 1572150 1664000
V1 1572150 1664000 1566750 1669400
Net53 5 
V1 4252760 1500060 4224988 1472288
V1 4224988 1472288 2600000 1472288
V1 2600000 1472288 1875000 1561400
V1 1875000 1561400 635720 1561400
V1 635720 1561400 614120 1583000
Net71 5 
V1 3681180 1388970 3653408 1416741
V1 3653408 1416741 2600000 1416741
V1 2600000 1416741 1875000 1525400
V1 1875000 1525400 1018230 1525400
V1 1018230 1525400 1003830 1539800
Net77 5 
V1 4252760 1388970 4234246 1370456
V1 4234246 1370456 2600000 1370456
V1 2600000 1370456 1875000 1511000
V1 1875000 1511000 628520 1511000
V1 628520 1511000 614120 1496600
Net81 5 
V1 3347760 1333430 3329248 1351942
V1 3329248 1351942 2600000 1351942
V1 2600000 1351942 1875000 1475000
V1 1875000 1475000 895530 1475000
V1 895530 1475000 873930 1496600
