Nets 26
Net13 5 
V2 3072362 1685200 3065882 1691680
V2 3065882 1691680 2600000 1691680
V2 2600000 1691680 1875000 1858247
V2 1875000 1858247 1272283 1858247
V2 1272283 1858247 1238960 1891570
Net14 5 
V2 3136450 1685200 3123490 1698160
V2 3123490 1698160 2600000 1698160
V2 2600000 1698160 1875000 1869355
V2 1875000 1869355 1444764 1869355
V2 1444764 1869355 1422550 1891570
Net15 5 
V2 3264620 1685200 3245180 1704640
V2 3245180 1704640 2600000 1704640
V2 2600000 1704640 1875000 1880464
V2 1875000 1880464 1525456 1880464
V2 1525456 1880464 1514350 1891570
Net19 5 
V2 3168490 1659280 3162010 1665760
V2 3162010 1665760 2600000 1665760
V2 2600000 1665760 1875000 1799001
V2 1875000 1799001 1138288 1799001
V2 1138288 1799001 1101260 1836030
Net20 5 
V2 3232580 1659280 3219620 1672240
V2 3219620 1672240 2600000 1672240
V2 2600000 1672240 1875000 1817515
V2 1875000 1817515 1395167 1817515
V2 1395167 1817515 1376652 1836030
Net21 5 
V2 3296667 1659280 3277227 1678720
V2 3277227 1678720 2600000 1678720
V2 2600000 1678720 1875000 1847138
V2 1875000 1847138 365401 1847138
V2 365401 1847138 320970 1891570
Net22 5 
V2 2880110 1633360 2871470 1642000
V2 2871470 1642000 2600000 1642000
V2 2600000 1642000 1875000 1758265
V2 1875000 1758265 1077582 1758265
V2 1077582 1758265 1055360 1780487
Net23 5 
V2 3008280 1633360 2991000 1650640
V2 2991000 1650640 2600000 1650640
V2 2600000 1650640 1875000 1769374
V2 1875000 1769374 1250073 1769374
V2 1250073 1769374 1238960 1780487
Net27 5 
V2 2912150 1607440 2899190 1620400
V2 2899190 1620400 2600000 1620400
V2 2600000 1620400 1875000 1747157
V2 1875000 1747157 996890 1747157
V2 996890 1747157 963560 1780487
Net34 5 
V2 2944190 1581520 2931230 1594480
V2 2931230 1594480 2600000 1594480
V2 2600000 1594480 1875000 1736048
V2 1875000 1736048 824399 1736048
V2 824399 1736048 779960 1780487
Net35 5 
V2 3008280 1581520 2999640 1572880
V2 2999640 1572880 2600000 1572880
V2 2600000 1572880 1875000 1706428
V2 1875000 1706428 660774 1706428
V2 660774 1706428 642262 1724940
Net39 5 
V2 2912150 1555600 2903510 1564240
V2 2903510 1564240 2600000 1564240
V2 2600000 1564240 1875000 1687914
V2 1875000 1687914 587493 1687914
V2 587493 1687914 550467 1724940
Net51 5 
V2 3104410 1503760 3095770 1512400
V2 3095770 1512400 2600000 1512400
V2 2600000 1512400 1875000 1641631
V2 1875000 1641631 1266729 1641631
V2 1266729 1641631 1238960 1669400
Net53 5 
V2 3232580 1503760 3215300 1521040
V2 3215300 1521040 2600000 1521040
V2 2600000 1521040 1875000 1655516
V2 1875000 1655516 1528233 1655516
V2 1528233 1655516 1514350 1669400
Net61 5 
V2 2976240 1451920 2971920 1456240
V2 2971920 1456240 2600000 1456240
V2 2600000 1456240 1875000 1539798
V2 1875000 1539798 706677 1539798
V2 706677 1539798 688162 1558312
Net62 5 
V2 3040320 1451920 3031680 1460560
V2 3031680 1460560 2600000 1460560
V2 2600000 1460560 1875000 1549055
V2 1875000 1549055 789217 1549055
V2 789217 1549055 779960 1558312
Net63 5 
V2 3104410 1451920 3091450 1464880
V2 3091450 1464880 2600000 1464880
V2 2600000 1464880 1875000 1576826
V2 1875000 1576826 679296 1576826
V2 679296 1576826 642262 1613860
Net64 5 
V2 3232580 1451920 3215300 1469200
V2 3215300 1469200 2600000 1469200
V2 2600000 1469200 1875000 1595340
V2 1875000 1595340 844379 1595340
V2 844379 1595340 825860 1613860
Net65 5 
V2 3296667 1451920 3275067 1473520
V2 3275067 1473520 2600000 1473520
V2 2600000 1473520 1875000 1627745
V2 1875000 1627745 362624 1627745
V2 362624 1627745 320970 1669400
Net66 5 
V2 2880110 1426000 2867150 1438960
V2 2867150 1438960 2600000 1438960
V2 2600000 1438960 1875000 1530541
V2 1875000 1530541 624139 1530541
V2 624139 1530541 596367 1558312
Net77 5 
V2 2880110 1374160 2867150 1387120
V2 2867150 1387120 2600000 1387120
V2 2600000 1387120 1875000 1521284
V2 1875000 1521284 752574 1521284
V2 752574 1521284 734060 1502770
Net78 5 
V2 2944190 1374160 2939870 1369840
V2 2939870 1369840 2600000 1369840
V2 2600000 1369840 1875000 1512027
V2 1875000 1512027 835117 1512027
V2 835117 1512027 825860 1502770
Net83 5 
V2 2912150 1348240 2907830 1352560
V2 2907830 1352560 2600000 1352560
V2 2600000 1352560 1875000 1458336
V2 1875000 1458336 1145694 1458336
V2 1145694 1458336 1101260 1502770
Net84 5 
V2 2976240 1348240 2967600 1356880
V2 2967600 1356880 2600000 1356880
V2 2600000 1356880 1875000 1469444
V2 1875000 1469444 1318183 1469444
V2 1318183 1469444 1284857 1502770
Net85 5 
V2 3104410 1348240 3091450 1361200
V2 3091450 1361200 2600000 1361200
V2 2600000 1361200 1875000 1480553
V2 1875000 1480553 1398869 1480553
V2 1398869 1480553 1376652 1502770
Net86 5 
V2 3232580 1348240 3215300 1365520
V2 3215300 1365520 2600000 1365520
V2 2600000 1365520 1875000 1491661
V2 1875000 1491661 1571358 1491661
V2 1571358 1491661 1560250 1502770
