Nets 51
Net9 5 
M2 4252760 1722230 4224988 1750001
M2 4224988 1750001 2600000 1750001
M2 2600000 1750001 1875000 1863801
M2 1875000 1863801 297638 1863801
M2 297638 1863801 269870 1891570
Net12 5 
M2 3252500 1666687 3247450 1671737
M2 3247450 1671737 2600000 1671737
M2 2600000 1671737 1875000 1785536
M2 1875000 1785536 558523 1785536
M2 558523 1785536 508030 1836030
Net13 5 
M2 3347760 1666687 3337660 1676786
M2 3337660 1676786 2600000 1676786
M2 2600000 1676786 1875000 1790586
M2 1875000 1790586 648734 1790586
M2 648734 1790586 603290 1836030
Net14 5 
M2 3443020 1666687 3427871 1681836
M2 3427871 1681836 2600000 1681836
M2 2600000 1681836 1875000 1795635
M2 1875000 1795635 738954 1795635
M2 738954 1795635 698560 1836030
Net15 5 
M2 3538290 1666687 3518092 1686885
M2 3518092 1686885 2600000 1686885
M2 2600000 1686885 1875000 1800684
M2 1875000 1800684 829165 1800684
M2 829165 1800684 793820 1836030
Net16 5 
M2 3633550 1666687 3608303 1691934
M2 3608303 1691934 2600000 1691934
M2 2600000 1691934 1875000 1805733
M2 1875000 1805733 1109906 1805733
M2 1109906 1805733 1079610 1836030
Net17 5 
M2 3728810 1666687 3698513 1696983
M2 3698513 1696983 2600000 1696983
M2 2600000 1696983 1875000 1810783
M2 1875000 1810783 1200117 1810783
M2 1200117 1810783 1174870 1836030
Net18 5 
M2 3824077 1666687 3788732 1702033
M2 3788732 1702033 2600000 1702033
M2 2600000 1702033 1875000 1815832
M2 1875000 1815832 1290327 1815832
M2 1290327 1815832 1270130 1836030
Net19 5 
M2 3919340 1666687 3878945 1707082
M2 3878945 1707082 2600000 1707082
M2 2600000 1707082 1875000 1820881
M2 1875000 1820881 1380546 1820881
M2 1380546 1820881 1365397 1836030
Net20 5 
M2 4014600 1666687 3969156 1712131
M2 3969156 1712131 2600000 1712131
M2 2600000 1712131 1875000 1825930
M2 1875000 1825930 1470759 1825930
M2 1470759 1825930 1460660 1836030
Net21 5 
M2 4109860 1666687 4059366 1717180
M2 4059366 1717180 2600000 1717180
M2 2600000 1717180 1875000 1830980
M2 1875000 1830980 1560970 1830980
M2 1560970 1830980 1555920 1836030
Net25 5 
M2 3204870 1611140 3198692 1617317
M2 3198692 1617317 2600000 1617317
M2 2600000 1617317 1875000 1731111
M2 1875000 1731111 700298 1731111
M2 700298 1731111 650922 1780487
Net26 5 
M2 3300130 1611140 3287781 1623488
M2 3287781 1623488 2600000 1623488
M2 2600000 1623488 1875000 1737282
M2 1875000 1737282 789395 1737282
M2 789395 1737282 746190 1780487
Net27 5 
M2 3395390 1611140 3376870 1629660
M2 3376870 1629660 2600000 1629660
M2 2600000 1629660 1875000 1743453
M2 1875000 1743453 878483 1743453
M2 878483 1743453 841450 1780487
Net28 5 
M2 3585920 1611140 3561228 1635831
M2 3561228 1635831 2600000 1635831
M2 2600000 1635831 1875000 1749625
M2 1875000 1749625 967572 1749625
M2 967572 1749625 936710 1780487
Net29 5 
M2 3681180 1611140 3650317 1642002
M2 3650317 1642002 2600000 1642002
M2 2600000 1642002 1875000 1755796
M2 1875000 1755796 1056671 1755796
M2 1056671 1755796 1031980 1780487
Net30 5 
M2 3871710 1611140 3834676 1648173
M2 3834676 1648173 2600000 1648173
M2 2600000 1648173 1875000 1761967
M2 1875000 1761967 1241020 1761967
M2 1241020 1761967 1222500 1780487
Net31 5 
M2 3966970 1611140 3923765 1654345
M2 3923765 1654345 2600000 1654345
M2 2600000 1654345 1875000 1768138
M2 1875000 1768138 1330111 1768138
M2 1330111 1768138 1317762 1780487
Net32 5 
M2 4157492 1611140 4108116 1660516
M2 4108116 1660516 2600000 1660516
M2 2600000 1660516 1875000 1774310
M2 1875000 1774310 1514467 1774310
M2 1514467 1774310 1508290 1780487
Net36 5 
M2 3252500 1555600 3245559 1562540
M2 3245559 1562540 2600000 1562540
M2 2600000 1562540 1875000 1676342
M2 1875000 1676342 651887 1676342
M2 651887 1676342 603290 1724940
Net37 5 
M2 3443020 1555600 3429136 1569483
M2 3429136 1569483 2600000 1569483
M2 2600000 1569483 1875000 1683285
M2 1875000 1683285 835474 1683285
M2 835474 1683285 793820 1724940
Net38 5 
M2 3538290 1555600 3517463 1576426
M2 3517463 1576426 2600000 1576426
M2 2600000 1576426 1875000 1690228
M2 1875000 1690228 923791 1690228
M2 923791 1690228 889080 1724940
Net39 5 
M2 3728810 1555600 3701041 1583369
M2 3701041 1583369 2600000 1583369
M2 2600000 1583369 1875000 1697171
M2 1875000 1697171 1107379 1697171
M2 1107379 1697171 1079610 1724940
Net40 5 
M2 3824077 1555600 3789365 1590311
M2 3789365 1590311 2600000 1590311
M2 2600000 1590311 1875000 1704113
M2 1875000 1704113 1195696 1704113
M2 1195696 1704113 1174870 1724940
Net41 5 
M2 4014600 1555600 3972945 1597254
M2 3972945 1597254 2600000 1597254
M2 2600000 1597254 1875000 1711056
M2 1875000 1711056 1379281 1711056
M2 1379281 1711056 1365397 1724940
Net42 5 
M2 4109860 1555600 4061262 1604197
M2 4061262 1604197 2600000 1604197
M2 2600000 1604197 1875000 1717999
M2 1875000 1717999 1467600 1717999
M2 1467600 1717999 1460660 1724940
Net46 5 
M2 3300130 1500060 3293189 1507000
M2 3293189 1507000 2600000 1507000
M2 2600000 1507000 1875000 1620802
M2 1875000 1620802 699519 1620802
M2 699519 1620802 650922 1669400
Net47 5 
M2 3395390 1500060 3381506 1513943
M2 3381506 1513943 2600000 1513943
M2 2600000 1513943 1875000 1627745
M2 1875000 1627745 787844 1627745
M2 787844 1627745 746190 1669400
Net48 5 
M2 3585920 1500060 3565093 1520886
M2 3565093 1520886 2600000 1520886
M2 2600000 1520886 1875000 1634688
M2 1875000 1634688 971421 1634688
M2 971421 1634688 936710 1669400
Net49 5 
M2 3681180 1500060 3653411 1527829
M2 3653411 1527829 2600000 1527829
M2 2600000 1527829 1875000 1641631
M2 1875000 1641631 1059749 1641631
M2 1059749 1641631 1031980 1669400
Net50 5 
M2 3871710 1500060 3836998 1534771
M2 3836998 1534771 2600000 1534771
M2 2600000 1534771 1875000 1648573
M2 1875000 1648573 1243326 1648573
M2 1243326 1648573 1222500 1669400
Net51 5 
M2 3966970 1500060 3925315 1541714
M2 3925315 1541714 2600000 1541714
M2 2600000 1541714 1875000 1655516
M2 1875000 1655516 1331646 1655516
M2 1331646 1655516 1317762 1669400
Net52 5 
M2 4157492 1500060 4108895 1548657
M2 4108895 1548657 2600000 1548657
M2 2600000 1548657 1875000 1662459
M2 1875000 1662459 1515230 1662459
M2 1515230 1662459 1508290 1669400
Net56 5 
M2 3252500 1444512 3246322 1450690
M2 3246322 1450690 2600000 1450690
M2 2600000 1450690 1875000 1569421
M2 1875000 1569421 647729 1569421
M2 647729 1569421 603290 1613860
Net57 5 
M2 3443020 1444512 3430671 1456861
M2 3430671 1456861 2600000 1456861
M2 2600000 1456861 1875000 1574975
M2 1875000 1574975 832704 1574975
M2 832704 1574975 793820 1613860
Net58 5 
M2 3538290 1444512 3519770 1463032
M2 3519770 1463032 2600000 1463032
M2 2600000 1463032 1875000 1580529
M2 1875000 1580529 922410 1580529
M2 922410 1580529 889080 1613860
Net59 5 
M2 3633550 1444512 3608858 1469203
M2 3608858 1469203 2600000 1469203
M2 2600000 1469203 1875000 1586083
M2 1875000 1586083 1107386 1586083
M2 1107386 1586083 1079610 1613860
Net60 5 
M2 3728810 1444512 3697947 1475375
M2 3697947 1475375 2600000 1475375
M2 2600000 1475375 1875000 1591638
M2 1875000 1591638 1197092 1591638
M2 1197092 1591638 1174870 1613860
Net61 5 
M2 3824077 1444512 3787043 1481546
M2 3787043 1481546 2600000 1481546
M2 2600000 1481546 1875000 1597192
M2 1875000 1597192 1286797 1597192
M2 1286797 1597192 1270130 1613860
Net62 5 
M2 4014600 1444512 3971395 1487717
M2 3971395 1487717 2600000 1487717
M2 2600000 1487717 1875000 1602746
M2 1875000 1602746 1376511 1602746
M2 1376511 1602746 1365397 1613860
Net63 5 
M2 4109860 1444512 4060483 1493888
M2 4060483 1493888 2600000 1493888
M2 2600000 1493888 1875000 1608300
M2 1875000 1608300 1466219 1608300
M2 1466219 1608300 1460660 1613860
Net65 5 
M2 2919080 1388970 2891308 1416741
M2 2891308 1416741 2600000 1416741
M2 2600000 1416741 1875000 1563866
M2 1875000 1563866 370694 1563866
M2 370694 1563866 365140 1558312
Net78 5 
M2 2966710 1333430 2961158 1338981
M2 2961158 1338981 2600000 1338981
M2 2600000 1338981 1875000 1453398
M2 1875000 1453398 366878 1453398
M2 366878 1453398 317507 1502770
Net80 5 
M2 3252500 1333430 3241394 1344536
M2 3241394 1344536 2600000 1344536
M2 2600000 1344536 1875000 1459570
M2 1875000 1459570 551230 1459570
M2 551230 1459570 508030 1502770
Net81 5 
M2 3347760 1333430 3331099 1350090
M2 3331099 1350090 2600000 1350090
M2 2600000 1350090 1875000 1465741
M2 1875000 1465741 735588 1465741
M2 735588 1465741 698560 1502770
Net82 5 
M2 3538290 1333430 3516075 1355644
M2 3516075 1355644 2600000 1355644
M2 2600000 1355644 1875000 1471912
M2 1875000 1471912 824677 1471912
M2 824677 1471912 793820 1502770
Net83 5 
M2 3633550 1333430 3605781 1361198
M2 3605781 1361198 2600000 1361198
M2 2600000 1361198 1875000 1478083
M2 1875000 1478083 1104296 1478083
M2 1104296 1478083 1079610 1502770
Net84 5 
M2 3824077 1333430 3790754 1366753
M2 3790754 1366753 2600000 1366753
M2 2600000 1366753 1875000 1484255
M2 1875000 1484255 1288645 1484255
M2 1288645 1484255 1270130 1502770
Net85 5 
M2 3919340 1333430 3880462 1372307
M2 3880462 1372307 2600000 1372307
M2 2600000 1372307 1875000 1490426
M2 1875000 1490426 1377741 1490426
M2 1377741 1490426 1365397 1502770
Net86 5 
M2 4109860 1333430 4065428 1377861
M2 4065428 1377861 2600000 1377861
M2 2600000 1377861 1875000 1496597
M2 1875000 1496597 1562092 1496597
M2 1562092 1496597 1555920 1502770
Net87 5 
M2 4205130 1333430 4155144 1383415
M2 4155144 1383415 2600000 1383415
M2 2600000 1383415 1875000 1530541
M2 1875000 1530541 250011 1530541
M2 250011 1530541 222240 1502770
