Nets 40
Net0 5 
V1 2854130 1737040 2848946 1742224
V1 2848946 1742224 2600000 1742224
V1 2600000 1742224 1875000 1850840
V1 1875000 1850840 1067837 1850840
V1 1067837 1850840 1033277 1885400
Net1 5 
V1 2940730 1737040 2930362 1747408
V1 2930362 1747408 2600000 1747408
V1 2600000 1747408 1875000 1859480
V1 1875000 1859480 1190830 1859480
V1 1190830 1859480 1164910 1885400
Net2 5 
V1 3027330 1737040 3011778 1752592
V1 3011778 1752592 2600000 1752592
V1 2600000 1752592 1875000 1868120
V1 1875000 1868120 1248010 1868120
V1 1248010 1868120 1230730 1885400
Net3 5 
V1 3070630 1737040 3049894 1757776
V1 3049894 1757776 2600000 1757776
V1 2600000 1757776 1875000 1876760
V1 1875000 1876760 1371002 1876760
V1 1371002 1876760 1362362 1885400
Net4 5 
V1 2875780 1711120 2870596 1716304
V1 2870596 1716304 2600000 1716304
V1 2600000 1716304 1875000 1823000
V1 1875000 1823000 1085382 1823000
V1 1085382 1823000 1066182 1842200
Net5 5 
V1 2919080 1711120 2908712 1721488
V1 2908712 1721488 2600000 1721488
V1 2600000 1721488 1875000 1827800
V1 1875000 1827800 1146400 1827800
V1 1146400 1827800 1132000 1842200
Net6 5 
V1 2962380 1711120 2946828 1726672
V1 2946828 1726672 2600000 1726672
V1 2600000 1726672 1875000 1832600
V1 1875000 1832600 1273240 1832600
V1 1273240 1832600 1263640 1842200
Net7 5 
V1 3005680 1711120 2984944 1731856
V1 2984944 1731856 2600000 1731856
V1 2600000 1731856 1875000 1837400
V1 1875000 1837400 1400070 1837400
V1 1400070 1837400 1395270 1842200
Net11 5 
V1 2854130 1685200 2845490 1693840
V1 2845490 1693840 2600000 1693840
V1 2600000 1693840 1875000 1813400
V1 1875000 1813400 963350 1813400
V1 963350 1813400 934550 1842200
Net12 5 
V1 2897430 1685200 2880150 1702480
V1 2880150 1702480 2600000 1702480
V1 2600000 1702480 1875000 1818200
V1 1875000 1818200 1024370 1818200
V1 1024370 1818200 1000370 1842200
Net17 5 
V1 2919080 1659280 2906120 1672240
V1 2906120 1672240 2600000 1672240
V1 2600000 1672240 1875000 1808600
V1 1875000 1808600 1042877 1808600
V1 1042877 1808600 1033277 1799000
Net20 5 
V1 3092280 1659280 3087960 1654960
V1 3087960 1654960 2600000 1654960
V1 2600000 1654960 1875000 1803800
V1 1875000 1803800 1432980 1803800
V1 1432980 1803800 1428180 1799000
Net22 5 
V1 2854130 1633360 2849810 1637680
V1 2849810 1637680 2600000 1637680
V1 2600000 1637680 1875000 1743456
V1 1875000 1743456 1210163 1743456
V1 1210163 1743456 1197820 1755800
Net23 5 
V1 2940730 1633360 2932090 1642000
V1 2932090 1642000 2600000 1642000
V1 2600000 1642000 1875000 1749627
V1 1875000 1749627 1269812 1749627
V1 1269812 1749627 1263640 1755800
Net25 5 
V1 3027330 1633360 3014370 1646320
V1 3014370 1646320 2600000 1646320
V1 2600000 1646320 1875000 1770200
V1 1875000 1770200 1391162 1770200
V1 1391162 1770200 1362362 1799000
Net26 5 
V1 3070630 1633360 3053350 1650640
V1 3053350 1650640 2600000 1650640
V1 2600000 1650640 1875000 1784600
V1 1875000 1784600 1574220 1784600
V1 1574220 1784600 1559820 1799000
Net28 5 
V1 2919080 1607440 2906120 1620400
V1 2906120 1620400 2600000 1620400
V1 2600000 1620400 1875000 1737285
V1 1875000 1737285 1084697 1737285
V1 1084697 1737285 1066182 1755800
Net34 5 
V1 2897430 1581520 2884470 1594480
V1 2884470 1594480 2600000 1594480
V1 2600000 1594480 1875000 1731113
V1 1875000 1731113 1025056 1731113
V1 1025056 1731113 1000370 1755800
Net36 5 
V1 2984030 1581520 2979710 1577200
V1 2979710 1577200 2600000 1577200
V1 2600000 1577200 1875000 1724942
V1 1875000 1724942 1374705 1724942
V1 1374705 1724942 1362362 1712600
Net37 5 
V1 3027330 1581520 3018690 1572880
V1 3018690 1572880 2600000 1572880
V1 2600000 1572880 1875000 1718771
V1 1875000 1718771 1434351 1718771
V1 1434351 1718771 1428180 1712600
Net38 5 
V1 3070630 1581520 3057670 1568560
V1 3057670 1568560 2600000 1568560
V1 2600000 1568560 1875000 1705400
V1 1875000 1705400 1501200 1705400
V1 1501200 1705400 1494000 1712600
Net40 5 
V1 2962380 1555600 2957196 1550416
V1 2957196 1550416 2600000 1550416
V1 2600000 1550416 1875000 1683800
V1 1875000 1683800 1127890 1683800
V1 1127890 1683800 1099090 1712600
Net41 5 
V1 3005680 1555600 3001360 1559920
V1 3001360 1559920 2600000 1559920
V1 2600000 1559920 1875000 1691000
V1 1875000 1691000 1186510 1691000
V1 1186510 1691000 1164910 1712600
Net42 5 
V1 3092280 1555600 3083640 1564240
V1 3083640 1564240 2600000 1564240
V1 2600000 1564240 1875000 1698200
V1 1875000 1698200 1310950 1698200
V1 1310950 1698200 1296550 1712600
Net45 5 
V1 2940730 1529680 2935546 1534864
V1 2935546 1534864 2600000 1534864
V1 2600000 1534864 1875000 1647800
V1 1875000 1647800 1285240 1647800
V1 1285240 1647800 1263640 1669400
Net46 5 
V1 2984030 1529680 2973662 1540048
V1 2973662 1540048 2600000 1540048
V1 2600000 1540048 1875000 1658600
V1 1875000 1658600 1406070 1658600
V1 1406070 1658600 1395270 1669400
Net47 5 
V1 3070630 1529680 3055078 1545232
V1 3055078 1545232 2600000 1545232
V1 2600000 1545232 1875000 1676600
V1 1875000 1676600 1599930 1676600
V1 1599930 1676600 1592730 1669400
Net53 5 
V1 3092280 1503760 3079320 1516720
V1 3079320 1516720 2600000 1516720
V1 2600000 1516720 1875000 1637000
V1 1875000 1637000 1570620 1637000
V1 1570620 1637000 1559820 1626200
Net54 5 
V1 3135582 1503760 3122622 1490800
V1 3122622 1490800 2600000 1490800
V1 2600000 1490800 1875000 1604600
V1 1875000 1604600 857420 1604600
V1 857420 1604600 835820 1626200
Net60 5 
V1 2875780 1451920 2869300 1458400
V1 2869300 1458400 2600000 1458400
V1 2600000 1458400 1875000 1566800
V1 1875000 1566800 950750 1566800
V1 950750 1566800 934550 1583000
Net61 5 
V1 2919080 1451920 2906120 1464880
V1 2906120 1464880 2600000 1464880
V1 2600000 1464880 1875000 1572200
V1 1875000 1572200 1142800 1572200
V1 1142800 1572200 1132000 1583000
Net62 5 
V1 2962380 1451920 2942940 1471360
V1 2942940 1471360 2600000 1471360
V1 2600000 1471360 1875000 1577600
V1 1875000 1577600 1203220 1577600
V1 1203220 1577600 1197820 1583000
Net72 5 
V1 2919080 1400080 2906120 1413040
V1 2906120 1413040 2600000 1413040
V1 2600000 1413040 1875000 1561400
V1 1875000 1561400 1054877 1561400
V1 1054877 1561400 1033277 1539800
Net73 5 
V1 2962380 1400080 2958060 1395760
V1 2958060 1395760 2600000 1395760
V1 2600000 1395760 1875000 1556000
V1 1875000 1556000 1115290 1556000
V1 1115290 1556000 1099090 1539800
Net74 5 
V1 3048980 1400080 3040340 1391440
V1 3040340 1391440 2600000 1391440
V1 2600000 1391440 1875000 1550600
V1 1875000 1550600 1504800 1550600
V1 1504800 1550600 1494000 1539800
Net75 5 
V1 3092280 1400080 3079320 1387120
V1 3079320 1387120 2600000 1387120
V1 2600000 1387120 1875000 1545200
V1 1875000 1545200 1565220 1545200
V1 1565220 1545200 1559820 1539800
Net76 5 
V1 3135582 1400080 3118302 1382800
V1 3118302 1382800 2600000 1382800
V1 2600000 1382800 1875000 1525400
V1 1875000 1525400 850220 1525400
V1 850220 1525400 835820 1539800
Net77 5 
V1 2854130 1374160 2845490 1365520
V1 2845490 1365520 2600000 1365520
V1 2600000 1365520 1875000 1482200
V1 1875000 1482200 1080582 1482200
V1 1080582 1482200 1066182 1496600
Net78 5 
V1 2897430 1374160 2893110 1378480
V1 2893110 1378480 2600000 1378480
V1 2600000 1378480 1875000 1511000
V1 1875000 1511000 1212220 1511000
V1 1212220 1511000 1197820 1496600
Net87 5 
V1 3135582 1348240 3126942 1356880
V1 3126942 1356880 2600000 1356880
V1 2600000 1356880 1875000 1467800
V1 1875000 1467800 897530 1467800
V1 897530 1467800 868730 1496600
