Nets 32
Net13 5 
V2 3375910 1685200 3365110 1696000
V2 3365110 1696000 2600000 1696000
V2 2600000 1696000 1875000 1874909
V2 1875000 1874909 1272070 1874909
V2 1272070 1874909 1255410 1891570
Net14 5 
V2 3441722 1685200 3420122 1706800
V2 3420122 1706800 2600000 1706800
V2 2600000 1706800 1875000 1880464
V2 1875000 1880464 1443186 1880464
V2 1443186 1880464 1432080 1891570
Net15 5 
V2 3507540 1685200 3475140 1717600
V2 3475140 1717600 2600000 1717600
V2 2600000 1717600 1875000 1886018
V2 1875000 1886018 1525964 1886018
V2 1525964 1886018 1520412 1891570
Net16 5 
V2 3639180 1685200 3624780 1670800
V2 3624780 1670800 2600000 1670800
V2 2600000 1670800 1875000 1869355
V2 1875000 1869355 394277 1869355
V2 394277 1869355 372062 1891570
Net20 5 
V2 3211360 1642000 3196960 1656400
V2 3196960 1656400 2600000 1656400
V2 2600000 1656400 1875000 1863801
V2 1875000 1863801 1150681 1863801
V2 1150681 1863801 1122910 1836030
Net21 5 
V2 3277180 1642000 3269980 1634800
V2 3269980 1634800 2600000 1634800
V2 2600000 1634800 1875000 1858247
V2 1875000 1858247 1233457 1858247
V2 1233457 1858247 1211240 1836030
Net22 5 
V2 3343000 1642000 3328600 1627600
V2 3328600 1627600 2600000 1627600
V2 2600000 1627600 1875000 1852692
V2 1875000 1852692 1316242 1852692
V2 1316242 1852692 1299580 1836030
Net23 5 
V2 3474630 1642000 3453030 1620400
V2 3453030 1620400 2600000 1620400
V2 2600000 1620400 1875000 1847138
V2 1875000 1847138 1399018 1847138
V2 1399018 1847138 1387910 1836030
Net24 5 
V2 3540450 1642000 3511650 1613200
V2 3511650 1613200 2600000 1613200
V2 2600000 1613200 1875000 1841584
V2 1875000 1841584 1481804 1841584
V2 1481804 1841584 1476250 1836030
Net27 5 
V2 2981000 1598800 2976680 1594480
V2 2976680 1594480 2600000 1594480
V2 2600000 1594480 1875000 1822144
V2 1875000 1822144 855396 1822144
V2 855396 1822144 813740 1780487
Net28 5 
V2 3046820 1598800 3038180 1590160
V2 3038180 1590160 2600000 1590160
V2 2600000 1590160 1875000 1815201
V2 1875000 1815201 936783 1815201
V2 936783 1815201 902070 1780487
Net29 5 
V2 3112637 1598800 3099677 1585840
V2 3099677 1585840 2600000 1585840
V2 2600000 1585840 1875000 1808258
V2 1875000 1808258 1018181 1808258
V2 1018181 1808258 990410 1780487
Net30 5 
V2 3244270 1598800 3226990 1581520
V2 3226990 1581520 2600000 1581520
V2 2600000 1581520 1875000 1801315
V2 1875000 1801315 1099568 1801315
V2 1099568 1801315 1078740 1780487
Net31 5 
V2 3310090 1598800 3288490 1577200
V2 3288490 1577200 2600000 1577200
V2 2600000 1577200 1875000 1794373
V2 1875000 1794373 1269295 1794373
V2 1269295 1794373 1255410 1780487
Net32 5 
V2 3375910 1598800 3349990 1572880
V2 3349990 1572880 2600000 1572880
V2 2600000 1572880 1875000 1787430
V2 1875000 1787430 1350690 1787430
V2 1350690 1787430 1343747 1780487
Net33 5 
V2 3507540 1598800 3477300 1568560
V2 3477300 1568560 2600000 1568560
V2 2600000 1568560 1875000 1761968
V2 1875000 1761968 1538932 1761968
V2 1538932 1761968 1520412 1780487
Net34 5 
V2 3573360 1598800 3566160 1606000
V2 3566160 1606000 2600000 1606000
V2 2600000 1606000 1875000 1829086
V2 1875000 1829086 1571523 1829086
V2 1571523 1829086 1564580 1836030
Net35 5 
V2 3639180 1598800 3604620 1564240
V2 3604620 1564240 2600000 1564240
V2 2600000 1564240 1875000 1743454
V2 1875000 1743454 409096 1743454
V2 409096 1743454 372062 1780487
Net36 5 
V2 2882270 1555600 2877950 1559920
V2 2877950 1559920 2600000 1559920
V2 2600000 1559920 1875000 1697171
V2 1875000 1697171 620668 1697171
V2 620668 1697171 592900 1724940
Net60 5 
V2 3540450 1469200 3518850 1490800
V2 3518850 1490800 2600000 1490800
V2 2600000 1490800 1875000 1650888
V2 1875000 1650888 1538924 1650888
V2 1538924 1650888 1520412 1669400
Net61 5 
V2 3606270 1469200 3591870 1454800
V2 3591870 1454800 2600000 1454800
V2 2600000 1454800 1875000 1632374
V2 1875000 1632374 346414 1632374
V2 346414 1632374 327900 1613860
Net64 5 
V2 3112637 1426000 3098237 1440400
V2 3098237 1440400 2600000 1440400
V2 2600000 1440400 1875000 1599969
V2 1875000 1599969 767056 1599969
V2 767056 1599969 725400 1558312
Net65 5 
V2 3178450 1426000 3174130 1421680
V2 3174130 1421680 2600000 1421680
V2 2600000 1421680 1875000 1586083
V2 1875000 1586083 841511 1586083
V2 841511 1586083 813740 1558312
Net66 5 
V2 3244270 1426000 3235630 1417360
V2 3235630 1417360 2600000 1417360
V2 2600000 1417360 1875000 1572198
V2 1875000 1572198 915955 1572198
V2 915955 1572198 902070 1558312
Net71 5 
V2 2882270 1382800 2877950 1387120
V2 2877950 1387120 2600000 1387120
V2 2600000 1387120 1875000 1484255
V2 1875000 1484255 434744 1484255
V2 434744 1484255 416230 1502770
Net74 5 
V2 3079730 1382800 3071090 1391440
V2 3071090 1391440 2600000 1391440
V2 2600000 1391440 1875000 1510704
V2 1875000 1510704 1038018 1510704
V2 1038018 1510704 990410 1558312
Net75 5 
V2 3211360 1382800 3198400 1395760
V2 3198400 1395760 2600000 1395760
V2 2600000 1395760 1875000 1518639
V2 1875000 1518639 1118413 1518639
V2 1118413 1518639 1078740 1558312
Net76 5 
V2 3343000 1382800 3325720 1400080
V2 3325720 1400080 2600000 1400080
V2 2600000 1400080 1875000 1526573
V2 1875000 1526573 1198819 1526573
V2 1198819 1526573 1167080 1558312
Net77 5 
V2 3408817 1382800 3387217 1404400
V2 3387217 1404400 2600000 1404400
V2 2600000 1404400 1875000 1534508
V2 1875000 1534508 1279214 1534508
V2 1279214 1534508 1255410 1558312
Net78 5 
V2 3474630 1382800 3448710 1408720
V2 3448710 1408720 2600000 1408720
V2 2600000 1408720 1875000 1542442
V2 1875000 1542442 1447950 1542442
V2 1447950 1542442 1432080 1558312
Net79 5 
V2 3540450 1382800 3510210 1413040
V2 3510210 1413040 2600000 1413040
V2 2600000 1413040 1875000 1550377
V2 1875000 1550377 1528348 1550377
V2 1528348 1550377 1520412 1558312
Net80 5 
V2 3606270 1382800 3584670 1361200
V2 3584670 1361200 2600000 1361200
V2 2600000 1361200 1875000 1465741
V2 1875000 1465741 364928 1465741
V2 364928 1465741 327900 1502770
