Nets 26
Net4 5 
M2 3427870 1728400 3406270 1750000
M2 3406270 1750000 2600000 1750000
M2 2600000 1750000 1875000 1842200
M2 1875000 1842200 1562830 1842200
M2 1562830 1842200 1554190 1850840
Net14 5 
M2 3644372 1685200 3633572 1696000
M2 3633572 1696000 2600000 1696000
M2 2600000 1696000 1875000 1807640
M2 1875000 1807640 1544620 1807640
M2 1544620 1807640 1527340 1824920
Net15 5 
M2 3730980 1685200 3709380 1706800
M2 3709380 1706800 2600000 1706800
M2 2600000 1706800 1875000 1816280
M2 1875000 1816280 1589680 1816280
M2 1589680 1816280 1581040 1824920
Net16 5 
M2 3904180 1685200 3871780 1717600
M2 3871780 1717600 2600000 1717600
M2 2600000 1717600 1875000 1833560
M2 1875000 1833560 1267512 1833560
M2 1267512 1833560 1258872 1824920
Net21 5 
M2 3427870 1642000 3413470 1656400
M2 3413470 1656400 2600000 1656400
M2 2600000 1656400 1875000 1760120
M2 1875000 1760120 1486610 1760120
M2 1486610 1760120 1473650 1773080
Net24 5 
M2 3774280 1642000 3745480 1670800
M2 3745480 1670800 2600000 1670800
M2 2600000 1670800 1875000 1766600
M2 1875000 1766600 1587520 1766600
M2 1587520 1766600 1581040 1773080
Net25 5 
M2 3860880 1642000 3852240 1633360
M2 3852240 1633360 2600000 1633360
M2 2600000 1633360 1875000 1753640
M2 1875000 1753640 1278312 1753640
M2 1278312 1753640 1258872 1773080
Net29 5 
M2 3211360 1598800 3202720 1607440
M2 3202720 1607440 2600000 1607440
M2 2600000 1607440 1875000 1727720
M2 1875000 1727720 1358857 1727720
M2 1358857 1727720 1339417 1747160
Net33 5 
M2 3730980 1598800 3713700 1616080
M2 3713700 1616080 2600000 1616080
M2 2600000 1616080 1875000 1734200
M2 1875000 1734200 1567150 1734200
M2 1567150 1734200 1554190 1747160
Net34 5 
M2 3817580 1598800 3791660 1624720
M2 3791660 1624720 2600000 1624720
M2 2600000 1624720 1875000 1740680
M2 1875000 1740680 1614360 1740680
M2 1614360 1740680 1607880 1747160
Net37 5 
M2 2994857 1555600 2986217 1564240
M2 2986217 1564240 2600000 1564240
M2 2600000 1564240 1875000 1700504
M2 1875000 1700504 1440693 1700504
M2 1440693 1700504 1419957 1721240
Net41 5 
M2 3601070 1555600 3583790 1572880
M2 3583790 1572880 2600000 1572880
M2 2600000 1572880 1875000 1705688
M2 1875000 1705688 1489202 1705688
M2 1489202 1705688 1473650 1721240
Net42 5 
M2 3687677 1555600 3661757 1581520
M2 3661757 1581520 2600000 1581520
M2 2600000 1581520 1875000 1710872
M2 1875000 1710872 1537708 1710872
M2 1537708 1710872 1527340 1721240
Net43 5 
M2 3774280 1555600 3739720 1590160
M2 3739720 1590160 2600000 1590160
M2 2600000 1590160 1875000 1716056
M2 1875000 1716056 1586224 1716056
M2 1586224 1716056 1581040 1721240
Net44 5 
M2 3038160 1512400 3023760 1526800
M2 3023760 1526800 2600000 1526800
M2 2600000 1526800 1875000 1626200
M2 1875000 1626200 1356697 1626200
M2 1356697 1626200 1339417 1643480
Net50 5 
M2 3644372 1512400 3615572 1541200
M2 3615572 1541200 2600000 1541200
M2 2600000 1541200 1875000 1634840
M2 1875000 1634840 1509137 1634840
M2 1509137 1634840 1500497 1643480
Net57 5 
M2 3514470 1469200 3492870 1490800
M2 3492870 1490800 2600000 1490800
M2 2600000 1490800 1875000 1608920
M2 1875000 1608920 1589680 1608920
M2 1589680 1608920 1581040 1617560
Net67 5 
M2 3471170 1426000 3462530 1434640
M2 3462530 1434640 2600000 1434640
M2 2600000 1434640 1875000 1546280
M2 1875000 1546280 1493090 1546280
M2 1493090 1546280 1473650 1565720
Net68 5 
M2 3644372 1426000 3627092 1443280
M2 3627092 1443280 2600000 1443280
M2 2600000 1443280 1875000 1552760
M2 1875000 1552760 1540300 1552760
M2 1540300 1552760 1527340 1565720
Net69 5 
M2 3730980 1426000 3705060 1451920
M2 3705060 1451920 2600000 1451920
M2 2600000 1451920 1875000 1559240
M2 1875000 1559240 1587520 1559240
M2 1587520 1559240 1581040 1565720
Net70 5 
M2 3904180 1426000 3869620 1460560
M2 3869620 1460560 2600000 1460560
M2 2600000 1460560 1875000 1600280
M2 1875000 1600280 1276152 1600280
M2 1276152 1600280 1258872 1617560
Net74 5 
M2 3168060 1382800 3146460 1404400
M2 3146460 1404400 2600000 1404400
M2 2600000 1404400 1875000 1505240
M2 1875000 1505240 1428597 1505240
M2 1428597 1505240 1419957 1513880
Net84 5 
M2 3384570 1339600 3375930 1348240
M2 3375930 1348240 2600000 1348240
M2 2600000 1348240 1875000 1468520
M2 1875000 1468520 1412550 1468520
M2 1412550 1468520 1393110 1487960
Net85 5 
M2 3471170 1339600 3453890 1356880
M2 3453890 1356880 2600000 1356880
M2 2600000 1356880 1875000 1475000
M2 1875000 1475000 1513457 1475000
M2 1513457 1475000 1500497 1487960
Net86 5 
M2 3644372 1339600 3618452 1365520
M2 3618452 1365520 2600000 1365520
M2 2600000 1365520 1875000 1481480
M2 1875000 1481480 1614360 1481480
M2 1614360 1481480 1607880 1487960
Net87 5 
M2 3904180 1339600 3869620 1374160
M2 3869620 1374160 2600000 1374160
M2 2600000 1374160 1875000 1496600
M2 1875000 1496600 1276152 1496600
M2 1276152 1496600 1258872 1513880
