Nets 35
Net0 5 
V1 2908250 1728400 2902077 1734572
V1 2902077 1734572 2600000 1734572
V1 2600000 1734572 1875000 1863801
V1 1875000 1863801 488169 1863801
V1 488169 1863801 460400 1891570
Net1 5 
V1 3081460 1728400 3069116 1740743
V1 3069116 1740743 2600000 1740743
V1 2600000 1740743 1875000 1868429
V1 1875000 1868429 660210 1868429
V1 660210 1868429 637070 1891570
Net2 5 
V1 3168060 1728400 3149545 1746915
V1 3149545 1746915 2600000 1746915
V1 2600000 1746915 1875000 1873058
V1 1875000 1873058 743912 1873058
V1 743912 1873058 725400 1891570
Net3 5 
V1 3341267 1728400 3316581 1753086
V1 3316581 1753086 2600000 1753086
V1 2600000 1753086 1875000 1877686
V1 1875000 1877686 915953 1877686
V1 915953 1877686 902070 1891570
Net4 5 
V1 3427870 1728400 3397012 1759257
V1 3397012 1759257 2600000 1759257
V1 2600000 1759257 1875000 1882315
V1 1875000 1882315 999665 1882315
V1 999665 1882315 990410 1891570
Net5 5 
V1 3601070 1728400 3564041 1765428
V1 3564041 1765428 2600000 1765428
V1 2600000 1765428 1875000 1886943
V1 1875000 1886943 1171706 1886943
V1 1171706 1886943 1167080 1891570
Net7 5 
V1 2951552 1685200 2946752 1680400
V1 2946752 1680400 2600000 1680400
V1 2600000 1680400 1875000 1859172
V1 1875000 1859172 439372 1859172
V1 439372 1859172 416230 1836030
Net8 5 
V1 3038160 1685200 3028560 1675600
V1 3028560 1675600 2600000 1675600
V1 2600000 1675600 1875000 1854544
V1 1875000 1854544 523084 1854544
V1 523084 1854544 504570 1836030
Net9 5 
V1 3124760 1685200 3110360 1670800
V1 3110360 1670800 2600000 1670800
V1 2600000 1670800 1875000 1849915
V1 1875000 1849915 606785 1849915
V1 606785 1849915 592900 1836030
Net10 5 
V1 3211360 1685200 3192160 1666000
V1 3192160 1666000 2600000 1666000
V1 2600000 1666000 1875000 1845287
V1 1875000 1845287 690494 1845287
V1 690494 1845287 681237 1836030
Net11 5 
V1 3297962 1685200 3273962 1661200
V1 3273962 1661200 2600000 1661200
V1 2600000 1661200 1875000 1840658
V1 1875000 1840658 774198 1840658
V1 774198 1840658 769570 1836030
Net12 5 
V1 3471170 1685200 3442370 1656400
V1 3442370 1656400 2600000 1656400
V1 2600000 1656400 1875000 1817515
V1 1875000 1817515 876422 1817515
V1 876422 1817515 857907 1836030
Net18 5 
V1 2994857 1642000 2990057 1646800
V1 2990057 1646800 2600000 1646800
V1 2600000 1646800 1875000 1761968
V1 1875000 1761968 567252 1761968
V1 567252 1761968 548732 1780487
Net19 5 
V1 3168060 1642000 3158460 1651600
V1 3158460 1651600 2600000 1651600
V1 2600000 1651600 1875000 1799001
V1 1875000 1799001 743914 1799001
V1 743914 1799001 725400 1780487
Net26 5 
V1 2951552 1598800 2946752 1594000
V1 2946752 1594000 2600000 1594000
V1 2600000 1594000 1875000 1743454
V1 1875000 1743454 434744 1743454
V1 434744 1743454 416230 1724940
Net37 5 
V1 2994857 1555600 2990057 1560400
V1 2990057 1560400 2600000 1560400
V1 2600000 1560400 1875000 1681742
V1 1875000 1681742 724435 1681742
V1 724435 1681742 681237 1724940
Net38 5 
V1 3168060 1555600 3158460 1565200
V1 3158460 1565200 2600000 1565200
V1 2600000 1565200 1875000 1687913
V1 1875000 1687913 894933 1687913
V1 894933 1687913 857907 1724940
Net39 5 
V1 3341267 1555600 3326867 1570000
V1 3326867 1570000 2600000 1570000
V1 2600000 1570000 1875000 1694085
V1 1875000 1694085 977095 1694085
V1 977095 1694085 946240 1724940
Net40 5 
V1 3514470 1555600 3495270 1574800
V1 3495270 1574800 2600000 1574800
V1 2600000 1574800 1875000 1700256
V1 1875000 1700256 1147593 1700256
V1 1147593 1700256 1122910 1724940
Net41 5 
V1 3601070 1555600 3577070 1579600
V1 3577070 1579600 2600000 1579600
V1 2600000 1579600 1875000 1706427
V1 1875000 1706427 1229752 1706427
V1 1229752 1706427 1211240 1724940
Net42 5 
V1 3687677 1555600 3658877 1584400
V1 3658877 1584400 2600000 1584400
V1 2600000 1584400 1875000 1712598
V1 1875000 1712598 1400251 1712598
V1 1400251 1712598 1387910 1724940
Net43 5 
V1 3774280 1555600 3740680 1589200
V1 3740680 1589200 2600000 1589200
V1 2600000 1589200 1875000 1718770
V1 1875000 1718770 1482420 1718770
V1 1482420 1718770 1476250 1724940
Net44 5 
V1 3038160 1512400 3029520 1521040
V1 3029520 1521040 2600000 1521040
V1 2600000 1521040 1875000 1636077
V1 1875000 1636077 493723 1636077
V1 493723 1636077 460400 1669400
Net45 5 
V1 3124760 1512400 3107480 1529680
V1 3107480 1529680 2600000 1529680
V1 2600000 1529680 1875000 1647185
V1 1875000 1647185 570947 1647185
V1 570947 1647185 548732 1669400
Net46 5 
V1 3211360 1512400 3185440 1538320
V1 3185440 1538320 2600000 1538320
V1 2600000 1538320 1875000 1658294
V1 1875000 1658294 736506 1658294
V1 736506 1658294 725400 1669400
Net47 5 
V1 3297962 1512400 3263402 1546960
V1 3263402 1546960 2600000 1546960
V1 2600000 1546960 1875000 1675571
V1 1875000 1675571 819911 1675571
V1 819911 1675571 813740 1669400
Net62 5 
V1 2951552 1426000 2937152 1411600
V1 2937152 1411600 2600000 1411600
V1 2600000 1411600 1875000 1569421
V1 1875000 1569421 559841 1569421
V1 559841 1569421 548732 1558312
Net63 5 
V1 3124760 1426000 3095960 1397200
V1 3095960 1397200 2600000 1397200
V1 2600000 1397200 1875000 1547204
V1 1875000 1547204 648178 1547204
V1 648178 1547204 637070 1558312
Net67 5 
V1 3471170 1426000 3462530 1434640
V1 3462530 1434640 2600000 1434640
V1 2600000 1434640 1875000 1580529
V1 1875000 1580529 1332910 1580529
V1 1332910 1580529 1299580 1613860
Net68 5 
V1 3644372 1426000 3627092 1443280
V1 3627092 1443280 2600000 1443280
V1 2600000 1443280 1875000 1591638
V1 1875000 1591638 1410132 1591638
V1 1410132 1591638 1387910 1613860
Net69 5 
V1 3730980 1426000 3705060 1451920
V1 3705060 1451920 2600000 1451920
V1 2600000 1451920 1875000 1602746
V1 1875000 1602746 1487363 1602746
V1 1487363 1602746 1476250 1613860
Net70 5 
V1 3904180 1426000 3869620 1460560
V1 3869620 1460560 2600000 1460560
V1 2600000 1460560 1875000 1624968
V1 1875000 1624968 416494 1624968
V1 416494 1624968 372062 1669400
Net72 5 
V1 2994857 1382800 2984057 1372000
V1 2984057 1372000 2600000 1372000
V1 2600000 1372000 1875000 1536095
V1 1875000 1536095 537895 1536095
V1 537895 1536095 504570 1502770
Net73 5 
V1 3081460 1382800 3059860 1361200
V1 3059860 1361200 2600000 1361200
V1 2600000 1361200 1875000 1524987
V1 1875000 1524987 615117 1524987
V1 615117 1524987 592900 1502770
Net81 5 
V1 2951552 1339600 2940752 1350400
V1 2940752 1350400 2600000 1350400
V1 2600000 1350400 1875000 1513878
V1 1875000 1513878 780678 1513878
V1 780678 1513878 769570 1502770
