Nets 26
Net13 5 
V2 3172362 1810200 3165882 1816680
V2 3165882 1816680 2700000 1816680
V2 2700000 1816680 1875000 1858247
V2 1875000 1858247 1288733 1858247
V2 1288733 1858247 1255410 1891570
Net14 5 
V2 3236450 1810200 3223490 1823160
V2 3223490 1823160 2700000 1823160
V2 2700000 1823160 1875000 1869355
V2 1875000 1869355 1454294 1869355
V2 1454294 1869355 1432080 1891570
Net15 5 
V2 3364620 1810200 3345180 1829640
V2 3345180 1829640 2700000 1829640
V2 2700000 1829640 1875000 1880464
V2 1875000 1880464 1531518 1880464
V2 1531518 1880464 1520412 1891570
Net19 5 
V2 3268490 1784280 3262010 1790760
V2 3262010 1790760 2700000 1790760
V2 2700000 1790760 1875000 1799001
V2 1875000 1799001 1159938 1799001
V2 1159938 1799001 1122910 1836030
Net20 5 
V2 3332580 1784280 3319620 1797240
V2 3319620 1797240 2700000 1797240
V2 2700000 1797240 1875000 1817515
V2 1875000 1817515 1406424 1817515
V2 1406424 1817515 1387910 1836030
Net21 5 
V2 3396667 1784280 3377227 1803720
V2 3377227 1803720 2700000 1803720
V2 2700000 1803720 1875000 1847138
V2 1875000 1847138 416494 1847138
V2 416494 1847138 372062 1891570
Net22 5 
V2 2980110 1758360 2971470 1767000
V2 2971470 1767000 2700000 1767000
V2 2700000 1767000 1875000 1758265
V2 1875000 1758265 1100962 1758265
V2 1100962 1758265 1078740 1780487
Net23 5 
V2 3108280 1758360 3091000 1775640
V2 3091000 1775640 2700000 1775640
V2 2700000 1775640 1875000 1769374
V2 1875000 1769374 1266523 1769374
V2 1266523 1769374 1255410 1780487
Net27 5 
V2 3012150 1732440 2999190 1745400
V2 2999190 1745400 2700000 1745400
V2 2700000 1745400 1875000 1747157
V2 1875000 1747157 1023740 1747157
V2 1023740 1747157 990410 1780487
Net34 5 
V2 3044190 1706520 3031230 1719480
V2 3031230 1719480 2700000 1719480
V2 2700000 1719480 1875000 1736048
V2 1875000 1736048 858179 1736048
V2 858179 1736048 813740 1780487
Net35 5 
V2 3108280 1706520 3099640 1697880
V2 3099640 1697880 2700000 1697880
V2 2700000 1697880 1875000 1706428
V2 1875000 1706428 699749 1706428
V2 699749 1706428 681237 1724940
Net39 5 
V2 3012150 1680600 3003510 1689240
V2 3003510 1689240 2700000 1689240
V2 2700000 1689240 1875000 1687914
V2 1875000 1687914 629926 1687914
V2 629926 1687914 592900 1724940
Net51 5 
V2 3204410 1628760 3195770 1637400
V2 3195770 1637400 2700000 1637400
V2 2700000 1637400 1875000 1641631
V2 1875000 1641631 1283179 1641631
V2 1283179 1641631 1255410 1669400
Net53 5 
V2 3332580 1628760 3315300 1646040
V2 3315300 1646040 2700000 1646040
V2 2700000 1646040 1875000 1655516
V2 1875000 1655516 1534296 1655516
V2 1534296 1655516 1520412 1669400
Net61 5 
V2 3076240 1576920 3071920 1581240
V2 3071920 1581240 2700000 1581240
V2 2700000 1581240 1875000 1539798
V2 1875000 1539798 743914 1539798
V2 743914 1539798 725400 1558312
Net62 5 
V2 3140320 1576920 3131680 1585560
V2 3131680 1585560 2700000 1585560
V2 2700000 1585560 1875000 1549055
V2 1875000 1549055 822997 1549055
V2 822997 1549055 813740 1558312
Net63 5 
V2 3204410 1576920 3191450 1589880
V2 3191450 1589880 2700000 1589880
V2 2700000 1589880 1875000 1576826
V2 1875000 1576826 718271 1576826
V2 718271 1576826 681237 1613860
Net64 5 
V2 3332580 1576920 3315300 1594200
V2 3315300 1594200 2700000 1594200
V2 2700000 1594200 1875000 1595340
V2 1875000 1595340 876427 1595340
V2 876427 1595340 857907 1613860
Net65 5 
V2 3396667 1576920 3375067 1598520
V2 3375067 1598520 2700000 1598520
V2 2700000 1598520 1875000 1627745
V2 1875000 1627745 413717 1627745
V2 413717 1627745 372062 1669400
Net66 5 
V2 2980110 1551000 2967150 1563960
V2 2967150 1563960 2700000 1563960
V2 2700000 1563960 1875000 1530541
V2 1875000 1530541 664841 1530541
V2 664841 1530541 637070 1558312
Net77 5 
V2 2980110 1499160 2967150 1512120
V2 2967150 1512120 2700000 1512120
V2 2700000 1512120 1875000 1521284
V2 1875000 1521284 788084 1521284
V2 788084 1521284 769570 1502770
Net78 5 
V2 3044190 1499160 3039870 1494840
V2 3039870 1494840 2700000 1494840
V2 2700000 1494840 1875000 1512027
V2 1875000 1512027 867164 1512027
V2 867164 1512027 857907 1502770
Net83 5 
V2 3012150 1473240 3007830 1477560
V2 3007830 1477560 2700000 1477560
V2 2700000 1477560 1875000 1458336
V2 1875000 1458336 1167344 1458336
V2 1167344 1458336 1122910 1502770
Net84 5 
V2 3076240 1473240 3067600 1481880
V2 3067600 1481880 2700000 1481880
V2 2700000 1481880 1875000 1469444
V2 1875000 1469444 1332905 1469444
V2 1332905 1469444 1299580 1502770
Net85 5 
V2 3204410 1473240 3191450 1486200
V2 3191450 1486200 2700000 1486200
V2 2700000 1486200 1875000 1480553
V2 1875000 1480553 1410127 1480553
V2 1410127 1480553 1387910 1502770
Net86 5 
V2 3332580 1473240 3315300 1490520
V2 3315300 1490520 2700000 1490520
V2 2700000 1490520 1875000 1491661
V2 1875000 1491661 1575688 1491661
V2 1575688 1491661 1564580 1502770
