Nets 32
Net13 5 
V2 3581997 1810200 3571197 1821000
V2 3571197 1821000 2700000 1821000
V2 2700000 1821000 1875000 1874909
V2 1875000 1874909 1255620 1874909
V2 1255620 1874909 1238960 1891570
Net14 5 
V2 3659940 1810200 3638340 1831800
V2 3638340 1831800 2700000 1831800
V2 2700000 1831800 1875000 1880464
V2 1875000 1880464 1433656 1880464
V2 1433656 1880464 1422550 1891570
Net15 5 
V2 3737880 1810200 3705480 1842600
V2 3705480 1842600 2700000 1842600
V2 2700000 1842600 1875000 1886018
V2 1875000 1886018 1519901 1886018
V2 1519901 1886018 1514350 1891570
Net16 5 
V2 3893762 1810200 3879362 1795800
V2 3879362 1795800 2700000 1795800
V2 2700000 1795800 1875000 1869355
V2 1875000 1869355 343184 1869355
V2 343184 1869355 320970 1891570
Net20 5 
V2 3387140 1767000 3372740 1781400
V2 3372740 1781400 2700000 1781400
V2 2700000 1781400 1875000 1863801
V2 1875000 1863801 1129031 1863801
V2 1129031 1863801 1101260 1836030
Net21 5 
V2 3465080 1767000 3457880 1759800
V2 3457880 1759800 2700000 1759800
V2 2700000 1759800 1875000 1858247
V2 1875000 1858247 1215277 1858247
V2 1215277 1858247 1193060 1836030
Net22 5 
V2 3543020 1767000 3528620 1752600
V2 3528620 1752600 2700000 1752600
V2 2700000 1752600 1875000 1852692
V2 1875000 1852692 1301520 1852692
V2 1301520 1852692 1284857 1836030
Net23 5 
V2 3698910 1767000 3677310 1745400
V2 3677310 1745400 2700000 1745400
V2 2700000 1745400 1875000 1847138
V2 1875000 1847138 1387761 1847138
V2 1387761 1847138 1376652 1836030
Net24 5 
V2 3776850 1767000 3748050 1738200
V2 3748050 1738200 2700000 1738200
V2 2700000 1738200 1875000 1841584
V2 1875000 1841584 1474004 1841584
V2 1474004 1841584 1468450 1836030
Net27 5 
V2 3114340 1723800 3110020 1719480
V2 3110020 1719480 2700000 1719480
V2 2700000 1719480 1875000 1822144
V2 1875000 1822144 821616 1822144
V2 821616 1822144 779960 1780487
Net28 5 
V2 3192280 1723800 3183640 1715160
V2 3183640 1715160 2700000 1715160
V2 2700000 1715160 1875000 1815201
V2 1875000 1815201 906473 1815201
V2 906473 1815201 871760 1780487
Net29 5 
V2 3270227 1723800 3257267 1710840
V2 3257267 1710840 2700000 1710840
V2 2700000 1710840 1875000 1808258
V2 1875000 1808258 991331 1808258
V2 991331 1808258 963560 1780487
Net30 5 
V2 3426110 1723800 3408830 1706520
V2 3408830 1706520 2700000 1706520
V2 2700000 1706520 1875000 1801315
V2 1875000 1801315 1076188 1801315
V2 1076188 1801315 1055360 1780487
Net31 5 
V2 3504050 1723800 3482450 1702200
V2 3482450 1702200 2700000 1702200
V2 2700000 1702200 1875000 1794373
V2 1875000 1794373 1252845 1794373
V2 1252845 1794373 1238960 1780487
Net32 5 
V2 3581997 1723800 3556077 1697880
V2 3556077 1697880 2700000 1697880
V2 2700000 1697880 1875000 1787430
V2 1875000 1787430 1337695 1787430
V2 1337695 1787430 1330752 1780487
Net33 5 
V2 3737880 1723800 3707640 1693560
V2 3707640 1693560 2700000 1693560
V2 2700000 1693560 1875000 1761968
V2 1875000 1761968 1532869 1761968
V2 1532869 1761968 1514350 1780487
Net34 5 
V2 3815820 1723800 3808620 1731000
V2 3808620 1731000 2700000 1731000
V2 2700000 1731000 1875000 1829086
V2 1875000 1829086 1567193 1829086
V2 1567193 1829086 1560250 1836030
Net35 5 
V2 3893762 1723800 3859202 1689240
V2 3859202 1689240 2700000 1689240
V2 2700000 1689240 1875000 1743454
V2 1875000 1743454 358003 1743454
V2 358003 1743454 320970 1780487
Net36 5 
V2 2997430 1680600 2993110 1684920
V2 2993110 1684920 2700000 1684920
V2 2700000 1684920 1875000 1697171
V2 1875000 1697171 578236 1697171
V2 578236 1697171 550467 1724940
Net60 5 
V2 3776850 1594200 3755250 1615800
V2 3755250 1615800 2700000 1615800
V2 2700000 1615800 1875000 1650888
V2 1875000 1650888 1532862 1650888
V2 1532862 1650888 1514350 1669400
Net61 5 
V2 3854790 1594200 3840390 1579800
V2 3840390 1579800 2700000 1579800
V2 2700000 1579800 1875000 1632374
V2 1875000 1632374 293584 1632374
V2 293584 1632374 275070 1613860
Net64 5 
V2 3270227 1551000 3255827 1565400
V2 3255827 1565400 2700000 1565400
V2 2700000 1565400 1875000 1599969
V2 1875000 1599969 729819 1599969
V2 729819 1599969 688162 1558312
Net65 5 
V2 3348170 1551000 3343850 1546680
V2 3343850 1546680 2700000 1546680
V2 2700000 1546680 1875000 1586083
V2 1875000 1586083 807731 1586083
V2 807731 1586083 779960 1558312
Net66 5 
V2 3426110 1551000 3417470 1542360
V2 3417470 1542360 2700000 1542360
V2 2700000 1542360 1875000 1572198
V2 1875000 1572198 885645 1572198
V2 885645 1572198 871760 1558312
Net71 5 
V2 2997430 1507800 2993110 1512120
V2 2993110 1512120 2700000 1512120
V2 2700000 1512120 1875000 1484255
V2 1875000 1484255 385384 1484255
V2 385384 1484255 366870 1502770
Net74 5 
V2 3231252 1507800 3222612 1516440
V2 3222612 1516440 2700000 1516440
V2 2700000 1516440 1875000 1510704
V2 1875000 1510704 1011168 1510704
V2 1011168 1510704 963560 1558312
Net75 5 
V2 3387140 1507800 3374180 1520760
V2 3374180 1520760 2700000 1520760
V2 2700000 1520760 1875000 1518639
V2 1875000 1518639 1095033 1518639
V2 1095033 1518639 1055360 1558312
Net76 5 
V2 3543020 1507800 3525740 1525080
V2 3525740 1525080 2700000 1525080
V2 2700000 1525080 1875000 1526573
V2 1875000 1526573 1178899 1526573
V2 1178899 1526573 1147160 1558312
Net77 5 
V2 3620970 1507800 3599370 1529400
V2 3599370 1529400 2700000 1529400
V2 2700000 1529400 1875000 1534508
V2 1875000 1534508 1262764 1534508
V2 1262764 1534508 1238960 1558312
Net78 5 
V2 3698910 1507800 3672990 1533720
V2 3672990 1533720 2700000 1533720
V2 2700000 1533720 1875000 1542442
V2 1875000 1542442 1438420 1542442
V2 1438420 1542442 1422550 1558312
Net79 5 
V2 3776850 1507800 3746610 1538040
V2 3746610 1538040 2700000 1538040
V2 2700000 1538040 1875000 1550377
V2 1875000 1550377 1522285 1550377
V2 1522285 1550377 1514350 1558312
Net80 5 
V2 3854790 1507800 3833190 1486200
V2 3833190 1486200 2700000 1486200
V2 2700000 1486200 1875000 1465741
V2 1875000 1465741 312098 1465741
V2 312098 1465741 275070 1502770
