Nets 20
Net8 5 
V2 3148980 1836120 3140340 1844760
V2 3140340 1844760 2700000 1844760
V2 2700000 1844760 1875000 1856600
V2 1875000 1856600 1456980 1856600
V2 1456980 1856600 1428180 1885400
Net9 5 
V2 3192280 1836120 3175000 1853400
V2 3175000 1853400 2700000 1853400
V2 2700000 1853400 1875000 1871000
V2 1875000 1871000 1574220 1871000
V2 1574220 1871000 1559820 1885400
Net24 5 
V2 3084030 1758360 3071070 1771320
V2 3071070 1771320 2700000 1771320
V2 2700000 1771320 1875000 1777400
V2 1875000 1777400 1318150 1777400
V2 1318150 1777400 1296550 1799000
Net27 5 
V2 2975780 1732440 2962820 1745400
V2 2962820 1745400 2700000 1745400
V2 2700000 1745400 1875000 1741400
V2 1875000 1741400 1146400 1741400
V2 1146400 1741400 1132000 1755800
Net43 5 
V2 3235582 1680600 3222622 1693560
V2 3222622 1693560 2700000 1693560
V2 2700000 1693560 1875000 1727000
V2 1875000 1727000 897530 1727000
V2 897530 1727000 868730 1755800
Net44 5 
V2 2954130 1654680 2941170 1667640
V2 2941170 1667640 2700000 1667640
V2 2700000 1667640 1875000 1663227
V2 1875000 1663227 1138172 1663227
V2 1138172 1663227 1132000 1669400
Net48 5 
V2 2975780 1628760 2969300 1635240
V2 2969300 1635240 2700000 1635240
V2 2700000 1635240 1875000 1644713
V2 1875000 1644713 959236 1644713
V2 959236 1644713 934550 1669400
Net49 5 
V2 3019080 1628760 3006120 1641720
V2 3006120 1641720 2700000 1641720
V2 2700000 1641720 1875000 1650885
V2 1875000 1650885 1018885 1650885
V2 1018885 1650885 1000370 1669400
Net50 5 
V2 3062380 1628760 3042940 1648200
V2 3042940 1648200 2700000 1648200
V2 2700000 1648200 1875000 1657056
V2 1875000 1657056 1078526 1657056
V2 1078526 1657056 1066182 1669400
Net56 5 
V2 2997430 1602840 2984470 1615800
V2 2984470 1615800 2700000 1615800
V2 2700000 1615800 1875000 1638542
V2 1875000 1638542 979802 1638542
V2 979802 1638542 967460 1626200
Net57 5 
V2 3084030 1602840 3079710 1598520
V2 3079710 1598520 2700000 1598520
V2 2700000 1598520 1875000 1632371
V2 1875000 1632371 1105261 1632371
V2 1105261 1632371 1099090 1626200
Net58 5 
V2 3127330 1602840 3118690 1594200
V2 3118690 1594200 2700000 1594200
V2 2700000 1594200 1875000 1617560
V2 1875000 1617560 1436820 1617560
V2 1436820 1617560 1428180 1626200
Net59 5 
V2 3170630 1602840 3157670 1589880
V2 3157670 1589880 2700000 1589880
V2 2700000 1589880 1875000 1608920
V2 1875000 1608920 1379642 1608920
V2 1379642 1608920 1362362 1626200
Net63 5 
V2 3105680 1576920 3101360 1581240
V2 3101360 1581240 2700000 1581240
V2 2700000 1581240 1875000 1591640
V2 1875000 1591640 1199470 1591640
V2 1199470 1591640 1164910 1626200
Net64 5 
V2 3192280 1576920 3183640 1585560
V2 3183640 1585560 2700000 1585560
V2 2700000 1585560 1875000 1600280
V2 1875000 1600280 1256650 1600280
V2 1256650 1600280 1230730 1626200
Net65 5 
V2 3235582 1576920 3222622 1563960
V2 3222622 1563960 2700000 1563960
V2 2700000 1563960 1875000 1561400
V2 1875000 1561400 890330 1561400
V2 890330 1561400 868730 1583000
Net71 5 
V2 2975780 1525080 2962820 1538040
V2 2962820 1538040 2700000 1538040
V2 2700000 1538040 1875000 1518200
V2 1875000 1518200 989060 1518200
V2 989060 1518200 967460 1539800
Net84 5 
V2 3019080 1473240 3012600 1479720
V2 3012600 1479720 2700000 1479720
V2 2700000 1479720 1875000 1464200
V2 1875000 1464200 1427670 1464200
V2 1427670 1464200 1395270 1496600
Net85 5 
V2 3105680 1473240 3092720 1486200
V2 3092720 1486200 2700000 1486200
V2 2700000 1486200 1875000 1475000
V2 1875000 1475000 1482690 1475000
V2 1482690 1475000 1461090 1496600
Net86 5 
V2 3192280 1473240 3172840 1492680
V2 3172840 1492680 2700000 1492680
V2 2700000 1492680 1875000 1485800
V2 1875000 1485800 1603530 1485800
V2 1603530 1485800 1592730 1496600
