Nets 32
Net0 5 
V1 2954130 1862040 2948946 1867224
V1 2948946 1867224 2700000 1867224
V1 2700000 1867224 1875000 1854544
V1 1875000 1854544 402166 1854544
V1 402166 1854544 365140 1891570
Net1 5 
V1 3040730 1862040 3030362 1872408
V1 3030362 1872408 2700000 1872408
V1 2700000 1872408 1875000 1863801
V1 1875000 1863801 583429 1863801
V1 583429 1863801 555660 1891570
Net2 5 
V1 3127330 1862040 3111778 1877592
V1 3111778 1877592 2700000 1877592
V1 2700000 1877592 1875000 1873058
V1 1875000 1873058 669434 1873058
V1 669434 1873058 650922 1891570
Net3 5 
V1 3170630 1862040 3149894 1882776
V1 3149894 1882776 2700000 1882776
V1 2700000 1882776 1875000 1882315
V1 1875000 1882315 850705 1882315
V1 850705 1882315 841450 1891570
Net4 5 
V1 2975780 1836120 2970596 1841304
V1 2970596 1841304 2700000 1841304
V1 2700000 1841304 1875000 1802704
V1 1875000 1802704 541355 1802704
V1 541355 1802704 508030 1836030
Net5 5 
V1 3019080 1836120 3008712 1846488
V1 3008712 1846488 2700000 1846488
V1 2700000 1846488 1875000 1813813
V1 1875000 1813813 625507 1813813
V1 625507 1813813 603290 1836030
Net6 5 
V1 3062380 1836120 3046828 1851672
V1 3046828 1851672 2700000 1851672
V1 2700000 1851672 1875000 1824921
V1 1875000 1824921 709668 1824921
V1 709668 1824921 698560 1836030
Net7 5 
V1 3105680 1836120 3084944 1856856
V1 3084944 1856856 2700000 1856856
V1 2700000 1856856 1875000 1845287
V1 1875000 1845287 803077 1845287
V1 803077 1845287 793820 1836030
Net11 5 
V1 2954130 1810200 2947650 1803720
V1 2947650 1803720 2700000 1803720
V1 2700000 1803720 1875000 1791596
V1 1875000 1791596 361941 1791596
V1 361941 1791596 317507 1836030
Net17 5 
V1 3019080 1784280 3012600 1790760
V1 3012600 1790760 2700000 1790760
V1 2700000 1790760 1875000 1761968
V1 1875000 1761968 478919 1761968
V1 478919 1761968 460400 1780487
Net18 5 
V1 3062380 1784280 3049420 1797240
V1 3049420 1797240 2700000 1797240
V1 2700000 1797240 1875000 1771225
V1 1875000 1771225 660185 1771225
V1 660185 1771225 650922 1780487
Net33 5 
V1 2954130 1706520 2941170 1719480
V1 2941170 1719480 2700000 1719480
V1 2700000 1719480 1875000 1752711
V1 1875000 1752711 345278 1752711
V1 345278 1752711 317507 1724940
Net36 5 
V1 3084030 1706520 3079710 1702200
V1 3079710 1702200 2700000 1702200
V1 2700000 1702200 1875000 1743454
V1 1875000 1743454 1193384 1743454
V1 1193384 1743454 1174870 1724940
Net37 5 
V1 3127330 1706520 3118690 1697880
V1 3118690 1697880 2700000 1697880
V1 2700000 1697880 1875000 1734197
V1 1875000 1734197 1374654 1734197
V1 1374654 1734197 1365397 1724940
Net38 5 
V1 3170630 1706520 3157670 1693560
V1 3157670 1693560 2700000 1693560
V1 2700000 1693560 1875000 1713834
V1 1875000 1713834 1471766 1713834
V1 1471766 1713834 1460660 1724940
Net40 5 
V1 3062380 1680600 3057196 1675416
V1 3057196 1675416 2700000 1675416
V1 2700000 1675416 1875000 1680508
V1 1875000 1680508 838251 1680508
V1 838251 1680508 793820 1724940
Net41 5 
V1 3105680 1680600 3101360 1684920
V1 3101360 1684920 2700000 1684920
V1 2700000 1684920 1875000 1691617
V1 1875000 1691617 922403 1691617
V1 922403 1691617 889080 1724940
Net42 5 
V1 3192280 1680600 3183640 1689240
V1 3183640 1689240 2700000 1689240
V1 2700000 1689240 1875000 1702725
V1 1875000 1702725 1101824 1702725
V1 1101824 1702725 1079610 1724940
Net45 5 
V1 3040730 1654680 3035546 1659864
V1 3035546 1659864 2700000 1659864
V1 2700000 1659864 1875000 1648573
V1 1875000 1648573 957536 1648573
V1 957536 1648573 936710 1669400
Net46 5 
V1 3084030 1654680 3073662 1665048
V1 3073662 1665048 2700000 1665048
V1 2700000 1665048 1875000 1655516
V1 1875000 1655516 1045863 1655516
V1 1045863 1655516 1031980 1669400
Net47 5 
V1 3170630 1654680 3155078 1670232
V1 3155078 1670232 2700000 1670232
V1 2700000 1670232 1875000 1662459
V1 1875000 1662459 1324703 1662459
V1 1324703 1662459 1317762 1669400
Net48 5 
V1 2975780 1628760 2969300 1635240
V1 2969300 1635240 2700000 1635240
V1 2700000 1635240 1875000 1627745
V1 1875000 1627745 406794 1627745
V1 406794 1627745 365140 1669400
Net49 5 
V1 3019080 1628760 3006120 1641720
V1 3006120 1641720 2700000 1641720
V1 2700000 1641720 1875000 1634688
V1 1875000 1634688 495111 1634688
V1 495111 1634688 460400 1669400
Net50 5 
V1 3062380 1628760 3042940 1648200
V1 3042940 1648200 2700000 1648200
V1 2700000 1648200 1875000 1641631
V1 1875000 1641631 678691 1641631
V1 678691 1641631 650922 1669400
Net56 5 
V1 2997430 1602840 2992246 1608024
V1 2992246 1608024 2700000 1608024
V1 2700000 1608024 1875000 1580529
V1 1875000 1580529 350838 1580529
V1 350838 1580529 317507 1613860
Net57 5 
V1 3084030 1602840 3073662 1613208
V1 3073662 1613208 2700000 1613208
V1 2700000 1613208 1875000 1591638
V1 1875000 1591638 530252 1591638
V1 530252 1591638 508030 1613860
Net58 5 
V1 3127330 1602840 3111778 1618392
V1 3111778 1618392 2700000 1618392
V1 2700000 1618392 1875000 1602746
V1 1875000 1602746 1090723 1602746
V1 1090723 1602746 1079610 1613860
Net59 5 
V1 3170630 1602840 3149894 1623576
V1 3149894 1623576 2700000 1623576
V1 2700000 1623576 1875000 1620802
V1 1875000 1620802 896022 1620802
V1 896022 1620802 889080 1613860
Net60 5 
V1 2975780 1576920 2962820 1589880
V1 2962820 1589880 2700000 1589880
V1 2700000 1589880 1875000 1569421
V1 1875000 1569421 471508 1569421
V1 471508 1569421 460400 1558312
Net72 5 
V1 3019080 1525080 3012600 1531560
V1 3012600 1531560 2700000 1531560
V1 2700000 1531560 1875000 1465741
V1 1875000 1465741 449798 1465741
V1 449798 1465741 412770 1502770
Net73 5 
V1 3062380 1525080 3049420 1538040
V1 3049420 1538040 2700000 1538040
V1 2700000 1538040 1875000 1484255
V1 1875000 1484255 526544 1484255
V1 526544 1484255 508030 1502770
Net74 5 
V1 3148980 1525080 3129540 1544520
V1 3129540 1544520 2700000 1544520
V1 2700000 1544520 1875000 1530541
V1 1875000 1530541 1440801 1530541
V1 1440801 1530541 1413030 1558312
