Nets 15
Net8 5 
M2 3268490 1836120 3259850 1844760
M2 3259850 1844760 2700000 1844760
M2 2700000 1844760 1875000 1863801
M2 1875000 1863801 991329 1863801
M2 991329 1863801 963560 1891570
Net9 5 
M2 3332580 1836120 3315300 1853400
M2 3315300 1853400 2700000 1853400
M2 2700000 1853400 1875000 1877686
M2 1875000 1877686 1161043 1877686
M2 1161043 1877686 1147160 1891570
Net10 5 
M2 3396667 1836120 3388027 1827480
M2 3388027 1827480 2700000 1827480
M2 2700000 1827480 1875000 1849915
M2 1875000 1849915 288955 1849915
M2 288955 1849915 275070 1836030
Net12 5 
M2 3044190 1810200 3035550 1818840
M2 3035550 1818840 2700000 1818840
M2 2700000 1818840 1875000 1817515
M2 1875000 1817515 477184 1817515
M2 477184 1817515 458670 1836030
Net16 5 
M2 3012150 1784280 2999190 1797240
M2 2999190 1797240 2700000 1797240
M2 2700000 1797240 1875000 1799001
M2 1875000 1799001 431284 1799001
M2 431284 1799001 412770 1780487
Net28 5 
M2 3076240 1732440 3069760 1738920
M2 3069760 1738920 2700000 1738920
M2 2700000 1738920 1875000 1738825
M2 1875000 1738825 913422 1738825
M2 913422 1738825 871760 1780487
Net29 5 
M2 3140320 1732440 3127360 1745400
M2 3127360 1745400 2700000 1745400
M2 2700000 1745400 1875000 1752711
M2 1875000 1752711 1358529 1752711
M2 1358529 1752711 1330752 1780487
Net30 5 
M2 3268490 1732440 3249050 1751880
M2 3249050 1751880 2700000 1751880
M2 2700000 1751880 1875000 1766596
M2 1875000 1766596 1528241 1766596
M2 1528241 1766596 1514350 1780487
Net32 5 
M2 3396667 1732440 3383707 1719480
M2 3383707 1719480 2700000 1719480
M2 2700000 1719480 1875000 1697171
M2 1875000 1697171 302838 1697171
M2 302838 1697171 275070 1724940
Net44 5 
M2 2980110 1654680 2967150 1667640
M2 2967150 1667640 2700000 1667640
M2 2700000 1667640 1875000 1641631
M2 1875000 1641631 807728 1641631
M2 807728 1641631 779960 1669400
Net52 5 
M2 3268490 1628760 3255530 1641720
M2 3255530 1641720 2700000 1641720
M2 2700000 1641720 1875000 1595340
M2 1875000 1595340 1211579 1595340
M2 1211579 1595340 1193060 1613860
Net54 5 
M2 3396667 1628760 3388027 1620120
M2 3388027 1620120 2700000 1620120
M2 2700000 1620120 1875000 1576826
M2 1875000 1576826 312103 1576826
M2 312103 1576826 275070 1613860
Net55 5 
M2 2980110 1602840 2971470 1611480
M2 2971470 1611480 2700000 1611480
M2 2700000 1611480 1875000 1539798
M2 1875000 1539798 431284 1539798
M2 431284 1539798 412770 1558312
Net71 5 
M2 3012150 1525080 3003510 1533720
M2 3003510 1533720 2700000 1533720
M2 2700000 1533720 1875000 1474998
M2 1875000 1474998 394641 1474998
M2 394641 1474998 366870 1502770
Net76 5 
M2 3396667 1525080 3379387 1542360
M2 3379387 1542360 2700000 1542360
M2 2700000 1542360 1875000 1521284
M2 1875000 1521284 293584 1521284
M2 293584 1521284 275070 1502770
