Nets 26
Net4 5 
M2 3465080 1853400 3443480 1875000
M2 3443480 1875000 2700000 1875000
M2 2700000 1875000 1875000 1842200
M2 1875000 1842200 1586210 1842200
M2 1586210 1842200 1577570 1850840
Net14 5 
M2 3659940 1810200 3649140 1821000
M2 3649140 1821000 2700000 1821000
M2 2700000 1821000 1875000 1807640
M2 1875000 1807640 1573200 1807640
M2 1573200 1807640 1555920 1824920
Net15 5 
M2 3737880 1810200 3716280 1831800
M2 3716280 1831800 2700000 1831800
M2 2700000 1831800 1875000 1816280
M2 1875000 1816280 1607860 1816280
M2 1607860 1816280 1599220 1824920
Net16 5 
M2 3893762 1810200 3861362 1842600
M2 3861362 1842600 2700000 1842600
M2 2700000 1842600 1875000 1833560
M2 1875000 1833560 1348057 1833560
M2 1348057 1833560 1339417 1824920
Net21 5 
M2 3465080 1767000 3450680 1781400
M2 3450680 1781400 2700000 1781400
M2 2700000 1781400 1875000 1760120
M2 1875000 1760120 1525580 1760120
M2 1525580 1760120 1512620 1773080
Net24 5 
M2 3776850 1767000 3748050 1795800
M2 3748050 1795800 2700000 1795800
M2 2700000 1795800 1875000 1766600
M2 1875000 1766600 1605700 1766600
M2 1605700 1766600 1599220 1773080
Net25 5 
M2 3854790 1767000 3846150 1758360
M2 3846150 1758360 2700000 1758360
M2 2700000 1758360 1875000 1753640
M2 1875000 1753640 1358857 1753640
M2 1358857 1753640 1339417 1773080
Net29 5 
M2 3270227 1723800 3261587 1732440
M2 3261587 1732440 2700000 1732440
M2 2700000 1732440 1875000 1727720
M2 1875000 1727720 1423810 1727720
M2 1423810 1727720 1404370 1747160
Net33 5 
M2 3737880 1723800 3720600 1741080
M2 3720600 1741080 2700000 1741080
M2 2700000 1741080 1875000 1734200
M2 1875000 1734200 1590530 1734200
M2 1590530 1734200 1577570 1747160
Net34 5 
M2 3815820 1723800 3789900 1749720
M2 3789900 1749720 2700000 1749720
M2 2700000 1749720 1875000 1740680
M2 1875000 1740680 1627350 1740680
M2 1627350 1740680 1620870 1747160
Net37 5 
M2 3075370 1680600 3066730 1689240
M2 3066730 1689240 2700000 1689240
M2 2700000 1689240 1875000 1700504
M2 1875000 1700504 1490056 1700504
M2 1490056 1700504 1469320 1721240
Net41 5 
M2 3620970 1680600 3603690 1697880
M2 3603690 1697880 2700000 1697880
M2 2700000 1697880 1875000 1705688
M2 1875000 1705688 1528172 1705688
M2 1528172 1705688 1512620 1721240
Net42 5 
M2 3698910 1680600 3672990 1706520
M2 3672990 1706520 2700000 1706520
M2 2700000 1706520 1875000 1710872
M2 1875000 1710872 1566288 1710872
M2 1566288 1710872 1555920 1721240
Net43 5 
M2 3776850 1680600 3742290 1715160
M2 3742290 1715160 2700000 1715160
M2 2700000 1715160 1875000 1716056
M2 1875000 1716056 1604404 1716056
M2 1604404 1716056 1599220 1721240
Net44 5 
M2 3114340 1637400 3099940 1651800
M2 3099940 1651800 2700000 1651800
M2 2700000 1651800 1875000 1626200
M2 1875000 1626200 1421650 1626200
M2 1421650 1626200 1404370 1643480
Net50 5 
M2 3659940 1637400 3631140 1666200
M2 3631140 1666200 2700000 1666200
M2 2700000 1666200 1875000 1634840
M2 1875000 1634840 1542910 1634840
M2 1542910 1634840 1534270 1643480
Net57 5 
M2 3543020 1594200 3521420 1615800
M2 3521420 1615800 2700000 1615800
M2 2700000 1615800 1875000 1608920
M2 1875000 1608920 1607860 1608920
M2 1607860 1608920 1599220 1617560
Net67 5 
M2 3504050 1551000 3495410 1559640
M2 3495410 1559640 2700000 1559640
M2 2700000 1559640 1875000 1546280
M2 1875000 1546280 1532060 1546280
M2 1532060 1546280 1512620 1565720
Net68 5 
M2 3659940 1551000 3642660 1568280
M2 3642660 1568280 2700000 1568280
M2 2700000 1568280 1875000 1552760
M2 1875000 1552760 1568880 1552760
M2 1568880 1552760 1555920 1565720
Net69 5 
M2 3737880 1551000 3711960 1576920
M2 3711960 1576920 2700000 1576920
M2 2700000 1576920 1875000 1559240
M2 1875000 1559240 1605700 1559240
M2 1605700 1559240 1599220 1565720
Net70 5 
M2 3893762 1551000 3859202 1585560
M2 3859202 1585560 2700000 1585560
M2 2700000 1585560 1875000 1600280
M2 1875000 1600280 1356697 1600280
M2 1356697 1600280 1339417 1617560
Net74 5 
M2 3231252 1507800 3209652 1529400
M2 3209652 1529400 2700000 1529400
M2 2700000 1529400 1875000 1505240
M2 1875000 1505240 1477960 1505240
M2 1477960 1505240 1469320 1513880
Net84 5 
M2 3426110 1464600 3417470 1473240
M2 3417470 1473240 2700000 1473240
M2 2700000 1473240 1875000 1468520
M2 1875000 1468520 1467110 1468520
M2 1467110 1468520 1447670 1487960
Net85 5 
M2 3504050 1464600 3486770 1481880
M2 3486770 1481880 2700000 1481880
M2 2700000 1481880 1875000 1475000
M2 1875000 1475000 1547230 1475000
M2 1547230 1475000 1534270 1487960
Net86 5 
M2 3659940 1464600 3634020 1490520
M2 3634020 1490520 2700000 1490520
M2 2700000 1490520 1875000 1481480
M2 1875000 1481480 1627350 1481480
M2 1627350 1481480 1620870 1487960
Net87 5 
M2 3893762 1464600 3859202 1499160
M2 3859202 1499160 2700000 1499160
M2 2700000 1499160 1875000 1496600
M2 1875000 1496600 1356697 1496600
M2 1356697 1496600 1339417 1513880
