Nets 42
Net0 5 
V1 2997430 1853400 2988790 1862040
V1 2988790 1862040 2700000 1862040
V1 2700000 1862040 1875000 1859480
V1 1875000 1859480 1329850 1859480
V1 1329850 1859480 1312570 1876760
Net1 5 
V1 3153310 1853400 3136030 1870680
V1 3136030 1870680 2700000 1870680
V1 2700000 1870680 1875000 1863800
V1 1875000 1863800 1432917 1863800
V1 1432917 1863800 1419957 1876760
Net2 5 
V1 3231252 1853400 3205332 1879320
V1 3205332 1879320 2700000 1879320
V1 2700000 1879320 1875000 1868120
V1 1875000 1868120 1535980 1868120
V1 1535980 1868120 1527340 1876760
Net3 5 
V1 3387140 1853400 3352580 1887960
V1 3352580 1887960 2700000 1887960
V1 2700000 1887960 1875000 1872440
V1 1875000 1872440 1585360 1872440
V1 1585360 1872440 1581040 1876760
Net6 5 
V1 3854790 1853400 3848618 1847228
V1 3848618 1847228 2700000 1847228
V1 2700000 1847228 1875000 1855160
V1 1875000 1855160 1280472 1855160
V1 1280472 1855160 1258872 1876760
Net7 5 
V1 3036400 1810200 3030227 1816372
V1 3030227 1816372 2700000 1816372
V1 2700000 1816372 1875000 1829240
V1 1875000 1829240 1316890 1829240
V1 1316890 1829240 1312570 1824920
Net8 5 
V1 3114340 1810200 3105700 1801560
V1 3105700 1801560 2700000 1801560
V1 2700000 1801560 1875000 1811960
V1 1875000 1811960 1379220 1811960
V1 1379220 1811960 1366260 1824920
Net9 5 
V1 3192280 1810200 3179936 1822543
V1 3179936 1822543 2700000 1822543
V1 2700000 1822543 1875000 1833560
V1 1875000 1833560 1356697 1833560
V1 1356697 1833560 1339417 1850840
Net10 5 
V1 3270227 1810200 3251712 1828715
V1 3251712 1828715 2700000 1828715
V1 2700000 1828715 1875000 1837880
V1 1875000 1837880 1406070 1837880
V1 1406070 1837880 1393110 1850840
Net11 5 
V1 3348170 1810200 3323483 1834886
V1 3323483 1834886 2700000 1834886
V1 2700000 1834886 1875000 1842200
V1 1875000 1842200 1455440 1842200
V1 1455440 1842200 1446800 1850840
Net12 5 
V1 3504050 1810200 3473192 1841057
V1 3473192 1841057 2700000 1841057
V1 2700000 1841057 1875000 1846520
V1 1875000 1846520 1504817 1846520
V1 1504817 1846520 1500497 1850840
Net17 5 
V1 2997430 1767000 2990230 1759800
V1 2990230 1759800 2700000 1759800
V1 2700000 1759800 1875000 1778264
V1 1875000 1778264 1360153 1778264
V1 1360153 1778264 1339417 1799000
Net18 5 
V1 3075370 1767000 3066730 1775640
V1 3066730 1775640 2700000 1775640
V1 2700000 1775640 1875000 1783448
V1 1875000 1783448 1408662 1783448
V1 1408662 1783448 1393110 1799000
Net19 5 
V1 3231252 1767000 3213972 1784280
V1 3213972 1784280 2700000 1784280
V1 2700000 1784280 1875000 1788632
V1 1875000 1788632 1457168 1788632
V1 1457168 1788632 1446800 1799000
Net20 5 
V1 3387140 1767000 3361220 1792920
V1 3361220 1792920 2700000 1792920
V1 2700000 1792920 1875000 1793816
V1 1875000 1793816 1505681 1793816
V1 1505681 1793816 1500497 1799000
Net22 5 
V1 3543020 1767000 3528620 1752600
V1 3528620 1752600 2700000 1752600
V1 2700000 1752600 1875000 1764440
V1 1875000 1764440 1535980 1764440
V1 1535980 1764440 1527340 1773080
Net26 5 
V1 3036400 1723800 3025600 1713000
V1 3025600 1713000 2700000 1713000
V1 2700000 1713000 1875000 1703960
V1 1875000 1703960 1329850 1703960
V1 1329850 1703960 1312570 1721240
Net27 5 
V1 3114340 1723800 3107140 1731000
V1 3107140 1731000 2700000 1731000
V1 2700000 1731000 1875000 1712600
V1 1875000 1712600 1374900 1712600
V1 1374900 1712600 1366260 1721240
Net28 5 
V1 3192280 1723800 3177880 1738200
V1 3177880 1738200 2700000 1738200
V1 2700000 1738200 1875000 1734200
V1 1875000 1734200 1406070 1734200
V1 1406070 1734200 1393110 1747160
Net30 5 
V1 3426110 1723800 3404510 1745400
V1 3404510 1745400 2700000 1745400
V1 2700000 1745400 1875000 1755800
V1 1875000 1755800 1329850 1755800
V1 1329850 1755800 1312570 1773080
Net36 5 
V1 2997430 1680600 2990230 1673400
V1 2990230 1673400 2700000 1673400
V1 2700000 1673400 1875000 1675880
V1 1875000 1675880 1358857 1675880
V1 1358857 1675880 1339417 1695320
Net39 5 
V1 3387140 1680600 3376340 1691400
V1 3376340 1691400 2700000 1691400
V1 2700000 1691400 1875000 1682360
V1 1875000 1682360 1513457 1682360
V1 1513457 1682360 1500497 1695320
Net40 5 
V1 3543020 1680600 3521420 1702200
V1 3521420 1702200 2700000 1702200
V1 2700000 1702200 1875000 1688840
V1 1875000 1688840 1614360 1688840
V1 1614360 1688840 1607880 1695320
Net45 5 
V1 3192280 1637400 3185080 1644600
V1 3185080 1644600 2700000 1644600
V1 2700000 1644600 1875000 1626200
V1 1875000 1626200 1410390 1626200
V1 1410390 1626200 1393110 1643480
Net46 5 
V1 3270227 1637400 3255827 1651800
V1 3255827 1651800 2700000 1651800
V1 2700000 1651800 1875000 1634840
V1 1875000 1634840 1455440 1634840
V1 1455440 1634840 1446800 1643480
Net47 5 
V1 3348170 1637400 3326570 1659000
V1 3326570 1659000 2700000 1659000
V1 2700000 1659000 1875000 1652120
V1 1875000 1652120 1329850 1652120
V1 1329850 1652120 1312570 1669400
Net51 5 
V1 3815820 1637400 3787020 1666200
V1 3787020 1666200 2700000 1666200
V1 2700000 1666200 1875000 1660760
V1 1875000 1660760 1589680 1660760
V1 1589680 1660760 1581040 1669400
Net52 5 
V1 2997430 1594200 2988790 1602840
V1 2988790 1602840 2700000 1602840
V1 2700000 1602840 1875000 1596824
V1 1875000 1596824 1333306 1596824
V1 1333306 1596824 1312570 1617560
Net53 5 
V1 3075370 1594200 3058090 1611480
V1 3058090 1611480 2700000 1611480
V1 2700000 1611480 1875000 1602008
V1 1875000 1602008 1381812 1602008
V1 1381812 1602008 1366260 1617560
Net54 5 
V1 3231252 1594200 3205332 1620120
V1 3205332 1620120 2700000 1620120
V1 2700000 1620120 1875000 1607192
V1 1875000 1607192 1484018 1607192
V1 1484018 1607192 1473650 1617560
Net56 5 
V1 3465080 1594200 3454280 1583400
V1 3454280 1583400 2700000 1583400
V1 2700000 1583400 1875000 1578680
V1 1875000 1578680 1620840 1578680
V1 1620840 1578680 1607880 1591640
Net58 5 
V1 3620970 1594200 3586410 1628760
V1 3586410 1628760 2700000 1628760
V1 2700000 1628760 1875000 1612376
V1 1875000 1612376 1532524 1612376
V1 1532524 1612376 1527340 1617560
Net63 5 
V1 3192280 1551000 3181480 1561800
V1 3181480 1561800 2700000 1561800
V1 2700000 1561800 1875000 1552760
V1 1875000 1552760 1325530 1552760
V1 1325530 1552760 1312570 1565720
Net66 5 
V1 3426110 1551000 3404510 1572600
V1 3404510 1572600 2700000 1572600
V1 2700000 1572600 1875000 1559240
V1 1875000 1559240 1372740 1559240
V1 1372740 1559240 1366260 1565720
Net75 5 
V1 3387140 1507800 3380967 1513972
V1 3380967 1513972 2700000 1513972
V1 2700000 1513972 1875000 1500920
V1 1875000 1500920 1486610 1500920
V1 1486610 1500920 1473650 1513880
Net76 5 
V1 3543020 1507800 3530676 1520143
V1 3530676 1520143 2700000 1520143
V1 2700000 1520143 1875000 1505240
V1 1875000 1505240 1535980 1505240
V1 1535980 1505240 1527340 1513880
Net77 5 
V1 3620970 1507800 3602455 1526315
V1 3602455 1526315 2700000 1526315
V1 2700000 1526315 1875000 1509560
V1 1875000 1509560 1585360 1509560
V1 1585360 1509560 1581040 1513880
Net78 5 
V1 3698910 1507800 3674223 1532486
V1 3674223 1532486 2700000 1532486
V1 2700000 1532486 1875000 1522520
V1 1875000 1522520 1571470 1522520
V1 1571470 1522520 1554190 1539800
Net79 5 
V1 3776850 1507800 3745992 1538657
V1 3745992 1538657 2700000 1538657
V1 2700000 1538657 1875000 1531160
V1 1875000 1531160 1616520 1531160
V1 1616520 1531160 1607880 1539800
Net80 5 
V1 3854790 1507800 3817761 1544828
V1 3817761 1544828 2700000 1544828
V1 2700000 1544828 1875000 1546280
V1 1875000 1546280 1278312 1546280
V1 1278312 1546280 1258872 1565720
Net81 5 
V1 3036400 1464600 3022000 1479000
V1 3022000 1479000 2700000 1479000
V1 2700000 1479000 1875000 1492280
V1 1875000 1492280 1334170 1492280
V1 1334170 1492280 1312570 1513880
Net82 5 
V1 3192280 1464600 3163480 1493400
V1 3163480 1493400 2700000 1493400
V1 2700000 1493400 1875000 1496600
V1 1875000 1496600 1383540 1496600
V1 1383540 1496600 1366260 1513880
