Nets 32
Net0 5 
V1 2967120 1862040 2961936 1867224
V1 2961936 1867224 2700000 1867224
V1 2700000 1867224 1875000 1854544
V1 1875000 1854544 449796 1854544
V1 449796 1854544 412770 1891570
Net1 5 
V1 3074502 1862040 3064134 1872408
V1 3064134 1872408 2700000 1872408
V1 2700000 1872408 1875000 1863801
V1 1875000 1863801 624136 1863801
V1 624136 1863801 596367 1891570
Net2 5 
V1 3181890 1862040 3166338 1877592
V1 3166338 1877592 2700000 1877592
V1 2700000 1877592 1875000 1873058
V1 1875000 1873058 706674 1873058
V1 706674 1873058 688162 1891570
Net3 5 
V1 3235582 1862040 3214846 1882776
V1 3214846 1882776 2700000 1882776
V1 2700000 1882776 1875000 1882315
V1 1875000 1882315 881015 1882315
V1 881015 1882315 871760 1891570
Net4 5 
V1 2993960 1836120 2988776 1841304
V1 2988776 1841304 2700000 1841304
V1 2700000 1841304 1875000 1802704
V1 1875000 1802704 583793 1802704
V1 583793 1802704 550467 1836030
Net5 5 
V1 3047660 1836120 3037292 1846488
V1 3037292 1846488 2700000 1846488
V1 2700000 1846488 1875000 1813813
V1 1875000 1813813 664479 1813813
V1 664479 1813813 642262 1836030
Net6 5 
V1 3101350 1836120 3085798 1851672
V1 3085798 1851672 2700000 1851672
V1 2700000 1851672 1875000 1824921
V1 1875000 1824921 745168 1824921
V1 745168 1824921 734060 1836030
Net7 5 
V1 3155042 1836120 3134306 1856856
V1 3134306 1856856 2700000 1856856
V1 2700000 1856856 1875000 1845287
V1 1875000 1845287 835117 1845287
V1 835117 1845287 825860 1836030
Net11 5 
V1 2967120 1810200 2960640 1803720
V1 2960640 1803720 2700000 1803720
V1 2700000 1803720 1875000 1791596
V1 1875000 1791596 411304 1791596
V1 411304 1791596 366870 1836030
Net17 5 
V1 3047660 1784280 3041180 1790760
V1 3041180 1790760 2700000 1790760
V1 2700000 1790760 1875000 1761968
V1 1875000 1761968 523089 1761968
V1 523089 1761968 504570 1780487
Net18 5 
V1 3101350 1784280 3088390 1797240
V1 3088390 1797240 2700000 1797240
V1 2700000 1797240 1875000 1771225
V1 1875000 1771225 697425 1771225
V1 697425 1771225 688162 1780487
Net33 5 
V1 2967120 1706520 2954160 1719480
V1 2954160 1719480 2700000 1719480
V1 2700000 1719480 1875000 1752711
V1 1875000 1752711 394641 1752711
V1 394641 1752711 366870 1724940
Net36 5 
V1 3128200 1706520 3123880 1702200
V1 3123880 1702200 2700000 1702200
V1 2700000 1702200 1875000 1743454
V1 1875000 1743454 1211574 1743454
V1 1211574 1743454 1193060 1724940
Net37 5 
V1 3181890 1706520 3173250 1697880
V1 3173250 1697880 2700000 1697880
V1 2700000 1697880 1875000 1734197
V1 1875000 1734197 1385909 1734197
V1 1385909 1734197 1376652 1724940
Net38 5 
V1 3235582 1706520 3222622 1693560
V1 3222622 1693560 2700000 1693560
V1 2700000 1693560 1875000 1713834
V1 1875000 1713834 1479556 1713834
V1 1479556 1713834 1468450 1724940
Net40 5 
V1 3101350 1680600 3096166 1675416
V1 3096166 1675416 2700000 1675416
V1 2700000 1675416 1875000 1680508
V1 1875000 1680508 870291 1680508
V1 870291 1680508 825860 1724940
Net41 5 
V1 3155042 1680600 3150722 1684920
V1 3150722 1684920 2700000 1684920
V1 2700000 1684920 1875000 1691617
V1 1875000 1691617 950983 1691617
V1 950983 1691617 917660 1724940
Net42 5 
V1 3262430 1680600 3253790 1689240
V1 3253790 1689240 2700000 1689240
V1 2700000 1689240 1875000 1702725
V1 1875000 1702725 1123474 1702725
V1 1123474 1702725 1101260 1724940
Net45 5 
V1 3074502 1654680 3069318 1659864
V1 3069318 1659864 2700000 1659864
V1 2700000 1659864 1875000 1648573
V1 1875000 1648573 984386 1648573
V1 984386 1648573 963560 1669400
Net46 5 
V1 3128200 1654680 3117832 1665048
V1 3117832 1665048 2700000 1665048
V1 2700000 1665048 1875000 1655516
V1 1875000 1655516 1069243 1655516
V1 1069243 1655516 1055360 1669400
Net47 5 
V1 3235582 1654680 3220030 1670232
V1 3220030 1670232 2700000 1670232
V1 2700000 1670232 1875000 1662459
V1 1875000 1662459 1337693 1662459
V1 1337693 1662459 1330752 1669400
Net48 5 
V1 2993960 1628760 2987480 1635240
V1 2987480 1635240 2700000 1635240
V1 2700000 1635240 1875000 1627745
V1 1875000 1627745 454424 1627745
V1 454424 1627745 412770 1669400
Net49 5 
V1 3047660 1628760 3034700 1641720
V1 3034700 1641720 2700000 1641720
V1 2700000 1641720 1875000 1634688
V1 1875000 1634688 539281 1634688
V1 539281 1634688 504570 1669400
Net50 5 
V1 3101350 1628760 3081910 1648200
V1 3081910 1648200 2700000 1648200
V1 2700000 1648200 1875000 1641631
V1 1875000 1641631 715931 1641631
V1 715931 1641631 688162 1669400
Net56 5 
V1 3020810 1602840 3015626 1608024
V1 3015626 1608024 2700000 1608024
V1 2700000 1608024 1875000 1580529
V1 1875000 1580529 400200 1580529
V1 400200 1580529 366870 1613860
Net57 5 
V1 3128200 1602840 3117832 1613208
V1 3117832 1613208 2700000 1613208
V1 2700000 1613208 1875000 1591638
V1 1875000 1591638 572689 1591638
V1 572689 1591638 550467 1613860
Net58 5 
V1 3181890 1602840 3166338 1618392
V1 3166338 1618392 2700000 1618392
V1 2700000 1618392 1875000 1602746
V1 1875000 1602746 1112373 1602746
V1 1112373 1602746 1101260 1613860
Net59 5 
V1 3235582 1602840 3214846 1623576
V1 3214846 1623576 2700000 1623576
V1 2700000 1623576 1875000 1620802
V1 1875000 1620802 924602 1620802
V1 924602 1620802 917660 1613860
Net60 5 
V1 2993960 1576920 2981000 1589880
V1 2981000 1589880 2700000 1589880
V1 2700000 1589880 1875000 1569421
V1 1875000 1569421 515678 1569421
V1 515678 1569421 504570 1558312
Net72 5 
V1 3047660 1525080 3041180 1531560
V1 3041180 1531560 2700000 1531560
V1 2700000 1531560 1875000 1465741
V1 1875000 1465741 495698 1465741
V1 495698 1465741 458670 1502770
Net73 5 
V1 3101350 1525080 3088390 1538040
V1 3088390 1538040 2700000 1538040
V1 2700000 1538040 1875000 1484255
V1 1875000 1484255 568982 1484255
V1 568982 1484255 550467 1502770
Net74 5 
V1 3208740 1525080 3189300 1544520
V1 3189300 1544520 2700000 1544520
V1 2700000 1544520 1875000 1530541
V1 1875000 1530541 1450321 1530541
V1 1450321 1530541 1422550 1558312
