Nets 37
Net0 5 
V1 3019080 1847230 3013525 1852784
V1 3013525 1852784 2700000 1852784
V1 2700000 1852784 1875000 1849915
V1 1875000 1849915 454424 1849915
V1 454424 1849915 412770 1891570
Net1 5 
V1 3209602 1847230 3198494 1858338
V1 3198494 1858338 2700000 1858338
V1 2700000 1858338 1875000 1854544
V1 1875000 1854544 633393 1854544
V1 633393 1854544 596367 1891570
Net2 5 
V1 3304870 1847230 3288207 1863892
V1 3288207 1863892 2700000 1863892
V1 2700000 1863892 1875000 1859172
V1 1875000 1859172 720560 1859172
V1 720560 1859172 688162 1891570
Net3 5 
V1 3495390 1847230 3473173 1869447
V1 3473173 1869447 2700000 1869447
V1 2700000 1869447 1875000 1863801
V1 1875000 1863801 899529 1863801
V1 899529 1863801 871760 1891570
Net4 5 
V1 3781180 1847230 3753408 1875001
V1 3753408 1875001 2700000 1875001
V1 2700000 1875001 1875000 1868429
V1 1875000 1868429 986700 1868429
V1 986700 1868429 963560 1891570
Net5 5 
V1 3876440 1847230 3843114 1880555
V1 3843114 1880555 2700000 1880555
V1 2700000 1880555 1875000 1873058
V1 1875000 1873058 1165672 1873058
V1 1165672 1873058 1147160 1891570
Net6 5 
V1 4066970 1847230 4028090 1886109
V1 4028090 1886109 2700000 1886109
V1 2700000 1886109 1875000 1877686
V1 1875000 1877686 1252843 1877686
V1 1252843 1877686 1238960 1891570
Net7 5 
V1 4162230 1847230 4117796 1891664
V1 4117796 1891664 2700000 1891664
V1 2700000 1891664 1875000 1882315
V1 1875000 1882315 1431805 1882315
V1 1431805 1882315 1422550 1891570
Net8 5 
V1 4257492 1847230 4207504 1897218
V1 4207504 1897218 2700000 1897218
V1 2700000 1897218 1875000 1886943
V1 1875000 1886943 1518976 1886943
V1 1518976 1886943 1514350 1891570
Net10 5 
V1 3066710 1791687 3048195 1810202
V1 3048195 1810202 2700000 1810202
V1 2700000 1810202 1875000 1840658
V1 1875000 1840658 371498 1840658
V1 371498 1840658 366870 1836030
Net11 5 
V1 3161970 1791687 3143456 1773173
V1 3143456 1773173 2700000 1773173
V1 2700000 1773173 1875000 1817515
V1 1875000 1817515 477184 1817515
V1 477184 1817515 458670 1836030
Net22 5 
V1 4305130 1791687 4268101 1828716
V1 4268101 1828716 2700000 1828716
V1 2700000 1828716 1875000 1845287
V1 1875000 1845287 284327 1845287
V1 284327 1845287 275070 1836030
Net23 5 
V1 3114340 1736140 3103231 1725031
V1 3103231 1725031 2700000 1725031
V1 2700000 1725031 1875000 1769374
V1 1875000 1769374 423883 1769374
V1 423883 1769374 412770 1780487
Net24 5 
V1 3209602 1736140 3191083 1754659
V1 3191083 1754659 2700000 1754659
V1 2700000 1754659 1875000 1799001
V1 1875000 1799001 523084 1799001
V1 523084 1799001 504570 1780487
Net33 5 
V1 4352760 1736140 4330543 1713923
V1 4330543 1713923 2700000 1713923
V1 2700000 1713923 1875000 1758265
V1 1875000 1758265 343192 1758265
V1 343192 1758265 320970 1780487
Net34 5 
V1 3066710 1680600 3055604 1691706
V1 3055604 1691706 2700000 1691706
V1 2700000 1691706 1875000 1736048
V1 1875000 1736048 377978 1736048
V1 377978 1736048 366870 1724940
Net35 5 
V1 3257237 1680600 3238723 1662086
V1 3238723 1662086 2700000 1662086
V1 2700000 1662086 1875000 1706428
V1 1875000 1706428 568979 1706428
V1 568979 1706428 550467 1724940
Net43 5 
V1 4305130 1680600 4282915 1702814
V1 4282915 1702814 2700000 1702814
V1 2700000 1702814 1875000 1747157
V1 1875000 1747157 297287 1747157
V1 297287 1747157 275070 1724940
Net44 5 
V1 3114340 1625060 3103231 1613951
V1 3103231 1613951 2700000 1613951
V1 2700000 1613951 1875000 1658294
V1 1875000 1658294 423876 1658294
V1 423876 1658294 412770 1669400
Net45 5 
V1 3209602 1625060 3191090 1643572
V1 3191090 1643572 2700000 1643572
V1 2700000 1643572 1875000 1687914
V1 1875000 1687914 523084 1687914
V1 523084 1687914 504570 1669400
Net53 5 
V1 4352760 1625060 4330543 1602843
V1 4330543 1602843 2700000 1602843
V1 2700000 1602843 1875000 1647185
V1 1875000 1647185 343184 1647185
V1 343184 1647185 320970 1669400
Net54 5 
V1 3066710 1569512 3055596 1580626
V1 3055596 1580626 2700000 1580626
V1 2700000 1580626 1875000 1624968
V1 1875000 1624968 377978 1624968
V1 377978 1624968 366870 1613860
Net55 5 
V1 3257237 1569512 3252965 1565240
V1 3252965 1565240 2700000 1565240
V1 2700000 1565240 1875000 1595340
V1 1875000 1595340 568987 1595340
V1 568987 1595340 550467 1613860
Net64 5 
V1 4305130 1569512 4282908 1591734
V1 4282908 1591734 2700000 1591734
V1 2700000 1591734 1875000 1636077
V1 1875000 1636077 297287 1636077
V1 297287 1636077 275070 1613860
Net66 5 
V1 3114340 1513970 3095826 1495456
V1 3095826 1495456 2700000 1495456
V1 2700000 1495456 1875000 1511315
V1 1875000 1511315 551567 1511315
V1 551567 1511315 504570 1558312
Net67 5 
V1 3209602 1513970 3205330 1518242
V1 3205330 1518242 2700000 1518242
V1 2700000 1518242 1875000 1515587
V1 1875000 1515587 639092 1515587
V1 639092 1515587 596367 1558312
Net68 5 
V1 3304870 1513970 3296325 1522515
V1 3296325 1522515 2700000 1522515
V1 2700000 1522515 1875000 1519860
V1 1875000 1519860 726615 1519860
V1 726615 1519860 688162 1558312
Net69 5 
V1 3400130 1513970 3387312 1526787
V1 3387312 1526787 2700000 1526787
V1 2700000 1526787 1875000 1524132
V1 1875000 1524132 814140 1524132
V1 814140 1524132 779960 1558312
Net70 5 
V1 3495390 1513970 3478300 1531060
V1 3478300 1531060 2700000 1531060
V1 2700000 1531060 1875000 1528405
V1 1875000 1528405 901667 1528405
V1 901667 1528405 871760 1558312
Net71 5 
V1 3781180 1513970 3759817 1535332
V1 3759817 1535332 2700000 1535332
V1 2700000 1535332 1875000 1532677
V1 1875000 1532677 989195 1532677
V1 989195 1532677 963560 1558312
Net72 5 
V1 3876440 1513970 3850805 1539605
V1 3850805 1539605 2700000 1539605
V1 2700000 1539605 1875000 1536950
V1 1875000 1536950 1076722 1536950
V1 1076722 1536950 1055360 1558312
Net73 5 
V1 3971710 1513970 3941802 1543877
V1 3941802 1543877 2700000 1543877
V1 2700000 1543877 1875000 1541222
V1 1875000 1541222 1164250 1541222
V1 1164250 1541222 1147160 1558312
Net74 5 
V1 4066970 1513970 4032790 1548150
V1 4032790 1548150 2700000 1548150
V1 2700000 1548150 1875000 1545495
V1 1875000 1545495 1251777 1545495
V1 1251777 1545495 1238960 1558312
Net75 5 
V1 4162230 1513970 4123777 1552422
V1 4123777 1552422 2700000 1552422
V1 2700000 1552422 1875000 1549767
V1 1875000 1549767 1431095 1549767
V1 1431095 1549767 1422550 1558312
Net76 5 
V1 4257492 1513970 4214767 1556695
V1 4214767 1556695 2700000 1556695
V1 2700000 1556695 1875000 1554040
V1 1875000 1554040 1518622 1554040
V1 1518622 1554040 1514350 1558312
Net77 5 
V1 4352760 1513970 4305762 1560967
V1 4305762 1560967 2700000 1560967
V1 2700000 1560967 1875000 1576826
V1 1875000 1576826 339484 1576826
V1 339484 1576826 320970 1558312
Net79 5 
V1 3161970 1458430 3143458 1476942
V1 3143458 1476942 2700000 1476942
V1 2700000 1476942 1875000 1507042
V1 1875000 1507042 462942 1507042
V1 462942 1507042 458670 1502770
