Nets 48
Net6 5 
M2 3706270 1853400 3684670 1875000
M2 3684670 1875000 2700000 1875000
M2 2700000 1875000 1875000 1863800
M2 1875000 1863800 857420 1863800
M2 857420 1863800 835820 1885400
Net9 5 
M2 3146820 1810200 3141420 1815600
M2 3141420 1815600 2700000 1815600
M2 2700000 1815600 1875000 1804400
M2 1875000 1804400 1103982 1804400
M2 1103982 1804400 1066182 1842200
Net10 5 
M2 3212637 1810200 3201837 1821000
M2 3201837 1821000 2700000 1821000
M2 2700000 1821000 1875000 1809800
M2 1875000 1809800 1164400 1809800
M2 1164400 1809800 1132000 1842200
Net11 5 
M2 3278450 1810200 3262250 1826400
M2 3262250 1826400 2700000 1826400
M2 2700000 1826400 1875000 1815200
M2 1875000 1815200 1290640 1815200
M2 1290640 1815200 1263640 1842200
Net12 5 
M2 3410090 1810200 3388490 1831800
M2 3388490 1831800 2700000 1831800
M2 2700000 1831800 1875000 1820600
M2 1875000 1820600 1416870 1820600
M2 1416870 1820600 1395270 1842200
Net13 5 
M2 3475910 1810200 3448910 1837200
M2 3448910 1837200 2700000 1837200
M2 2700000 1837200 1875000 1826000
M2 1875000 1826000 1477290 1826000
M2 1477290 1826000 1461090 1842200
Net14 5 
M2 3541722 1810200 3509322 1842600
M2 3509322 1842600 2700000 1842600
M2 2700000 1842600 1875000 1831400
M2 1875000 1831400 1537710 1831400
M2 1537710 1831400 1526910 1842200
Net15 5 
M2 3607540 1810200 3569740 1848000
M2 3569740 1848000 2700000 1848000
M2 2700000 1848000 1875000 1836800
M2 1875000 1836800 1598130 1836800
M2 1598130 1836800 1592730 1842200
Net19 5 
M2 3179730 1767000 3173557 1773172
M2 3173557 1773172 2700000 1773172
M2 2700000 1773172 1875000 1761971
M2 1875000 1761971 1201938 1761971
M2 1201938 1761971 1164910 1799000
Net20 5 
M2 3311360 1767000 3299016 1779343
M2 3299016 1779343 2700000 1779343
M2 2700000 1779343 1875000 1768142
M2 1875000 1768142 1261587 1768142
M2 1261587 1768142 1230730 1799000
Net21 5 
M2 3377180 1767000 3358665 1785515
M2 3358665 1785515 2700000 1785515
M2 2700000 1785515 1875000 1774313
M2 1875000 1774313 1321236 1774313
M2 1321236 1774313 1296550 1799000
Net22 5 
M2 3443000 1767000 3418313 1791686
M2 3418313 1791686 2700000 1791686
M2 2700000 1791686 1875000 1780485
M2 1875000 1780485 1380877 1780485
M2 1380877 1780485 1362362 1799000
Net23 5 
M2 3574630 1767000 3543772 1797857
M2 3543772 1797857 2700000 1797857
M2 2700000 1797857 1875000 1786656
M2 1875000 1786656 1440523 1786656
M2 1440523 1786656 1428180 1799000
Net24 5 
M2 3640450 1767000 3603421 1804028
M2 3603421 1804028 2700000 1804028
M2 2700000 1804028 1875000 1792827
M2 1875000 1792827 1565992 1792827
M2 1565992 1792827 1559820 1799000
Net28 5 
M2 3146820 1723800 3141420 1729200
M2 3141420 1729200 2700000 1729200
M2 2700000 1729200 1875000 1718000
M2 1875000 1718000 1103982 1718000
M2 1103982 1718000 1066182 1755800
Net29 5 
M2 3212637 1723800 3201837 1734600
M2 3201837 1734600 2700000 1734600
M2 2700000 1734600 1875000 1723400
M2 1875000 1723400 1164400 1723400
M2 1164400 1723400 1132000 1755800
Net30 5 
M2 3344270 1723800 3328070 1740000
M2 3328070 1740000 2700000 1740000
M2 2700000 1740000 1875000 1728800
M2 1875000 1728800 1224820 1728800
M2 1224820 1728800 1197820 1755800
Net31 5 
M2 3410090 1723800 3388490 1745400
M2 3388490 1745400 2700000 1745400
M2 2700000 1745400 1875000 1734200
M2 1875000 1734200 1285240 1734200
M2 1285240 1734200 1263640 1755800
Net32 5 
M2 3475910 1723800 3448910 1750800
M2 3448910 1750800 2700000 1750800
M2 2700000 1750800 1875000 1739600
M2 1875000 1739600 1411470 1739600
M2 1411470 1739600 1395270 1755800
Net33 5 
M2 3607540 1723800 3575140 1756200
M2 3575140 1756200 2700000 1756200
M2 2700000 1756200 1875000 1745000
M2 1875000 1745000 1537710 1745000
M2 1537710 1745000 1526910 1755800
Net34 5 
M2 3673360 1723800 3635560 1761600
M2 3635560 1761600 2700000 1761600
M2 2700000 1761600 1875000 1750400
M2 1875000 1750400 1598130 1750400
M2 1598130 1750400 1592730 1755800
Net38 5 
M2 3179730 1680600 3173557 1686772
M2 3173557 1686772 2700000 1686772
M2 2700000 1686772 1875000 1675571
M2 1875000 1675571 1136118 1675571
M2 1136118 1675571 1099090 1712600
Net39 5 
M2 3311360 1680600 3299016 1692943
M2 3299016 1692943 2700000 1692943
M2 2700000 1692943 1875000 1681742
M2 1875000 1681742 1195767 1681742
M2 1195767 1681742 1164910 1712600
Net40 5 
M2 3443000 1680600 3424485 1699115
M2 3424485 1699115 2700000 1699115
M2 2700000 1699115 1875000 1687913
M2 1875000 1687913 1321236 1687913
M2 1321236 1687913 1296550 1712600
Net41 5 
M2 3508817 1680600 3484131 1705286
M2 3484131 1705286 2700000 1705286
M2 2700000 1705286 1875000 1694085
M2 1875000 1694085 1380877 1694085
M2 1380877 1694085 1362362 1712600
Net42 5 
M2 3574630 1680600 3543772 1711457
M2 3543772 1711457 2700000 1711457
M2 2700000 1711457 1875000 1700256
M2 1875000 1700256 1440523 1700256
M2 1440523 1700256 1428180 1712600
Net43 5 
M2 3640450 1680600 3603421 1717628
M2 3603421 1717628 2700000 1717628
M2 2700000 1717628 1875000 1706427
M2 1875000 1706427 1500172 1706427
M2 1500172 1706427 1494000 1712600
Net55 5 
M2 3311360 1594200 3300560 1605000
M2 3300560 1605000 2700000 1605000
M2 2700000 1605000 1875000 1597400
M2 1875000 1597400 1193710 1597400
M2 1193710 1597400 1164910 1626200
Net56 5 
M2 3377180 1594200 3355580 1615800
M2 3355580 1615800 2700000 1615800
M2 2700000 1615800 1875000 1611800
M2 1875000 1611800 1245130 1611800
M2 1245130 1611800 1230730 1626200
Net61 5 
M2 3706270 1594200 3673870 1626600
M2 3673870 1626600 2700000 1626600
M2 2700000 1626600 1875000 1647800
M2 1875000 1647800 857420 1647800
M2 857420 1647800 835820 1626200
Net64 5 
M2 3212637 1551000 3206465 1557172
M2 3206465 1557172 2700000 1557172
M2 2700000 1557172 1875000 1545971
M2 1875000 1545971 1169028 1545971
M2 1169028 1545971 1132000 1583000
Net65 5 
M2 3278450 1551000 3266106 1563343
M2 3266106 1563343 2700000 1563343
M2 2700000 1563343 1875000 1552142
M2 1875000 1552142 1228677 1552142
M2 1228677 1552142 1197820 1583000
Net66 5 
M2 3344270 1551000 3325755 1569515
M2 3325755 1569515 2700000 1569515
M2 2700000 1569515 1875000 1558313
M2 1875000 1558313 1288326 1558313
M2 1288326 1558313 1263640 1583000
Net67 5 
M2 3410090 1551000 3385403 1575686
M2 3385403 1575686 2700000 1575686
M2 2700000 1575686 1875000 1564485
M2 1875000 1564485 1413785 1564485
M2 1413785 1564485 1395270 1583000
Net68 5 
M2 3541722 1551000 3510865 1581857
M2 3510865 1581857 2700000 1581857
M2 2700000 1581857 1875000 1570656
M2 1875000 1570656 1539253 1570656
M2 1539253 1570656 1526910 1583000
Net69 5 
M2 3607540 1551000 3570511 1588028
M2 3570511 1588028 2700000 1588028
M2 2700000 1588028 1875000 1576827
M2 1875000 1576827 1598902 1576827
M2 1598902 1576827 1592730 1583000
Net73 5 
M2 3113910 1507800 3108510 1513200
M2 3108510 1513200 2700000 1513200
M2 2700000 1513200 1875000 1502000
M2 1875000 1502000 1136890 1502000
M2 1136890 1502000 1099090 1539800
Net74 5 
M2 3179730 1507800 3168930 1518600
M2 3168930 1518600 2700000 1518600
M2 2700000 1518600 1875000 1507400
M2 1875000 1507400 1197310 1507400
M2 1197310 1507400 1164910 1539800
Net75 5 
M2 3311360 1507800 3295160 1524000
M2 3295160 1524000 2700000 1524000
M2 2700000 1524000 1875000 1512800
M2 1875000 1512800 1323550 1512800
M2 1323550 1512800 1296550 1539800
Net76 5 
M2 3443000 1507800 3421400 1529400
M2 3421400 1529400 2700000 1529400
M2 2700000 1529400 1875000 1518200
M2 1875000 1518200 1383962 1518200
M2 1383962 1518200 1362362 1539800
Net77 5 
M2 3508817 1507800 3481817 1534800
M2 3481817 1534800 2700000 1534800
M2 2700000 1534800 1875000 1523600
M2 1875000 1523600 1444380 1523600
M2 1444380 1523600 1428180 1539800
Net78 5 
M2 3574630 1507800 3542230 1540200
M2 3542230 1540200 2700000 1540200
M2 2700000 1540200 1875000 1529000
M2 1875000 1529000 1504800 1529000
M2 1504800 1529000 1494000 1539800
Net79 5 
M2 3640450 1507800 3602650 1545600
M2 3602650 1545600 2700000 1545600
M2 2700000 1545600 1875000 1534400
M2 1875000 1534400 1565220 1534400
M2 1565220 1534400 1559820 1539800
Net82 5 
M2 3146820 1464600 3139620 1471800
M2 3139620 1471800 2700000 1471800
M2 2700000 1471800 1875000 1460600
M2 1875000 1460600 1233820 1460600
M2 1233820 1460600 1197820 1496600
Net83 5 
M2 3212637 1464600 3198237 1479000
M2 3198237 1479000 2700000 1479000
M2 2700000 1479000 1875000 1467800
M2 1875000 1467800 1292440 1467800
M2 1292440 1467800 1263640 1496600
Net84 5 
M2 3344270 1464600 3322670 1486200
M2 3322670 1486200 2700000 1486200
M2 2700000 1486200 1875000 1475000
M2 1875000 1475000 1416870 1475000
M2 1416870 1475000 1395270 1496600
Net85 5 
M2 3410090 1464600 3381290 1493400
M2 3381290 1493400 2700000 1493400
M2 2700000 1493400 1875000 1482200
M2 1875000 1482200 1475490 1482200
M2 1475490 1482200 1461090 1496600
Net86 5 
M2 3541722 1464600 3505722 1500600
M2 3505722 1500600 2700000 1500600
M2 2700000 1500600 1875000 1489400
M2 1875000 1489400 1599930 1489400
M2 1599930 1489400 1592730 1496600
