Nets 26
Net13 5 
V2 3084030 1810200 3077550 1816680
V2 3077550 1816680 2700000 1816680
V2 2700000 1816680 1875000 1858247
V2 1875000 1858247 1255823 1858247
V2 1255823 1858247 1222500 1891570
Net14 5 
V2 3127330 1810200 3114370 1823160
V2 3114370 1823160 2700000 1823160
V2 2700000 1823160 1875000 1869355
V2 1875000 1869355 1435244 1869355
V2 1435244 1869355 1413030 1891570
Net15 5 
V2 3213932 1810200 3194492 1829640
V2 3194492 1829640 2700000 1829640
V2 2700000 1829640 1875000 1880464
V2 1875000 1880464 1519396 1880464
V2 1519396 1880464 1508290 1891570
Net19 5 
V2 3148980 1784280 3142500 1790760
V2 3142500 1790760 2700000 1790760
V2 2700000 1790760 1875000 1799001
V2 1875000 1799001 1116638 1799001
V2 1116638 1799001 1079610 1836030
Net20 5 
V2 3192280 1784280 3179320 1797240
V2 3179320 1797240 2700000 1797240
V2 2700000 1797240 1875000 1817515
V2 1875000 1817515 1383912 1817515
V2 1383912 1817515 1365397 1836030
Net21 5 
V2 3235582 1784280 3216142 1803720
V2 3216142 1803720 2700000 1803720
V2 2700000 1803720 1875000 1847138
V2 1875000 1847138 314301 1847138
V2 314301 1847138 269870 1891570
Net22 5 
V2 2954130 1758360 2945490 1767000
V2 2945490 1767000 2700000 1767000
V2 2700000 1767000 1875000 1758265
V2 1875000 1758265 1054202 1758265
V2 1054202 1758265 1031980 1780487
Net23 5 
V2 3040730 1758360 3023450 1775640
V2 3023450 1775640 2700000 1775640
V2 2700000 1775640 1875000 1769374
V2 1875000 1769374 1233613 1769374
V2 1233613 1769374 1222500 1780487
Net27 5 
V2 2975780 1732440 2962820 1745400
V2 2962820 1745400 2700000 1745400
V2 2700000 1745400 1875000 1747157
V2 1875000 1747157 970040 1747157
V2 970040 1747157 936710 1780487
Net34 5 
V2 2997430 1706520 2984470 1719480
V2 2984470 1719480 2700000 1719480
V2 2700000 1719480 1875000 1736048
V2 1875000 1736048 790629 1736048
V2 790629 1736048 746190 1780487
Net35 5 
V2 3040730 1706520 3032090 1697880
V2 3032090 1697880 2700000 1697880
V2 2700000 1697880 1875000 1706428
V2 1875000 1706428 621802 1706428
V2 621802 1706428 603290 1724940
Net39 5 
V2 2975780 1680600 2967140 1689240
V2 2967140 1689240 2700000 1689240
V2 2700000 1689240 1875000 1687914
V2 1875000 1687914 545056 1687914
V2 545056 1687914 508030 1724940
Net51 5 
V2 3105680 1628760 3097040 1637400
V2 3097040 1637400 2700000 1637400
V2 2700000 1637400 1875000 1641631
V2 1875000 1641631 1250269 1641631
V2 1250269 1641631 1222500 1669400
Net53 5 
V2 3192280 1628760 3175000 1646040
V2 3175000 1646040 2700000 1646040
V2 2700000 1646040 1875000 1655516
V2 1875000 1655516 1522173 1655516
V2 1522173 1655516 1508290 1669400
Net61 5 
V2 3019080 1576920 3014760 1581240
V2 3014760 1581240 2700000 1581240
V2 2700000 1581240 1875000 1539798
V2 1875000 1539798 669437 1539798
V2 669437 1539798 650922 1558312
Net62 5 
V2 3062380 1576920 3053740 1585560
V2 3053740 1585560 2700000 1585560
V2 2700000 1585560 1875000 1549055
V2 1875000 1549055 755447 1549055
V2 755447 1549055 746190 1558312
Net63 5 
V2 3105680 1576920 3092720 1589880
V2 3092720 1589880 2700000 1589880
V2 2700000 1589880 1875000 1576826
V2 1875000 1576826 640323 1576826
V2 640323 1576826 603290 1613860
Net64 5 
V2 3192280 1576920 3175000 1594200
V2 3175000 1594200 2700000 1594200
V2 2700000 1594200 1875000 1595340
V2 1875000 1595340 812339 1595340
V2 812339 1595340 793820 1613860
Net65 5 
V2 3235582 1576920 3213982 1598520
V2 3213982 1598520 2700000 1598520
V2 2700000 1598520 1875000 1627745
V2 1875000 1627745 311524 1627745
V2 311524 1627745 269870 1669400
Net66 5 
V2 2954130 1551000 2941170 1563960
V2 2941170 1563960 2700000 1563960
V2 2700000 1563960 1875000 1530541
V2 1875000 1530541 583431 1530541
V2 583431 1530541 555660 1558312
Net77 5 
V2 2954130 1499160 2941170 1512120
V2 2941170 1512120 2700000 1512120
V2 2700000 1512120 1875000 1521284
V2 1875000 1521284 717074 1521284
V2 717074 1521284 698560 1502770
Net78 5 
V2 2997430 1499160 2993110 1494840
V2 2993110 1494840 2700000 1494840
V2 2700000 1494840 1875000 1512027
V2 1875000 1512027 803077 1512027
V2 803077 1512027 793820 1502770
Net83 5 
V2 2975780 1473240 2971460 1477560
V2 2971460 1477560 2700000 1477560
V2 2700000 1477560 1875000 1458336
V2 1875000 1458336 1124044 1458336
V2 1124044 1458336 1079610 1502770
Net84 5 
V2 3019080 1473240 3010440 1481880
V2 3010440 1481880 2700000 1481880
V2 2700000 1481880 1875000 1469444
V2 1875000 1469444 1303455 1469444
V2 1303455 1469444 1270130 1502770
Net85 5 
V2 3105680 1473240 3092720 1486200
V2 3092720 1486200 2700000 1486200
V2 2700000 1486200 1875000 1480553
V2 1875000 1480553 1387614 1480553
V2 1387614 1480553 1365397 1502770
Net86 5 
V2 3192280 1473240 3175000 1490520
V2 3175000 1490520 2700000 1490520
V2 2700000 1490520 1875000 1491661
V2 1875000 1491661 1567028 1491661
V2 1567028 1491661 1555920 1502770
