Nets 66
Net0 5 
V1 2967120 1862040 2961936 1867224
V1 2961936 1867224 2700000 1867224
V1 2700000 1867224 1875000 1859480
V1 1875000 1859480 1259700 1859480
V1 1259700 1859480 1242420 1876760
Net1 5 
V1 3074502 1862040 3064134 1872408
V1 3064134 1872408 2700000 1872408
V1 2700000 1872408 1875000 1863800
V1 1875000 1863800 1383550 1863800
V1 1383550 1863800 1370590 1876760
Net2 5 
V1 3181890 1862040 3166338 1877592
V1 3166338 1877592 2700000 1877592
V1 2700000 1877592 1875000 1868120
V1 1875000 1868120 1507400 1868120
V1 1507400 1868120 1498760 1876760
Net3 5 
V1 3235582 1862040 3214846 1882776
V1 3214846 1882776 2700000 1882776
V1 2700000 1882776 1875000 1872440
V1 1875000 1872440 1567170 1872440
V1 1567170 1872440 1562850 1876760
Net6 5 
V1 3101350 1836120 3097030 1840440
V1 3097030 1840440 2700000 1840440
V1 2700000 1840440 1875000 1833560
V1 1875000 1833560 1419917 1833560
V1 1419917 1833560 1402637 1850840
Net7 5 
V1 3155042 1836120 3146402 1844760
V1 3146402 1844760 2700000 1844760
V1 2700000 1844760 1875000 1837880
V1 1875000 1837880 1479680 1837880
V1 1479680 1837880 1466720 1850840
Net8 5 
V1 3208740 1836120 3195780 1849080
V1 3195780 1849080 2700000 1849080
V1 2700000 1849080 1875000 1842200
V1 1875000 1842200 1539450 1842200
V1 1539450 1842200 1530810 1850840
Net9 5 
V1 3262430 1836120 3245150 1853400
V1 3245150 1853400 2700000 1853400
V1 2700000 1853400 1875000 1846520
V1 1875000 1846520 1599210 1846520
V1 1599210 1846520 1594890 1850840
Net10 5 
V1 3316127 1836120 3294527 1857720
V1 3294527 1857720 2700000 1857720
V1 2700000 1857720 1875000 1855160
V1 1875000 1855160 1199932 1855160
V1 1199932 1855160 1178332 1876760
Net11 5 
V1 2967120 1810200 2962800 1814520
V1 2962800 1814520 2700000 1814520
V1 2700000 1814520 1875000 1807640
V1 1875000 1807640 1259700 1807640
V1 1259700 1807640 1242420 1824920
Net12 5 
V1 3020810 1810200 3012170 1818840
V1 3012170 1818840 2700000 1818840
V1 2700000 1818840 1875000 1811960
V1 1875000 1811960 1319470 1811960
V1 1319470 1811960 1306510 1824920
Net13 5 
V1 3128200 1810200 3115240 1823160
V1 3115240 1823160 2700000 1823160
V1 2700000 1823160 1875000 1816280
V1 1875000 1816280 1443320 1816280
V1 1443320 1816280 1434680 1824920
Net14 5 
V1 3181890 1810200 3164610 1827480
V1 3164610 1827480 2700000 1827480
V1 2700000 1827480 1875000 1820600
V1 1875000 1820600 1503080 1820600
V1 1503080 1820600 1498760 1824920
Net15 5 
V1 3289280 1810200 3267680 1831800
V1 3267680 1831800 2700000 1831800
V1 2700000 1831800 1875000 1829240
V1 1875000 1829240 1567170 1829240
V1 1567170 1829240 1562850 1824920
Net18 5 
V1 3101350 1784280 3092710 1775640
V1 3092710 1775640 2700000 1775640
V1 2700000 1775640 1875000 1779560
V1 1875000 1779560 1422077 1779560
V1 1422077 1779560 1402637 1799000
Net19 5 
V1 3208740 1784280 3202260 1790760
V1 3202260 1790760 2700000 1790760
V1 2700000 1790760 1875000 1786040
V1 1875000 1786040 1479680 1786040
V1 1479680 1786040 1466720 1799000
Net20 5 
V1 3262430 1784280 3249470 1797240
V1 3249470 1797240 2700000 1797240
V1 2700000 1797240 1875000 1792520
V1 1875000 1792520 1601370 1792520
V1 1601370 1792520 1594890 1799000
Net21 5 
V1 3316127 1784280 3296687 1803720
V1 3296687 1803720 2700000 1803720
V1 2700000 1803720 1875000 1803320
V1 1875000 1803320 1199932 1803320
V1 1199932 1803320 1178332 1824920
Net22 5 
V1 2967120 1758360 2958480 1767000
V1 2958480 1767000 2700000 1767000
V1 2700000 1767000 1875000 1764440
V1 1875000 1764440 1251060 1764440
V1 1251060 1764440 1242420 1773080
Net27 5 
V1 2993960 1732440 2989640 1736760
V1 2989640 1736760 2700000 1736760
V1 2700000 1736760 1875000 1726424
V1 1875000 1726424 1295196 1726424
V1 1295196 1726424 1274460 1747160
Net28 5 
V1 3047660 1732440 3039020 1741080
V1 3039020 1741080 2700000 1741080
V1 2700000 1741080 1875000 1731608
V1 1875000 1731608 1354102 1731608
V1 1354102 1731608 1338550 1747160
Net29 5 
V1 3101350 1732440 3088390 1745400
V1 3088390 1745400 2700000 1745400
V1 2700000 1745400 1875000 1736792
V1 1875000 1736792 1413005 1736792
V1 1413005 1736792 1402637 1747160
Net31 5 
V1 3262430 1732440 3245150 1749720
V1 3245150 1749720 2700000 1749720
V1 2700000 1749720 1875000 1741976
V1 1875000 1741976 1600074 1741976
V1 1600074 1741976 1594890 1747160
Net32 5 
V1 3316127 1732440 3294527 1754040
V1 3294527 1754040 2700000 1754040
V1 2700000 1754040 1875000 1755800
V1 1875000 1755800 1195612 1755800
V1 1195612 1755800 1178332 1773080
Net33 5 
V1 2967120 1706520 2961936 1711704
V1 2961936 1711704 2700000 1711704
V1 2700000 1711704 1875000 1703960
V1 1875000 1703960 1259700 1703960
V1 1259700 1703960 1242420 1721240
Net35 5 
V1 3074502 1706520 3064134 1716888
V1 3064134 1716888 2700000 1716888
V1 2700000 1716888 1875000 1708280
V1 1875000 1708280 1383550 1708280
V1 1383550 1708280 1370590 1721240
Net36 5 
V1 3128200 1706520 3112648 1722072
V1 3112648 1722072 2700000 1722072
V1 2700000 1722072 1875000 1712600
V1 1875000 1712600 1443320 1712600
V1 1443320 1712600 1434680 1721240
Net38 5 
V1 3235582 1706520 3214846 1727256
V1 3214846 1727256 2700000 1727256
V1 2700000 1727256 1875000 1716920
V1 1875000 1716920 1567170 1716920
V1 1567170 1716920 1562850 1721240
Net39 5 
V1 2993960 1680600 2989640 1684920
V1 2989640 1684920 2700000 1684920
V1 2700000 1684920 1875000 1674584
V1 1875000 1674584 1295196 1674584
V1 1295196 1674584 1274460 1695320
Net40 5 
V1 3101350 1680600 3092710 1689240
V1 3092710 1689240 2700000 1689240
V1 2700000 1689240 1875000 1679768
V1 1875000 1679768 1418189 1679768
V1 1418189 1679768 1402637 1695320
Net41 5 
V1 3155042 1680600 3142082 1693560
V1 3142082 1693560 2700000 1693560
V1 2700000 1693560 1875000 1684952
V1 1875000 1684952 1477088 1684952
V1 1477088 1684952 1466720 1695320
Net42 5 
V1 3262430 1680600 3245150 1697880
V1 3245150 1697880 2700000 1697880
V1 2700000 1697880 1875000 1690136
V1 1875000 1690136 1600074 1690136
V1 1600074 1690136 1594890 1695320
Net43 5 
V1 3316127 1680600 3294527 1702200
V1 3294527 1702200 2700000 1702200
V1 2700000 1702200 1875000 1699640
V1 1875000 1699640 1199932 1699640
V1 1199932 1699640 1178332 1721240
Net45 5 
V1 3074502 1654680 3068022 1661160
V1 3068022 1661160 2700000 1661160
V1 2700000 1661160 1875000 1653848
V1 1875000 1653848 1386142 1653848
V1 1386142 1653848 1370590 1669400
Net46 5 
V1 3128200 1654680 3115240 1667640
V1 3115240 1667640 2700000 1667640
V1 2700000 1667640 1875000 1659032
V1 1875000 1659032 1445048 1659032
V1 1445048 1659032 1434680 1669400
Net47 5 
V1 3235582 1654680 3216142 1674120
V1 3216142 1674120 2700000 1674120
V1 2700000 1674120 1875000 1664216
V1 1875000 1664216 1568034 1664216
V1 1568034 1664216 1562850 1669400
Net49 5 
V1 3047660 1628760 3043340 1633080
V1 3043340 1633080 2700000 1633080
V1 2700000 1633080 1875000 1622744
V1 1875000 1622744 1359286 1622744
V1 1359286 1622744 1338550 1643480
Net50 5 
V1 3101350 1628760 3092710 1637400
V1 3092710 1637400 2700000 1637400
V1 2700000 1637400 1875000 1627928
V1 1875000 1627928 1418189 1627928
V1 1418189 1627928 1402637 1643480
Net52 5 
V1 3208740 1628760 3195780 1641720
V1 3195780 1641720 2700000 1641720
V1 2700000 1641720 1875000 1633112
V1 1875000 1633112 1541178 1633112
V1 1541178 1633112 1530810 1643480
Net53 5 
V1 3262430 1628760 3245150 1646040
V1 3245150 1646040 2700000 1646040
V1 2700000 1646040 1875000 1638296
V1 1875000 1638296 1600074 1638296
V1 1600074 1638296 1594890 1643480
Net54 5 
V1 3316127 1628760 3294527 1650360
V1 3294527 1650360 2700000 1650360
V1 2700000 1650360 1875000 1648664
V1 1875000 1648664 1199068 1648664
V1 1199068 1648664 1178332 1669400
Net55 5 
V1 2967120 1602840 2960640 1609320
V1 2960640 1609320 2700000 1609320
V1 2700000 1609320 1875000 1602008
V1 1875000 1602008 1257972 1602008
V1 1257972 1602008 1242420 1617560
Net56 5 
V1 3020810 1602840 3007850 1615800
V1 3007850 1615800 2700000 1615800
V1 2700000 1615800 1875000 1607192
V1 1875000 1607192 1316878 1607192
V1 1316878 1607192 1306510 1617560
Net57 5 
V1 3128200 1602840 3108760 1622280
V1 3108760 1622280 2700000 1622280
V1 2700000 1622280 1875000 1612376
V1 1875000 1612376 1439864 1612376
V1 1439864 1612376 1434680 1617560
Net60 5 
V1 2993960 1576920 2989640 1581240
V1 2989640 1581240 2700000 1581240
V1 2700000 1581240 1875000 1570904
V1 1875000 1570904 1295196 1570904
V1 1295196 1570904 1274460 1591640
Net62 5 
V1 3101350 1576920 3092710 1585560
V1 3092710 1585560 2700000 1585560
V1 2700000 1585560 1875000 1576088
V1 1875000 1576088 1418189 1576088
V1 1418189 1576088 1402637 1591640
Net63 5 
V1 3155042 1576920 3142082 1589880
V1 3142082 1589880 2700000 1589880
V1 2700000 1589880 1875000 1581272
V1 1875000 1581272 1477088 1581272
V1 1477088 1581272 1466720 1591640
Net64 5 
V1 3262430 1576920 3245150 1594200
V1 3245150 1594200 2700000 1594200
V1 2700000 1594200 1875000 1586456
V1 1875000 1586456 1600074 1586456
V1 1600074 1586456 1594890 1591640
Net65 5 
V1 3316127 1576920 3294527 1598520
V1 3294527 1598520 2700000 1598520
V1 2700000 1598520 1875000 1596824
V1 1875000 1596824 1199068 1596824
V1 1199068 1596824 1178332 1617560
Net66 5 
V1 2967120 1551000 2961936 1556184
V1 2961936 1556184 2700000 1556184
V1 2700000 1556184 1875000 1548440
V1 1875000 1548440 1259700 1548440
V1 1259700 1548440 1242420 1565720
Net67 5 
V1 3074502 1551000 3064134 1561368
V1 3064134 1561368 2700000 1561368
V1 2700000 1561368 1875000 1552760
V1 1875000 1552760 1319470 1552760
V1 1319470 1552760 1306510 1565720
Net69 5 
V1 3181890 1551000 3166338 1566552
V1 3166338 1566552 2700000 1566552
V1 2700000 1566552 1875000 1557080
V1 1875000 1557080 1507400 1557080
V1 1507400 1557080 1498760 1565720
Net70 5 
V1 3235582 1551000 3214846 1571736
V1 3214846 1571736 2700000 1571736
V1 2700000 1571736 1875000 1561400
V1 1875000 1561400 1567170 1561400
V1 1567170 1561400 1562850 1565720
Net73 5 
V1 3101350 1525080 3096166 1530264
V1 3096166 1530264 2700000 1530264
V1 2700000 1530264 1875000 1520360
V1 1875000 1520360 1422077 1520360
V1 1422077 1520360 1402637 1539800
Net74 5 
V1 3208740 1525080 3198372 1535448
V1 3198372 1535448 2700000 1535448
V1 2700000 1535448 1875000 1526840
V1 1875000 1526840 1543770 1526840
V1 1543770 1526840 1530810 1539800
Net75 5 
V1 3262430 1525080 3246878 1540632
V1 3246878 1540632 2700000 1540632
V1 2700000 1540632 1875000 1533320
V1 1875000 1533320 1601370 1533320
V1 1601370 1533320 1594890 1539800
Net76 5 
V1 3316127 1525080 3295391 1545816
V1 3295391 1545816 2700000 1545816
V1 2700000 1545816 1875000 1544120
V1 1875000 1544120 1199932 1544120
V1 1199932 1544120 1178332 1565720
Net77 5 
V1 2967120 1499160 2961936 1504344
V1 2961936 1504344 2700000 1504344
V1 2700000 1504344 1875000 1496600
V1 1875000 1496600 1259700 1496600
V1 1259700 1496600 1242420 1513880
Net79 5 
V1 3074502 1499160 3064134 1509528
V1 3064134 1509528 2700000 1509528
V1 2700000 1509528 1875000 1500920
V1 1875000 1500920 1383550 1500920
V1 1383550 1500920 1370590 1513880
Net80 5 
V1 3128200 1499160 3112648 1514712
V1 3112648 1514712 2700000 1514712
V1 2700000 1514712 1875000 1505240
V1 1875000 1505240 1443320 1505240
V1 1443320 1505240 1434680 1513880
Net82 5 
V1 3235582 1499160 3214846 1519896
V1 3214846 1519896 2700000 1519896
V1 2700000 1519896 1875000 1509560
V1 1875000 1509560 1567170 1509560
V1 1567170 1509560 1562850 1513880
Net83 5 
V1 2993960 1473240 2989640 1477560
V1 2989640 1477560 2700000 1477560
V1 2700000 1477560 1875000 1467224
V1 1875000 1467224 1295196 1467224
V1 1295196 1467224 1274460 1487960
Net84 5 
V1 3047660 1473240 3039020 1481880
V1 3039020 1481880 2700000 1481880
V1 2700000 1481880 1875000 1472408
V1 1875000 1472408 1354102 1472408
V1 1354102 1472408 1338550 1487960
Net85 5 
V1 3155042 1473240 3142082 1486200
V1 3142082 1486200 2700000 1486200
V1 2700000 1486200 1875000 1477592
V1 1875000 1477592 1477088 1477592
V1 1477088 1477592 1466720 1487960
Net86 5 
V1 3262430 1473240 3245150 1490520
V1 3245150 1490520 2700000 1490520
V1 2700000 1490520 1875000 1482776
V1 1875000 1482776 1600074 1482776
V1 1600074 1482776 1594890 1487960
Net87 5 
V1 3316127 1473240 3294527 1494840
V1 3294527 1494840 2700000 1494840
V1 2700000 1494840 1875000 1492280
V1 1875000 1492280 1199932 1492280
V1 1199932 1492280 1178332 1513880
