Nets 26
Net13 5 
V2 3184030 1810200 3177550 1816680
V2 3177550 1816680 2800000 1816680
V2 2800000 1816680 1875000 1858247
V2 1875000 1858247 1255823 1858247
V2 1255823 1858247 1222500 1891570
Net14 5 
V2 3227330 1810200 3214370 1823160
V2 3214370 1823160 2800000 1823160
V2 2800000 1823160 1875000 1869355
V2 1875000 1869355 1435244 1869355
V2 1435244 1869355 1413030 1891570
Net15 5 
V2 3313932 1810200 3294492 1829640
V2 3294492 1829640 2800000 1829640
V2 2800000 1829640 1875000 1880464
V2 1875000 1880464 1519396 1880464
V2 1519396 1880464 1508290 1891570
Net19 5 
V2 3248980 1784280 3242500 1790760
V2 3242500 1790760 2800000 1790760
V2 2800000 1790760 1875000 1799001
V2 1875000 1799001 1116638 1799001
V2 1116638 1799001 1079610 1836030
Net20 5 
V2 3292280 1784280 3279320 1797240
V2 3279320 1797240 2800000 1797240
V2 2800000 1797240 1875000 1817515
V2 1875000 1817515 1383912 1817515
V2 1383912 1817515 1365397 1836030
Net21 5 
V2 3335582 1784280 3316142 1803720
V2 3316142 1803720 2800000 1803720
V2 2800000 1803720 1875000 1847138
V2 1875000 1847138 314301 1847138
V2 314301 1847138 269870 1891570
Net22 5 
V2 3054130 1758360 3045490 1767000
V2 3045490 1767000 2800000 1767000
V2 2800000 1767000 1875000 1758265
V2 1875000 1758265 1054202 1758265
V2 1054202 1758265 1031980 1780487
Net23 5 
V2 3140730 1758360 3123450 1775640
V2 3123450 1775640 2800000 1775640
V2 2800000 1775640 1875000 1769374
V2 1875000 1769374 1233613 1769374
V2 1233613 1769374 1222500 1780487
Net27 5 
V2 3075780 1732440 3062820 1745400
V2 3062820 1745400 2800000 1745400
V2 2800000 1745400 1875000 1747157
V2 1875000 1747157 970040 1747157
V2 970040 1747157 936710 1780487
Net34 5 
V2 3097430 1706520 3084470 1719480
V2 3084470 1719480 2800000 1719480
V2 2800000 1719480 1875000 1736048
V2 1875000 1736048 790629 1736048
V2 790629 1736048 746190 1780487
Net35 5 
V2 3140730 1706520 3132090 1697880
V2 3132090 1697880 2800000 1697880
V2 2800000 1697880 1875000 1706428
V2 1875000 1706428 621802 1706428
V2 621802 1706428 603290 1724940
Net39 5 
V2 3075780 1680600 3067140 1689240
V2 3067140 1689240 2800000 1689240
V2 2800000 1689240 1875000 1687914
V2 1875000 1687914 545056 1687914
V2 545056 1687914 508030 1724940
Net51 5 
V2 3205680 1628760 3197040 1637400
V2 3197040 1637400 2800000 1637400
V2 2800000 1637400 1875000 1641631
V2 1875000 1641631 1250269 1641631
V2 1250269 1641631 1222500 1669400
Net53 5 
V2 3292280 1628760 3275000 1646040
V2 3275000 1646040 2800000 1646040
V2 2800000 1646040 1875000 1655516
V2 1875000 1655516 1522173 1655516
V2 1522173 1655516 1508290 1669400
Net61 5 
V2 3119080 1576920 3114760 1581240
V2 3114760 1581240 2800000 1581240
V2 2800000 1581240 1875000 1539798
V2 1875000 1539798 669437 1539798
V2 669437 1539798 650922 1558312
Net62 5 
V2 3162380 1576920 3153740 1585560
V2 3153740 1585560 2800000 1585560
V2 2800000 1585560 1875000 1549055
V2 1875000 1549055 755447 1549055
V2 755447 1549055 746190 1558312
Net63 5 
V2 3205680 1576920 3192720 1589880
V2 3192720 1589880 2800000 1589880
V2 2800000 1589880 1875000 1576826
V2 1875000 1576826 640323 1576826
V2 640323 1576826 603290 1613860
Net64 5 
V2 3292280 1576920 3275000 1594200
V2 3275000 1594200 2800000 1594200
V2 2800000 1594200 1875000 1595340
V2 1875000 1595340 812339 1595340
V2 812339 1595340 793820 1613860
Net65 5 
V2 3335582 1576920 3313982 1598520
V2 3313982 1598520 2800000 1598520
V2 2800000 1598520 1875000 1627745
V2 1875000 1627745 311524 1627745
V2 311524 1627745 269870 1669400
Net66 5 
V2 3054130 1551000 3041170 1563960
V2 3041170 1563960 2800000 1563960
V2 2800000 1563960 1875000 1530541
V2 1875000 1530541 583431 1530541
V2 583431 1530541 555660 1558312
Net77 5 
V2 3054130 1499160 3041170 1512120
V2 3041170 1512120 2800000 1512120
V2 2800000 1512120 1875000 1521284
V2 1875000 1521284 717074 1521284
V2 717074 1521284 698560 1502770
Net78 5 
V2 3097430 1499160 3093110 1494840
V2 3093110 1494840 2800000 1494840
V2 2800000 1494840 1875000 1512027
V2 1875000 1512027 803077 1512027
V2 803077 1512027 793820 1502770
Net83 5 
V2 3075780 1473240 3071460 1477560
V2 3071460 1477560 2800000 1477560
V2 2800000 1477560 1875000 1458336
V2 1875000 1458336 1124044 1458336
V2 1124044 1458336 1079610 1502770
Net84 5 
V2 3119080 1473240 3110440 1481880
V2 3110440 1481880 2800000 1481880
V2 2800000 1481880 1875000 1469444
V2 1875000 1469444 1303455 1469444
V2 1303455 1469444 1270130 1502770
Net85 5 
V2 3205680 1473240 3192720 1486200
V2 3192720 1486200 2800000 1486200
V2 2800000 1486200 1875000 1480553
V2 1875000 1480553 1387614 1480553
V2 1387614 1480553 1365397 1502770
Net86 5 
V2 3292280 1473240 3275000 1490520
V2 3275000 1490520 2800000 1490520
V2 2800000 1490520 1875000 1491661
V2 1875000 1491661 1567028 1491661
V2 1567028 1491661 1555920 1502770
