Nets 40
Net0 5 
V1 3097430 1853400 3091257 1859572
V1 3091257 1859572 2800000 1859572
V1 2800000 1859572 1875000 1856600
V1 1875000 1856600 859427 1856600
V1 859427 1856600 830627 1885400
Net1 5 
V1 3253310 1853400 3240966 1865743
V1 3240966 1865743 2800000 1865743
V1 2800000 1865743 1875000 1861400
V1 1875000 1861400 1027830 1861400
V1 1027830 1861400 1003830 1885400
Net2 5 
V1 3331252 1853400 3312737 1871915
V1 3312737 1871915 2800000 1871915
V1 2800000 1871915 1875000 1866200
V1 1875000 1866200 1109630 1866200
V1 1109630 1866200 1090430 1885400
Net3 5 
V1 3487140 1853400 3462453 1878086
V1 3462453 1878086 2800000 1878086
V1 2800000 1878086 1875000 1871000
V1 1875000 1871000 1278040 1871000
V1 1278040 1871000 1263640 1885400
Net4 5 
V1 3565080 1853400 3534222 1884257
V1 3534222 1884257 2800000 1884257
V1 2800000 1884257 1875000 1875800
V1 1875000 1875800 1359840 1875800
V1 1359840 1875800 1350240 1885400
Net5 5 
V1 3720970 1853400 3683941 1890428
V1 3683941 1890428 2800000 1890428
V1 2800000 1890428 1875000 1880600
V1 1875000 1880600 1528247 1880600
V1 1528247 1880600 1523447 1885400
Net7 5 
V1 3136400 1810200 3122000 1824600
V1 3122000 1824600 2800000 1824600
V1 2800000 1824600 1875000 1847000
V1 1875000 1847000 705520 1847000
V1 705520 1847000 700720 1842200
Net8 5 
V1 3214340 1810200 3199940 1795800
V1 3199940 1795800 2800000 1795800
V1 2800000 1795800 1875000 1827800
V1 1875000 1827800 801722 1827800
V1 801722 1827800 787322 1842200
Net16 5 
V1 3993762 1810200 3964962 1839000
V1 3964962 1839000 2800000 1839000
V1 2800000 1839000 1875000 1851800
V1 1875000 1851800 623720 1851800
V1 623720 1851800 614120 1842200
Net17 5 
V1 3097430 1767000 3088790 1758360
V1 3088790 1758360 2800000 1758360
V1 2800000 1758360 1875000 1790360
V1 1875000 1790360 752660 1790360
V1 752660 1790360 744020 1799000
Net18 5 
V1 3175370 1767000 3160970 1781400
V1 3160970 1781400 2800000 1781400
V1 2800000 1781400 1875000 1813400
V1 1875000 1813400 845027 1813400
V1 845027 1813400 830627 1799000
Net25 5 
V1 3954790 1767000 3937510 1749720
V1 3937510 1749720 2800000 1749720
V1 2800000 1749720 1875000 1781720
V1 1875000 1781720 588100 1781720
V1 588100 1781720 570820 1799000
Net26 5 
V1 3136400 1723800 3127760 1732440
V1 3127760 1732440 2800000 1732440
V1 2800000 1732440 1875000 1764440
V1 1875000 1764440 709360 1764440
V1 709360 1764440 700720 1755800
Net27 5 
V1 3214340 1723800 3199940 1709400
V1 3199940 1709400 2800000 1709400
V1 2800000 1709400 1875000 1741400
V1 1875000 1741400 801722 1741400
V1 801722 1741400 787322 1755800
Net35 5 
V1 3993762 1723800 3976482 1741080
V1 3976482 1741080 2800000 1741080
V1 2800000 1741080 1875000 1773080
V1 1875000 1773080 631400 1773080
V1 631400 1773080 614120 1755800
Net36 5 
V1 3097430 1680600 3092630 1675800
V1 3092630 1675800 2800000 1675800
V1 2800000 1675800 1875000 1691000
V1 1875000 1691000 679020 1691000
V1 679020 1691000 657420 1712600
Net37 5 
V1 3175370 1680600 3160970 1695000
V1 3160970 1695000 2800000 1695000
V1 2800000 1695000 1875000 1727000
V1 1875000 1727000 845027 1727000
V1 845027 1727000 830627 1712600
Net44 5 
V1 3214340 1637400 3209540 1632600
V1 3209540 1632600 2800000 1632600
V1 2800000 1632600 1875000 1631000
V1 1875000 1631000 739120 1631000
V1 739120 1631000 700720 1669400
Net45 5 
V1 3292280 1637400 3287480 1642200
V1 3287480 1642200 2800000 1642200
V1 2800000 1642200 1875000 1635800
V1 1875000 1635800 820922 1635800
V1 820922 1635800 787322 1669400
Net46 5 
V1 3370227 1637400 3360627 1647000
V1 3360627 1647000 2800000 1647000
V1 2800000 1647000 1875000 1640600
V1 1875000 1640600 902730 1640600
V1 902730 1640600 873930 1669400
Net47 5 
V1 3448170 1637400 3433770 1651800
V1 3433770 1651800 2800000 1651800
V1 2800000 1651800 1875000 1645400
V1 1875000 1645400 984530 1645400
V1 984530 1645400 960530 1669400
Net48 5 
V1 3604050 1637400 3584850 1656600
V1 3584850 1656600 2800000 1656600
V1 2800000 1656600 1875000 1650200
V1 1875000 1650200 1152932 1650200
V1 1152932 1650200 1133732 1669400
Net49 5 
V1 3681997 1637400 3657997 1661400
V1 3657997 1661400 2800000 1661400
V1 2800000 1661400 1875000 1655000
V1 1875000 1655000 1321340 1655000
V1 1321340 1655000 1306940 1669400
Net50 5 
V1 3759940 1637400 3731140 1666200
V1 3731140 1666200 2800000 1666200
V1 2800000 1666200 1875000 1659800
V1 1875000 1659800 1489742 1659800
V1 1489742 1659800 1480142 1669400
Net51 5 
V1 3915820 1637400 3882220 1671000
V1 3882220 1671000 2800000 1671000
V1 2800000 1671000 1875000 1664600
V1 1875000 1664600 1571550 1664600
V1 1571550 1664600 1566750 1669400
Net52 5 
V1 3097430 1594200 3092630 1599000
V1 3092630 1599000 2800000 1599000
V1 2800000 1599000 1875000 1595960
V1 1875000 1595960 687660 1595960
V1 687660 1595960 657420 1626200
Net53 5 
V1 3175370 1594200 3165770 1603800
V1 3165770 1603800 2800000 1603800
V1 2800000 1603800 1875000 1600280
V1 1875000 1600280 769940 1600280
V1 769940 1600280 744020 1626200
Net54 5 
V1 3331252 1594200 3316852 1608600
V1 3316852 1608600 2800000 1608600
V1 2800000 1608600 1875000 1604600
V1 1875000 1604600 938830 1604600
V1 938830 1604600 917230 1626200
Net57 5 
V1 3643020 1594200 3623820 1613400
V1 3623820 1613400 2800000 1613400
V1 2800000 1613400 1875000 1608920
V1 1875000 1608920 1280920 1608920
V1 1280920 1608920 1263640 1626200
Net58 5 
V1 3720970 1594200 3696970 1618200
V1 3696970 1618200 2800000 1618200
V1 2800000 1618200 1875000 1613240
V1 1875000 1613240 1363200 1613240
V1 1363200 1613240 1350240 1626200
Net59 5 
V1 3798910 1594200 3770110 1623000
V1 3770110 1623000 2800000 1623000
V1 2800000 1623000 1875000 1617560
V1 1875000 1617560 1445480 1617560
V1 1445480 1617560 1436840 1626200
Net60 5 
V1 3876850 1594200 3843250 1627800
V1 3843250 1627800 2800000 1627800
V1 2800000 1627800 1875000 1621880
V1 1875000 1621880 1527767 1621880
V1 1527767 1621880 1523447 1626200
Net62 5 
V1 3136400 1551000 3122000 1565400
V1 3122000 1565400 2800000 1565400
V1 2800000 1565400 1875000 1587320
V1 1875000 1587320 705040 1587320
V1 705040 1587320 700720 1583000
Net63 5 
V1 3292280 1551000 3277880 1536600
V1 3277880 1536600 2800000 1536600
V1 2800000 1536600 1875000 1568600
V1 1875000 1568600 801722 1568600
V1 801722 1568600 787322 1583000
Net70 5 
V1 3993762 1551000 3964962 1579800
V1 3964962 1579800 2800000 1579800
V1 2800000 1579800 1875000 1591640
V1 1875000 1591640 622760 1591640
V1 622760 1591640 614120 1583000
Net71 5 
V1 3097430 1507800 3088790 1499160
V1 3088790 1499160 2800000 1499160
V1 2800000 1499160 1875000 1531160
V1 1875000 1531160 752660 1531160
V1 752660 1531160 744020 1539800
Net72 5 
V1 3175370 1507800 3160970 1522200
V1 3160970 1522200 2800000 1522200
V1 2800000 1522200 1875000 1554200
V1 1875000 1554200 845027 1554200
V1 845027 1554200 830627 1539800
Net80 5 
V1 3954790 1507800 3937510 1490520
V1 3937510 1490520 2800000 1490520
V1 2800000 1490520 1875000 1522520
V1 1875000 1522520 588100 1522520
V1 588100 1522520 570820 1539800
Net81 5 
V1 3136400 1464600 3127760 1473240
V1 3127760 1473240 2800000 1473240
V1 2800000 1473240 1875000 1505240
V1 1875000 1505240 882570 1505240
V1 882570 1505240 873930 1496600
Net87 5 
V1 3993762 1464600 3976482 1481880
V1 3976482 1481880 2800000 1481880
V1 2800000 1481880 1875000 1513880
V1 1875000 1513880 631400 1513880
V1 631400 1513880 614120 1496600
