Nets 22
Net12 5 
V2 3452500 1791687 3443242 1800945
V2 3443242 1800945 2800000 1800945
V2 2800000 1800945 1875000 1830104
V2 1875000 1830104 1360153 1830104
V2 1360153 1830104 1339417 1850840
Net13 5 
V2 3547760 1791687 3529245 1810202
V2 3529245 1810202 2800000 1810202
V2 2800000 1810202 1875000 1835288
V2 1875000 1835288 1408662 1835288
V2 1408662 1835288 1393110 1850840
Net14 5 
V2 3643020 1791687 3615248 1819459
V2 3615248 1819459 2800000 1819459
V2 2800000 1819459 1875000 1840472
V2 1875000 1840472 1457168 1840472
V2 1457168 1840472 1446800 1850840
Net15 5 
V2 3738290 1791687 3701261 1828716
V2 3701261 1828716 2800000 1828716
V2 2800000 1828716 1875000 1845656
V2 1875000 1845656 1505681 1845656
V2 1505681 1845656 1500497 1850840
Net19 5 
V2 4119340 1791687 4108231 1780579
V2 4108231 1780579 2800000 1780579
V2 2800000 1780579 1875000 1793816
V2 1875000 1793816 1613064 1793816
V2 1613064 1793816 1607880 1799000
Net22 5 
V2 4405130 1791687 4358844 1837973
V2 4358844 1837973 2800000 1837973
V2 2800000 1837973 1875000 1863800
V2 1875000 1863800 1271832 1863800
V2 1271832 1863800 1258872 1876760
Net23 5 
V2 3214340 1736140 3203226 1747253
V2 3203226 1747253 2800000 1747253
V2 2800000 1747253 1875000 1778264
V2 1875000 1778264 1360153 1778264
V2 1360153 1778264 1339417 1799000
Net24 5 
V2 3309602 1736140 3287380 1758362
V2 3287380 1758362 2800000 1758362
V2 2800000 1758362 1875000 1783448
V2 1875000 1783448 1408662 1783448
V2 1408662 1783448 1393110 1799000
Net25 5 
V2 3404870 1736140 3371539 1769470
V2 3371539 1769470 2800000 1769470
V2 2800000 1769470 1875000 1788632
V2 1875000 1788632 1457168 1788632
V2 1457168 1788632 1446800 1799000
Net28 5 
V2 3785920 1736140 3767406 1717626
V2 3767406 1717626 2800000 1717626
V2 2800000 1717626 1875000 1760120
V2 1875000 1760120 1352377 1760120
V2 1352377 1760120 1339417 1747160
Net36 5 
V2 3452500 1680600 3433988 1699112
V2 3433988 1699112 2800000 1699112
V2 2800000 1699112 1875000 1708280
V2 1875000 1708280 1432917 1708280
V2 1432917 1708280 1419957 1721240
Net58 5 
V2 3738290 1569512 3724399 1583403
V2 3724399 1583403 2800000 1583403
V2 2800000 1583403 1875000 1612376
V2 1875000 1612376 1586224 1612376
V2 1586224 1612376 1581040 1617560
Net60 5 
V2 3928810 1569512 3901033 1597289
V2 3901033 1597289 2800000 1597289
V2 2800000 1597289 1875000 1652120
V2 1875000 1652120 1562830 1652120
V2 1562830 1652120 1554190 1643480
Net64 5 
V2 4405130 1569512 4363468 1611174
V2 4363468 1611174 2800000 1611174
V2 2800000 1611174 1875000 1660760
V2 1875000 1660760 1267512 1660760
V2 1267512 1660760 1258872 1669400
Net65 5 
V2 3119080 1513970 3091308 1541741
V2 3091308 1541741 2800000 1541741
V2 2800000 1541741 1875000 1607192
V2 1875000 1607192 1322938 1607192
V2 1322938 1607192 1312570 1617560
Net66 5 
V2 3214340 1513970 3207397 1507027
V2 3207397 1507027 2800000 1507027
V2 2800000 1507027 1875000 1602008
V2 1875000 1602008 1349785 1602008
V2 1349785 1602008 1339417 1591640
Net68 5 
V2 3404870 1513970 3390984 1500084
V2 3390984 1500084 2800000 1500084
V2 2800000 1500084 1875000 1596824
V2 1875000 1596824 1398294 1596824
V2 1398294 1596824 1393110 1591640
Net69 5 
V2 3500130 1513970 3479301 1493141
V2 3479301 1493141 2800000 1493141
V2 2800000 1493141 1875000 1578680
V2 1875000 1578680 1459760 1578680
V2 1459760 1578680 1446800 1591640
Net78 5 
V2 3166710 1458430 3159769 1465370
V2 3159769 1465370 2800000 1465370
V2 2800000 1465370 1875000 1520360
V2 1875000 1520360 1305160 1520360
V2 1305160 1520360 1285720 1539800
Net79 5 
V2 3261970 1458430 3248086 1472313
V2 3248086 1472313 2800000 1472313
V2 2800000 1472313 1875000 1526840
V2 1875000 1526840 1406070 1526840
V2 1406070 1526840 1393110 1539800
Net80 5 
V2 3452500 1458430 3431673 1479256
V2 3431673 1479256 2800000 1479256
V2 2800000 1479256 1875000 1533320
V2 1875000 1533320 1453280 1533320
V2 1453280 1533320 1446800 1539800
Net87 5 
V2 4405130 1458430 4377361 1486199
V2 4377361 1486199 2800000 1486199
V2 2800000 1486199 1875000 1552760
V2 1875000 1552760 1271832 1552760
V2 1271832 1552760 1258872 1565720
