Nets 28
Net10 5 
M2 3335582 1836120 3322622 1849080
M2 3322622 1849080 2800000 1849080
M2 2800000 1849080 1875000 1863800
M2 1875000 1863800 857420 1863800
M2 857420 1863800 835820 1885400
Net13 5 
M2 3184030 1810200 3177550 1816680
M2 3177550 1816680 2800000 1816680
M2 2800000 1816680 1875000 1816280
M2 1875000 1816280 1487010 1816280
M2 1487010 1816280 1461090 1842200
Net14 5 
M2 3227330 1810200 3214370 1823160
M2 3214370 1823160 2800000 1823160
M2 2800000 1823160 1875000 1824920
M2 1875000 1824920 1544190 1824920
M2 1544190 1824920 1526910 1842200
Net15 5 
M2 3313932 1810200 3294492 1829640
M2 3294492 1829640 2800000 1829640
M2 2800000 1829640 1875000 1833560
M2 1875000 1833560 1601370 1833560
M2 1601370 1833560 1592730 1842200
Net16 5 
M2 3075780 1784280 3070596 1789464
M2 3070596 1789464 2800000 1789464
M2 2800000 1789464 1875000 1773080
M2 1875000 1773080 993380 1773080
M2 993380 1773080 967460 1799000
Net18 5 
M2 3162380 1784280 3152012 1794648
M2 3152012 1794648 2800000 1794648
M2 2800000 1794648 1875000 1781720
M2 1875000 1781720 1182190 1781720
M2 1182190 1781720 1164910 1799000
Net19 5 
M2 3248980 1784280 3233428 1799832
M2 3233428 1799832 2800000 1799832
M2 2800000 1799832 1875000 1790360
M2 1875000 1790360 1239370 1790360
M2 1239370 1790360 1230730 1799000
Net21 5 
M2 3335582 1784280 3314846 1805016
M2 3314846 1805016 2800000 1805016
M2 2800000 1805016 1875000 1807640
M2 1875000 1807640 903290 1807640
M2 903290 1807640 868730 1842200
Net29 5 
M2 3162380 1732440 3157196 1737624
M2 3157196 1737624 2800000 1737624
M2 2800000 1737624 1875000 1729880
M2 1875000 1729880 1421190 1729880
M2 1421190 1729880 1395270 1755800
Net30 5 
M2 3248980 1732440 3238612 1742808
M2 3238612 1742808 2800000 1742808
M2 2800000 1742808 1875000 1738520
M2 1875000 1738520 1544190 1738520
M2 1544190 1738520 1526910 1755800
Net31 5 
M2 3292280 1732440 3276728 1747992
M2 3276728 1747992 2800000 1747992
M2 2800000 1747992 1875000 1747160
M2 1875000 1747160 1601370 1747160
M2 1601370 1747160 1592730 1755800
Net32 5 
M2 3335582 1732440 3314846 1753176
M2 3314846 1753176 2800000 1753176
M2 2800000 1753176 1875000 1764440
M2 1875000 1764440 870380 1764440
M2 870380 1764440 835820 1799000
Net33 5 
M2 3054130 1706520 3041170 1719480
M2 3041170 1719480 2800000 1719480
M2 2800000 1719480 1875000 1721240
M2 1875000 1721240 969110 1721240
M2 969110 1721240 934550 1755800
Net35 5 
M2 3140730 1706520 3127770 1693560
M2 3127770 1693560 2800000 1693560
M2 2800000 1693560 1875000 1701800
M2 1875000 1701800 1044077 1701800
M2 1044077 1701800 1033277 1712600
Net39 5 
M2 3075780 1680600 3062820 1667640
M2 3062820 1667640 2800000 1667640
M2 2800000 1667640 1875000 1691000
M2 1875000 1691000 923240 1691000
M2 923240 1691000 901640 1712600
Net51 5 
M2 3205680 1628760 3192720 1641720
M2 3192720 1641720 2800000 1641720
M2 2800000 1641720 1875000 1680200
M2 1875000 1680200 1537710 1680200
M2 1537710 1680200 1526910 1669400
Net52 5 
M2 3248980 1628760 3236020 1615800
M2 3236020 1615800 2800000 1615800
M2 2800000 1615800 1875000 1620027
M2 1875000 1620027 1500172 1620027
M2 1500172 1620027 1494000 1626200
Net55 5 
M2 3054130 1602840 3041170 1589880
M2 3041170 1589880 2800000 1589880
M2 2800000 1589880 1875000 1613856
M2 1875000 1613856 913983 1613856
M2 913983 1613856 901640 1626200
Net66 5 
M2 3054130 1551000 3041170 1563960
M2 3041170 1563960 2800000 1563960
M2 2800000 1563960 1875000 1607685
M2 1875000 1607685 1025055 1607685
M2 1025055 1607685 1000370 1583000
Net67 5 
M2 3140730 1551000 3135546 1545816
M2 3135546 1545816 2800000 1545816
M2 2800000 1545816 1875000 1601513
M2 1875000 1601513 1282153 1601513
M2 1282153 1601513 1263640 1583000
Net68 5 
M2 3184030 1551000 3173662 1540632
M2 3173662 1540632 2800000 1540632
M2 2800000 1540632 1875000 1595342
M2 1875000 1595342 1407612 1595342
M2 1407612 1595342 1395270 1583000
Net69 5 
M2 3227330 1551000 3211778 1535448
M2 3211778 1535448 2800000 1535448
M2 2800000 1535448 1875000 1589171
M2 1875000 1589171 1533081 1589171
M2 1533081 1589171 1526910 1583000
Net70 5 
M2 3270630 1551000 3249894 1530264
M2 3249894 1530264 2800000 1530264
M2 2800000 1530264 1875000 1561400
M2 1875000 1561400 1614330 1561400
M2 1614330 1561400 1592730 1583000
Net79 5 
M2 3140730 1499160 3135546 1504344
M2 3135546 1504344 2800000 1504344
M2 2800000 1504344 1875000 1505240
M2 1875000 1505240 1199470 1505240
M2 1199470 1505240 1164910 1539800
Net80 5 
M2 3184030 1499160 3173662 1509528
M2 3173662 1509528 2800000 1509528
M2 2800000 1509528 1875000 1513880
M2 1875000 1513880 1322470 1513880
M2 1322470 1513880 1296550 1539800
Net81 5 
M2 3227330 1499160 3211778 1514712
M2 3211778 1514712 2800000 1514712
M2 2800000 1514712 1875000 1522520
M2 1875000 1522520 1379642 1522520
M2 1379642 1522520 1362362 1539800
Net82 5 
M2 3270630 1499160 3249894 1519896
M2 3249894 1519896 2800000 1519896
M2 2800000 1519896 1875000 1531160
M2 1875000 1531160 1436820 1531160
M2 1436820 1531160 1428180 1539800
Net83 5 
M2 3075780 1473240 3062820 1486200
M2 3062820 1486200 2800000 1486200
M2 2800000 1486200 1875000 1475000
M2 1875000 1475000 1285240 1475000
M2 1285240 1475000 1263640 1496600
