Nets 26
Net4 5 
M2 3565080 1853400 3543480 1875000
M2 3543480 1875000 2800000 1875000
M2 2800000 1875000 1875000 1842200
M2 1875000 1842200 1586210 1842200
M2 1586210 1842200 1577570 1850840
Net14 5 
M2 3759940 1810200 3749140 1821000
M2 3749140 1821000 2800000 1821000
M2 2800000 1821000 1875000 1807640
M2 1875000 1807640 1573200 1807640
M2 1573200 1807640 1555920 1824920
Net15 5 
M2 3837880 1810200 3816280 1831800
M2 3816280 1831800 2800000 1831800
M2 2800000 1831800 1875000 1816280
M2 1875000 1816280 1607860 1816280
M2 1607860 1816280 1599220 1824920
Net16 5 
M2 3993762 1810200 3961362 1842600
M2 3961362 1842600 2800000 1842600
M2 2800000 1842600 1875000 1833560
M2 1875000 1833560 1348057 1833560
M2 1348057 1833560 1339417 1824920
Net21 5 
M2 3565080 1767000 3550680 1781400
M2 3550680 1781400 2800000 1781400
M2 2800000 1781400 1875000 1760120
M2 1875000 1760120 1525580 1760120
M2 1525580 1760120 1512620 1773080
Net24 5 
M2 3876850 1767000 3848050 1795800
M2 3848050 1795800 2800000 1795800
M2 2800000 1795800 1875000 1766600
M2 1875000 1766600 1605700 1766600
M2 1605700 1766600 1599220 1773080
Net25 5 
M2 3954790 1767000 3946150 1758360
M2 3946150 1758360 2800000 1758360
M2 2800000 1758360 1875000 1753640
M2 1875000 1753640 1358857 1753640
M2 1358857 1753640 1339417 1773080
Net29 5 
M2 3370227 1723800 3361587 1732440
M2 3361587 1732440 2800000 1732440
M2 2800000 1732440 1875000 1727720
M2 1875000 1727720 1423810 1727720
M2 1423810 1727720 1404370 1747160
Net33 5 
M2 3837880 1723800 3820600 1741080
M2 3820600 1741080 2800000 1741080
M2 2800000 1741080 1875000 1734200
M2 1875000 1734200 1590530 1734200
M2 1590530 1734200 1577570 1747160
Net34 5 
M2 3915820 1723800 3889900 1749720
M2 3889900 1749720 2800000 1749720
M2 2800000 1749720 1875000 1740680
M2 1875000 1740680 1627350 1740680
M2 1627350 1740680 1620870 1747160
Net37 5 
M2 3175370 1680600 3166730 1689240
M2 3166730 1689240 2800000 1689240
M2 2800000 1689240 1875000 1700504
M2 1875000 1700504 1490056 1700504
M2 1490056 1700504 1469320 1721240
Net41 5 
M2 3720970 1680600 3703690 1697880
M2 3703690 1697880 2800000 1697880
M2 2800000 1697880 1875000 1705688
M2 1875000 1705688 1528172 1705688
M2 1528172 1705688 1512620 1721240
Net42 5 
M2 3798910 1680600 3772990 1706520
M2 3772990 1706520 2800000 1706520
M2 2800000 1706520 1875000 1710872
M2 1875000 1710872 1566288 1710872
M2 1566288 1710872 1555920 1721240
Net43 5 
M2 3876850 1680600 3842290 1715160
M2 3842290 1715160 2800000 1715160
M2 2800000 1715160 1875000 1716056
M2 1875000 1716056 1604404 1716056
M2 1604404 1716056 1599220 1721240
Net44 5 
M2 3214340 1637400 3199940 1651800
M2 3199940 1651800 2800000 1651800
M2 2800000 1651800 1875000 1626200
M2 1875000 1626200 1421650 1626200
M2 1421650 1626200 1404370 1643480
Net50 5 
M2 3759940 1637400 3731140 1666200
M2 3731140 1666200 2800000 1666200
M2 2800000 1666200 1875000 1634840
M2 1875000 1634840 1542910 1634840
M2 1542910 1634840 1534270 1643480
Net57 5 
M2 3643020 1594200 3621420 1615800
M2 3621420 1615800 2800000 1615800
M2 2800000 1615800 1875000 1608920
M2 1875000 1608920 1607860 1608920
M2 1607860 1608920 1599220 1617560
Net67 5 
M2 3604050 1551000 3595410 1559640
M2 3595410 1559640 2800000 1559640
M2 2800000 1559640 1875000 1546280
M2 1875000 1546280 1532060 1546280
M2 1532060 1546280 1512620 1565720
Net68 5 
M2 3759940 1551000 3742660 1568280
M2 3742660 1568280 2800000 1568280
M2 2800000 1568280 1875000 1552760
M2 1875000 1552760 1568880 1552760
M2 1568880 1552760 1555920 1565720
Net69 5 
M2 3837880 1551000 3811960 1576920
M2 3811960 1576920 2800000 1576920
M2 2800000 1576920 1875000 1559240
M2 1875000 1559240 1605700 1559240
M2 1605700 1559240 1599220 1565720
Net70 5 
M2 3993762 1551000 3959202 1585560
M2 3959202 1585560 2800000 1585560
M2 2800000 1585560 1875000 1600280
M2 1875000 1600280 1356697 1600280
M2 1356697 1600280 1339417 1617560
Net74 5 
M2 3331252 1507800 3309652 1529400
M2 3309652 1529400 2800000 1529400
M2 2800000 1529400 1875000 1505240
M2 1875000 1505240 1477960 1505240
M2 1477960 1505240 1469320 1513880
Net84 5 
M2 3526110 1464600 3517470 1473240
M2 3517470 1473240 2800000 1473240
M2 2800000 1473240 1875000 1468520
M2 1875000 1468520 1467110 1468520
M2 1467110 1468520 1447670 1487960
Net85 5 
M2 3604050 1464600 3586770 1481880
M2 3586770 1481880 2800000 1481880
M2 2800000 1481880 1875000 1475000
M2 1875000 1475000 1547230 1475000
M2 1547230 1475000 1534270 1487960
Net86 5 
M2 3759940 1464600 3734020 1490520
M2 3734020 1490520 2800000 1490520
M2 2800000 1490520 1875000 1481480
M2 1875000 1481480 1627350 1481480
M2 1627350 1481480 1620870 1487960
Net87 5 
M2 3993762 1464600 3959202 1499160
M2 3959202 1499160 2800000 1499160
M2 2800000 1499160 1875000 1496600
M2 1875000 1496600 1356697 1496600
M2 1356697 1496600 1339417 1513880
