Nets 66
Net0 5 
V1 3054130 1862040 3048946 1867224
V1 3048946 1867224 2800000 1867224
V1 2800000 1867224 1875000 1859480
V1 1875000 1859480 1400000 1859480
V1 1400000 1859480 1382720 1876760
Net1 5 
V1 3140730 1862040 3130362 1872408
V1 3130362 1872408 2800000 1872408
V1 2800000 1872408 1875000 1863800
V1 1875000 1863800 1482280 1863800
V1 1482280 1863800 1469320 1876760
Net2 5 
V1 3227330 1862040 3211778 1877592
V1 3211778 1877592 2800000 1877592
V1 2800000 1877592 1875000 1868120
V1 1875000 1868120 1564560 1868120
V1 1564560 1868120 1555920 1876760
Net3 5 
V1 3270630 1862040 3249894 1882776
V1 3249894 1882776 2800000 1882776
V1 2800000 1882776 1875000 1872440
V1 1875000 1872440 1603540 1872440
V1 1603540 1872440 1599220 1876760
Net6 5 
V1 3162380 1836120 3158060 1840440
V1 3158060 1840440 2800000 1840440
V1 2800000 1840440 1875000 1833560
V1 1875000 1833560 1508250 1833560
V1 1508250 1833560 1490970 1850840
Net7 5 
V1 3205680 1836120 3197040 1844760
V1 3197040 1844760 2800000 1844760
V1 2800000 1844760 1875000 1837880
V1 1875000 1837880 1547230 1837880
V1 1547230 1837880 1534270 1850840
Net8 5 
V1 3248980 1836120 3236020 1849080
V1 3236020 1849080 2800000 1849080
V1 2800000 1849080 1875000 1842200
V1 1875000 1842200 1586210 1842200
V1 1586210 1842200 1577570 1850840
Net9 5 
V1 3292280 1836120 3275000 1853400
V1 3275000 1853400 2800000 1853400
V1 2800000 1853400 1875000 1846520
V1 1875000 1846520 1625190 1846520
V1 1625190 1846520 1620870 1850840
Net10 5 
V1 3335582 1836120 3313982 1857720
V1 3313982 1857720 2800000 1857720
V1 2800000 1857720 1875000 1855160
V1 1875000 1855160 1361017 1855160
V1 1361017 1855160 1339417 1876760
Net11 5 
V1 3054130 1810200 3049810 1814520
V1 3049810 1814520 2800000 1814520
V1 2800000 1814520 1875000 1807640
V1 1875000 1807640 1400000 1807640
V1 1400000 1807640 1382720 1824920
Net12 5 
V1 3097430 1810200 3088790 1818840
V1 3088790 1818840 2800000 1818840
V1 2800000 1818840 1875000 1811960
V1 1875000 1811960 1438980 1811960
V1 1438980 1811960 1426020 1824920
Net13 5 
V1 3184030 1810200 3171070 1823160
V1 3171070 1823160 2800000 1823160
V1 2800000 1823160 1875000 1816280
V1 1875000 1816280 1521260 1816280
V1 1521260 1816280 1512620 1824920
Net14 5 
V1 3227330 1810200 3210050 1827480
V1 3210050 1827480 2800000 1827480
V1 2800000 1827480 1875000 1820600
V1 1875000 1820600 1560240 1820600
V1 1560240 1820600 1555920 1824920
Net15 5 
V1 3313932 1810200 3292332 1831800
V1 3292332 1831800 2800000 1831800
V1 2800000 1831800 1875000 1829240
V1 1875000 1829240 1603540 1829240
V1 1603540 1829240 1599220 1824920
Net18 5 
V1 3162380 1784280 3153740 1775640
V1 3153740 1775640 2800000 1775640
V1 2800000 1775640 1875000 1779560
V1 1875000 1779560 1510410 1779560
V1 1510410 1779560 1490970 1799000
Net19 5 
V1 3248980 1784280 3242500 1790760
V1 3242500 1790760 2800000 1790760
V1 2800000 1790760 1875000 1786040
V1 1875000 1786040 1547230 1786040
V1 1547230 1786040 1534270 1799000
Net20 5 
V1 3292280 1784280 3279320 1797240
V1 3279320 1797240 2800000 1797240
V1 2800000 1797240 1875000 1792520
V1 1875000 1792520 1627350 1792520
V1 1627350 1792520 1620870 1799000
Net21 5 
V1 3335582 1784280 3316142 1803720
V1 3316142 1803720 2800000 1803720
V1 2800000 1803720 1875000 1803320
V1 1875000 1803320 1361017 1803320
V1 1361017 1803320 1339417 1824920
Net22 5 
V1 3054130 1758360 3045490 1767000
V1 3045490 1767000 2800000 1767000
V1 2800000 1767000 1875000 1764440
V1 1875000 1764440 1391360 1764440
V1 1391360 1764440 1382720 1773080
Net27 5 
V1 3075780 1732440 3071460 1736760
V1 3071460 1736760 2800000 1736760
V1 2800000 1736760 1875000 1726424
V1 1875000 1726424 1425106 1726424
V1 1425106 1726424 1404370 1747160
Net28 5 
V1 3119080 1732440 3110440 1741080
V1 3110440 1741080 2800000 1741080
V1 2800000 1741080 1875000 1731608
V1 1875000 1731608 1463222 1731608
V1 1463222 1731608 1447670 1747160
Net29 5 
V1 3162380 1732440 3149420 1745400
V1 3149420 1745400 2800000 1745400
V1 2800000 1745400 1875000 1736792
V1 1875000 1736792 1501338 1736792
V1 1501338 1736792 1490970 1747160
Net31 5 
V1 3292280 1732440 3275000 1749720
V1 3275000 1749720 2800000 1749720
V1 2800000 1749720 1875000 1741976
V1 1875000 1741976 1626054 1741976
V1 1626054 1741976 1620870 1747160
Net32 5 
V1 3335582 1732440 3313982 1754040
V1 3313982 1754040 2800000 1754040
V1 2800000 1754040 1875000 1755800
V1 1875000 1755800 1356697 1755800
V1 1356697 1755800 1339417 1773080
Net33 5 
V1 3054130 1706520 3048946 1711704
V1 3048946 1711704 2800000 1711704
V1 2800000 1711704 1875000 1703960
V1 1875000 1703960 1400000 1703960
V1 1400000 1703960 1382720 1721240
Net35 5 
V1 3140730 1706520 3130362 1716888
V1 3130362 1716888 2800000 1716888
V1 2800000 1716888 1875000 1708280
V1 1875000 1708280 1482280 1708280
V1 1482280 1708280 1469320 1721240
Net36 5 
V1 3184030 1706520 3168478 1722072
V1 3168478 1722072 2800000 1722072
V1 2800000 1722072 1875000 1712600
V1 1875000 1712600 1521260 1712600
V1 1521260 1712600 1512620 1721240
Net38 5 
V1 3270630 1706520 3249894 1727256
V1 3249894 1727256 2800000 1727256
V1 2800000 1727256 1875000 1716920
V1 1875000 1716920 1603540 1716920
V1 1603540 1716920 1599220 1721240
Net39 5 
V1 3075780 1680600 3071460 1684920
V1 3071460 1684920 2800000 1684920
V1 2800000 1684920 1875000 1674584
V1 1875000 1674584 1425106 1674584
V1 1425106 1674584 1404370 1695320
Net40 5 
V1 3162380 1680600 3153740 1689240
V1 3153740 1689240 2800000 1689240
V1 2800000 1689240 1875000 1679768
V1 1875000 1679768 1506522 1679768
V1 1506522 1679768 1490970 1695320
Net41 5 
V1 3205680 1680600 3192720 1693560
V1 3192720 1693560 2800000 1693560
V1 2800000 1693560 1875000 1684952
V1 1875000 1684952 1544638 1684952
V1 1544638 1684952 1534270 1695320
Net42 5 
V1 3292280 1680600 3275000 1697880
V1 3275000 1697880 2800000 1697880
V1 2800000 1697880 1875000 1690136
V1 1875000 1690136 1626054 1690136
V1 1626054 1690136 1620870 1695320
Net43 5 
V1 3335582 1680600 3313982 1702200
V1 3313982 1702200 2800000 1702200
V1 2800000 1702200 1875000 1699640
V1 1875000 1699640 1361017 1699640
V1 1361017 1699640 1339417 1721240
Net45 5 
V1 3140730 1654680 3134250 1661160
V1 3134250 1661160 2800000 1661160
V1 2800000 1661160 1875000 1653848
V1 1875000 1653848 1484872 1653848
V1 1484872 1653848 1469320 1669400
Net46 5 
V1 3184030 1654680 3171070 1667640
V1 3171070 1667640 2800000 1667640
V1 2800000 1667640 1875000 1659032
V1 1875000 1659032 1522988 1659032
V1 1522988 1659032 1512620 1669400
Net47 5 
V1 3270630 1654680 3251190 1674120
V1 3251190 1674120 2800000 1674120
V1 2800000 1674120 1875000 1664216
V1 1875000 1664216 1604404 1664216
V1 1604404 1664216 1599220 1669400
Net49 5 
V1 3119080 1628760 3114760 1633080
V1 3114760 1633080 2800000 1633080
V1 2800000 1633080 1875000 1622744
V1 1875000 1622744 1468406 1622744
V1 1468406 1622744 1447670 1643480
Net50 5 
V1 3162380 1628760 3153740 1637400
V1 3153740 1637400 2800000 1637400
V1 2800000 1637400 1875000 1627928
V1 1875000 1627928 1506522 1627928
V1 1506522 1627928 1490970 1643480
Net52 5 
V1 3248980 1628760 3236020 1641720
V1 3236020 1641720 2800000 1641720
V1 2800000 1641720 1875000 1633112
V1 1875000 1633112 1587938 1633112
V1 1587938 1633112 1577570 1643480
Net53 5 
V1 3292280 1628760 3275000 1646040
V1 3275000 1646040 2800000 1646040
V1 2800000 1646040 1875000 1638296
V1 1875000 1638296 1626054 1638296
V1 1626054 1638296 1620870 1643480
Net54 5 
V1 3335582 1628760 3313982 1650360
V1 3313982 1650360 2800000 1650360
V1 2800000 1650360 1875000 1648664
V1 1875000 1648664 1360153 1648664
V1 1360153 1648664 1339417 1669400
Net55 5 
V1 3054130 1602840 3047650 1609320
V1 3047650 1609320 2800000 1609320
V1 2800000 1609320 1875000 1602008
V1 1875000 1602008 1398272 1602008
V1 1398272 1602008 1382720 1617560
Net56 5 
V1 3097430 1602840 3084470 1615800
V1 3084470 1615800 2800000 1615800
V1 2800000 1615800 1875000 1607192
V1 1875000 1607192 1436388 1607192
V1 1436388 1607192 1426020 1617560
Net57 5 
V1 3184030 1602840 3164590 1622280
V1 3164590 1622280 2800000 1622280
V1 2800000 1622280 1875000 1612376
V1 1875000 1612376 1517804 1612376
V1 1517804 1612376 1512620 1617560
Net60 5 
V1 3075780 1576920 3071460 1581240
V1 3071460 1581240 2800000 1581240
V1 2800000 1581240 1875000 1570904
V1 1875000 1570904 1425106 1570904
V1 1425106 1570904 1404370 1591640
Net62 5 
V1 3162380 1576920 3153740 1585560
V1 3153740 1585560 2800000 1585560
V1 2800000 1585560 1875000 1576088
V1 1875000 1576088 1506522 1576088
V1 1506522 1576088 1490970 1591640
Net63 5 
V1 3205680 1576920 3192720 1589880
V1 3192720 1589880 2800000 1589880
V1 2800000 1589880 1875000 1581272
V1 1875000 1581272 1544638 1581272
V1 1544638 1581272 1534270 1591640
Net64 5 
V1 3292280 1576920 3275000 1594200
V1 3275000 1594200 2800000 1594200
V1 2800000 1594200 1875000 1586456
V1 1875000 1586456 1626054 1586456
V1 1626054 1586456 1620870 1591640
Net65 5 
V1 3335582 1576920 3313982 1598520
V1 3313982 1598520 2800000 1598520
V1 2800000 1598520 1875000 1596824
V1 1875000 1596824 1360153 1596824
V1 1360153 1596824 1339417 1617560
Net66 5 
V1 3054130 1551000 3048946 1556184
V1 3048946 1556184 2800000 1556184
V1 2800000 1556184 1875000 1548440
V1 1875000 1548440 1400000 1548440
V1 1400000 1548440 1382720 1565720
Net67 5 
V1 3140730 1551000 3130362 1561368
V1 3130362 1561368 2800000 1561368
V1 2800000 1561368 1875000 1552760
V1 1875000 1552760 1438980 1552760
V1 1438980 1552760 1426020 1565720
Net69 5 
V1 3227330 1551000 3211778 1566552
V1 3211778 1566552 2800000 1566552
V1 2800000 1566552 1875000 1557080
V1 1875000 1557080 1564560 1557080
V1 1564560 1557080 1555920 1565720
Net70 5 
V1 3270630 1551000 3249894 1571736
V1 3249894 1571736 2800000 1571736
V1 2800000 1571736 1875000 1561400
V1 1875000 1561400 1603540 1561400
V1 1603540 1561400 1599220 1565720
Net73 5 
V1 3162380 1525080 3157196 1530264
V1 3157196 1530264 2800000 1530264
V1 2800000 1530264 1875000 1520360
V1 1875000 1520360 1510410 1520360
V1 1510410 1520360 1490970 1539800
Net74 5 
V1 3248980 1525080 3238612 1535448
V1 3238612 1535448 2800000 1535448
V1 2800000 1535448 1875000 1526840
V1 1875000 1526840 1590530 1526840
V1 1590530 1526840 1577570 1539800
Net75 5 
V1 3292280 1525080 3276728 1540632
V1 3276728 1540632 2800000 1540632
V1 2800000 1540632 1875000 1533320
V1 1875000 1533320 1627350 1533320
V1 1627350 1533320 1620870 1539800
Net76 5 
V1 3335582 1525080 3314846 1545816
V1 3314846 1545816 2800000 1545816
V1 2800000 1545816 1875000 1544120
V1 1875000 1544120 1361017 1544120
V1 1361017 1544120 1339417 1565720
Net77 5 
V1 3054130 1499160 3048946 1504344
V1 3048946 1504344 2800000 1504344
V1 2800000 1504344 1875000 1496600
V1 1875000 1496600 1400000 1496600
V1 1400000 1496600 1382720 1513880
Net79 5 
V1 3140730 1499160 3130362 1509528
V1 3130362 1509528 2800000 1509528
V1 2800000 1509528 1875000 1500920
V1 1875000 1500920 1482280 1500920
V1 1482280 1500920 1469320 1513880
Net80 5 
V1 3184030 1499160 3168478 1514712
V1 3168478 1514712 2800000 1514712
V1 2800000 1514712 1875000 1505240
V1 1875000 1505240 1521260 1505240
V1 1521260 1505240 1512620 1513880
Net82 5 
V1 3270630 1499160 3249894 1519896
V1 3249894 1519896 2800000 1519896
V1 2800000 1519896 1875000 1509560
V1 1875000 1509560 1603540 1509560
V1 1603540 1509560 1599220 1513880
Net83 5 
V1 3075780 1473240 3071460 1477560
V1 3071460 1477560 2800000 1477560
V1 2800000 1477560 1875000 1467224
V1 1875000 1467224 1425106 1467224
V1 1425106 1467224 1404370 1487960
Net84 5 
V1 3119080 1473240 3110440 1481880
V1 3110440 1481880 2800000 1481880
V1 2800000 1481880 1875000 1472408
V1 1875000 1472408 1463222 1472408
V1 1463222 1472408 1447670 1487960
Net85 5 
V1 3205680 1473240 3192720 1486200
V1 3192720 1486200 2800000 1486200
V1 2800000 1486200 1875000 1477592
V1 1875000 1477592 1544638 1477592
V1 1544638 1477592 1534270 1487960
Net86 5 
V1 3292280 1473240 3275000 1490520
V1 3275000 1490520 2800000 1490520
V1 2800000 1490520 1875000 1482776
V1 1875000 1482776 1626054 1482776
V1 1626054 1482776 1620870 1487960
Net87 5 
V1 3335582 1473240 3313982 1494840
V1 3313982 1494840 2800000 1494840
V1 2800000 1494840 1875000 1492280
V1 1875000 1492280 1361017 1492280
V1 1361017 1492280 1339417 1513880
