Nets 35
Net0 5 
V1 3097430 1853400 3091257 1859572
V1 3091257 1859572 2800000 1859572
V1 2800000 1859572 1875000 1863801
V1 1875000 1863801 392909 1863801
V1 392909 1863801 365140 1891570
Net1 5 
V1 3253310 1853400 3240966 1865743
V1 3240966 1865743 2800000 1865743
V1 2800000 1865743 1875000 1868429
V1 1875000 1868429 578800 1868429
V1 578800 1868429 555660 1891570
Net2 5 
V1 3331252 1853400 3312737 1871915
V1 3312737 1871915 2800000 1871915
V1 2800000 1871915 1875000 1873058
V1 1875000 1873058 669434 1873058
V1 669434 1873058 650922 1891570
Net3 5 
V1 3487140 1853400 3462453 1878086
V1 3462453 1878086 2800000 1878086
V1 2800000 1878086 1875000 1877686
V1 1875000 1877686 855333 1877686
V1 855333 1877686 841450 1891570
Net4 5 
V1 3565080 1853400 3534222 1884257
V1 3534222 1884257 2800000 1884257
V1 2800000 1884257 1875000 1882315
V1 1875000 1882315 945965 1882315
V1 945965 1882315 936710 1891570
Net5 5 
V1 3720970 1853400 3683941 1890428
V1 3683941 1890428 2800000 1890428
V1 2800000 1890428 1875000 1886943
V1 1875000 1886943 1131866 1886943
V1 1131866 1886943 1127240 1891570
Net7 5 
V1 3136400 1810200 3131600 1805400
V1 3131600 1805400 2800000 1805400
V1 2800000 1805400 1875000 1859172
V1 1875000 1859172 340650 1859172
V1 340650 1859172 317507 1836030
Net8 5 
V1 3214340 1810200 3204740 1800600
V1 3204740 1800600 2800000 1800600
V1 2800000 1800600 1875000 1854544
V1 1875000 1854544 431284 1854544
V1 431284 1854544 412770 1836030
Net9 5 
V1 3292280 1810200 3277880 1795800
V1 3277880 1795800 2800000 1795800
V1 2800000 1795800 1875000 1849915
V1 1875000 1849915 521915 1849915
V1 521915 1849915 508030 1836030
Net10 5 
V1 3370227 1810200 3351027 1791000
V1 3351027 1791000 2800000 1791000
V1 2800000 1791000 1875000 1845287
V1 1875000 1845287 612547 1845287
V1 612547 1845287 603290 1836030
Net11 5 
V1 3448170 1810200 3424170 1786200
V1 3424170 1786200 2800000 1786200
V1 2800000 1786200 1875000 1840658
V1 1875000 1840658 703188 1840658
V1 703188 1840658 698560 1836030
Net12 5 
V1 3604050 1810200 3575250 1781400
V1 3575250 1781400 2800000 1781400
V1 2800000 1781400 1875000 1817515
V1 1875000 1817515 812334 1817515
V1 812334 1817515 793820 1836030
Net18 5 
V1 3175370 1767000 3170570 1771800
V1 3170570 1771800 2800000 1771800
V1 2800000 1771800 1875000 1761968
V1 1875000 1761968 478919 1761968
V1 478919 1761968 460400 1780487
Net19 5 
V1 3331252 1767000 3321652 1776600
V1 3321652 1776600 2800000 1776600
V1 2800000 1776600 1875000 1799001
V1 1875000 1799001 669436 1799001
V1 669436 1799001 650922 1780487
Net26 5 
V1 3136400 1723800 3131600 1719000
V1 3131600 1719000 2800000 1719000
V1 2800000 1719000 1875000 1743454
V1 1875000 1743454 336021 1743454
V1 336021 1743454 317507 1724940
Net37 5 
V1 3175370 1680600 3170570 1685400
V1 3170570 1685400 2800000 1685400
V1 2800000 1685400 1875000 1681742
V1 1875000 1681742 646487 1681742
V1 646487 1681742 603290 1724940
Net38 5 
V1 3331252 1680600 3321652 1690200
V1 3321652 1690200 2800000 1690200
V1 2800000 1690200 1875000 1687913
V1 1875000 1687913 830846 1687913
V1 830846 1687913 793820 1724940
Net39 5 
V1 3487140 1680600 3472740 1695000
V1 3472740 1695000 2800000 1695000
V1 2800000 1695000 1875000 1694085
V1 1875000 1694085 919935 1694085
V1 919935 1694085 889080 1724940
Net40 5 
V1 3643020 1680600 3623820 1699800
V1 3623820 1699800 2800000 1699800
V1 2800000 1699800 1875000 1700256
V1 1875000 1700256 1104293 1700256
V1 1104293 1700256 1079610 1724940
Net41 5 
V1 3720970 1680600 3696970 1704600
V1 3696970 1704600 2800000 1704600
V1 2800000 1704600 1875000 1706427
V1 1875000 1706427 1193382 1706427
V1 1193382 1706427 1174870 1724940
Net42 5 
V1 3798910 1680600 3770110 1709400
V1 3770110 1709400 2800000 1709400
V1 2800000 1709400 1875000 1712598
V1 1875000 1712598 1377738 1712598
V1 1377738 1712598 1365397 1724940
Net43 5 
V1 3876850 1680600 3843250 1714200
V1 3843250 1714200 2800000 1714200
V1 2800000 1714200 1875000 1718770
V1 1875000 1718770 1466830 1718770
V1 1466830 1718770 1460660 1724940
Net44 5 
V1 3214340 1637400 3205700 1646040
V1 3205700 1646040 2800000 1646040
V1 2800000 1646040 1875000 1636077
V1 1875000 1636077 398463 1636077
V1 398463 1636077 365140 1669400
Net45 5 
V1 3292280 1637400 3275000 1654680
V1 3275000 1654680 2800000 1654680
V1 2800000 1654680 1875000 1647185
V1 1875000 1647185 482614 1647185
V1 482614 1647185 460400 1669400
Net46 5 
V1 3370227 1637400 3344307 1663320
V1 3344307 1663320 2800000 1663320
V1 2800000 1663320 1875000 1658294
V1 1875000 1658294 662028 1658294
V1 662028 1658294 650922 1669400
Net47 5 
V1 3448170 1637400 3413610 1671960
V1 3413610 1671960 2800000 1671960
V1 2800000 1671960 1875000 1675571
V1 1875000 1675571 752361 1675571
V1 752361 1675571 746190 1669400
Net62 5 
V1 3136400 1551000 3122000 1536600
V1 3122000 1536600 2800000 1536600
V1 2800000 1536600 1875000 1569421
V1 1875000 1569421 471508 1569421
V1 471508 1569421 460400 1558312
Net63 5 
V1 3292280 1551000 3263480 1522200
V1 3263480 1522200 2800000 1522200
V1 2800000 1522200 1875000 1547204
V1 1875000 1547204 566768 1547204
V1 566768 1547204 555660 1558312
Net67 5 
V1 3604050 1551000 3595410 1559640
V1 3595410 1559640 2800000 1559640
V1 2800000 1559640 1875000 1580529
V1 1875000 1580529 1303460 1580529
V1 1303460 1580529 1270130 1613860
Net68 5 
V1 3759940 1551000 3742660 1568280
V1 3742660 1568280 2800000 1568280
V1 2800000 1568280 1875000 1591638
V1 1875000 1591638 1387619 1591638
V1 1387619 1591638 1365397 1613860
Net69 5 
V1 3837880 1551000 3811960 1576920
V1 3811960 1576920 2800000 1576920
V1 2800000 1576920 1875000 1602746
V1 1875000 1602746 1471773 1602746
V1 1471773 1602746 1460660 1613860
Net70 5 
V1 3993762 1551000 3959202 1585560
V1 3959202 1585560 2800000 1585560
V1 2800000 1585560 1875000 1624968
V1 1875000 1624968 314301 1624968
V1 314301 1624968 269870 1669400
Net72 5 
V1 3175370 1507800 3164570 1497000
V1 3164570 1497000 2800000 1497000
V1 2800000 1497000 1875000 1536095
V1 1875000 1536095 446095 1536095
V1 446095 1536095 412770 1502770
Net73 5 
V1 3253310 1507800 3231710 1486200
V1 3231710 1486200 2800000 1486200
V1 2800000 1486200 1875000 1524987
V1 1875000 1524987 530247 1524987
V1 530247 1524987 508030 1502770
Net81 5 
V1 3136400 1464600 3125600 1475400
V1 3125600 1475400 2800000 1475400
V1 2800000 1475400 1875000 1513878
V1 1875000 1513878 709668 1513878
V1 709668 1513878 698560 1502770
