Nets 32
Net13 5 
V2 3681997 1810200 3671197 1821000
V2 3671197 1821000 2800000 1821000
V2 2800000 1821000 1875000 1874909
V2 1875000 1874909 1272070 1874909
V2 1272070 1874909 1255410 1891570
Net14 5 
V2 3759940 1810200 3738340 1831800
V2 3738340 1831800 2800000 1831800
V2 2800000 1831800 1875000 1880464
V2 1875000 1880464 1443186 1880464
V2 1443186 1880464 1432080 1891570
Net15 5 
V2 3837880 1810200 3805480 1842600
V2 3805480 1842600 2800000 1842600
V2 2800000 1842600 1875000 1886018
V2 1875000 1886018 1525964 1886018
V2 1525964 1886018 1520412 1891570
Net16 5 
V2 3993762 1810200 3979362 1795800
V2 3979362 1795800 2800000 1795800
V2 2800000 1795800 1875000 1869355
V2 1875000 1869355 394277 1869355
V2 394277 1869355 372062 1891570
Net20 5 
V2 3487140 1767000 3472740 1781400
V2 3472740 1781400 2800000 1781400
V2 2800000 1781400 1875000 1863801
V2 1875000 1863801 1150681 1863801
V2 1150681 1863801 1122910 1836030
Net21 5 
V2 3565080 1767000 3557880 1759800
V2 3557880 1759800 2800000 1759800
V2 2800000 1759800 1875000 1858247
V2 1875000 1858247 1233457 1858247
V2 1233457 1858247 1211240 1836030
Net22 5 
V2 3643020 1767000 3628620 1752600
V2 3628620 1752600 2800000 1752600
V2 2800000 1752600 1875000 1852692
V2 1875000 1852692 1316242 1852692
V2 1316242 1852692 1299580 1836030
Net23 5 
V2 3798910 1767000 3777310 1745400
V2 3777310 1745400 2800000 1745400
V2 2800000 1745400 1875000 1847138
V2 1875000 1847138 1399018 1847138
V2 1399018 1847138 1387910 1836030
Net24 5 
V2 3876850 1767000 3848050 1738200
V2 3848050 1738200 2800000 1738200
V2 2800000 1738200 1875000 1841584
V2 1875000 1841584 1481804 1841584
V2 1481804 1841584 1476250 1836030
Net27 5 
V2 3214340 1723800 3210020 1719480
V2 3210020 1719480 2800000 1719480
V2 2800000 1719480 1875000 1822144
V2 1875000 1822144 855396 1822144
V2 855396 1822144 813740 1780487
Net28 5 
V2 3292280 1723800 3283640 1715160
V2 3283640 1715160 2800000 1715160
V2 2800000 1715160 1875000 1815201
V2 1875000 1815201 936783 1815201
V2 936783 1815201 902070 1780487
Net29 5 
V2 3370227 1723800 3357267 1710840
V2 3357267 1710840 2800000 1710840
V2 2800000 1710840 1875000 1808258
V2 1875000 1808258 1018181 1808258
V2 1018181 1808258 990410 1780487
Net30 5 
V2 3526110 1723800 3508830 1706520
V2 3508830 1706520 2800000 1706520
V2 2800000 1706520 1875000 1801315
V2 1875000 1801315 1099568 1801315
V2 1099568 1801315 1078740 1780487
Net31 5 
V2 3604050 1723800 3582450 1702200
V2 3582450 1702200 2800000 1702200
V2 2800000 1702200 1875000 1794373
V2 1875000 1794373 1269295 1794373
V2 1269295 1794373 1255410 1780487
Net32 5 
V2 3681997 1723800 3656077 1697880
V2 3656077 1697880 2800000 1697880
V2 2800000 1697880 1875000 1787430
V2 1875000 1787430 1350690 1787430
V2 1350690 1787430 1343747 1780487
Net33 5 
V2 3837880 1723800 3807640 1693560
V2 3807640 1693560 2800000 1693560
V2 2800000 1693560 1875000 1761968
V2 1875000 1761968 1538932 1761968
V2 1538932 1761968 1520412 1780487
Net34 5 
V2 3915820 1723800 3908620 1731000
V2 3908620 1731000 2800000 1731000
V2 2800000 1731000 1875000 1829086
V2 1875000 1829086 1571523 1829086
V2 1571523 1829086 1564580 1836030
Net35 5 
V2 3993762 1723800 3959202 1689240
V2 3959202 1689240 2800000 1689240
V2 2800000 1689240 1875000 1743454
V2 1875000 1743454 409096 1743454
V2 409096 1743454 372062 1780487
Net36 5 
V2 3097430 1680600 3093110 1684920
V2 3093110 1684920 2800000 1684920
V2 2800000 1684920 1875000 1697171
V2 1875000 1697171 620668 1697171
V2 620668 1697171 592900 1724940
Net60 5 
V2 3876850 1594200 3855250 1615800
V2 3855250 1615800 2800000 1615800
V2 2800000 1615800 1875000 1650888
V2 1875000 1650888 1538924 1650888
V2 1538924 1650888 1520412 1669400
Net61 5 
V2 3954790 1594200 3940390 1579800
V2 3940390 1579800 2800000 1579800
V2 2800000 1579800 1875000 1632374
V2 1875000 1632374 346414 1632374
V2 346414 1632374 327900 1613860
Net64 5 
V2 3370227 1551000 3355827 1565400
V2 3355827 1565400 2800000 1565400
V2 2800000 1565400 1875000 1599969
V2 1875000 1599969 767056 1599969
V2 767056 1599969 725400 1558312
Net65 5 
V2 3448170 1551000 3443850 1546680
V2 3443850 1546680 2800000 1546680
V2 2800000 1546680 1875000 1586083
V2 1875000 1586083 841511 1586083
V2 841511 1586083 813740 1558312
Net66 5 
V2 3526110 1551000 3517470 1542360
V2 3517470 1542360 2800000 1542360
V2 2800000 1542360 1875000 1572198
V2 1875000 1572198 915955 1572198
V2 915955 1572198 902070 1558312
Net71 5 
V2 3097430 1507800 3093110 1512120
V2 3093110 1512120 2800000 1512120
V2 2800000 1512120 1875000 1484255
V2 1875000 1484255 434744 1484255
V2 434744 1484255 416230 1502770
Net74 5 
V2 3331252 1507800 3322612 1516440
V2 3322612 1516440 2800000 1516440
V2 2800000 1516440 1875000 1510704
V2 1875000 1510704 1038018 1510704
V2 1038018 1510704 990410 1558312
Net75 5 
V2 3487140 1507800 3474180 1520760
V2 3474180 1520760 2800000 1520760
V2 2800000 1520760 1875000 1518639
V2 1875000 1518639 1118413 1518639
V2 1118413 1518639 1078740 1558312
Net76 5 
V2 3643020 1507800 3625740 1525080
V2 3625740 1525080 2800000 1525080
V2 2800000 1525080 1875000 1526573
V2 1875000 1526573 1198819 1526573
V2 1198819 1526573 1167080 1558312
Net77 5 
V2 3720970 1507800 3699370 1529400
V2 3699370 1529400 2800000 1529400
V2 2800000 1529400 1875000 1534508
V2 1875000 1534508 1279214 1534508
V2 1279214 1534508 1255410 1558312
Net78 5 
V2 3798910 1507800 3772990 1533720
V2 3772990 1533720 2800000 1533720
V2 2800000 1533720 1875000 1542442
V2 1875000 1542442 1447950 1542442
V2 1447950 1542442 1432080 1558312
Net79 5 
V2 3876850 1507800 3846610 1538040
V2 3846610 1538040 2800000 1538040
V2 2800000 1538040 1875000 1550377
V2 1875000 1550377 1528348 1550377
V2 1528348 1550377 1520412 1558312
Net80 5 
V2 3954790 1507800 3933190 1486200
V2 3933190 1486200 2800000 1486200
V2 2800000 1486200 1875000 1465741
V2 1875000 1465741 364928 1465741
V2 364928 1465741 327900 1502770
