Nets 28
Net0 5 
V1 3119080 1847230 3107971 1858338
V1 3107971 1858338 2800000 1858338
V1 2800000 1858338 1875000 1856024
V1 1875000 1856024 1333306 1856024
V1 1333306 1856024 1312570 1876760
Net1 5 
V1 3309602 1847230 3287385 1869447
V1 3287385 1869447 2800000 1869447
V1 2800000 1869447 1875000 1861208
V1 1875000 1861208 1435509 1861208
V1 1435509 1861208 1419957 1876760
Net2 5 
V1 3404870 1847230 3371544 1880555
V1 3371544 1880555 2800000 1880555
V1 2800000 1880555 1875000 1866392
V1 1875000 1866392 1537708 1866392
V1 1537708 1866392 1527340 1876760
Net3 5 
V1 3595390 1847230 3550956 1891664
V1 3550956 1891664 2800000 1891664
V1 2800000 1891664 1875000 1871576
V1 1875000 1871576 1586224 1871576
V1 1586224 1871576 1581040 1876760
Net6 5 
V1 4166970 1847230 4155861 1836121
V1 4155861 1836121 2800000 1836121
V1 2800000 1836121 1875000 1816280
V1 1875000 1816280 1482290 1816280
V1 1482290 1816280 1473650 1824920
Net9 5 
V1 4452760 1847230 4430543 1825013
V1 4430543 1825013 2800000 1825013
V1 2800000 1825013 1875000 1807640
V1 1875000 1807640 1276152 1807640
V1 1276152 1807640 1258872 1824920
Net17 5 
V1 3928810 1791687 3917701 1802796
V1 3917701 1802796 2800000 1802796
V1 2800000 1802796 1875000 1755800
V1 1875000 1755800 1490930 1755800
V1 1490930 1755800 1473650 1773080
Net20 5 
V1 4214600 1791687 4192383 1813904
V1 4192383 1813904 2800000 1813904
V1 2800000 1813904 1875000 1764440
V1 1875000 1764440 1589680 1764440
V1 1589680 1764440 1581040 1773080
Net26 5 
V1 3500130 1736140 3472353 1763916
V1 3472353 1763916 2800000 1763916
V1 2800000 1763916 1875000 1714760
V1 1875000 1714760 1372740 1714760
V1 1372740 1714760 1366260 1721240
Net33 5 
V1 4452760 1736140 4438874 1722254
V1 4438874 1722254 2800000 1722254
V1 2800000 1722254 1875000 1708280
V1 1875000 1708280 1271832 1708280
V1 1271832 1708280 1258872 1721240
Net35 5 
V1 3357237 1680600 3343354 1694483
V1 3343354 1694483 2800000 1694483
V1 2800000 1694483 1875000 1682360
V1 1875000 1682360 1352377 1682360
V1 1352377 1682360 1339417 1695320
Net37 5 
V1 3643020 1680600 3615251 1708369
V1 3615251 1708369 2800000 1708369
V1 2800000 1708369 1875000 1701800
V1 1875000 1701800 1453280 1701800
V1 1453280 1701800 1446800 1695320
Net45 5 
V1 3309602 1625060 3300347 1634315
V1 3300347 1634315 2800000 1634315
V1 2800000 1634315 1875000 1633112
V1 1875000 1633112 1403478 1633112
V1 1403478 1633112 1393110 1643480
Net46 5 
V1 3500130 1625060 3481618 1643572
V1 3481618 1643572 2800000 1643572
V1 2800000 1643572 1875000 1638296
V1 1875000 1638296 1451984 1638296
V1 1451984 1638296 1446800 1643480
Net47 5 
V1 3595390 1625060 3567621 1652829
V1 3567621 1652829 2800000 1652829
V1 2800000 1652829 1875000 1649960
V1 1875000 1649960 1332010 1649960
V1 1332010 1649960 1312570 1669400
Net48 5 
V1 3785920 1625060 3748894 1662086
V1 3748894 1662086 2800000 1662086
V1 2800000 1662086 1875000 1656440
V1 1875000 1656440 1432917 1656440
V1 1432917 1656440 1419957 1669400
Net49 5 
V1 3881180 1625060 3834897 1671343
V1 3834897 1671343 2800000 1671343
V1 2800000 1671343 1875000 1662920
V1 1875000 1662920 1480130 1662920
V1 1480130 1662920 1473650 1669400
Net54 5 
V1 3166710 1569512 3159767 1562569
V1 3159767 1562569 2800000 1562569
V1 2800000 1562569 1875000 1627928
V1 1875000 1627928 1376628 1627928
V1 1376628 1627928 1366260 1617560
Net55 5 
V1 3357237 1569512 3343352 1555627
V1 3343352 1555627 2800000 1555627
V1 2800000 1555627 1875000 1622744
V1 1875000 1622744 1478834 1622744
V1 1478834 1622744 1473650 1617560
Net56 5 
V1 3452500 1569512 3431671 1548684
V1 3431671 1548684 2800000 1548684
V1 2800000 1548684 1875000 1608920
V1 1875000 1608920 1517777 1608920
V1 1517777 1608920 1500497 1591640
Net57 5 
V1 3643020 1569512 3615249 1541741
V1 3615249 1541741 2800000 1541741
V1 2800000 1541741 1875000 1600280
V1 1875000 1600280 1616520 1600280
V1 1616520 1600280 1607880 1591640
Net62 5 
V1 4214600 1569512 4179886 1534798
V1 4179886 1534798 2800000 1534798
V1 2800000 1534798 1875000 1578680
V1 1875000 1578680 1540300 1578680
V1 1540300 1578680 1527340 1565720
Net63 5 
V1 4309860 1569512 4268203 1527856
V1 4268203 1527856 2800000 1527856
V1 2800000 1527856 1875000 1552760
V1 1875000 1552760 1594000 1552760
V1 1594000 1552760 1581040 1565720
Net71 5 
V1 3881180 1513970 3874236 1520913
V1 3874236 1520913 2800000 1520913
V1 2800000 1520913 1875000 1505240
V1 1875000 1505240 1428597 1505240
V1 1428597 1505240 1419957 1513880
Net77 5 
V1 4452760 1513970 4441651 1502861
V1 4441651 1502861 2800000 1502861
V1 2800000 1502861 1875000 1496600
V1 1875000 1496600 1276152 1496600
V1 1276152 1496600 1258872 1513880
Net84 5 
V1 4024077 1458430 4012971 1469536
V1 4012971 1469536 2800000 1469536
V1 2800000 1469536 1875000 1468520
V1 1875000 1468520 1412550 1468520
V1 1412550 1468520 1393110 1487960
Net85 5 
V1 4119340 1458430 4097125 1480644
V1 4097125 1480644 2800000 1480644
V1 2800000 1480644 1875000 1475000
V1 1875000 1475000 1513457 1475000
V1 1513457 1475000 1500497 1487960
Net86 5 
V1 4309860 1458430 4276537 1491753
V1 4276537 1491753 2800000 1491753
V1 2800000 1491753 1875000 1481480
V1 1875000 1481480 1614360 1481480
V1 1614360 1481480 1607880 1487960
