Nets 42
Net0 5 
V1 3082270 1853400 3073630 1862040
V1 3073630 1862040 2800000 1862040
V1 2800000 1862040 1875000 1859480
V1 1875000 1859480 1329850 1859480
V1 1329850 1859480 1312570 1876760
Net1 5 
V1 3213910 1853400 3196630 1870680
V1 3196630 1870680 2800000 1870680
V1 2800000 1870680 1875000 1863800
V1 1875000 1863800 1432917 1863800
V1 1432917 1863800 1419957 1876760
Net2 5 
V1 3279730 1853400 3253810 1879320
V1 3253810 1879320 2800000 1879320
V1 2800000 1879320 1875000 1868120
V1 1875000 1868120 1535980 1868120
V1 1535980 1868120 1527340 1876760
Net3 5 
V1 3411360 1853400 3376800 1887960
V1 3376800 1887960 2800000 1887960
V1 2800000 1887960 1875000 1872440
V1 1875000 1872440 1585360 1872440
V1 1585360 1872440 1581040 1876760
Net6 5 
V1 3806270 1853400 3800098 1847228
V1 3800098 1847228 2800000 1847228
V1 2800000 1847228 1875000 1855160
V1 1875000 1855160 1280472 1855160
V1 1280472 1855160 1258872 1876760
Net7 5 
V1 3115180 1810200 3109007 1816372
V1 3109007 1816372 2800000 1816372
V1 2800000 1816372 1875000 1829240
V1 1875000 1829240 1316890 1829240
V1 1316890 1829240 1312570 1824920
Net8 5 
V1 3181000 1810200 3172360 1801560
V1 3172360 1801560 2800000 1801560
V1 2800000 1801560 1875000 1811960
V1 1875000 1811960 1379220 1811960
V1 1379220 1811960 1366260 1824920
Net9 5 
V1 3246820 1810200 3234476 1822543
V1 3234476 1822543 2800000 1822543
V1 2800000 1822543 1875000 1833560
V1 1875000 1833560 1356697 1833560
V1 1356697 1833560 1339417 1850840
Net10 5 
V1 3312637 1810200 3294122 1828715
V1 3294122 1828715 2800000 1828715
V1 2800000 1828715 1875000 1837880
V1 1875000 1837880 1406070 1837880
V1 1406070 1837880 1393110 1850840
Net11 5 
V1 3378450 1810200 3353763 1834886
V1 3353763 1834886 2800000 1834886
V1 2800000 1834886 1875000 1842200
V1 1875000 1842200 1455440 1842200
V1 1455440 1842200 1446800 1850840
Net12 5 
V1 3510090 1810200 3479232 1841057
V1 3479232 1841057 2800000 1841057
V1 2800000 1841057 1875000 1846520
V1 1875000 1846520 1504817 1846520
V1 1504817 1846520 1500497 1850840
Net17 5 
V1 3082270 1767000 3075070 1759800
V1 3075070 1759800 2800000 1759800
V1 2800000 1759800 1875000 1778264
V1 1875000 1778264 1360153 1778264
V1 1360153 1778264 1339417 1799000
Net18 5 
V1 3148090 1767000 3139450 1775640
V1 3139450 1775640 2800000 1775640
V1 2800000 1775640 1875000 1783448
V1 1875000 1783448 1408662 1783448
V1 1408662 1783448 1393110 1799000
Net19 5 
V1 3279730 1767000 3262450 1784280
V1 3262450 1784280 2800000 1784280
V1 2800000 1784280 1875000 1788632
V1 1875000 1788632 1457168 1788632
V1 1457168 1788632 1446800 1799000
Net20 5 
V1 3411360 1767000 3385440 1792920
V1 3385440 1792920 2800000 1792920
V1 2800000 1792920 1875000 1793816
V1 1875000 1793816 1505681 1793816
V1 1505681 1793816 1500497 1799000
Net22 5 
V1 3543000 1767000 3528600 1752600
V1 3528600 1752600 2800000 1752600
V1 2800000 1752600 1875000 1764440
V1 1875000 1764440 1535980 1764440
V1 1535980 1764440 1527340 1773080
Net26 5 
V1 3115180 1723800 3104380 1713000
V1 3104380 1713000 2800000 1713000
V1 2800000 1713000 1875000 1703960
V1 1875000 1703960 1329850 1703960
V1 1329850 1703960 1312570 1721240
Net27 5 
V1 3181000 1723800 3173800 1731000
V1 3173800 1731000 2800000 1731000
V1 2800000 1731000 1875000 1712600
V1 1875000 1712600 1374900 1712600
V1 1374900 1712600 1366260 1721240
Net28 5 
V1 3246820 1723800 3232420 1738200
V1 3232420 1738200 2800000 1738200
V1 2800000 1738200 1875000 1734200
V1 1875000 1734200 1406070 1734200
V1 1406070 1734200 1393110 1747160
Net30 5 
V1 3444270 1723800 3422670 1745400
V1 3422670 1745400 2800000 1745400
V1 2800000 1745400 1875000 1755800
V1 1875000 1755800 1329850 1755800
V1 1329850 1755800 1312570 1773080
Net36 5 
V1 3082270 1680600 3075070 1673400
V1 3075070 1673400 2800000 1673400
V1 2800000 1673400 1875000 1675880
V1 1875000 1675880 1358857 1675880
V1 1358857 1675880 1339417 1695320
Net39 5 
V1 3411360 1680600 3400560 1691400
V1 3400560 1691400 2800000 1691400
V1 2800000 1691400 1875000 1682360
V1 1875000 1682360 1513457 1682360
V1 1513457 1682360 1500497 1695320
Net40 5 
V1 3543000 1680600 3521400 1702200
V1 3521400 1702200 2800000 1702200
V1 2800000 1702200 1875000 1688840
V1 1875000 1688840 1614360 1688840
V1 1614360 1688840 1607880 1695320
Net45 5 
V1 3246820 1637400 3239620 1644600
V1 3239620 1644600 2800000 1644600
V1 2800000 1644600 1875000 1626200
V1 1875000 1626200 1410390 1626200
V1 1410390 1626200 1393110 1643480
Net46 5 
V1 3312637 1637400 3298237 1651800
V1 3298237 1651800 2800000 1651800
V1 2800000 1651800 1875000 1634840
V1 1875000 1634840 1455440 1634840
V1 1455440 1634840 1446800 1643480
Net47 5 
V1 3378450 1637400 3356850 1659000
V1 3356850 1659000 2800000 1659000
V1 2800000 1659000 1875000 1652120
V1 1875000 1652120 1329850 1652120
V1 1329850 1652120 1312570 1669400
Net51 5 
V1 3773360 1637400 3744560 1666200
V1 3744560 1666200 2800000 1666200
V1 2800000 1666200 1875000 1660760
V1 1875000 1660760 1589680 1660760
V1 1589680 1660760 1581040 1669400
Net52 5 
V1 3082270 1594200 3073630 1602840
V1 3073630 1602840 2800000 1602840
V1 2800000 1602840 1875000 1596824
V1 1875000 1596824 1333306 1596824
V1 1333306 1596824 1312570 1617560
Net53 5 
V1 3148090 1594200 3130810 1611480
V1 3130810 1611480 2800000 1611480
V1 2800000 1611480 1875000 1602008
V1 1875000 1602008 1381812 1602008
V1 1381812 1602008 1366260 1617560
Net54 5 
V1 3279730 1594200 3253810 1620120
V1 3253810 1620120 2800000 1620120
V1 2800000 1620120 1875000 1607192
V1 1875000 1607192 1484018 1607192
V1 1484018 1607192 1473650 1617560
Net56 5 
V1 3477180 1594200 3466380 1583400
V1 3466380 1583400 2800000 1583400
V1 2800000 1583400 1875000 1578680
V1 1875000 1578680 1620840 1578680
V1 1620840 1578680 1607880 1591640
Net58 5 
V1 3608817 1594200 3574257 1628760
V1 3574257 1628760 2800000 1628760
V1 2800000 1628760 1875000 1612376
V1 1875000 1612376 1532524 1612376
V1 1532524 1612376 1527340 1617560
Net63 5 
V1 3246820 1551000 3236020 1561800
V1 3236020 1561800 2800000 1561800
V1 2800000 1561800 1875000 1552760
V1 1875000 1552760 1325530 1552760
V1 1325530 1552760 1312570 1565720
Net66 5 
V1 3444270 1551000 3422670 1572600
V1 3422670 1572600 2800000 1572600
V1 2800000 1572600 1875000 1559240
V1 1875000 1559240 1372740 1559240
V1 1372740 1559240 1366260 1565720
Net75 5 
V1 3411360 1507800 3405187 1513972
V1 3405187 1513972 2800000 1513972
V1 2800000 1513972 1875000 1500920
V1 1875000 1500920 1486610 1500920
V1 1486610 1500920 1473650 1513880
Net76 5 
V1 3543000 1507800 3530656 1520143
V1 3530656 1520143 2800000 1520143
V1 2800000 1520143 1875000 1505240
V1 1875000 1505240 1535980 1505240
V1 1535980 1505240 1527340 1513880
Net77 5 
V1 3608817 1507800 3590302 1526315
V1 3590302 1526315 2800000 1526315
V1 2800000 1526315 1875000 1509560
V1 1875000 1509560 1585360 1509560
V1 1585360 1509560 1581040 1513880
Net78 5 
V1 3674630 1507800 3649943 1532486
V1 3649943 1532486 2800000 1532486
V1 2800000 1532486 1875000 1522520
V1 1875000 1522520 1571470 1522520
V1 1571470 1522520 1554190 1539800
Net79 5 
V1 3740450 1507800 3709592 1538657
V1 3709592 1538657 2800000 1538657
V1 2800000 1538657 1875000 1531160
V1 1875000 1531160 1616520 1531160
V1 1616520 1531160 1607880 1539800
Net80 5 
V1 3806270 1507800 3769241 1544828
V1 3769241 1544828 2800000 1544828
V1 2800000 1544828 1875000 1546280
V1 1875000 1546280 1278312 1546280
V1 1278312 1546280 1258872 1565720
Net81 5 
V1 3115180 1464600 3100780 1479000
V1 3100780 1479000 2800000 1479000
V1 2800000 1479000 1875000 1492280
V1 1875000 1492280 1334170 1492280
V1 1334170 1492280 1312570 1513880
Net82 5 
V1 3246820 1464600 3218020 1493400
V1 3218020 1493400 2800000 1493400
V1 2800000 1493400 1875000 1496600
V1 1875000 1496600 1383540 1496600
V1 1383540 1496600 1366260 1513880
