Nets 51
Net9 5 
M2 4399930 1847230 4372158 1875001
M2 4372158 1875001 2800000 1875001
M2 2800000 1875001 1875000 1863801
M2 1875000 1863801 348738 1863801
M2 348738 1863801 320970 1891570
Net12 5 
M2 3436040 1791687 3430990 1796737
M2 3430990 1796737 2800000 1796737
M2 2800000 1796737 1875000 1785536
M2 1875000 1785536 600960 1785536
M2 600960 1785536 550467 1836030
Net13 5 
M2 3527840 1791687 3517740 1801786
M2 3517740 1801786 2800000 1801786
M2 2800000 1801786 1875000 1790586
M2 1875000 1790586 687706 1790586
M2 687706 1790586 642262 1836030
Net14 5 
M2 3619640 1791687 3604491 1806836
M2 3604491 1806836 2800000 1806836
M2 2800000 1806836 1875000 1795635
M2 1875000 1795635 774454 1795635
M2 774454 1795635 734060 1836030
Net15 5 
M2 3711440 1791687 3691242 1811885
M2 3691242 1811885 2800000 1811885
M2 2800000 1811885 1875000 1800684
M2 1875000 1800684 861205 1800684
M2 861205 1800684 825860 1836030
Net16 5 
M2 3803240 1791687 3777993 1816934
M2 3777993 1816934 2800000 1816934
M2 2800000 1816934 1875000 1805733
M2 1875000 1805733 1131556 1805733
M2 1131556 1805733 1101260 1836030
Net17 5 
M2 3895040 1791687 3864743 1821983
M2 3864743 1821983 2800000 1821983
M2 2800000 1821983 1875000 1810783
M2 1875000 1810783 1218307 1810783
M2 1218307 1810783 1193060 1836030
Net18 5 
M2 3986837 1791687 3951492 1827033
M2 3951492 1827033 2800000 1827033
M2 2800000 1827033 1875000 1815832
M2 1875000 1815832 1305055 1815832
M2 1305055 1815832 1284857 1836030
Net19 5 
M2 4078632 1791687 4038237 1832082
M2 4038237 1832082 2800000 1832082
M2 2800000 1832082 1875000 1820881
M2 1875000 1820881 1391801 1820881
M2 1391801 1820881 1376652 1836030
Net20 5 
M2 4170430 1791687 4124986 1837131
M2 4124986 1837131 2800000 1837131
M2 2800000 1837131 1875000 1825930
M2 1875000 1825930 1478549 1825930
M2 1478549 1825930 1468450 1836030
Net21 5 
M2 4262230 1791687 4211736 1842180
M2 4211736 1842180 2800000 1842180
M2 2800000 1842180 1875000 1830980
M2 1875000 1830980 1565300 1830980
M2 1565300 1830980 1560250 1836030
Net25 5 
M2 3390142 1736140 3383965 1742317
M2 3383965 1742317 2800000 1742317
M2 2800000 1742317 1875000 1731111
M2 1875000 1731111 737538 1731111
M2 737538 1731111 688162 1780487
Net26 5 
M2 3481940 1736140 3469591 1748488
M2 3469591 1748488 2800000 1748488
M2 2800000 1748488 1875000 1737282
M2 1875000 1737282 823165 1737282
M2 823165 1737282 779960 1780487
Net27 5 
M2 3573740 1736140 3555220 1754660
M2 3555220 1754660 2800000 1754660
M2 2800000 1754660 1875000 1743453
M2 1875000 1743453 908793 1743453
M2 908793 1743453 871760 1780487
Net28 5 
M2 3757340 1736140 3732648 1760831
M2 3732648 1760831 2800000 1760831
M2 2800000 1760831 1875000 1749625
M2 1875000 1749625 994422 1749625
M2 994422 1749625 963560 1780487
Net29 5 
M2 3849140 1736140 3818277 1767002
M2 3818277 1767002 2800000 1767002
M2 2800000 1767002 1875000 1755796
M2 1875000 1755796 1080051 1755796
M2 1080051 1755796 1055360 1780487
Net30 5 
M2 4032737 1736140 3995703 1773173
M2 3995703 1773173 2800000 1773173
M2 2800000 1773173 1875000 1761967
M2 1875000 1761967 1257480 1761967
M2 1257480 1761967 1238960 1780487
Net31 5 
M2 4124532 1736140 4081327 1779345
M2 4081327 1779345 2800000 1779345
M2 2800000 1779345 1875000 1768138
M2 1875000 1768138 1343101 1768138
M2 1343101 1768138 1330752 1780487
Net32 5 
M2 4308130 1736140 4258753 1785516
M2 4258753 1785516 2800000 1785516
M2 2800000 1785516 1875000 1774310
M2 1875000 1774310 1520527 1774310
M2 1520527 1774310 1514350 1780487
Net36 5 
M2 3436040 1680600 3429099 1687540
M2 3429099 1687540 2800000 1687540
M2 2800000 1687540 1875000 1676342
M2 1875000 1676342 690859 1676342
M2 690859 1676342 642262 1724940
Net37 5 
M2 3619640 1680600 3605756 1694483
M2 3605756 1694483 2800000 1694483
M2 2800000 1694483 1875000 1683285
M2 1875000 1683285 867514 1683285
M2 867514 1683285 825860 1724940
Net38 5 
M2 3711440 1680600 3690613 1701426
M2 3690613 1701426 2800000 1701426
M2 2800000 1701426 1875000 1690228
M2 1875000 1690228 952371 1690228
M2 952371 1690228 917660 1724940
Net39 5 
M2 3895040 1680600 3867271 1708369
M2 3867271 1708369 2800000 1708369
M2 2800000 1708369 1875000 1697171
M2 1875000 1697171 1129029 1697171
M2 1129029 1697171 1101260 1724940
Net40 5 
M2 3986837 1680600 3952125 1715311
M2 3952125 1715311 2800000 1715311
M2 2800000 1715311 1875000 1704113
M2 1875000 1704113 1213886 1704113
M2 1213886 1704113 1193060 1724940
Net41 5 
M2 4170430 1680600 4128775 1722254
M2 4128775 1722254 2800000 1722254
M2 2800000 1722254 1875000 1711056
M2 1875000 1711056 1390536 1711056
M2 1390536 1711056 1376652 1724940
Net42 5 
M2 4262230 1680600 4213632 1729197
M2 4213632 1729197 2800000 1729197
M2 2800000 1729197 1875000 1717999
M2 1875000 1717999 1475390 1717999
M2 1475390 1717999 1468450 1724940
Net46 5 
M2 3481940 1625060 3474999 1632000
M2 3474999 1632000 2800000 1632000
M2 2800000 1632000 1875000 1620802
M2 1875000 1620802 736759 1620802
M2 736759 1620802 688162 1669400
Net47 5 
M2 3573740 1625060 3559856 1638943
M2 3559856 1638943 2800000 1638943
M2 2800000 1638943 1875000 1627745
M2 1875000 1627745 821614 1627745
M2 821614 1627745 779960 1669400
Net48 5 
M2 3757340 1625060 3736513 1645886
M2 3736513 1645886 2800000 1645886
M2 2800000 1645886 1875000 1634688
M2 1875000 1634688 998271 1634688
M2 998271 1634688 963560 1669400
Net49 5 
M2 3849140 1625060 3821371 1652829
M2 3821371 1652829 2800000 1652829
M2 2800000 1652829 1875000 1641631
M2 1875000 1641631 1083129 1641631
M2 1083129 1641631 1055360 1669400
Net50 5 
M2 4032737 1625060 3998025 1659771
M2 3998025 1659771 2800000 1659771
M2 2800000 1659771 1875000 1648573
M2 1875000 1648573 1259786 1648573
M2 1259786 1648573 1238960 1669400
Net51 5 
M2 4124532 1625060 4082878 1666714
M2 4082878 1666714 2800000 1666714
M2 2800000 1666714 1875000 1655516
M2 1875000 1655516 1344636 1655516
M2 1344636 1655516 1330752 1669400
Net52 5 
M2 4308130 1625060 4259532 1673657
M2 4259532 1673657 2800000 1673657
M2 2800000 1673657 1875000 1662459
M2 1875000 1662459 1521290 1662459
M2 1521290 1662459 1514350 1669400
Net56 5 
M2 3436040 1569512 3429862 1575690
M2 3429862 1575690 2800000 1575690
M2 2800000 1575690 1875000 1569421
M2 1875000 1569421 686701 1569421
M2 686701 1569421 642262 1613860
Net57 5 
M2 3619640 1569512 3607291 1581861
M2 3607291 1581861 2800000 1581861
M2 2800000 1581861 1875000 1574975
M2 1875000 1574975 864744 1574975
M2 864744 1574975 825860 1613860
Net58 5 
M2 3711440 1569512 3692920 1588032
M2 3692920 1588032 2800000 1588032
M2 2800000 1588032 1875000 1580529
M2 1875000 1580529 950990 1580529
M2 950990 1580529 917660 1613860
Net59 5 
M2 3803240 1569512 3778548 1594203
M2 3778548 1594203 2800000 1594203
M2 2800000 1594203 1875000 1586083
M2 1875000 1586083 1129036 1586083
M2 1129036 1586083 1101260 1613860
Net60 5 
M2 3895040 1569512 3864177 1600375
M2 3864177 1600375 2800000 1600375
M2 2800000 1600375 1875000 1591638
M2 1875000 1591638 1215282 1591638
M2 1215282 1591638 1193060 1613860
Net61 5 
M2 3986837 1569512 3949803 1606546
M2 3949803 1606546 2800000 1606546
M2 2800000 1606546 1875000 1597192
M2 1875000 1597192 1301525 1597192
M2 1301525 1597192 1284857 1613860
Net62 5 
M2 4170430 1569512 4127225 1612717
M2 4127225 1612717 2800000 1612717
M2 2800000 1612717 1875000 1602746
M2 1875000 1602746 1387766 1602746
M2 1387766 1602746 1376652 1613860
Net63 5 
M2 4262230 1569512 4212853 1618888
M2 4212853 1618888 2800000 1618888
M2 2800000 1618888 1875000 1608300
M2 1875000 1608300 1474009 1608300
M2 1474009 1608300 1468450 1613860
Net65 5 
M2 3114750 1513970 3086978 1541741
M2 3086978 1541741 2800000 1541741
M2 2800000 1541741 1875000 1563866
M2 1875000 1563866 418324 1563866
M2 418324 1563866 412770 1558312
Net78 5 
M2 3160650 1458430 3155098 1463981
M2 3155098 1463981 2800000 1463981
M2 2800000 1463981 1875000 1453398
M2 1875000 1453398 416241 1453398
M2 416241 1453398 366870 1502770
Net80 5 
M2 3436040 1458430 3424934 1469536
M2 3424934 1469536 2800000 1469536
M2 2800000 1469536 1875000 1459570
M2 1875000 1459570 593667 1459570
M2 593667 1459570 550467 1502770
Net81 5 
M2 3527840 1458430 3511179 1475090
M2 3511179 1475090 2800000 1475090
M2 2800000 1475090 1875000 1465741
M2 1875000 1465741 771088 1465741
M2 771088 1465741 734060 1502770
Net82 5 
M2 3711440 1458430 3689225 1480644
M2 3689225 1480644 2800000 1480644
M2 2800000 1480644 1875000 1471912
M2 1875000 1471912 856717 1471912
M2 856717 1471912 825860 1502770
Net83 5 
M2 3803240 1458430 3775471 1486198
M2 3775471 1486198 2800000 1486198
M2 2800000 1486198 1875000 1478083
M2 1875000 1478083 1125946 1478083
M2 1125946 1478083 1101260 1502770
Net84 5 
M2 3986837 1458430 3953514 1491753
M2 3953514 1491753 2800000 1491753
M2 2800000 1491753 1875000 1484255
M2 1875000 1484255 1303372 1484255
M2 1303372 1484255 1284857 1502770
Net85 5 
M2 4078632 1458430 4039755 1497307
M2 4039755 1497307 2800000 1497307
M2 2800000 1497307 1875000 1490426
M2 1875000 1490426 1388996 1490426
M2 1388996 1490426 1376652 1502770
Net86 5 
M2 4262230 1458430 4217798 1502861
M2 4217798 1502861 2800000 1502861
M2 2800000 1502861 1875000 1496597
M2 1875000 1496597 1566422 1496597
M2 1566422 1496597 1560250 1502770
Net87 5 
M2 4354030 1458430 4304044 1508415
M2 4304044 1508415 2800000 1508415
M2 2800000 1508415 1875000 1530541
M2 1875000 1530541 302841 1530541
M2 302841 1530541 275070 1502770
