Nets 15
Net8 5 
M2 3308740 1836120 3300100 1844760
M2 3300100 1844760 2800000 1844760
M2 2800000 1844760 1875000 1863801
M2 1875000 1863801 991329 1863801
M2 991329 1863801 963560 1891570
Net9 5 
M2 3362430 1836120 3345150 1853400
M2 3345150 1853400 2800000 1853400
M2 2800000 1853400 1875000 1877686
M2 1875000 1877686 1161043 1877686
M2 1161043 1877686 1147160 1891570
Net10 5 
M2 3416127 1836120 3407487 1827480
M2 3407487 1827480 2800000 1827480
M2 2800000 1827480 1875000 1849915
M2 1875000 1849915 288955 1849915
M2 288955 1849915 275070 1836030
Net12 5 
M2 3120810 1810200 3112170 1818840
M2 3112170 1818840 2800000 1818840
M2 2800000 1818840 1875000 1817515
M2 1875000 1817515 477184 1817515
M2 477184 1817515 458670 1836030
Net16 5 
M2 3093960 1784280 3081000 1797240
M2 3081000 1797240 2800000 1797240
M2 2800000 1797240 1875000 1799001
M2 1875000 1799001 431284 1799001
M2 431284 1799001 412770 1780487
Net28 5 
M2 3147660 1732440 3141180 1738920
M2 3141180 1738920 2800000 1738920
M2 2800000 1738920 1875000 1738825
M2 1875000 1738825 913422 1738825
M2 913422 1738825 871760 1780487
Net29 5 
M2 3201350 1732440 3188390 1745400
M2 3188390 1745400 2800000 1745400
M2 2800000 1745400 1875000 1752711
M2 1875000 1752711 1358529 1752711
M2 1358529 1752711 1330752 1780487
Net30 5 
M2 3308740 1732440 3289300 1751880
M2 3289300 1751880 2800000 1751880
M2 2800000 1751880 1875000 1766596
M2 1875000 1766596 1528241 1766596
M2 1528241 1766596 1514350 1780487
Net32 5 
M2 3416127 1732440 3403167 1719480
M2 3403167 1719480 2800000 1719480
M2 2800000 1719480 1875000 1697171
M2 1875000 1697171 302838 1697171
M2 302838 1697171 275070 1724940
Net44 5 
M2 3067120 1654680 3054160 1667640
M2 3054160 1667640 2800000 1667640
M2 2800000 1667640 1875000 1641631
M2 1875000 1641631 807728 1641631
M2 807728 1641631 779960 1669400
Net52 5 
M2 3308740 1628760 3295780 1641720
M2 3295780 1641720 2800000 1641720
M2 2800000 1641720 1875000 1595340
M2 1875000 1595340 1211579 1595340
M2 1211579 1595340 1193060 1613860
Net54 5 
M2 3416127 1628760 3407487 1620120
M2 3407487 1620120 2800000 1620120
M2 2800000 1620120 1875000 1576826
M2 1875000 1576826 312103 1576826
M2 312103 1576826 275070 1613860
Net55 5 
M2 3067120 1602840 3058480 1611480
M2 3058480 1611480 2800000 1611480
M2 2800000 1611480 1875000 1539798
M2 1875000 1539798 431284 1539798
M2 431284 1539798 412770 1558312
Net71 5 
M2 3093960 1525080 3085320 1533720
M2 3085320 1533720 2800000 1533720
M2 2800000 1533720 1875000 1474998
M2 1875000 1474998 394641 1474998
M2 394641 1474998 366870 1502770
Net76 5 
M2 3416127 1525080 3398847 1542360
M2 3398847 1542360 2800000 1542360
M2 2800000 1542360 1875000 1521284
M2 1875000 1521284 293584 1521284
M2 293584 1521284 275070 1502770
