Nets 66
Net0 5 
V1 3054130 1862040 3048946 1867224
V1 3048946 1867224 2800000 1867224
V1 2800000 1867224 1875000 1859480
V1 1875000 1859480 1329850 1859480
V1 1329850 1859480 1312570 1876760
Net1 5 
V1 3140730 1862040 3130362 1872408
V1 3130362 1872408 2800000 1872408
V1 2800000 1872408 1875000 1863800
V1 1875000 1863800 1432917 1863800
V1 1432917 1863800 1419957 1876760
Net2 5 
V1 3227330 1862040 3211778 1877592
V1 3211778 1877592 2800000 1877592
V1 2800000 1877592 1875000 1868120
V1 1875000 1868120 1535980 1868120
V1 1535980 1868120 1527340 1876760
Net3 5 
V1 3270630 1862040 3249894 1882776
V1 3249894 1882776 2800000 1882776
V1 2800000 1882776 1875000 1872440
V1 1875000 1872440 1585360 1872440
V1 1585360 1872440 1581040 1876760
Net6 5 
V1 3162380 1836120 3158060 1840440
V1 3158060 1840440 2800000 1840440
V1 2800000 1840440 1875000 1833560
V1 1875000 1833560 1464080 1833560
V1 1464080 1833560 1446800 1850840
Net7 5 
V1 3205680 1836120 3197040 1844760
V1 3197040 1844760 2800000 1844760
V1 2800000 1844760 1875000 1837880
V1 1875000 1837880 1513457 1837880
V1 1513457 1837880 1500497 1850840
Net8 5 
V1 3248980 1836120 3236020 1849080
V1 3236020 1849080 2800000 1849080
V1 2800000 1849080 1875000 1842200
V1 1875000 1842200 1562830 1842200
V1 1562830 1842200 1554190 1850840
Net9 5 
V1 3292280 1836120 3275000 1853400
V1 3275000 1853400 2800000 1853400
V1 2800000 1853400 1875000 1846520
V1 1875000 1846520 1612200 1846520
V1 1612200 1846520 1607880 1850840
Net10 5 
V1 3335582 1836120 3313982 1857720
V1 3313982 1857720 2800000 1857720
V1 2800000 1857720 1875000 1855160
V1 1875000 1855160 1280472 1855160
V1 1280472 1855160 1258872 1876760
Net11 5 
V1 3054130 1810200 3049810 1814520
V1 3049810 1814520 2800000 1814520
V1 2800000 1814520 1875000 1807640
V1 1875000 1807640 1329850 1807640
V1 1329850 1807640 1312570 1824920
Net12 5 
V1 3097430 1810200 3088790 1818840
V1 3088790 1818840 2800000 1818840
V1 2800000 1818840 1875000 1811960
V1 1875000 1811960 1379220 1811960
V1 1379220 1811960 1366260 1824920
Net13 5 
V1 3184030 1810200 3171070 1823160
V1 3171070 1823160 2800000 1823160
V1 2800000 1823160 1875000 1816280
V1 1875000 1816280 1482290 1816280
V1 1482290 1816280 1473650 1824920
Net14 5 
V1 3227330 1810200 3210050 1827480
V1 3210050 1827480 2800000 1827480
V1 2800000 1827480 1875000 1820600
V1 1875000 1820600 1531660 1820600
V1 1531660 1820600 1527340 1824920
Net15 5 
V1 3313932 1810200 3292332 1831800
V1 3292332 1831800 2800000 1831800
V1 2800000 1831800 1875000 1829240
V1 1875000 1829240 1585360 1829240
V1 1585360 1829240 1581040 1824920
Net18 5 
V1 3162380 1784280 3153740 1775640
V1 3153740 1775640 2800000 1775640
V1 2800000 1775640 1875000 1779560
V1 1875000 1779560 1466240 1779560
V1 1466240 1779560 1446800 1799000
Net19 5 
V1 3248980 1784280 3242500 1790760
V1 3242500 1790760 2800000 1790760
V1 2800000 1790760 1875000 1786040
V1 1875000 1786040 1513457 1786040
V1 1513457 1786040 1500497 1799000
Net20 5 
V1 3292280 1784280 3279320 1797240
V1 3279320 1797240 2800000 1797240
V1 2800000 1797240 1875000 1792520
V1 1875000 1792520 1614360 1792520
V1 1614360 1792520 1607880 1799000
Net21 5 
V1 3335582 1784280 3316142 1803720
V1 3316142 1803720 2800000 1803720
V1 2800000 1803720 1875000 1803320
V1 1875000 1803320 1280472 1803320
V1 1280472 1803320 1258872 1824920
Net22 5 
V1 3054130 1758360 3045490 1767000
V1 3045490 1767000 2800000 1767000
V1 2800000 1767000 1875000 1764440
V1 1875000 1764440 1321210 1764440
V1 1321210 1764440 1312570 1773080
Net27 5 
V1 3075780 1732440 3071460 1736760
V1 3071460 1736760 2800000 1736760
V1 2800000 1736760 1875000 1726424
V1 1875000 1726424 1360153 1726424
V1 1360153 1726424 1339417 1747160
Net28 5 
V1 3119080 1732440 3110440 1741080
V1 3110440 1741080 2800000 1741080
V1 2800000 1741080 1875000 1731608
V1 1875000 1731608 1408662 1731608
V1 1408662 1731608 1393110 1747160
Net29 5 
V1 3162380 1732440 3149420 1745400
V1 3149420 1745400 2800000 1745400
V1 2800000 1745400 1875000 1736792
V1 1875000 1736792 1457168 1736792
V1 1457168 1736792 1446800 1747160
Net31 5 
V1 3292280 1732440 3275000 1749720
V1 3275000 1749720 2800000 1749720
V1 2800000 1749720 1875000 1741976
V1 1875000 1741976 1613064 1741976
V1 1613064 1741976 1607880 1747160
Net32 5 
V1 3335582 1732440 3313982 1754040
V1 3313982 1754040 2800000 1754040
V1 2800000 1754040 1875000 1755800
V1 1875000 1755800 1276152 1755800
V1 1276152 1755800 1258872 1773080
Net33 5 
V1 3054130 1706520 3048946 1711704
V1 3048946 1711704 2800000 1711704
V1 2800000 1711704 1875000 1703960
V1 1875000 1703960 1329850 1703960
V1 1329850 1703960 1312570 1721240
Net35 5 
V1 3140730 1706520 3130362 1716888
V1 3130362 1716888 2800000 1716888
V1 2800000 1716888 1875000 1708280
V1 1875000 1708280 1432917 1708280
V1 1432917 1708280 1419957 1721240
Net36 5 
V1 3184030 1706520 3168478 1722072
V1 3168478 1722072 2800000 1722072
V1 2800000 1722072 1875000 1712600
V1 1875000 1712600 1482290 1712600
V1 1482290 1712600 1473650 1721240
Net38 5 
V1 3270630 1706520 3249894 1727256
V1 3249894 1727256 2800000 1727256
V1 2800000 1727256 1875000 1716920
V1 1875000 1716920 1585360 1716920
V1 1585360 1716920 1581040 1721240
Net39 5 
V1 3075780 1680600 3071460 1684920
V1 3071460 1684920 2800000 1684920
V1 2800000 1684920 1875000 1674584
V1 1875000 1674584 1360153 1674584
V1 1360153 1674584 1339417 1695320
Net40 5 
V1 3162380 1680600 3153740 1689240
V1 3153740 1689240 2800000 1689240
V1 2800000 1689240 1875000 1679768
V1 1875000 1679768 1462352 1679768
V1 1462352 1679768 1446800 1695320
Net41 5 
V1 3205680 1680600 3192720 1693560
V1 3192720 1693560 2800000 1693560
V1 2800000 1693560 1875000 1684952
V1 1875000 1684952 1510865 1684952
V1 1510865 1684952 1500497 1695320
Net42 5 
V1 3292280 1680600 3275000 1697880
V1 3275000 1697880 2800000 1697880
V1 2800000 1697880 1875000 1690136
V1 1875000 1690136 1613064 1690136
V1 1613064 1690136 1607880 1695320
Net43 5 
V1 3335582 1680600 3313982 1702200
V1 3313982 1702200 2800000 1702200
V1 2800000 1702200 1875000 1699640
V1 1875000 1699640 1280472 1699640
V1 1280472 1699640 1258872 1721240
Net45 5 
V1 3140730 1654680 3134250 1661160
V1 3134250 1661160 2800000 1661160
V1 2800000 1661160 1875000 1653848
V1 1875000 1653848 1435509 1653848
V1 1435509 1653848 1419957 1669400
Net46 5 
V1 3184030 1654680 3171070 1667640
V1 3171070 1667640 2800000 1667640
V1 2800000 1667640 1875000 1659032
V1 1875000 1659032 1484018 1659032
V1 1484018 1659032 1473650 1669400
Net47 5 
V1 3270630 1654680 3251190 1674120
V1 3251190 1674120 2800000 1674120
V1 2800000 1674120 1875000 1664216
V1 1875000 1664216 1586224 1664216
V1 1586224 1664216 1581040 1669400
Net49 5 
V1 3119080 1628760 3114760 1633080
V1 3114760 1633080 2800000 1633080
V1 2800000 1633080 1875000 1622744
V1 1875000 1622744 1413846 1622744
V1 1413846 1622744 1393110 1643480
Net50 5 
V1 3162380 1628760 3153740 1637400
V1 3153740 1637400 2800000 1637400
V1 2800000 1637400 1875000 1627928
V1 1875000 1627928 1462352 1627928
V1 1462352 1627928 1446800 1643480
Net52 5 
V1 3248980 1628760 3236020 1641720
V1 3236020 1641720 2800000 1641720
V1 2800000 1641720 1875000 1633112
V1 1875000 1633112 1564558 1633112
V1 1564558 1633112 1554190 1643480
Net53 5 
V1 3292280 1628760 3275000 1646040
V1 3275000 1646040 2800000 1646040
V1 2800000 1646040 1875000 1638296
V1 1875000 1638296 1613064 1638296
V1 1613064 1638296 1607880 1643480
Net54 5 
V1 3335582 1628760 3313982 1650360
V1 3313982 1650360 2800000 1650360
V1 2800000 1650360 1875000 1648664
V1 1875000 1648664 1279608 1648664
V1 1279608 1648664 1258872 1669400
Net55 5 
V1 3054130 1602840 3047650 1609320
V1 3047650 1609320 2800000 1609320
V1 2800000 1609320 1875000 1602008
V1 1875000 1602008 1328122 1602008
V1 1328122 1602008 1312570 1617560
Net56 5 
V1 3097430 1602840 3084470 1615800
V1 3084470 1615800 2800000 1615800
V1 2800000 1615800 1875000 1607192
V1 1875000 1607192 1376628 1607192
V1 1376628 1607192 1366260 1617560
Net57 5 
V1 3184030 1602840 3164590 1622280
V1 3164590 1622280 2800000 1622280
V1 2800000 1622280 1875000 1612376
V1 1875000 1612376 1478834 1612376
V1 1478834 1612376 1473650 1617560
Net60 5 
V1 3075780 1576920 3071460 1581240
V1 3071460 1581240 2800000 1581240
V1 2800000 1581240 1875000 1570904
V1 1875000 1570904 1360153 1570904
V1 1360153 1570904 1339417 1591640
Net62 5 
V1 3162380 1576920 3153740 1585560
V1 3153740 1585560 2800000 1585560
V1 2800000 1585560 1875000 1576088
V1 1875000 1576088 1462352 1576088
V1 1462352 1576088 1446800 1591640
Net63 5 
V1 3205680 1576920 3192720 1589880
V1 3192720 1589880 2800000 1589880
V1 2800000 1589880 1875000 1581272
V1 1875000 1581272 1510865 1581272
V1 1510865 1581272 1500497 1591640
Net64 5 
V1 3292280 1576920 3275000 1594200
V1 3275000 1594200 2800000 1594200
V1 2800000 1594200 1875000 1586456
V1 1875000 1586456 1613064 1586456
V1 1613064 1586456 1607880 1591640
Net65 5 
V1 3335582 1576920 3313982 1598520
V1 3313982 1598520 2800000 1598520
V1 2800000 1598520 1875000 1596824
V1 1875000 1596824 1279608 1596824
V1 1279608 1596824 1258872 1617560
Net66 5 
V1 3054130 1551000 3048946 1556184
V1 3048946 1556184 2800000 1556184
V1 2800000 1556184 1875000 1548440
V1 1875000 1548440 1329850 1548440
V1 1329850 1548440 1312570 1565720
Net67 5 
V1 3140730 1551000 3130362 1561368
V1 3130362 1561368 2800000 1561368
V1 2800000 1561368 1875000 1552760
V1 1875000 1552760 1379220 1552760
V1 1379220 1552760 1366260 1565720
Net69 5 
V1 3227330 1551000 3211778 1566552
V1 3211778 1566552 2800000 1566552
V1 2800000 1566552 1875000 1557080
V1 1875000 1557080 1535980 1557080
V1 1535980 1557080 1527340 1565720
Net70 5 
V1 3270630 1551000 3249894 1571736
V1 3249894 1571736 2800000 1571736
V1 2800000 1571736 1875000 1561400
V1 1875000 1561400 1585360 1561400
V1 1585360 1561400 1581040 1565720
Net73 5 
V1 3162380 1525080 3157196 1530264
V1 3157196 1530264 2800000 1530264
V1 2800000 1530264 1875000 1520360
V1 1875000 1520360 1466240 1520360
V1 1466240 1520360 1446800 1539800
Net74 5 
V1 3248980 1525080 3238612 1535448
V1 3238612 1535448 2800000 1535448
V1 2800000 1535448 1875000 1526840
V1 1875000 1526840 1567150 1526840
V1 1567150 1526840 1554190 1539800
Net75 5 
V1 3292280 1525080 3276728 1540632
V1 3276728 1540632 2800000 1540632
V1 2800000 1540632 1875000 1533320
V1 1875000 1533320 1614360 1533320
V1 1614360 1533320 1607880 1539800
Net76 5 
V1 3335582 1525080 3314846 1545816
V1 3314846 1545816 2800000 1545816
V1 2800000 1545816 1875000 1544120
V1 1875000 1544120 1280472 1544120
V1 1280472 1544120 1258872 1565720
Net77 5 
V1 3054130 1499160 3048946 1504344
V1 3048946 1504344 2800000 1504344
V1 2800000 1504344 1875000 1496600
V1 1875000 1496600 1329850 1496600
V1 1329850 1496600 1312570 1513880
Net79 5 
V1 3140730 1499160 3130362 1509528
V1 3130362 1509528 2800000 1509528
V1 2800000 1509528 1875000 1500920
V1 1875000 1500920 1432917 1500920
V1 1432917 1500920 1419957 1513880
Net80 5 
V1 3184030 1499160 3168478 1514712
V1 3168478 1514712 2800000 1514712
V1 2800000 1514712 1875000 1505240
V1 1875000 1505240 1482290 1505240
V1 1482290 1505240 1473650 1513880
Net82 5 
V1 3270630 1499160 3249894 1519896
V1 3249894 1519896 2800000 1519896
V1 2800000 1519896 1875000 1509560
V1 1875000 1509560 1585360 1509560
V1 1585360 1509560 1581040 1513880
Net83 5 
V1 3075780 1473240 3071460 1477560
V1 3071460 1477560 2800000 1477560
V1 2800000 1477560 1875000 1467224
V1 1875000 1467224 1360153 1467224
V1 1360153 1467224 1339417 1487960
Net84 5 
V1 3119080 1473240 3110440 1481880
V1 3110440 1481880 2800000 1481880
V1 2800000 1481880 1875000 1472408
V1 1875000 1472408 1408662 1472408
V1 1408662 1472408 1393110 1487960
Net85 5 
V1 3205680 1473240 3192720 1486200
V1 3192720 1486200 2800000 1486200
V1 2800000 1486200 1875000 1477592
V1 1875000 1477592 1510865 1477592
V1 1510865 1477592 1500497 1487960
Net86 5 
V1 3292280 1473240 3275000 1490520
V1 3275000 1490520 2800000 1490520
V1 2800000 1490520 1875000 1482776
V1 1875000 1482776 1613064 1482776
V1 1613064 1482776 1607880 1487960
Net87 5 
V1 3335582 1473240 3313982 1494840
V1 3313982 1494840 2800000 1494840
V1 2800000 1494840 1875000 1492280
V1 1875000 1492280 1280472 1492280
V1 1280472 1492280 1258872 1513880
