Nets 37
Net0 5 
V1 3110420 1847230 3104865 1852784
V1 3104865 1852784 2800000 1852784
V1 2800000 1852784 1875000 1849915
V1 1875000 1849915 454424 1849915
V1 454424 1849915 412770 1891570
Net1 5 
V1 3287090 1847230 3275981 1858338
V1 3275981 1858338 2800000 1858338
V1 2800000 1858338 1875000 1854544
V1 1875000 1854544 633393 1854544
V1 633393 1854544 596367 1891570
Net2 5 
V1 3375420 1847230 3358757 1863892
V1 3358757 1863892 2800000 1863892
V1 2800000 1863892 1875000 1859172
V1 1875000 1859172 720560 1859172
V1 720560 1859172 688162 1891570
Net3 5 
V1 3552090 1847230 3529873 1869447
V1 3529873 1869447 2800000 1869447
V1 2800000 1869447 1875000 1863801
V1 1875000 1863801 899529 1863801
V1 899529 1863801 871760 1891570
Net4 5 
V1 3817092 1847230 3789321 1875001
V1 3789321 1875001 2800000 1875001
V1 2800000 1875001 1875000 1868429
V1 1875000 1868429 986700 1868429
V1 986700 1868429 963560 1891570
Net5 5 
V1 3905430 1847230 3872104 1880555
V1 3872104 1880555 2800000 1880555
V1 2800000 1880555 1875000 1873058
V1 1875000 1873058 1165672 1873058
V1 1165672 1873058 1147160 1891570
Net6 5 
V1 4082100 1847230 4043220 1886109
V1 4043220 1886109 2800000 1886109
V1 2800000 1886109 1875000 1877686
V1 1875000 1877686 1252843 1877686
V1 1252843 1877686 1238960 1891570
Net7 5 
V1 4170430 1847230 4125996 1891664
V1 4125996 1891664 2800000 1891664
V1 2800000 1891664 1875000 1882315
V1 1875000 1882315 1431805 1882315
V1 1431805 1882315 1422550 1891570
Net8 5 
V1 4258770 1847230 4208781 1897218
V1 4208781 1897218 2800000 1897218
V1 2800000 1897218 1875000 1886943
V1 1875000 1886943 1518976 1886943
V1 1518976 1886943 1514350 1891570
Net10 5 
V1 3154587 1791687 3136073 1810202
V1 3136073 1810202 2800000 1810202
V1 2800000 1810202 1875000 1840658
V1 1875000 1840658 371498 1840658
V1 371498 1840658 366870 1836030
Net11 5 
V1 3242920 1791687 3224406 1773173
V1 3224406 1773173 2800000 1773173
V1 2800000 1773173 1875000 1817515
V1 1875000 1817515 477184 1817515
V1 477184 1817515 458670 1836030
Net22 5 
V1 4302937 1791687 4265909 1828716
V1 4265909 1828716 2800000 1828716
V1 2800000 1828716 1875000 1845287
V1 1875000 1845287 284327 1845287
V1 284327 1845287 275070 1836030
Net23 5 
V1 3198750 1736140 3187641 1725031
V1 3187641 1725031 2800000 1725031
V1 2800000 1725031 1875000 1769374
V1 1875000 1769374 423883 1769374
V1 423883 1769374 412770 1780487
Net24 5 
V1 3287090 1736140 3268570 1754659
V1 3268570 1754659 2800000 1754659
V1 2800000 1754659 1875000 1799001
V1 1875000 1799001 523084 1799001
V1 523084 1799001 504570 1780487
Net33 5 
V1 4347100 1736140 4324883 1713923
V1 4324883 1713923 2800000 1713923
V1 2800000 1713923 1875000 1758265
V1 1875000 1758265 343192 1758265
V1 343192 1758265 320970 1780487
Net34 5 
V1 3154587 1680600 3143481 1691706
V1 3143481 1691706 2800000 1691706
V1 2800000 1691706 1875000 1736048
V1 1875000 1736048 377978 1736048
V1 377978 1736048 366870 1724940
Net35 5 
V1 3331252 1680600 3312738 1662086
V1 3312738 1662086 2800000 1662086
V1 2800000 1662086 1875000 1706428
V1 1875000 1706428 568979 1706428
V1 568979 1706428 550467 1724940
Net43 5 
V1 4302937 1680600 4280723 1702814
V1 4280723 1702814 2800000 1702814
V1 2800000 1702814 1875000 1747157
V1 1875000 1747157 297287 1747157
V1 297287 1747157 275070 1724940
Net44 5 
V1 3198750 1625060 3187641 1613951
V1 3187641 1613951 2800000 1613951
V1 2800000 1613951 1875000 1658294
V1 1875000 1658294 423876 1658294
V1 423876 1658294 412770 1669400
Net45 5 
V1 3287090 1625060 3268578 1643572
V1 3268578 1643572 2800000 1643572
V1 2800000 1643572 1875000 1687914
V1 1875000 1687914 523084 1687914
V1 523084 1687914 504570 1669400
Net53 5 
V1 4347100 1625060 4324883 1602843
V1 4324883 1602843 2800000 1602843
V1 2800000 1602843 1875000 1647185
V1 1875000 1647185 343184 1647185
V1 343184 1647185 320970 1669400
Net54 5 
V1 3154587 1569512 3143474 1580626
V1 3143474 1580626 2800000 1580626
V1 2800000 1580626 1875000 1624968
V1 1875000 1624968 377978 1624968
V1 377978 1624968 366870 1613860
Net55 5 
V1 3331252 1569512 3326980 1565240
V1 3326980 1565240 2800000 1565240
V1 2800000 1565240 1875000 1595340
V1 1875000 1595340 568987 1595340
V1 568987 1595340 550467 1613860
Net64 5 
V1 4302937 1569512 4280715 1591734
V1 4280715 1591734 2800000 1591734
V1 2800000 1591734 1875000 1636077
V1 1875000 1636077 297287 1636077
V1 297287 1636077 275070 1613860
Net66 5 
V1 3198750 1513970 3180236 1495456
V1 3180236 1495456 2800000 1495456
V1 2800000 1495456 1875000 1511315
V1 1875000 1511315 551567 1511315
V1 551567 1511315 504570 1558312
Net67 5 
V1 3287090 1513970 3282817 1518242
V1 3282817 1518242 2800000 1518242
V1 2800000 1518242 1875000 1515587
V1 1875000 1515587 639092 1515587
V1 639092 1515587 596367 1558312
Net68 5 
V1 3375420 1513970 3366875 1522515
V1 3366875 1522515 2800000 1522515
V1 2800000 1522515 1875000 1519860
V1 1875000 1519860 726615 1519860
V1 726615 1519860 688162 1558312
Net69 5 
V1 3463760 1513970 3450942 1526787
V1 3450942 1526787 2800000 1526787
V1 2800000 1526787 1875000 1524132
V1 1875000 1524132 814140 1524132
V1 814140 1524132 779960 1558312
Net70 5 
V1 3552090 1513970 3535000 1531060
V1 3535000 1531060 2800000 1531060
V1 2800000 1531060 1875000 1528405
V1 1875000 1528405 901667 1528405
V1 901667 1528405 871760 1558312
Net71 5 
V1 3817092 1513970 3795730 1535332
V1 3795730 1535332 2800000 1535332
V1 2800000 1535332 1875000 1532677
V1 1875000 1532677 989195 1532677
V1 989195 1532677 963560 1558312
Net72 5 
V1 3905430 1513970 3879795 1539605
V1 3879795 1539605 2800000 1539605
V1 2800000 1539605 1875000 1536950
V1 1875000 1536950 1076722 1536950
V1 1076722 1536950 1055360 1558312
Net73 5 
V1 3993762 1513970 3963855 1543877
V1 3963855 1543877 2800000 1543877
V1 2800000 1543877 1875000 1541222
V1 1875000 1541222 1164250 1541222
V1 1164250 1541222 1147160 1558312
Net74 5 
V1 4082100 1513970 4047920 1548150
V1 4047920 1548150 2800000 1548150
V1 2800000 1548150 1875000 1545495
V1 1875000 1545495 1251777 1545495
V1 1251777 1545495 1238960 1558312
Net75 5 
V1 4170430 1513970 4131977 1552422
V1 4131977 1552422 2800000 1552422
V1 2800000 1552422 1875000 1549767
V1 1875000 1549767 1431095 1549767
V1 1431095 1549767 1422550 1558312
Net76 5 
V1 4258770 1513970 4216045 1556695
V1 4216045 1556695 2800000 1556695
V1 2800000 1556695 1875000 1554040
V1 1875000 1554040 1518622 1554040
V1 1518622 1554040 1514350 1558312
Net77 5 
V1 4347100 1513970 4300102 1560967
V1 4300102 1560967 2800000 1560967
V1 2800000 1560967 1875000 1576826
V1 1875000 1576826 339484 1576826
V1 339484 1576826 320970 1558312
Net79 5 
V1 3242920 1458430 3224408 1476942
V1 3224408 1476942 2800000 1476942
V1 2800000 1476942 1875000 1507042
V1 1875000 1507042 462942 1507042
V1 462942 1507042 458670 1502770
