Nets 28
Net6 5 
M2 4166970 1847230 4139198 1875001
M2 4139198 1875001 2800000 1875001
M2 2800000 1875001 1875000 1827800
M2 1875000 1827800 1475490 1827800
M2 1475490 1827800 1461090 1842200
Net9 5 
M2 4452760 1847230 4434246 1828716
M2 4434246 1828716 2800000 1828716
M2 2800000 1828716 1875000 1813400
M2 1875000 1813400 897530 1813400
M2 897530 1813400 868730 1842200
Net16 5 
M2 3833550 1791687 3815035 1810202
M2 3815035 1810202 2800000 1810202
M2 2800000 1810202 1875000 1777400
M2 1875000 1777400 1252330 1777400
M2 1252330 1777400 1230730 1799000
Net21 5 
M2 4309860 1791687 4291346 1773173
M2 4291346 1773173 2800000 1773173
M2 2800000 1773173 1875000 1741400
M2 1875000 1741400 1607130 1741400
M2 1607130 1741400 1592730 1755800
Net26 5 
M2 3500130 1736140 3481610 1754659
M2 3481610 1754659 2800000 1754659
M2 2800000 1754659 1875000 1727000
M2 1875000 1727000 1029170 1727000
M2 1029170 1727000 1000370 1755800
Net36 5 
M2 3452500 1680600 3445559 1687540
M2 3445559 1687540 2800000 1687540
M2 2800000 1687540 1875000 1674800
M2 1875000 1674800 1071077 1674800
M2 1071077 1674800 1033277 1712600
Net37 5 
M2 3643020 1680600 3629136 1694483
M2 3629136 1694483 2800000 1694483
M2 2800000 1694483 1875000 1680200
M2 1875000 1680200 1131490 1680200
M2 1131490 1680200 1099090 1712600
Net38 5 
M2 3738290 1680600 3717463 1701426
M2 3717463 1701426 2800000 1701426
M2 2800000 1701426 1875000 1685600
M2 1875000 1685600 1191910 1685600
M2 1191910 1685600 1164910 1712600
Net39 5 
M2 3928810 1680600 3901041 1708369
M2 3901041 1708369 2800000 1708369
M2 2800000 1708369 1875000 1691000
M2 1875000 1691000 1318150 1691000
M2 1318150 1691000 1296550 1712600
Net40 5 
M2 4024077 1680600 3989365 1715311
M2 3989365 1715311 2800000 1715311
M2 2800000 1715311 1875000 1696400
M2 1875000 1696400 1378562 1696400
M2 1378562 1696400 1362362 1712600
Net41 5 
M2 4214600 1680600 4172945 1722254
M2 4172945 1722254 2800000 1722254
M2 2800000 1722254 1875000 1701800
M2 1875000 1701800 1438980 1701800
M2 1438980 1701800 1428180 1712600
Net42 5 
M2 4309860 1680600 4261262 1729197
M2 4261262 1729197 2800000 1729197
M2 2800000 1729197 1875000 1707200
M2 1875000 1707200 1499400 1707200
M2 1499400 1707200 1494000 1712600
Net44 5 
M2 3214340 1625060 3186571 1652828
M2 3186571 1652828 2800000 1652828
M2 2800000 1652828 1875000 1647800
M2 1875000 1647800 956150 1647800
M2 956150 1647800 934550 1669400
Net52 5 
M2 4357492 1625060 4350549 1618117
M2 4350549 1618117 2800000 1618117
M2 2800000 1618117 1875000 1621400
M2 1875000 1621400 1564620 1621400
M2 1564620 1621400 1559820 1626200
Net55 5 
M2 3357237 1569512 3350289 1576460
M2 3350289 1576460 2800000 1576460
M2 2800000 1576460 1875000 1592600
M2 1875000 1592600 1132690 1592600
M2 1132690 1592600 1099090 1626200
Net56 5 
M2 3452500 1569512 3438609 1583403
M2 3438609 1583403 2800000 1583403
M2 2800000 1583403 1875000 1597400
M2 1875000 1597400 1193710 1597400
M2 1193710 1597400 1164910 1626200
Net57 5 
M2 3643020 1569512 3622186 1590346
M2 3622186 1590346 2800000 1590346
M2 2800000 1590346 1875000 1602200
M2 1875000 1602200 1254730 1602200
M2 1254730 1602200 1230730 1626200
Net58 5 
M2 3738290 1569512 3710513 1597289
M2 3710513 1597289 2800000 1597289
M2 2800000 1597289 1875000 1607000
M2 1875000 1607000 1381562 1607000
M2 1381562 1607000 1362362 1626200
Net59 5 
M2 3833550 1569512 3798830 1604231
M2 3798830 1604231 2800000 1604231
M2 2800000 1604231 1875000 1611800
M2 1875000 1611800 1442580 1611800
M2 1442580 1611800 1428180 1626200
Net60 5 
M2 3928810 1569512 3887148 1611174
M2 3887148 1611174 2800000 1611174
M2 2800000 1611174 1875000 1616600
M2 1875000 1616600 1503600 1616600
M2 1503600 1616600 1494000 1626200
Net65 5 
M2 3119080 1513970 3112908 1507798
M2 3112908 1507798 2800000 1507798
M2 2800000 1507798 1875000 1587800
M2 1875000 1587800 940040 1587800
M2 940040 1587800 901640 1626200
Net72 5 
M2 3976440 1513970 3964097 1501627
M2 3964097 1501627 2800000 1501627
M2 2800000 1501627 1875000 1525400
M2 1875000 1525400 1310950 1525400
M2 1310950 1525400 1296550 1539800
Net82 5 
M2 3738290 1458430 3732120 1464600
M2 3732120 1464600 2800000 1464600
M2 2800000 1464600 1875000 1460600
M2 1875000 1460600 1233820 1460600
M2 1233820 1460600 1197820 1496600
Net83 5 
M2 3833550 1458430 3821208 1470771
M2 3821208 1470771 2800000 1470771
M2 2800000 1470771 1875000 1467800
M2 1875000 1467800 1292440 1467800
M2 1292440 1467800 1263640 1496600
Net84 5 
M2 4024077 1458430 4005565 1476942
M2 4005565 1476942 2800000 1476942
M2 2800000 1476942 1875000 1475000
M2 1875000 1475000 1416870 1475000
M2 1416870 1475000 1395270 1496600
Net85 5 
M2 4119340 1458430 4094656 1483113
M2 4094656 1483113 2800000 1483113
M2 2800000 1483113 1875000 1482200
M2 1875000 1482200 1475490 1482200
M2 1475490 1482200 1461090 1496600
Net86 5 
M2 4309860 1458430 4279005 1489285
M2 4279005 1489285 2800000 1489285
M2 2800000 1489285 1875000 1489400
M2 1875000 1489400 1599930 1489400
M2 1599930 1489400 1592730 1496600
Net87 5 
M2 4405130 1458430 4368103 1495456
M2 4368103 1495456 2800000 1495456
M2 2800000 1495456 1875000 1511000
M2 1875000 1511000 864620 1511000
M2 864620 1511000 835820 1539800
