Nets 51
Net9 5 
M2 4347100 1847230 4319328 1875001
M2 4319328 1875001 2800000 1875001
M2 2800000 1875001 1875000 1863801
M2 1875000 1863801 399831 1863801
M2 399831 1863801 372062 1891570
Net12 5 
M2 3419590 1791687 3414540 1796737
M2 3414540 1796737 2800000 1796737
M2 2800000 1796737 1875000 1785536
M2 1875000 1785536 643393 1785536
M2 643393 1785536 592900 1836030
Net13 5 
M2 3507920 1791687 3497820 1801786
M2 3497820 1801786 2800000 1801786
M2 2800000 1801786 1875000 1790586
M2 1875000 1790586 726681 1790586
M2 726681 1790586 681237 1836030
Net14 5 
M2 3596260 1791687 3581111 1806836
M2 3581111 1806836 2800000 1806836
M2 2800000 1806836 1875000 1795635
M2 1875000 1795635 809964 1795635
M2 809964 1795635 769570 1836030
Net15 5 
M2 3684590 1791687 3664392 1811885
M2 3664392 1811885 2800000 1811885
M2 2800000 1811885 1875000 1800684
M2 1875000 1800684 893253 1800684
M2 893253 1800684 857907 1836030
Net16 5 
M2 3772930 1791687 3747683 1816934
M2 3747683 1816934 2800000 1816934
M2 2800000 1816934 1875000 1805733
M2 1875000 1805733 1153206 1805733
M2 1153206 1805733 1122910 1836030
Net17 5 
M2 3861260 1791687 3830963 1821983
M2 3830963 1821983 2800000 1821983
M2 2800000 1821983 1875000 1810783
M2 1875000 1810783 1236487 1810783
M2 1236487 1810783 1211240 1836030
Net18 5 
M2 3949600 1791687 3914254 1827033
M2 3914254 1827033 2800000 1827033
M2 2800000 1827033 1875000 1815832
M2 1875000 1815832 1319777 1815832
M2 1319777 1815832 1299580 1836030
Net19 5 
M2 4037930 1791687 3997535 1832082
M2 3997535 1832082 2800000 1832082
M2 2800000 1832082 1875000 1820881
M2 1875000 1820881 1403058 1820881
M2 1403058 1820881 1387910 1836030
Net20 5 
M2 4126267 1791687 4080823 1837131
M2 4080823 1837131 2800000 1837131
M2 2800000 1837131 1875000 1825930
M2 1875000 1825930 1486349 1825930
M2 1486349 1825930 1476250 1836030
Net21 5 
M2 4214600 1791687 4164106 1842180
M2 4164106 1842180 2800000 1842180
M2 2800000 1842180 1875000 1830980
M2 1875000 1830980 1569630 1830980
M2 1569630 1830980 1564580 1836030
Net25 5 
M2 3375420 1736140 3369242 1742317
M2 3369242 1742317 2800000 1742317
M2 2800000 1742317 1875000 1731111
M2 1875000 1731111 774776 1731111
M2 774776 1731111 725400 1780487
Net26 5 
M2 3463760 1736140 3451411 1748488
M2 3451411 1748488 2800000 1748488
M2 2800000 1748488 1875000 1737282
M2 1875000 1737282 856945 1737282
M2 856945 1737282 813740 1780487
Net27 5 
M2 3552090 1736140 3533570 1754660
M2 3533570 1754660 2800000 1754660
M2 2800000 1754660 1875000 1743453
M2 1875000 1743453 939103 1743453
M2 939103 1743453 902070 1780487
Net28 5 
M2 3728760 1736140 3704068 1760831
M2 3704068 1760831 2800000 1760831
M2 2800000 1760831 1875000 1749625
M2 1875000 1749625 1021272 1749625
M2 1021272 1749625 990410 1780487
Net29 5 
M2 3817092 1736140 3786230 1767002
M2 3786230 1767002 2800000 1767002
M2 2800000 1767002 1875000 1755796
M2 1875000 1755796 1103431 1755796
M2 1103431 1755796 1078740 1780487
Net30 5 
M2 3993762 1736140 3956728 1773173
M2 3956728 1773173 2800000 1773173
M2 2800000 1773173 1875000 1761967
M2 1875000 1761967 1273930 1761967
M2 1273930 1761967 1255410 1780487
Net31 5 
M2 4082100 1736140 4038895 1779345
M2 4038895 1779345 2800000 1779345
M2 2800000 1779345 1875000 1768138
M2 1875000 1768138 1356096 1768138
M2 1356096 1768138 1343747 1780487
Net32 5 
M2 4258770 1736140 4209393 1785516
M2 4209393 1785516 2800000 1785516
M2 2800000 1785516 1875000 1774310
M2 1875000 1774310 1526590 1774310
M2 1526590 1774310 1520412 1780487
Net36 5 
M2 3419590 1680600 3412649 1687540
M2 3412649 1687540 2800000 1687540
M2 2800000 1687540 1875000 1676342
M2 1875000 1676342 729834 1676342
M2 729834 1676342 681237 1724940
Net37 5 
M2 3596260 1680600 3582376 1694483
M2 3582376 1694483 2800000 1694483
M2 2800000 1694483 1875000 1683285
M2 1875000 1683285 899562 1683285
M2 899562 1683285 857907 1724940
Net38 5 
M2 3684590 1680600 3663763 1701426
M2 3663763 1701426 2800000 1701426
M2 2800000 1701426 1875000 1690228
M2 1875000 1690228 980951 1690228
M2 980951 1690228 946240 1724940
Net39 5 
M2 3861260 1680600 3833491 1708369
M2 3833491 1708369 2800000 1708369
M2 2800000 1708369 1875000 1697171
M2 1875000 1697171 1150679 1697171
M2 1150679 1697171 1122910 1724940
Net40 5 
M2 3949600 1680600 3914888 1715311
M2 3914888 1715311 2800000 1715311
M2 2800000 1715311 1875000 1704113
M2 1875000 1704113 1232066 1704113
M2 1232066 1704113 1211240 1724940
Net41 5 
M2 4126267 1680600 4084613 1722254
M2 4084613 1722254 2800000 1722254
M2 2800000 1722254 1875000 1711056
M2 1875000 1711056 1401793 1711056
M2 1401793 1711056 1387910 1724940
Net42 5 
M2 4214600 1680600 4166002 1729197
M2 4166002 1729197 2800000 1729197
M2 2800000 1729197 1875000 1717999
M2 1875000 1717999 1483190 1717999
M2 1483190 1717999 1476250 1724940
Net46 5 
M2 3463760 1625060 3456819 1632000
M2 3456819 1632000 2800000 1632000
M2 2800000 1632000 1875000 1620802
M2 1875000 1620802 773997 1620802
M2 773997 1620802 725400 1669400
Net47 5 
M2 3552090 1625060 3538206 1638943
M2 3538206 1638943 2800000 1638943
M2 2800000 1638943 1875000 1627745
M2 1875000 1627745 855394 1627745
M2 855394 1627745 813740 1669400
Net48 5 
M2 3728760 1625060 3707933 1645886
M2 3707933 1645886 2800000 1645886
M2 2800000 1645886 1875000 1634688
M2 1875000 1634688 1025121 1634688
M2 1025121 1634688 990410 1669400
Net49 5 
M2 3817092 1625060 3789323 1652829
M2 3789323 1652829 2800000 1652829
M2 2800000 1652829 1875000 1641631
M2 1875000 1641631 1106509 1641631
M2 1106509 1641631 1078740 1669400
Net50 5 
M2 3993762 1625060 3959050 1659771
M2 3959050 1659771 2800000 1659771
M2 2800000 1659771 1875000 1648573
M2 1875000 1648573 1276236 1648573
M2 1276236 1648573 1255410 1669400
Net51 5 
M2 4082100 1625060 4040445 1666714
M2 4040445 1666714 2800000 1666714
M2 2800000 1666714 1875000 1655516
M2 1875000 1655516 1357631 1655516
M2 1357631 1655516 1343747 1669400
Net52 5 
M2 4258770 1625060 4210172 1673657
M2 4210172 1673657 2800000 1673657
M2 2800000 1673657 1875000 1662459
M2 1875000 1662459 1527353 1662459
M2 1527353 1662459 1520412 1669400
Net56 5 
M2 3419590 1569512 3413412 1575690
M2 3413412 1575690 2800000 1575690
M2 2800000 1575690 1875000 1569421
M2 1875000 1569421 725676 1569421
M2 725676 1569421 681237 1613860
Net57 5 
M2 3596260 1569512 3583911 1581861
M2 3583911 1581861 2800000 1581861
M2 2800000 1581861 1875000 1574975
M2 1875000 1574975 896792 1574975
M2 896792 1574975 857907 1613860
Net58 5 
M2 3684590 1569512 3666070 1588032
M2 3666070 1588032 2800000 1588032
M2 2800000 1588032 1875000 1580529
M2 1875000 1580529 979570 1580529
M2 979570 1580529 946240 1613860
Net59 5 
M2 3772930 1569512 3748238 1594203
M2 3748238 1594203 2800000 1594203
M2 2800000 1594203 1875000 1586083
M2 1875000 1586083 1150686 1586083
M2 1150686 1586083 1122910 1613860
Net60 5 
M2 3861260 1569512 3830397 1600375
M2 3830397 1600375 2800000 1600375
M2 2800000 1600375 1875000 1591638
M2 1875000 1591638 1233462 1591638
M2 1233462 1591638 1211240 1613860
Net61 5 
M2 3949600 1569512 3912566 1606546
M2 3912566 1606546 2800000 1606546
M2 2800000 1606546 1875000 1597192
M2 1875000 1597192 1316247 1597192
M2 1316247 1597192 1299580 1613860
Net62 5 
M2 4126267 1569512 4083062 1612717
M2 4083062 1612717 2800000 1612717
M2 2800000 1612717 1875000 1602746
M2 1875000 1602746 1399023 1602746
M2 1399023 1602746 1387910 1613860
Net63 5 
M2 4214600 1569512 4165223 1618888
M2 4165223 1618888 2800000 1618888
M2 2800000 1618888 1875000 1608300
M2 1875000 1608300 1481809 1608300
M2 1481809 1608300 1476250 1613860
Net65 5 
M2 3110420 1513970 3082648 1541741
M2 3082648 1541741 2800000 1541741
M2 2800000 1541741 1875000 1563866
M2 1875000 1563866 465954 1563866
M2 465954 1563866 460400 1558312
Net78 5 
M2 3154587 1458430 3149035 1463981
M2 3149035 1463981 2800000 1463981
M2 2800000 1463981 1875000 1453398
M2 1875000 1453398 465601 1453398
M2 465601 1453398 416230 1502770
Net80 5 
M2 3419590 1458430 3408484 1469536
M2 3408484 1469536 2800000 1469536
M2 2800000 1469536 1875000 1459570
M2 1875000 1459570 636100 1459570
M2 636100 1459570 592900 1502770
Net81 5 
M2 3507920 1458430 3491259 1475090
M2 3491259 1475090 2800000 1475090
M2 2800000 1475090 1875000 1465741
M2 1875000 1465741 806598 1465741
M2 806598 1465741 769570 1502770
Net82 5 
M2 3684590 1458430 3662375 1480644
M2 3662375 1480644 2800000 1480644
M2 2800000 1480644 1875000 1471912
M2 1875000 1471912 888765 1471912
M2 888765 1471912 857907 1502770
Net83 5 
M2 3772930 1458430 3745161 1486198
M2 3745161 1486198 2800000 1486198
M2 2800000 1486198 1875000 1478083
M2 1875000 1478083 1147596 1478083
M2 1147596 1478083 1122910 1502770
Net84 5 
M2 3949600 1458430 3916277 1491753
M2 3916277 1491753 2800000 1491753
M2 2800000 1491753 1875000 1484255
M2 1875000 1484255 1318095 1484255
M2 1318095 1484255 1299580 1502770
Net85 5 
M2 4037930 1458430 3999052 1497307
M2 3999052 1497307 2800000 1497307
M2 2800000 1497307 1875000 1490426
M2 1875000 1490426 1400253 1490426
M2 1400253 1490426 1387910 1502770
Net86 5 
M2 4214600 1458430 4170168 1502861
M2 4170168 1502861 2800000 1502861
M2 2800000 1502861 1875000 1496597
M2 1875000 1496597 1570752 1496597
M2 1570752 1496597 1564580 1502770
Net87 5 
M2 4302937 1458430 4252951 1508415
M2 4252951 1508415 2800000 1508415
M2 2800000 1508415 1875000 1530541
M2 1875000 1530541 355671 1530541
M2 355671 1530541 327900 1502770
