Nets 40
Net0 5 
V1 2797430 2103400 2791257 2109572
V1 2791257 2109572 2500000 2109572
V1 2500000 2109572 1875000 1856600
V1 1875000 1856600 943860 1856600
V1 943860 1856600 915060 1885400
Net1 5 
V1 2953310 2103400 2940966 2115743
V1 2940966 2115743 2500000 2115743
V1 2500000 2115743 1875000 1861400
V1 1875000 1861400 1094950 1861400
V1 1094950 1861400 1070950 1885400
Net2 5 
V1 3031252 2103400 3012737 2121915
V1 3012737 2121915 2500000 2121915
V1 2500000 2121915 1875000 1866200
V1 1875000 1866200 1168090 1866200
V1 1168090 1866200 1148890 1885400
Net3 5 
V1 3187140 2103400 3162453 2128086
V1 3162453 2128086 2500000 2128086
V1 2500000 2128086 1875000 1871000
V1 1875000 1871000 1319172 1871000
V1 1319172 1871000 1304772 1885400
Net4 5 
V1 3265080 2103400 3234222 2134257
V1 3234222 2134257 2500000 2134257
V1 2500000 2134257 1875000 1875800
V1 1875000 1875800 1392320 1875800
V1 1392320 1875800 1382720 1885400
Net5 5 
V1 3420970 2103400 3383941 2140428
V1 3383941 2140428 2500000 2140428
V1 2500000 2140428 1875000 1880600
V1 1875000 1880600 1543400 1880600
V1 1543400 1880600 1538600 1885400
Net7 5 
V1 2836400 2060200 2822000 2074600
V1 2822000 2074600 2500000 2074600
V1 2500000 2074600 1875000 1847000
V1 1875000 1847000 802950 1847000
V1 802950 1847000 798150 1842200
Net8 5 
V1 2914340 2060200 2899940 2045800
V1 2899940 2045800 2500000 2045800
V1 2500000 2045800 1875000 1827800
V1 1875000 1827800 890490 1827800
V1 890490 1827800 876090 1842200
Net16 5 
V1 3693762 2060200 3664962 2089000
V1 3664962 2089000 2500000 2089000
V1 2500000 2089000 1875000 1851800
V1 1875000 1851800 729810 1851800
V1 729810 1851800 720210 1842200
Net17 5 
V1 2797430 2017000 2788790 2008360
V1 2788790 2008360 2500000 2008360
V1 2500000 2008360 1875000 1790360
V1 1875000 1790360 845760 1790360
V1 845760 1790360 837120 1799000
Net18 5 
V1 2875370 2017000 2860970 2031400
V1 2860970 2031400 2500000 2031400
V1 2500000 2031400 1875000 1813400
V1 1875000 1813400 929460 1813400
V1 929460 1813400 915060 1799000
Net25 5 
V1 3654790 2017000 3637510 1999720
V1 3637510 1999720 2500000 1999720
V1 2500000 1999720 1875000 1781720
V1 1875000 1781720 698517 1781720
V1 698517 1781720 681237 1799000
Net26 5 
V1 2836400 1973800 2827760 1982440
V1 2827760 1982440 2500000 1982440
V1 2500000 1982440 1875000 1764440
V1 1875000 1764440 806790 1764440
V1 806790 1764440 798150 1755800
Net27 5 
V1 2914340 1973800 2899940 1959400
V1 2899940 1959400 2500000 1959400
V1 2500000 1959400 1875000 1741400
V1 1875000 1741400 890490 1741400
V1 890490 1741400 876090 1755800
Net35 5 
V1 3693762 1973800 3676482 1991080
V1 3676482 1991080 2500000 1991080
V1 2500000 1991080 1875000 1773080
V1 1875000 1773080 737490 1773080
V1 737490 1773080 720210 1755800
Net36 5 
V1 2797430 1930600 2792630 1925800
V1 2792630 1925800 2500000 1925800
V1 2500000 1925800 1875000 1691000
V1 1875000 1691000 780780 1691000
V1 780780 1691000 759180 1712600
Net37 5 
V1 2875370 1930600 2860970 1945000
V1 2860970 1945000 2500000 1945000
V1 2500000 1945000 1875000 1727000
V1 1875000 1727000 929460 1727000
V1 929460 1727000 915060 1712600
Net44 5 
V1 2914340 1887400 2909540 1882600
V1 2909540 1882600 2500000 1882600
V1 2500000 1882600 1875000 1631000
V1 1875000 1631000 836550 1631000
V1 836550 1631000 798150 1669400
Net45 5 
V1 2992280 1887400 2987480 1892200
V1 2987480 1892200 2500000 1892200
V1 2500000 1892200 1875000 1635800
V1 1875000 1635800 909690 1635800
V1 909690 1635800 876090 1669400
Net46 5 
V1 3070227 1887400 3060627 1897000
V1 3060627 1897000 2500000 1897000
V1 2500000 1897000 1875000 1640600
V1 1875000 1640600 982830 1640600
V1 982830 1640600 954030 1669400
Net47 5 
V1 3148170 1887400 3133770 1901800
V1 3133770 1901800 2500000 1901800
V1 2500000 1901800 1875000 1645400
V1 1875000 1645400 1055980 1645400
V1 1055980 1645400 1031980 1669400
Net48 5 
V1 3304050 1887400 3284850 1906600
V1 3284850 1906600 2500000 1906600
V1 2500000 1906600 1875000 1650200
V1 1875000 1650200 1207060 1650200
V1 1207060 1650200 1187860 1669400
Net49 5 
V1 3381997 1887400 3357997 1911400
V1 3357997 1911400 2500000 1911400
V1 2500000 1911400 1875000 1655000
V1 1875000 1655000 1358147 1655000
V1 1358147 1655000 1343747 1669400
Net50 5 
V1 3459940 1887400 3431140 1916200
V1 3431140 1916200 2500000 1916200
V1 2500000 1916200 1875000 1659800
V1 1875000 1659800 1509230 1659800
V1 1509230 1659800 1499630 1669400
Net51 5 
V1 3615820 1887400 3582220 1921000
V1 3582220 1921000 2500000 1921000
V1 2500000 1921000 1875000 1664600
V1 1875000 1664600 1582370 1664600
V1 1582370 1664600 1577570 1669400
Net52 5 
V1 2797430 1844200 2792630 1849000
V1 2792630 1849000 2500000 1849000
V1 2500000 1849000 1875000 1595960
V1 1875000 1595960 789420 1595960
V1 789420 1595960 759180 1626200
Net53 5 
V1 2875370 1844200 2865770 1853800
V1 2865770 1853800 2500000 1853800
V1 2500000 1853800 1875000 1600280
V1 1875000 1600280 863040 1600280
V1 863040 1600280 837120 1626200
Net54 5 
V1 3031252 1844200 3016852 1858600
V1 3016852 1858600 2500000 1858600
V1 2500000 1858600 1875000 1604600
V1 1875000 1604600 1014602 1604600
V1 1014602 1604600 993002 1626200
Net57 5 
V1 3343020 1844200 3323820 1863400
V1 3323820 1863400 2500000 1863400
V1 2500000 1863400 1875000 1608920
V1 1875000 1608920 1322052 1608920
V1 1322052 1608920 1304772 1626200
Net58 5 
V1 3420970 1844200 3396970 1868200
V1 3396970 1868200 2500000 1868200
V1 2500000 1868200 1875000 1613240
V1 1875000 1613240 1395680 1613240
V1 1395680 1613240 1382720 1626200
Net59 5 
V1 3498910 1844200 3470110 1873000
V1 3470110 1873000 2500000 1873000
V1 2500000 1873000 1875000 1617560
V1 1875000 1617560 1469300 1617560
V1 1469300 1617560 1460660 1626200
Net60 5 
V1 3576850 1844200 3543250 1877800
V1 3543250 1877800 2500000 1877800
V1 2500000 1877800 1875000 1621880
V1 1875000 1621880 1542920 1621880
V1 1542920 1621880 1538600 1626200
Net62 5 
V1 2836400 1801000 2822000 1815400
V1 2822000 1815400 2500000 1815400
V1 2500000 1815400 1875000 1587320
V1 1875000 1587320 802470 1587320
V1 802470 1587320 798150 1583000
Net63 5 
V1 2992280 1801000 2977880 1786600
V1 2977880 1786600 2500000 1786600
V1 2500000 1786600 1875000 1568600
V1 1875000 1568600 890490 1568600
V1 890490 1568600 876090 1583000
Net70 5 
V1 3693762 1801000 3664962 1829800
V1 3664962 1829800 2500000 1829800
V1 2500000 1829800 1875000 1591640
V1 1875000 1591640 728850 1591640
V1 728850 1591640 720210 1583000
Net71 5 
V1 2797430 1757800 2788790 1749160
V1 2788790 1749160 2500000 1749160
V1 2500000 1749160 1875000 1531160
V1 1875000 1531160 845760 1531160
V1 845760 1531160 837120 1539800
Net72 5 
V1 2875370 1757800 2860970 1772200
V1 2860970 1772200 2500000 1772200
V1 2500000 1772200 1875000 1554200
V1 1875000 1554200 929460 1554200
V1 929460 1554200 915060 1539800
Net80 5 
V1 3654790 1757800 3637510 1740520
V1 3637510 1740520 2500000 1740520
V1 2500000 1740520 1875000 1522520
V1 1875000 1522520 698517 1522520
V1 698517 1522520 681237 1539800
Net81 5 
V1 2836400 1714600 2827760 1723240
V1 2827760 1723240 2500000 1723240
V1 2500000 1723240 1875000 1505240
V1 1875000 1505240 962670 1505240
V1 962670 1505240 954030 1496600
Net87 5 
V1 3693762 1714600 3676482 1731880
V1 3676482 1731880 2500000 1731880
V1 2500000 1731880 1875000 1513880
V1 1875000 1513880 737490 1513880
V1 737490 1513880 720210 1496600
