Nets 37
Net0 5 
V1 2819080 2097230 2813525 2102784
V1 2813525 2102784 2500000 2102784
V1 2500000 2102784 1875000 1849915
V1 1875000 1849915 502054 1849915
V1 502054 1849915 460400 1891570
Net1 5 
V1 3009602 2097230 2998494 2108338
V1 2998494 2108338 2500000 2108338
V1 2500000 2108338 1875000 1854544
V1 1875000 1854544 674096 1854544
V1 674096 1854544 637070 1891570
Net2 5 
V1 3104870 2097230 3088207 2113892
V1 3088207 2113892 2500000 2113892
V1 2500000 2113892 1875000 1859172
V1 1875000 1859172 757797 1859172
V1 757797 1859172 725400 1891570
Net3 5 
V1 3295390 2097230 3273173 2119447
V1 3273173 2119447 2500000 2119447
V1 2500000 2119447 1875000 1863801
V1 1875000 1863801 929839 1863801
V1 929839 1863801 902070 1891570
Net4 5 
V1 3581180 2097230 3553408 2125001
V1 3553408 2125001 2500000 2125001
V1 2500000 2125001 1875000 1868429
V1 1875000 1868429 1013550 1868429
V1 1013550 1868429 990410 1891570
Net5 5 
V1 3676440 2097230 3643114 2130555
V1 3643114 2130555 2500000 2130555
V1 2500000 2130555 1875000 1873058
V1 1875000 1873058 1185592 1873058
V1 1185592 1873058 1167080 1891570
Net6 5 
V1 3866970 2097230 3828090 2136109
V1 3828090 2136109 2500000 2136109
V1 2500000 2136109 1875000 1877686
V1 1875000 1877686 1269293 1877686
V1 1269293 1877686 1255410 1891570
Net7 5 
V1 3962230 2097230 3917796 2141664
V1 3917796 2141664 2500000 2141664
V1 2500000 2141664 1875000 1882315
V1 1875000 1882315 1441335 1882315
V1 1441335 1882315 1432080 1891570
Net8 5 
V1 4057492 2097230 4007504 2147218
V1 4007504 2147218 2500000 2147218
V1 2500000 2147218 1875000 1886943
V1 1875000 1886943 1525039 1886943
V1 1525039 1886943 1520412 1891570
Net10 5 
V1 2866710 2041687 2848195 2060202
V1 2848195 2060202 2500000 2060202
V1 2500000 2060202 1875000 1840658
V1 1875000 1840658 420858 1840658
V1 420858 1840658 416230 1836030
Net11 5 
V1 2961970 2041687 2943456 2023173
V1 2943456 2023173 2500000 2023173
V1 2500000 2023173 1875000 1817515
V1 1875000 1817515 523084 1817515
V1 523084 1817515 504570 1836030
Net22 5 
V1 4105130 2041687 4068101 2078716
V1 4068101 2078716 2500000 2078716
V1 2500000 2078716 1875000 1845287
V1 1875000 1845287 337157 1845287
V1 337157 1845287 327900 1836030
Net23 5 
V1 2914340 1986140 2903231 1975031
V1 2903231 1975031 2500000 1975031
V1 2500000 1975031 1875000 1769374
V1 1875000 1769374 471513 1769374
V1 471513 1769374 460400 1780487
Net24 5 
V1 3009602 1986140 2991083 2004659
V1 2991083 2004659 2500000 2004659
V1 2500000 2004659 1875000 1799001
V1 1875000 1799001 567246 1799001
V1 567246 1799001 548732 1780487
Net33 5 
V1 4152760 1986140 4130543 1963923
V1 4130543 1963923 2500000 1963923
V1 2500000 1963923 1875000 1758265
V1 1875000 1758265 394284 1758265
V1 394284 1758265 372062 1780487
Net34 5 
V1 2866710 1930600 2855604 1941706
V1 2855604 1941706 2500000 1941706
V1 2500000 1941706 1875000 1736048
V1 1875000 1736048 427338 1736048
V1 427338 1736048 416230 1724940
Net35 5 
V1 3057237 1930600 3038723 1912086
V1 3038723 1912086 2500000 1912086
V1 2500000 1912086 1875000 1706428
V1 1875000 1706428 611412 1706428
V1 611412 1706428 592900 1724940
Net43 5 
V1 4105130 1930600 4082915 1952814
V1 4082915 1952814 2500000 1952814
V1 2500000 1952814 1875000 1747157
V1 1875000 1747157 350117 1747157
V1 350117 1747157 327900 1724940
Net44 5 
V1 2914340 1875060 2903231 1863951
V1 2903231 1863951 2500000 1863951
V1 2500000 1863951 1875000 1658294
V1 1875000 1658294 471506 1658294
V1 471506 1658294 460400 1669400
Net45 5 
V1 3009602 1875060 2991090 1893572
V1 2991090 1893572 2500000 1893572
V1 2500000 1893572 1875000 1687914
V1 1875000 1687914 567246 1687914
V1 567246 1687914 548732 1669400
Net53 5 
V1 4152760 1875060 4130543 1852843
V1 4130543 1852843 2500000 1852843
V1 2500000 1852843 1875000 1647185
V1 1875000 1647185 394277 1647185
V1 394277 1647185 372062 1669400
Net54 5 
V1 2866710 1819512 2855596 1830626
V1 2855596 1830626 2500000 1830626
V1 2500000 1830626 1875000 1624968
V1 1875000 1624968 427338 1624968
V1 427338 1624968 416230 1613860
Net55 5 
V1 3057237 1819512 3052965 1815240
V1 3052965 1815240 2500000 1815240
V1 2500000 1815240 1875000 1595340
V1 1875000 1595340 611419 1595340
V1 611419 1595340 592900 1613860
Net64 5 
V1 4105130 1819512 4082908 1841734
V1 4082908 1841734 2500000 1841734
V1 2500000 1841734 1875000 1636077
V1 1875000 1636077 350117 1636077
V1 350117 1636077 327900 1613860
Net66 5 
V1 2914340 1763970 2895826 1745456
V1 2895826 1745456 2500000 1745456
V1 2500000 1745456 1875000 1511315
V1 1875000 1511315 595730 1511315
V1 595730 1511315 548732 1558312
Net67 5 
V1 3009602 1763970 3005330 1768242
V1 3005330 1768242 2500000 1768242
V1 2500000 1768242 1875000 1515587
V1 1875000 1515587 679795 1515587
V1 679795 1515587 637070 1558312
Net68 5 
V1 3104870 1763970 3096325 1772515
V1 3096325 1772515 2500000 1772515
V1 2500000 1772515 1875000 1519860
V1 1875000 1519860 763852 1519860
V1 763852 1519860 725400 1558312
Net69 5 
V1 3200130 1763970 3187312 1776787
V1 3187312 1776787 2500000 1776787
V1 2500000 1776787 1875000 1524132
V1 1875000 1524132 847920 1524132
V1 847920 1524132 813740 1558312
Net70 5 
V1 3295390 1763970 3278300 1781060
V1 3278300 1781060 2500000 1781060
V1 2500000 1781060 1875000 1528405
V1 1875000 1528405 931977 1528405
V1 931977 1528405 902070 1558312
Net71 5 
V1 3581180 1763970 3559817 1785332
V1 3559817 1785332 2500000 1785332
V1 2500000 1785332 1875000 1532677
V1 1875000 1532677 1016045 1532677
V1 1016045 1532677 990410 1558312
Net72 5 
V1 3676440 1763970 3650805 1789605
V1 3650805 1789605 2500000 1789605
V1 2500000 1789605 1875000 1536950
V1 1875000 1536950 1100102 1536950
V1 1100102 1536950 1078740 1558312
Net73 5 
V1 3771710 1763970 3741802 1793877
V1 3741802 1793877 2500000 1793877
V1 2500000 1793877 1875000 1541222
V1 1875000 1541222 1184170 1541222
V1 1184170 1541222 1167080 1558312
Net74 5 
V1 3866970 1763970 3832790 1798150
V1 3832790 1798150 2500000 1798150
V1 2500000 1798150 1875000 1545495
V1 1875000 1545495 1268227 1545495
V1 1268227 1545495 1255410 1558312
Net75 5 
V1 3962230 1763970 3923777 1802422
V1 3923777 1802422 2500000 1802422
V1 2500000 1802422 1875000 1549767
V1 1875000 1549767 1440625 1549767
V1 1440625 1549767 1432080 1558312
Net76 5 
V1 4057492 1763970 4014767 1806695
V1 4014767 1806695 2500000 1806695
V1 2500000 1806695 1875000 1554040
V1 1875000 1554040 1524685 1554040
V1 1524685 1554040 1520412 1558312
Net77 5 
V1 4152760 1763970 4105762 1810967
V1 4105762 1810967 2500000 1810967
V1 2500000 1810967 1875000 1576826
V1 1875000 1576826 390576 1576826
V1 390576 1576826 372062 1558312
Net79 5 
V1 2961970 1708430 2943458 1726942
V1 2943458 1726942 2500000 1726942
V1 2500000 1726942 1875000 1507042
V1 1875000 1507042 508842 1507042
V1 508842 1507042 504570 1502770
