Nets 32
Net13 5 
V2 3457770 2060200 3446970 2071000
V2 3446970 2071000 2500000 2071000
V2 2500000 2071000 1875000 1874909
V2 1875000 1874909 1255620 1874909
V2 1255620 1874909 1238960 1891570
Net14 5 
V2 3544372 2060200 3522772 2081800
V2 3522772 2081800 2500000 2081800
V2 2500000 2081800 1875000 1880464
V2 1875000 1880464 1433656 1880464
V2 1433656 1880464 1422550 1891570
Net15 5 
V2 3630980 2060200 3598580 2092600
V2 3598580 2092600 2500000 2092600
V2 2500000 2092600 1875000 1886018
V2 1875000 1886018 1519901 1886018
V2 1519901 1886018 1514350 1891570
Net16 5 
V2 3804180 2060200 3789780 2045800
V2 3789780 2045800 2500000 2045800
V2 2500000 2045800 1875000 1869355
V2 1875000 1869355 343184 1869355
V2 343184 1869355 320970 1891570
Net20 5 
V2 3241267 2017000 3226867 2031400
V2 3226867 2031400 2500000 2031400
V2 2500000 2031400 1875000 1863801
V2 1875000 1863801 1129031 1863801
V2 1129031 1863801 1101260 1836030
Net21 5 
V2 3327870 2017000 3320670 2009800
V2 3320670 2009800 2500000 2009800
V2 2500000 2009800 1875000 1858247
V2 1875000 1858247 1215277 1858247
V2 1215277 1858247 1193060 1836030
Net22 5 
V2 3414470 2017000 3400070 2002600
V2 3400070 2002600 2500000 2002600
V2 2500000 2002600 1875000 1852692
V2 1875000 1852692 1301520 1852692
V2 1301520 1852692 1284857 1836030
Net23 5 
V2 3587677 2017000 3566077 1995400
V2 3566077 1995400 2500000 1995400
V2 2500000 1995400 1875000 1847138
V2 1875000 1847138 1387761 1847138
V2 1387761 1847138 1376652 1836030
Net24 5 
V2 3674280 2017000 3645480 1988200
V2 3645480 1988200 2500000 1988200
V2 2500000 1988200 1875000 1841584
V2 1875000 1841584 1474004 1841584
V2 1474004 1841584 1468450 1836030
Net27 5 
V2 2938160 1973800 2933840 1969480
V2 2933840 1969480 2500000 1969480
V2 2500000 1969480 1875000 1822144
V2 1875000 1822144 821616 1822144
V2 821616 1822144 779960 1780487
Net28 5 
V2 3024760 1973800 3016120 1965160
V2 3016120 1965160 2500000 1965160
V2 2500000 1965160 1875000 1815201
V2 1875000 1815201 906473 1815201
V2 906473 1815201 871760 1780487
Net29 5 
V2 3111360 1973800 3098400 1960840
V2 3098400 1960840 2500000 1960840
V2 2500000 1960840 1875000 1808258
V2 1875000 1808258 991331 1808258
V2 991331 1808258 963560 1780487
Net30 5 
V2 3284570 1973800 3267290 1956520
V2 3267290 1956520 2500000 1956520
V2 2500000 1956520 1875000 1801315
V2 1875000 1801315 1076188 1801315
V2 1076188 1801315 1055360 1780487
Net31 5 
V2 3371170 1973800 3349570 1952200
V2 3349570 1952200 2500000 1952200
V2 2500000 1952200 1875000 1794373
V2 1875000 1794373 1252845 1794373
V2 1252845 1794373 1238960 1780487
Net32 5 
V2 3457770 1973800 3431850 1947880
V2 3431850 1947880 2500000 1947880
V2 2500000 1947880 1875000 1787430
V2 1875000 1787430 1337695 1787430
V2 1337695 1787430 1330752 1780487
Net33 5 
V2 3630980 1973800 3600740 1943560
V2 3600740 1943560 2500000 1943560
V2 2500000 1943560 1875000 1761968
V2 1875000 1761968 1532869 1761968
V2 1532869 1761968 1514350 1780487
Net34 5 
V2 3717580 1973800 3710380 1981000
V2 3710380 1981000 2500000 1981000
V2 2500000 1981000 1875000 1829086
V2 1875000 1829086 1567193 1829086
V2 1567193 1829086 1560250 1836030
Net35 5 
V2 3804180 1973800 3769620 1939240
V2 3769620 1939240 2500000 1939240
V2 2500000 1939240 1875000 1743454
V2 1875000 1743454 358003 1743454
V2 358003 1743454 320970 1780487
Net36 5 
V2 2808250 1930600 2803930 1934920
V2 2803930 1934920 2500000 1934920
V2 2500000 1934920 1875000 1697171
V2 1875000 1697171 578236 1697171
V2 578236 1697171 550467 1724940
Net60 5 
V2 3674280 1844200 3652680 1865800
V2 3652680 1865800 2500000 1865800
V2 2500000 1865800 1875000 1650888
V2 1875000 1650888 1532862 1650888
V2 1532862 1650888 1514350 1669400
Net61 5 
V2 3760880 1844200 3746480 1829800
V2 3746480 1829800 2500000 1829800
V2 2500000 1829800 1875000 1632374
V2 1875000 1632374 293584 1632374
V2 293584 1632374 275070 1613860
Net64 5 
V2 3111360 1801000 3096960 1815400
V2 3096960 1815400 2500000 1815400
V2 2500000 1815400 1875000 1599969
V2 1875000 1599969 729819 1599969
V2 729819 1599969 688162 1558312
Net65 5 
V2 3197962 1801000 3193642 1796680
V2 3193642 1796680 2500000 1796680
V2 2500000 1796680 1875000 1586083
V2 1875000 1586083 807731 1586083
V2 807731 1586083 779960 1558312
Net66 5 
V2 3284570 1801000 3275930 1792360
V2 3275930 1792360 2500000 1792360
V2 2500000 1792360 1875000 1572198
V2 1875000 1572198 885645 1572198
V2 885645 1572198 871760 1558312
Net71 5 
V2 2808250 1757800 2803930 1762120
V2 2803930 1762120 2500000 1762120
V2 2500000 1762120 1875000 1484255
V2 1875000 1484255 385384 1484255
V2 385384 1484255 366870 1502770
Net74 5 
V2 3068060 1757800 3059420 1766440
V2 3059420 1766440 2500000 1766440
V2 2500000 1766440 1875000 1510704
V2 1875000 1510704 1011168 1510704
V2 1011168 1510704 963560 1558312
Net75 5 
V2 3241267 1757800 3228307 1770760
V2 3228307 1770760 2500000 1770760
V2 2500000 1770760 1875000 1518639
V2 1875000 1518639 1095033 1518639
V2 1095033 1518639 1055360 1558312
Net76 5 
V2 3414470 1757800 3397190 1775080
V2 3397190 1775080 2500000 1775080
V2 2500000 1775080 1875000 1526573
V2 1875000 1526573 1178899 1526573
V2 1178899 1526573 1147160 1558312
Net77 5 
V2 3501070 1757800 3479470 1779400
V2 3479470 1779400 2500000 1779400
V2 2500000 1779400 1875000 1534508
V2 1875000 1534508 1262764 1534508
V2 1262764 1534508 1238960 1558312
Net78 5 
V2 3587677 1757800 3561757 1783720
V2 3561757 1783720 2500000 1783720
V2 2500000 1783720 1875000 1542442
V2 1875000 1542442 1438420 1542442
V2 1438420 1542442 1422550 1558312
Net79 5 
V2 3674280 1757800 3644040 1788040
V2 3644040 1788040 2500000 1788040
V2 2500000 1788040 1875000 1550377
V2 1875000 1550377 1522285 1550377
V2 1522285 1550377 1514350 1558312
Net80 5 
V2 3760880 1757800 3739280 1736200
V2 3739280 1736200 2500000 1736200
V2 2500000 1736200 1875000 1465741
V2 1875000 1465741 312098 1465741
V2 312098 1465741 275070 1502770
