Nets 48
Net6 5 
M2 3760880 2103400 3739280 2125000
M2 3739280 2125000 2500000 2125000
M2 2500000 2125000 1875000 1863800
M2 1875000 1863800 592420 1863800
M2 592420 1863800 570820 1885400
Net9 5 
M2 3024760 2060200 3019360 2065600
M2 3019360 2065600 2500000 2065600
M2 2500000 2065600 1875000 1804400
M2 1875000 1804400 911730 1804400
M2 911730 1804400 873930 1842200
Net10 5 
M2 3111360 2060200 3100560 2071000
M2 3100560 2071000 2500000 2071000
M2 2500000 2071000 1875000 1809800
M2 1875000 1809800 992930 1809800
M2 992930 1809800 960530 1842200
Net11 5 
M2 3197962 2060200 3181762 2076400
M2 3181762 2076400 2500000 2076400
M2 2500000 2076400 1875000 1815200
M2 1875000 1815200 1160732 1815200
M2 1160732 1815200 1133732 1842200
Net12 5 
M2 3371170 2060200 3349570 2081800
M2 3349570 2081800 2500000 2081800
M2 2500000 2081800 1875000 1820600
M2 1875000 1820600 1328540 1820600
M2 1328540 1820600 1306940 1842200
Net13 5 
M2 3457770 2060200 3430770 2087200
M2 3430770 2087200 2500000 2087200
M2 2500000 2087200 1875000 1826000
M2 1875000 1826000 1409740 1826000
M2 1409740 1826000 1393540 1842200
Net14 5 
M2 3544372 2060200 3511972 2092600
M2 3511972 2092600 2500000 2092600
M2 2500000 2092600 1875000 1831400
M2 1875000 1831400 1490942 1831400
M2 1490942 1831400 1480142 1842200
Net15 5 
M2 3630980 2060200 3593180 2098000
M2 3593180 2098000 2500000 2098000
M2 2500000 2098000 1875000 1836800
M2 1875000 1836800 1572150 1836800
M2 1572150 1836800 1566750 1842200
Net19 5 
M2 3068060 2017000 3061887 2023172
M2 3061887 2023172 2500000 2023172
M2 2500000 2023172 1875000 1761971
M2 1875000 1761971 1040858 1761971
M2 1040858 1761971 1003830 1799000
Net20 5 
M2 3241267 2017000 3228923 2029343
M2 3228923 2029343 2500000 2029343
M2 2500000 2029343 1875000 1768142
M2 1875000 1768142 1121287 1768142
M2 1121287 1768142 1090430 1799000
Net21 5 
M2 3327870 2017000 3309355 2035515
M2 3309355 2035515 2500000 2035515
M2 2500000 2035515 1875000 1774313
M2 1875000 1774313 1201723 1774313
M2 1201723 1774313 1177037 1799000
Net22 5 
M2 3414470 2017000 3389783 2041686
M2 3389783 2041686 2500000 2041686
M2 2500000 2041686 1875000 1780485
M2 1875000 1780485 1282155 1780485
M2 1282155 1780485 1263640 1799000
Net23 5 
M2 3587677 2017000 3556820 2047857
M2 3556820 2047857 2500000 2047857
M2 2500000 2047857 1875000 1786656
M2 1875000 1786656 1362583 1786656
M2 1362583 1786656 1350240 1799000
Net24 5 
M2 3674280 2017000 3637251 2054028
M2 3637251 2054028 2500000 2054028
M2 2500000 2054028 1875000 1792827
M2 1875000 1792827 1529620 1792827
M2 1529620 1792827 1523447 1799000
Net28 5 
M2 3024760 1973800 3019360 1979200
M2 3019360 1979200 2500000 1979200
M2 2500000 1979200 1875000 1718000
M2 1875000 1718000 911730 1718000
M2 911730 1718000 873930 1755800
Net29 5 
M2 3111360 1973800 3100560 1984600
M2 3100560 1984600 2500000 1984600
M2 2500000 1984600 1875000 1723400
M2 1875000 1723400 992930 1723400
M2 992930 1723400 960530 1755800
Net30 5 
M2 3284570 1973800 3268370 1990000
M2 3268370 1990000 2500000 1990000
M2 2500000 1990000 1875000 1728800
M2 1875000 1728800 1074130 1728800
M2 1074130 1728800 1047130 1755800
Net31 5 
M2 3371170 1973800 3349570 1995400
M2 3349570 1995400 2500000 1995400
M2 2500000 1995400 1875000 1734200
M2 1875000 1734200 1155332 1734200
M2 1155332 1734200 1133732 1755800
Net32 5 
M2 3457770 1973800 3430770 2000800
M2 3430770 2000800 2500000 2000800
M2 2500000 2000800 1875000 1739600
M2 1875000 1739600 1323140 1739600
M2 1323140 1739600 1306940 1755800
Net33 5 
M2 3630980 1973800 3598580 2006200
M2 3598580 2006200 2500000 2006200
M2 2500000 2006200 1875000 1745000
M2 1875000 1745000 1490942 1745000
M2 1490942 1745000 1480142 1755800
Net34 5 
M2 3717580 1973800 3679780 2011600
M2 3679780 2011600 2500000 2011600
M2 2500000 2011600 1875000 1750400
M2 1875000 1750400 1572150 1750400
M2 1572150 1750400 1566750 1755800
Net38 5 
M2 3068060 1930600 3061887 1936772
M2 3061887 1936772 2500000 1936772
M2 2500000 1936772 1875000 1675571
M2 1875000 1675571 954258 1675571
M2 954258 1675571 917230 1712600
Net39 5 
M2 3241267 1930600 3228923 1942943
M2 3228923 1942943 2500000 1942943
M2 2500000 1942943 1875000 1681742
M2 1875000 1681742 1034687 1681742
M2 1034687 1681742 1003830 1712600
Net40 5 
M2 3414470 1930600 3395955 1949115
M2 3395955 1949115 2500000 1949115
M2 2500000 1949115 1875000 1687913
M2 1875000 1687913 1201723 1687913
M2 1201723 1687913 1177037 1712600
Net41 5 
M2 3501070 1930600 3476383 1955286
M2 3476383 1955286 2500000 1955286
M2 2500000 1955286 1875000 1694085
M2 1875000 1694085 1282155 1694085
M2 1282155 1694085 1263640 1712600
Net42 5 
M2 3587677 1930600 3556820 1961457
M2 3556820 1961457 2500000 1961457
M2 2500000 1961457 1875000 1700256
M2 1875000 1700256 1362583 1700256
M2 1362583 1700256 1350240 1712600
Net43 5 
M2 3674280 1930600 3637251 1967628
M2 3637251 1967628 2500000 1967628
M2 2500000 1967628 1875000 1706427
M2 1875000 1706427 1443012 1706427
M2 1443012 1706427 1436840 1712600
Net55 5 
M2 3241267 1844200 3230467 1855000
M2 3230467 1855000 2500000 1855000
M2 2500000 1855000 1875000 1597400
M2 1875000 1597400 1032630 1597400
M2 1032630 1597400 1003830 1626200
Net56 5 
M2 3327870 1844200 3306270 1865800
M2 3306270 1865800 2500000 1865800
M2 2500000 1865800 1875000 1611800
M2 1875000 1611800 1104830 1611800
M2 1104830 1611800 1090430 1626200
Net61 5 
M2 3760880 1844200 3728480 1876600
M2 3728480 1876600 2500000 1876600
M2 2500000 1876600 1875000 1647800
M2 1875000 1647800 592420 1647800
M2 592420 1647800 570820 1626200
Net64 5 
M2 3111360 1801000 3105187 1807172
M2 3105187 1807172 2500000 1807172
M2 2500000 1807172 1875000 1545971
M2 1875000 1545971 997558 1545971
M2 997558 1545971 960530 1583000
Net65 5 
M2 3197962 1801000 3185618 1813343
M2 3185618 1813343 2500000 1813343
M2 2500000 1813343 1875000 1552142
M2 1875000 1552142 1077987 1552142
M2 1077987 1552142 1047130 1583000
Net66 5 
M2 3284570 1801000 3266055 1819515
M2 3266055 1819515 2500000 1819515
M2 2500000 1819515 1875000 1558313
M2 1875000 1558313 1158418 1558313
M2 1158418 1558313 1133732 1583000
Net67 5 
M2 3371170 1801000 3346483 1825686
M2 3346483 1825686 2500000 1825686
M2 2500000 1825686 1875000 1564485
M2 1875000 1564485 1325455 1564485
M2 1325455 1564485 1306940 1583000
Net68 5 
M2 3544372 1801000 3513515 1831857
M2 3513515 1831857 2500000 1831857
M2 2500000 1831857 1875000 1570656
M2 1875000 1570656 1492486 1570656
M2 1492486 1570656 1480142 1583000
Net69 5 
M2 3630980 1801000 3593951 1838028
M2 3593951 1838028 2500000 1838028
M2 2500000 1838028 1875000 1576827
M2 1875000 1576827 1572922 1576827
M2 1572922 1576827 1566750 1583000
Net73 5 
M2 2981460 1757800 2976060 1763200
M2 2976060 1763200 2500000 1763200
M2 2500000 1763200 1875000 1502000
M2 1875000 1502000 955030 1502000
M2 955030 1502000 917230 1539800
Net74 5 
M2 3068060 1757800 3057260 1768600
M2 3057260 1768600 2500000 1768600
M2 2500000 1768600 1875000 1507400
M2 1875000 1507400 1036230 1507400
M2 1036230 1507400 1003830 1539800
Net75 5 
M2 3241267 1757800 3225067 1774000
M2 3225067 1774000 2500000 1774000
M2 2500000 1774000 1875000 1512800
M2 1875000 1512800 1204037 1512800
M2 1204037 1512800 1177037 1539800
Net76 5 
M2 3414470 1757800 3392870 1779400
M2 3392870 1779400 2500000 1779400
M2 2500000 1779400 1875000 1518200
M2 1875000 1518200 1285240 1518200
M2 1285240 1518200 1263640 1539800
Net77 5 
M2 3501070 1757800 3474070 1784800
M2 3474070 1784800 2500000 1784800
M2 2500000 1784800 1875000 1523600
M2 1875000 1523600 1366440 1523600
M2 1366440 1523600 1350240 1539800
Net78 5 
M2 3587677 1757800 3555277 1790200
M2 3555277 1790200 2500000 1790200
M2 2500000 1790200 1875000 1529000
M2 1875000 1529000 1447640 1529000
M2 1447640 1529000 1436840 1539800
Net79 5 
M2 3674280 1757800 3636480 1795600
M2 3636480 1795600 2500000 1795600
M2 2500000 1795600 1875000 1534400
M2 1875000 1534400 1528847 1534400
M2 1528847 1534400 1523447 1539800
Net82 5 
M2 3024760 1714600 3017560 1721800
M2 3017560 1721800 2500000 1721800
M2 2500000 1721800 1875000 1460600
M2 1875000 1460600 1083130 1460600
M2 1083130 1460600 1047130 1496600
Net83 5 
M2 3111360 1714600 3096960 1729000
M2 3096960 1729000 2500000 1729000
M2 2500000 1729000 1875000 1467800
M2 1875000 1467800 1162532 1467800
M2 1162532 1467800 1133732 1496600
Net84 5 
M2 3284570 1714600 3262970 1736200
M2 3262970 1736200 2500000 1736200
M2 2500000 1736200 1875000 1475000
M2 1875000 1475000 1328540 1475000
M2 1328540 1475000 1306940 1496600
Net85 5 
M2 3371170 1714600 3342370 1743400
M2 3342370 1743400 2500000 1743400
M2 2500000 1743400 1875000 1482200
M2 1875000 1482200 1407940 1482200
M2 1407940 1482200 1393540 1496600
Net86 5 
M2 3544372 1714600 3508372 1750600
M2 3508372 1750600 2500000 1750600
M2 2500000 1750600 1875000 1489400
M2 1875000 1489400 1573950 1489400
M2 1573950 1489400 1566750 1496600
