Nets 42
Net0 5 
V1 2808250 2103400 2799610 2112040
V1 2799610 2112040 2500000 2112040
V1 2500000 2112040 1875000 1859480
V1 1875000 1859480 1329850 1859480
V1 1329850 1859480 1312570 1876760
Net1 5 
V1 2981460 2103400 2964180 2120680
V1 2964180 2120680 2500000 2120680
V1 2500000 2120680 1875000 1863800
V1 1875000 1863800 1432917 1863800
V1 1432917 1863800 1419957 1876760
Net2 5 
V1 3068060 2103400 3042140 2129320
V1 3042140 2129320 2500000 2129320
V1 2500000 2129320 1875000 1868120
V1 1875000 1868120 1535980 1868120
V1 1535980 1868120 1527340 1876760
Net3 5 
V1 3241267 2103400 3206707 2137960
V1 3206707 2137960 2500000 2137960
V1 2500000 2137960 1875000 1872440
V1 1875000 1872440 1585360 1872440
V1 1585360 1872440 1581040 1876760
Net6 5 
V1 3760880 2103400 3754708 2097228
V1 3754708 2097228 2500000 2097228
V1 2500000 2097228 1875000 1855160
V1 1875000 1855160 1280472 1855160
V1 1280472 1855160 1258872 1876760
Net7 5 
V1 2851552 2060200 2845380 2066372
V1 2845380 2066372 2500000 2066372
V1 2500000 2066372 1875000 1829240
V1 1875000 1829240 1316890 1829240
V1 1316890 1829240 1312570 1824920
Net8 5 
V1 2938160 2060200 2929520 2051560
V1 2929520 2051560 2500000 2051560
V1 2500000 2051560 1875000 1811960
V1 1875000 1811960 1379220 1811960
V1 1379220 1811960 1366260 1824920
Net9 5 
V1 3024760 2060200 3012416 2072543
V1 3012416 2072543 2500000 2072543
V1 2500000 2072543 1875000 1833560
V1 1875000 1833560 1356697 1833560
V1 1356697 1833560 1339417 1850840
Net10 5 
V1 3111360 2060200 3092845 2078715
V1 3092845 2078715 2500000 2078715
V1 2500000 2078715 1875000 1837880
V1 1875000 1837880 1406070 1837880
V1 1406070 1837880 1393110 1850840
Net11 5 
V1 3197962 2060200 3173276 2084886
V1 3173276 2084886 2500000 2084886
V1 2500000 2084886 1875000 1842200
V1 1875000 1842200 1455440 1842200
V1 1455440 1842200 1446800 1850840
Net12 5 
V1 3371170 2060200 3340312 2091057
V1 3340312 2091057 2500000 2091057
V1 2500000 2091057 1875000 1846520
V1 1875000 1846520 1504817 1846520
V1 1504817 1846520 1500497 1850840
Net17 5 
V1 2808250 2017000 2801050 2009800
V1 2801050 2009800 2500000 2009800
V1 2500000 2009800 1875000 1778264
V1 1875000 1778264 1360153 1778264
V1 1360153 1778264 1339417 1799000
Net18 5 
V1 2894857 2017000 2886217 2025640
V1 2886217 2025640 2500000 2025640
V1 2500000 2025640 1875000 1783448
V1 1875000 1783448 1408662 1783448
V1 1408662 1783448 1393110 1799000
Net19 5 
V1 3068060 2017000 3050780 2034280
V1 3050780 2034280 2500000 2034280
V1 2500000 2034280 1875000 1788632
V1 1875000 1788632 1457168 1788632
V1 1457168 1788632 1446800 1799000
Net20 5 
V1 3241267 2017000 3215347 2042920
V1 3215347 2042920 2500000 2042920
V1 2500000 2042920 1875000 1793816
V1 1875000 1793816 1505681 1793816
V1 1505681 1793816 1500497 1799000
Net22 5 
V1 3414470 2017000 3400070 2002600
V1 3400070 2002600 2500000 2002600
V1 2500000 2002600 1875000 1764440
V1 1875000 1764440 1535980 1764440
V1 1535980 1764440 1527340 1773080
Net26 5 
V1 2851552 1973800 2840752 1963000
V1 2840752 1963000 2500000 1963000
V1 2500000 1963000 1875000 1703960
V1 1875000 1703960 1329850 1703960
V1 1329850 1703960 1312570 1721240
Net27 5 
V1 2938160 1973800 2930960 1981000
V1 2930960 1981000 2500000 1981000
V1 2500000 1981000 1875000 1712600
V1 1875000 1712600 1374900 1712600
V1 1374900 1712600 1366260 1721240
Net28 5 
V1 3024760 1973800 3010360 1988200
V1 3010360 1988200 2500000 1988200
V1 2500000 1988200 1875000 1734200
V1 1875000 1734200 1406070 1734200
V1 1406070 1734200 1393110 1747160
Net30 5 
V1 3284570 1973800 3262970 1995400
V1 3262970 1995400 2500000 1995400
V1 2500000 1995400 1875000 1755800
V1 1875000 1755800 1329850 1755800
V1 1329850 1755800 1312570 1773080
Net36 5 
V1 2808250 1930600 2801050 1923400
V1 2801050 1923400 2500000 1923400
V1 2500000 1923400 1875000 1675880
V1 1875000 1675880 1358857 1675880
V1 1358857 1675880 1339417 1695320
Net39 5 
V1 3241267 1930600 3230467 1941400
V1 3230467 1941400 2500000 1941400
V1 2500000 1941400 1875000 1682360
V1 1875000 1682360 1513457 1682360
V1 1513457 1682360 1500497 1695320
Net40 5 
V1 3414470 1930600 3392870 1952200
V1 3392870 1952200 2500000 1952200
V1 2500000 1952200 1875000 1688840
V1 1875000 1688840 1614360 1688840
V1 1614360 1688840 1607880 1695320
Net45 5 
V1 3024760 1887400 3017560 1894600
V1 3017560 1894600 2500000 1894600
V1 2500000 1894600 1875000 1626200
V1 1875000 1626200 1410390 1626200
V1 1410390 1626200 1393110 1643480
Net46 5 
V1 3111360 1887400 3096960 1901800
V1 3096960 1901800 2500000 1901800
V1 2500000 1901800 1875000 1634840
V1 1875000 1634840 1455440 1634840
V1 1455440 1634840 1446800 1643480
Net47 5 
V1 3197962 1887400 3176362 1909000
V1 3176362 1909000 2500000 1909000
V1 2500000 1909000 1875000 1652120
V1 1875000 1652120 1329850 1652120
V1 1329850 1652120 1312570 1669400
Net51 5 
V1 3717580 1887400 3688780 1916200
V1 3688780 1916200 2500000 1916200
V1 2500000 1916200 1875000 1660760
V1 1875000 1660760 1589680 1660760
V1 1589680 1660760 1581040 1669400
Net52 5 
V1 2808250 1844200 2799610 1852840
V1 2799610 1852840 2500000 1852840
V1 2500000 1852840 1875000 1596824
V1 1875000 1596824 1333306 1596824
V1 1333306 1596824 1312570 1617560
Net53 5 
V1 2894857 1844200 2877577 1861480
V1 2877577 1861480 2500000 1861480
V1 2500000 1861480 1875000 1602008
V1 1875000 1602008 1381812 1602008
V1 1381812 1602008 1366260 1617560
Net54 5 
V1 3068060 1844200 3042140 1870120
V1 3042140 1870120 2500000 1870120
V1 2500000 1870120 1875000 1607192
V1 1875000 1607192 1484018 1607192
V1 1484018 1607192 1473650 1617560
Net56 5 
V1 3327870 1844200 3317070 1833400
V1 3317070 1833400 2500000 1833400
V1 2500000 1833400 1875000 1578680
V1 1875000 1578680 1620840 1578680
V1 1620840 1578680 1607880 1591640
Net58 5 
V1 3501070 1844200 3466510 1878760
V1 3466510 1878760 2500000 1878760
V1 2500000 1878760 1875000 1612376
V1 1875000 1612376 1532524 1612376
V1 1532524 1612376 1527340 1617560
Net63 5 
V1 3024760 1801000 3013960 1811800
V1 3013960 1811800 2500000 1811800
V1 2500000 1811800 1875000 1552760
V1 1875000 1552760 1325530 1552760
V1 1325530 1552760 1312570 1565720
Net66 5 
V1 3284570 1801000 3262970 1822600
V1 3262970 1822600 2500000 1822600
V1 2500000 1822600 1875000 1559240
V1 1875000 1559240 1372740 1559240
V1 1372740 1559240 1366260 1565720
Net75 5 
V1 3241267 1757800 3235095 1763972
V1 3235095 1763972 2500000 1763972
V1 2500000 1763972 1875000 1500920
V1 1875000 1500920 1486610 1500920
V1 1486610 1500920 1473650 1513880
Net76 5 
V1 3414470 1757800 3402126 1770143
V1 3402126 1770143 2500000 1770143
V1 2500000 1770143 1875000 1505240
V1 1875000 1505240 1535980 1505240
V1 1535980 1505240 1527340 1513880
Net77 5 
V1 3501070 1757800 3482555 1776315
V1 3482555 1776315 2500000 1776315
V1 2500000 1776315 1875000 1509560
V1 1875000 1509560 1585360 1509560
V1 1585360 1509560 1581040 1513880
Net78 5 
V1 3587677 1757800 3562991 1782486
V1 3562991 1782486 2500000 1782486
V1 2500000 1782486 1875000 1522520
V1 1875000 1522520 1571470 1522520
V1 1571470 1522520 1554190 1539800
Net79 5 
V1 3674280 1757800 3643422 1788657
V1 3643422 1788657 2500000 1788657
V1 2500000 1788657 1875000 1531160
V1 1875000 1531160 1616520 1531160
V1 1616520 1531160 1607880 1539800
Net80 5 
V1 3760880 1757800 3723851 1794828
V1 3723851 1794828 2500000 1794828
V1 2500000 1794828 1875000 1546280
V1 1875000 1546280 1278312 1546280
V1 1278312 1546280 1258872 1565720
Net81 5 
V1 2851552 1714600 2837152 1729000
V1 2837152 1729000 2500000 1729000
V1 2500000 1729000 1875000 1492280
V1 1875000 1492280 1334170 1492280
V1 1334170 1492280 1312570 1513880
Net82 5 
V1 3024760 1714600 2995960 1743400
V1 2995960 1743400 2500000 1743400
V1 2500000 1743400 1875000 1496600
V1 1875000 1496600 1383540 1496600
V1 1383540 1496600 1366260 1513880
