Nets 40
Net0 5 
V1 2808250 2103400 2802077 2109572
V1 2802077 2109572 2500000 2109572
V1 2500000 2109572 1875000 1856600
V1 1875000 1856600 859427 1856600
V1 859427 1856600 830627 1885400
Net1 5 
V1 2981460 2103400 2969116 2115743
V1 2969116 2115743 2500000 2115743
V1 2500000 2115743 1875000 1861400
V1 1875000 1861400 1027830 1861400
V1 1027830 1861400 1003830 1885400
Net2 5 
V1 3068060 2103400 3049545 2121915
V1 3049545 2121915 2500000 2121915
V1 2500000 2121915 1875000 1866200
V1 1875000 1866200 1109630 1866200
V1 1109630 1866200 1090430 1885400
Net3 5 
V1 3241267 2103400 3216581 2128086
V1 3216581 2128086 2500000 2128086
V1 2500000 2128086 1875000 1871000
V1 1875000 1871000 1278040 1871000
V1 1278040 1871000 1263640 1885400
Net4 5 
V1 3327870 2103400 3297012 2134257
V1 3297012 2134257 2500000 2134257
V1 2500000 2134257 1875000 1875800
V1 1875000 1875800 1359840 1875800
V1 1359840 1875800 1350240 1885400
Net5 5 
V1 3501070 2103400 3464041 2140428
V1 3464041 2140428 2500000 2140428
V1 2500000 2140428 1875000 1880600
V1 1875000 1880600 1528247 1880600
V1 1528247 1880600 1523447 1885400
Net7 5 
V1 2851552 2060200 2837152 2074600
V1 2837152 2074600 2500000 2074600
V1 2500000 2074600 1875000 1847000
V1 1875000 1847000 705520 1847000
V1 705520 1847000 700720 1842200
Net8 5 
V1 2938160 2060200 2923760 2045800
V1 2923760 2045800 2500000 2045800
V1 2500000 2045800 1875000 1827800
V1 1875000 1827800 801722 1827800
V1 801722 1827800 787322 1842200
Net16 5 
V1 3804180 2060200 3775380 2089000
V1 3775380 2089000 2500000 2089000
V1 2500000 2089000 1875000 1851800
V1 1875000 1851800 623720 1851800
V1 623720 1851800 614120 1842200
Net17 5 
V1 2808250 2017000 2799610 2008360
V1 2799610 2008360 2500000 2008360
V1 2500000 2008360 1875000 1790360
V1 1875000 1790360 752660 1790360
V1 752660 1790360 744020 1799000
Net18 5 
V1 2894857 2017000 2880457 2031400
V1 2880457 2031400 2500000 2031400
V1 2500000 2031400 1875000 1813400
V1 1875000 1813400 845027 1813400
V1 845027 1813400 830627 1799000
Net25 5 
V1 3760880 2017000 3743600 1999720
V1 3743600 1999720 2500000 1999720
V1 2500000 1999720 1875000 1781720
V1 1875000 1781720 588100 1781720
V1 588100 1781720 570820 1799000
Net26 5 
V1 2851552 1973800 2842912 1982440
V1 2842912 1982440 2500000 1982440
V1 2500000 1982440 1875000 1764440
V1 1875000 1764440 709360 1764440
V1 709360 1764440 700720 1755800
Net27 5 
V1 2938160 1973800 2923760 1959400
V1 2923760 1959400 2500000 1959400
V1 2500000 1959400 1875000 1741400
V1 1875000 1741400 801722 1741400
V1 801722 1741400 787322 1755800
Net35 5 
V1 3804180 1973800 3786900 1991080
V1 3786900 1991080 2500000 1991080
V1 2500000 1991080 1875000 1773080
V1 1875000 1773080 631400 1773080
V1 631400 1773080 614120 1755800
Net36 5 
V1 2808250 1930600 2803450 1925800
V1 2803450 1925800 2500000 1925800
V1 2500000 1925800 1875000 1691000
V1 1875000 1691000 679020 1691000
V1 679020 1691000 657420 1712600
Net37 5 
V1 2894857 1930600 2880457 1945000
V1 2880457 1945000 2500000 1945000
V1 2500000 1945000 1875000 1727000
V1 1875000 1727000 845027 1727000
V1 845027 1727000 830627 1712600
Net44 5 
V1 2938160 1887400 2933360 1882600
V1 2933360 1882600 2500000 1882600
V1 2500000 1882600 1875000 1631000
V1 1875000 1631000 739120 1631000
V1 739120 1631000 700720 1669400
Net45 5 
V1 3024760 1887400 3019960 1892200
V1 3019960 1892200 2500000 1892200
V1 2500000 1892200 1875000 1635800
V1 1875000 1635800 820922 1635800
V1 820922 1635800 787322 1669400
Net46 5 
V1 3111360 1887400 3101760 1897000
V1 3101760 1897000 2500000 1897000
V1 2500000 1897000 1875000 1640600
V1 1875000 1640600 902730 1640600
V1 902730 1640600 873930 1669400
Net47 5 
V1 3197962 1887400 3183562 1901800
V1 3183562 1901800 2500000 1901800
V1 2500000 1901800 1875000 1645400
V1 1875000 1645400 984530 1645400
V1 984530 1645400 960530 1669400
Net48 5 
V1 3371170 1887400 3351970 1906600
V1 3351970 1906600 2500000 1906600
V1 2500000 1906600 1875000 1650200
V1 1875000 1650200 1152932 1650200
V1 1152932 1650200 1133732 1669400
Net49 5 
V1 3457770 1887400 3433770 1911400
V1 3433770 1911400 2500000 1911400
V1 2500000 1911400 1875000 1655000
V1 1875000 1655000 1321340 1655000
V1 1321340 1655000 1306940 1669400
Net50 5 
V1 3544372 1887400 3515572 1916200
V1 3515572 1916200 2500000 1916200
V1 2500000 1916200 1875000 1659800
V1 1875000 1659800 1489742 1659800
V1 1489742 1659800 1480142 1669400
Net51 5 
V1 3717580 1887400 3683980 1921000
V1 3683980 1921000 2500000 1921000
V1 2500000 1921000 1875000 1664600
V1 1875000 1664600 1571550 1664600
V1 1571550 1664600 1566750 1669400
Net52 5 
V1 2808250 1844200 2803450 1849000
V1 2803450 1849000 2500000 1849000
V1 2500000 1849000 1875000 1595960
V1 1875000 1595960 687660 1595960
V1 687660 1595960 657420 1626200
Net53 5 
V1 2894857 1844200 2885257 1853800
V1 2885257 1853800 2500000 1853800
V1 2500000 1853800 1875000 1600280
V1 1875000 1600280 769940 1600280
V1 769940 1600280 744020 1626200
Net54 5 
V1 3068060 1844200 3053660 1858600
V1 3053660 1858600 2500000 1858600
V1 2500000 1858600 1875000 1604600
V1 1875000 1604600 938830 1604600
V1 938830 1604600 917230 1626200
Net57 5 
V1 3414470 1844200 3395270 1863400
V1 3395270 1863400 2500000 1863400
V1 2500000 1863400 1875000 1608920
V1 1875000 1608920 1280920 1608920
V1 1280920 1608920 1263640 1626200
Net58 5 
V1 3501070 1844200 3477070 1868200
V1 3477070 1868200 2500000 1868200
V1 2500000 1868200 1875000 1613240
V1 1875000 1613240 1363200 1613240
V1 1363200 1613240 1350240 1626200
Net59 5 
V1 3587677 1844200 3558877 1873000
V1 3558877 1873000 2500000 1873000
V1 2500000 1873000 1875000 1617560
V1 1875000 1617560 1445480 1617560
V1 1445480 1617560 1436840 1626200
Net60 5 
V1 3674280 1844200 3640680 1877800
V1 3640680 1877800 2500000 1877800
V1 2500000 1877800 1875000 1621880
V1 1875000 1621880 1527767 1621880
V1 1527767 1621880 1523447 1626200
Net62 5 
V1 2851552 1801000 2837152 1815400
V1 2837152 1815400 2500000 1815400
V1 2500000 1815400 1875000 1587320
V1 1875000 1587320 705040 1587320
V1 705040 1587320 700720 1583000
Net63 5 
V1 3024760 1801000 3010360 1786600
V1 3010360 1786600 2500000 1786600
V1 2500000 1786600 1875000 1568600
V1 1875000 1568600 801722 1568600
V1 801722 1568600 787322 1583000
Net70 5 
V1 3804180 1801000 3775380 1829800
V1 3775380 1829800 2500000 1829800
V1 2500000 1829800 1875000 1591640
V1 1875000 1591640 622760 1591640
V1 622760 1591640 614120 1583000
Net71 5 
V1 2808250 1757800 2799610 1749160
V1 2799610 1749160 2500000 1749160
V1 2500000 1749160 1875000 1531160
V1 1875000 1531160 752660 1531160
V1 752660 1531160 744020 1539800
Net72 5 
V1 2894857 1757800 2880457 1772200
V1 2880457 1772200 2500000 1772200
V1 2500000 1772200 1875000 1554200
V1 1875000 1554200 845027 1554200
V1 845027 1554200 830627 1539800
Net80 5 
V1 3760880 1757800 3743600 1740520
V1 3743600 1740520 2500000 1740520
V1 2500000 1740520 1875000 1522520
V1 1875000 1522520 588100 1522520
V1 588100 1522520 570820 1539800
Net81 5 
V1 2851552 1714600 2842912 1723240
V1 2842912 1723240 2500000 1723240
V1 2500000 1723240 1875000 1505240
V1 1875000 1505240 882570 1505240
V1 882570 1505240 873930 1496600
Net87 5 
V1 3804180 1714600 3786900 1731880
V1 3786900 1731880 2500000 1731880
V1 2500000 1731880 1875000 1513880
V1 1875000 1513880 631400 1513880
V1 631400 1513880 614120 1496600
