Nets 21
Net6 5 
M2 3654790 2103400 3633190 2125000
M2 3633190 2125000 2500000 2125000
M2 2500000 2125000 1875000 1808258
M2 1875000 1808258 302841 1808258
M2 302841 1808258 275070 1836030
Net17 5 
M2 2797430 2017000 2775830 2038600
M2 2775830 2038600 2500000 2038600
M2 2500000 2038600 1875000 1752711
M2 1875000 1752711 440546 1752711
M2 440546 1752711 412770 1780487
Net25 5 
M2 3654790 2017000 3633190 1995400
M2 3633190 1995400 2500000 1995400
M2 2500000 1995400 1875000 1697171
M2 1875000 1697171 302838 1697171
M2 302838 1697171 275070 1724940
Net48 5 
M2 3304050 1887400 3295410 1896040
M2 3295410 1896040 2500000 1896040
M2 2500000 1896040 1875000 1624968
M2 1875000 1624968 1007991 1624968
M2 1007991 1624968 963560 1669400
Net49 5 
M2 3381997 1887400 3364717 1904680
M2 3364717 1904680 2500000 1904680
M2 2500000 1904680 1875000 1636077
M2 1875000 1636077 1088683 1636077
M2 1088683 1636077 1055360 1669400
Net50 5 
M2 3459940 1887400 3434020 1913320
M2 3434020 1913320 2500000 1913320
M2 2500000 1913320 1875000 1647185
M2 1875000 1647185 1261174 1647185
M2 1261174 1647185 1238960 1669400
Net51 5 
M2 3615820 1887400 3581260 1921960
M2 3581260 1921960 2500000 1921960
M2 2500000 1921960 1875000 1658294
M2 1875000 1658294 1341858 1658294
M2 1341858 1658294 1330752 1669400
Net52 5 
M2 2797430 1844200 2792630 1849000
M2 2792630 1849000 2500000 1849000
M2 2500000 1849000 1875000 1539798
M2 1875000 1539798 431284 1539798
M2 431284 1539798 412770 1558312
Net53 5 
M2 2875370 1844200 2865770 1853800
M2 2865770 1853800 2500000 1853800
M2 2500000 1853800 1875000 1565255
M2 1875000 1565255 415474 1565255
M2 415474 1565255 366870 1613860
Net54 5 
M2 3031252 1844200 3016852 1858600
M2 3016852 1858600 2500000 1858600
M2 2500000 1858600 1875000 1572198
M2 1875000 1572198 592129 1572198
M2 592129 1572198 550467 1613860
Net55 5 
M2 3187140 1844200 3167940 1863400
M2 3167940 1863400 2500000 1863400
M2 2500000 1863400 1875000 1579140
M2 1875000 1579140 676981 1579140
M2 676981 1579140 642262 1613860
Net56 5 
M2 3265080 1844200 3241080 1868200
M2 3241080 1868200 2500000 1868200
M2 2500000 1868200 1875000 1586083
M2 1875000 1586083 853636 1586083
M2 853636 1586083 825860 1613860
Net57 5 
M2 3343020 1844200 3314220 1873000
M2 3314220 1873000 2500000 1873000
M2 2500000 1873000 1875000 1593026
M2 1875000 1593026 938493 1593026
M2 938493 1593026 917660 1613860
Net58 5 
M2 3420970 1844200 3387370 1877800
M2 3387370 1877800 2500000 1877800
M2 2500000 1877800 1875000 1599969
M2 1875000 1599969 1115151 1599969
M2 1115151 1599969 1101260 1613860
Net59 5 
M2 3498910 1844200 3460510 1882600
M2 3460510 1882600 2500000 1882600
M2 2500000 1882600 1875000 1606911
M2 1875000 1606911 1200008 1606911
M2 1200008 1606911 1193060 1613860
Net82 5 
M2 2992280 1714600 2986107 1720772
M2 2986107 1720772 2500000 1720772
M2 2500000 1720772 1875000 1456484
M2 1875000 1456484 872145 1456484
M2 872145 1456484 825860 1502770
Net83 5 
M2 3070227 1714600 3057883 1726943
M2 3057883 1726943 2500000 1726943
M2 2500000 1726943 1875000 1465741
M2 1875000 1465741 1138288 1465741
M2 1138288 1465741 1101260 1502770
Net84 5 
M2 3226110 1714600 3207595 1733115
M2 3207595 1733115 2500000 1733115
M2 2500000 1733115 1875000 1474998
M2 1875000 1474998 1312629 1474998
M2 1312629 1474998 1284857 1502770
Net85 5 
M2 3304050 1714600 3279363 1739286
M2 3279363 1739286 2500000 1739286
M2 2500000 1739286 1875000 1484255
M2 1875000 1484255 1395167 1484255
M2 1395167 1484255 1376652 1502770
Net86 5 
M2 3459940 1714600 3429082 1745457
M2 3429082 1745457 2500000 1745457
M2 2500000 1745457 1875000 1493512
M2 1875000 1493512 1569507 1493512
M2 1569507 1493512 1560250 1502770
Net87 5 
M2 3693762 1714600 3656733 1751628
M2 3656733 1751628 2500000 1751628
M2 2500000 1751628 1875000 1521284
M2 1875000 1521284 357998 1521284
M2 357998 1521284 320970 1558312
