Nets 40
Net0 5 
V1 2754130 2112040 2748946 2117224
V1 2748946 2117224 2500000 2117224
V1 2500000 2117224 1875000 1850840
V1 1875000 1850840 1067837 1850840
V1 1067837 1850840 1033277 1885400
Net1 5 
V1 2840730 2112040 2830362 2122408
V1 2830362 2122408 2500000 2122408
V1 2500000 2122408 1875000 1859480
V1 1875000 1859480 1190830 1859480
V1 1190830 1859480 1164910 1885400
Net2 5 
V1 2927330 2112040 2911778 2127592
V1 2911778 2127592 2500000 2127592
V1 2500000 2127592 1875000 1868120
V1 1875000 1868120 1248010 1868120
V1 1248010 1868120 1230730 1885400
Net3 5 
V1 2970630 2112040 2949894 2132776
V1 2949894 2132776 2500000 2132776
V1 2500000 2132776 1875000 1876760
V1 1875000 1876760 1371002 1876760
V1 1371002 1876760 1362362 1885400
Net4 5 
V1 2775780 2086120 2770596 2091304
V1 2770596 2091304 2500000 2091304
V1 2500000 2091304 1875000 1823000
V1 1875000 1823000 1085382 1823000
V1 1085382 1823000 1066182 1842200
Net5 5 
V1 2819080 2086120 2808712 2096488
V1 2808712 2096488 2500000 2096488
V1 2500000 2096488 1875000 1827800
V1 1875000 1827800 1146400 1827800
V1 1146400 1827800 1132000 1842200
Net6 5 
V1 2862380 2086120 2846828 2101672
V1 2846828 2101672 2500000 2101672
V1 2500000 2101672 1875000 1832600
V1 1875000 1832600 1273240 1832600
V1 1273240 1832600 1263640 1842200
Net7 5 
V1 2905680 2086120 2884944 2106856
V1 2884944 2106856 2500000 2106856
V1 2500000 2106856 1875000 1837400
V1 1875000 1837400 1400070 1837400
V1 1400070 1837400 1395270 1842200
Net11 5 
V1 2754130 2060200 2745490 2068840
V1 2745490 2068840 2500000 2068840
V1 2500000 2068840 1875000 1813400
V1 1875000 1813400 963350 1813400
V1 963350 1813400 934550 1842200
Net12 5 
V1 2797430 2060200 2780150 2077480
V1 2780150 2077480 2500000 2077480
V1 2500000 2077480 1875000 1818200
V1 1875000 1818200 1024370 1818200
V1 1024370 1818200 1000370 1842200
Net17 5 
V1 2819080 2034280 2806120 2047240
V1 2806120 2047240 2500000 2047240
V1 2500000 2047240 1875000 1808600
V1 1875000 1808600 1042877 1808600
V1 1042877 1808600 1033277 1799000
Net20 5 
V1 2992280 2034280 2987960 2029960
V1 2987960 2029960 2500000 2029960
V1 2500000 2029960 1875000 1803800
V1 1875000 1803800 1432980 1803800
V1 1432980 1803800 1428180 1799000
Net22 5 
V1 2754130 2008360 2749810 2012680
V1 2749810 2012680 2500000 2012680
V1 2500000 2012680 1875000 1743456
V1 1875000 1743456 1210163 1743456
V1 1210163 1743456 1197820 1755800
Net23 5 
V1 2840730 2008360 2832090 2017000
V1 2832090 2017000 2500000 2017000
V1 2500000 2017000 1875000 1749627
V1 1875000 1749627 1269812 1749627
V1 1269812 1749627 1263640 1755800
Net25 5 
V1 2927330 2008360 2914370 2021320
V1 2914370 2021320 2500000 2021320
V1 2500000 2021320 1875000 1770200
V1 1875000 1770200 1391162 1770200
V1 1391162 1770200 1362362 1799000
Net26 5 
V1 2970630 2008360 2953350 2025640
V1 2953350 2025640 2500000 2025640
V1 2500000 2025640 1875000 1784600
V1 1875000 1784600 1574220 1784600
V1 1574220 1784600 1559820 1799000
Net28 5 
V1 2819080 1982440 2806120 1995400
V1 2806120 1995400 2500000 1995400
V1 2500000 1995400 1875000 1737285
V1 1875000 1737285 1084697 1737285
V1 1084697 1737285 1066182 1755800
Net34 5 
V1 2797430 1956520 2784470 1969480
V1 2784470 1969480 2500000 1969480
V1 2500000 1969480 1875000 1731113
V1 1875000 1731113 1025056 1731113
V1 1025056 1731113 1000370 1755800
Net36 5 
V1 2884030 1956520 2879710 1952200
V1 2879710 1952200 2500000 1952200
V1 2500000 1952200 1875000 1724942
V1 1875000 1724942 1374705 1724942
V1 1374705 1724942 1362362 1712600
Net37 5 
V1 2927330 1956520 2918690 1947880
V1 2918690 1947880 2500000 1947880
V1 2500000 1947880 1875000 1718771
V1 1875000 1718771 1434351 1718771
V1 1434351 1718771 1428180 1712600
Net38 5 
V1 2970630 1956520 2957670 1943560
V1 2957670 1943560 2500000 1943560
V1 2500000 1943560 1875000 1705400
V1 1875000 1705400 1501200 1705400
V1 1501200 1705400 1494000 1712600
Net40 5 
V1 2862380 1930600 2857196 1925416
V1 2857196 1925416 2500000 1925416
V1 2500000 1925416 1875000 1683800
V1 1875000 1683800 1127890 1683800
V1 1127890 1683800 1099090 1712600
Net41 5 
V1 2905680 1930600 2901360 1934920
V1 2901360 1934920 2500000 1934920
V1 2500000 1934920 1875000 1691000
V1 1875000 1691000 1186510 1691000
V1 1186510 1691000 1164910 1712600
Net42 5 
V1 2992280 1930600 2983640 1939240
V1 2983640 1939240 2500000 1939240
V1 2500000 1939240 1875000 1698200
V1 1875000 1698200 1310950 1698200
V1 1310950 1698200 1296550 1712600
Net45 5 
V1 2840730 1904680 2835546 1909864
V1 2835546 1909864 2500000 1909864
V1 2500000 1909864 1875000 1647800
V1 1875000 1647800 1285240 1647800
V1 1285240 1647800 1263640 1669400
Net46 5 
V1 2884030 1904680 2873662 1915048
V1 2873662 1915048 2500000 1915048
V1 2500000 1915048 1875000 1658600
V1 1875000 1658600 1406070 1658600
V1 1406070 1658600 1395270 1669400
Net47 5 
V1 2970630 1904680 2955078 1920232
V1 2955078 1920232 2500000 1920232
V1 2500000 1920232 1875000 1676600
V1 1875000 1676600 1599930 1676600
V1 1599930 1676600 1592730 1669400
Net53 5 
V1 2992280 1878760 2979320 1891720
V1 2979320 1891720 2500000 1891720
V1 2500000 1891720 1875000 1637000
V1 1875000 1637000 1570620 1637000
V1 1570620 1637000 1559820 1626200
Net54 5 
V1 3035582 1878760 3022622 1865800
V1 3022622 1865800 2500000 1865800
V1 2500000 1865800 1875000 1604600
V1 1875000 1604600 857420 1604600
V1 857420 1604600 835820 1626200
Net60 5 
V1 2775780 1826920 2769300 1833400
V1 2769300 1833400 2500000 1833400
V1 2500000 1833400 1875000 1566800
V1 1875000 1566800 950750 1566800
V1 950750 1566800 934550 1583000
Net61 5 
V1 2819080 1826920 2806120 1839880
V1 2806120 1839880 2500000 1839880
V1 2500000 1839880 1875000 1572200
V1 1875000 1572200 1142800 1572200
V1 1142800 1572200 1132000 1583000
Net62 5 
V1 2862380 1826920 2842940 1846360
V1 2842940 1846360 2500000 1846360
V1 2500000 1846360 1875000 1577600
V1 1875000 1577600 1203220 1577600
V1 1203220 1577600 1197820 1583000
Net72 5 
V1 2819080 1775080 2806120 1788040
V1 2806120 1788040 2500000 1788040
V1 2500000 1788040 1875000 1561400
V1 1875000 1561400 1054877 1561400
V1 1054877 1561400 1033277 1539800
Net73 5 
V1 2862380 1775080 2858060 1770760
V1 2858060 1770760 2500000 1770760
V1 2500000 1770760 1875000 1556000
V1 1875000 1556000 1115290 1556000
V1 1115290 1556000 1099090 1539800
Net74 5 
V1 2948980 1775080 2940340 1766440
V1 2940340 1766440 2500000 1766440
V1 2500000 1766440 1875000 1550600
V1 1875000 1550600 1504800 1550600
V1 1504800 1550600 1494000 1539800
Net75 5 
V1 2992280 1775080 2979320 1762120
V1 2979320 1762120 2500000 1762120
V1 2500000 1762120 1875000 1545200
V1 1875000 1545200 1565220 1545200
V1 1565220 1545200 1559820 1539800
Net76 5 
V1 3035582 1775080 3018302 1757800
V1 3018302 1757800 2500000 1757800
V1 2500000 1757800 1875000 1525400
V1 1875000 1525400 850220 1525400
V1 850220 1525400 835820 1539800
Net77 5 
V1 2754130 1749160 2745490 1740520
V1 2745490 1740520 2500000 1740520
V1 2500000 1740520 1875000 1482200
V1 1875000 1482200 1080582 1482200
V1 1080582 1482200 1066182 1496600
Net78 5 
V1 2797430 1749160 2793110 1753480
V1 2793110 1753480 2500000 1753480
V1 2500000 1753480 1875000 1511000
V1 1875000 1511000 1212220 1511000
V1 1212220 1511000 1197820 1496600
Net87 5 
V1 3035582 1723240 3026942 1731880
V1 3026942 1731880 2500000 1731880
V1 2500000 1731880 1875000 1467800
V1 1875000 1467800 897530 1467800
V1 897530 1467800 868730 1496600
