Nets 26
Net13 5 
V2 2972362 2060200 2965882 2066680
V2 2965882 2066680 2500000 2066680
V2 2500000 2066680 1875000 1858247
V2 1875000 1858247 1288733 1858247
V2 1288733 1858247 1255410 1891570
Net14 5 
V2 3036450 2060200 3023490 2073160
V2 3023490 2073160 2500000 2073160
V2 2500000 2073160 1875000 1869355
V2 1875000 1869355 1454294 1869355
V2 1454294 1869355 1432080 1891570
Net15 5 
V2 3164620 2060200 3145180 2079640
V2 3145180 2079640 2500000 2079640
V2 2500000 2079640 1875000 1880464
V2 1875000 1880464 1531518 1880464
V2 1531518 1880464 1520412 1891570
Net19 5 
V2 3068490 2034280 3062010 2040760
V2 3062010 2040760 2500000 2040760
V2 2500000 2040760 1875000 1799001
V2 1875000 1799001 1159938 1799001
V2 1159938 1799001 1122910 1836030
Net20 5 
V2 3132580 2034280 3119620 2047240
V2 3119620 2047240 2500000 2047240
V2 2500000 2047240 1875000 1817515
V2 1875000 1817515 1406424 1817515
V2 1406424 1817515 1387910 1836030
Net21 5 
V2 3196667 2034280 3177227 2053720
V2 3177227 2053720 2500000 2053720
V2 2500000 2053720 1875000 1847138
V2 1875000 1847138 416494 1847138
V2 416494 1847138 372062 1891570
Net22 5 
V2 2780110 2008360 2771470 2017000
V2 2771470 2017000 2500000 2017000
V2 2500000 2017000 1875000 1758265
V2 1875000 1758265 1100962 1758265
V2 1100962 1758265 1078740 1780487
Net23 5 
V2 2908280 2008360 2891000 2025640
V2 2891000 2025640 2500000 2025640
V2 2500000 2025640 1875000 1769374
V2 1875000 1769374 1266523 1769374
V2 1266523 1769374 1255410 1780487
Net27 5 
V2 2812150 1982440 2799190 1995400
V2 2799190 1995400 2500000 1995400
V2 2500000 1995400 1875000 1747157
V2 1875000 1747157 1023740 1747157
V2 1023740 1747157 990410 1780487
Net34 5 
V2 2844190 1956520 2831230 1969480
V2 2831230 1969480 2500000 1969480
V2 2500000 1969480 1875000 1736048
V2 1875000 1736048 858179 1736048
V2 858179 1736048 813740 1780487
Net35 5 
V2 2908280 1956520 2899640 1947880
V2 2899640 1947880 2500000 1947880
V2 2500000 1947880 1875000 1706428
V2 1875000 1706428 699749 1706428
V2 699749 1706428 681237 1724940
Net39 5 
V2 2812150 1930600 2803510 1939240
V2 2803510 1939240 2500000 1939240
V2 2500000 1939240 1875000 1687914
V2 1875000 1687914 629926 1687914
V2 629926 1687914 592900 1724940
Net51 5 
V2 3004410 1878760 2995770 1887400
V2 2995770 1887400 2500000 1887400
V2 2500000 1887400 1875000 1641631
V2 1875000 1641631 1283179 1641631
V2 1283179 1641631 1255410 1669400
Net53 5 
V2 3132580 1878760 3115300 1896040
V2 3115300 1896040 2500000 1896040
V2 2500000 1896040 1875000 1655516
V2 1875000 1655516 1534296 1655516
V2 1534296 1655516 1520412 1669400
Net61 5 
V2 2876240 1826920 2871920 1831240
V2 2871920 1831240 2500000 1831240
V2 2500000 1831240 1875000 1539798
V2 1875000 1539798 743914 1539798
V2 743914 1539798 725400 1558312
Net62 5 
V2 2940320 1826920 2931680 1835560
V2 2931680 1835560 2500000 1835560
V2 2500000 1835560 1875000 1549055
V2 1875000 1549055 822997 1549055
V2 822997 1549055 813740 1558312
Net63 5 
V2 3004410 1826920 2991450 1839880
V2 2991450 1839880 2500000 1839880
V2 2500000 1839880 1875000 1576826
V2 1875000 1576826 718271 1576826
V2 718271 1576826 681237 1613860
Net64 5 
V2 3132580 1826920 3115300 1844200
V2 3115300 1844200 2500000 1844200
V2 2500000 1844200 1875000 1595340
V2 1875000 1595340 876427 1595340
V2 876427 1595340 857907 1613860
Net65 5 
V2 3196667 1826920 3175067 1848520
V2 3175067 1848520 2500000 1848520
V2 2500000 1848520 1875000 1627745
V2 1875000 1627745 413717 1627745
V2 413717 1627745 372062 1669400
Net66 5 
V2 2780110 1801000 2767150 1813960
V2 2767150 1813960 2500000 1813960
V2 2500000 1813960 1875000 1530541
V2 1875000 1530541 664841 1530541
V2 664841 1530541 637070 1558312
Net77 5 
V2 2780110 1749160 2767150 1762120
V2 2767150 1762120 2500000 1762120
V2 2500000 1762120 1875000 1521284
V2 1875000 1521284 788084 1521284
V2 788084 1521284 769570 1502770
Net78 5 
V2 2844190 1749160 2839870 1744840
V2 2839870 1744840 2500000 1744840
V2 2500000 1744840 1875000 1512027
V2 1875000 1512027 867164 1512027
V2 867164 1512027 857907 1502770
Net83 5 
V2 2812150 1723240 2807830 1727560
V2 2807830 1727560 2500000 1727560
V2 2500000 1727560 1875000 1458336
V2 1875000 1458336 1167344 1458336
V2 1167344 1458336 1122910 1502770
Net84 5 
V2 2876240 1723240 2867600 1731880
V2 2867600 1731880 2500000 1731880
V2 2500000 1731880 1875000 1469444
V2 1875000 1469444 1332905 1469444
V2 1332905 1469444 1299580 1502770
Net85 5 
V2 3004410 1723240 2991450 1736200
V2 2991450 1736200 2500000 1736200
V2 2500000 1736200 1875000 1480553
V2 1875000 1480553 1410127 1480553
V2 1410127 1480553 1387910 1502770
Net86 5 
V2 3132580 1723240 3115300 1740520
V2 3115300 1740520 2500000 1740520
V2 2500000 1740520 1875000 1491661
V2 1875000 1491661 1575688 1491661
V2 1575688 1491661 1564580 1502770
