Nets 66
Net0 5 
V1 2767120 2112040 2761936 2117224
V1 2761936 2117224 2500000 2117224
V1 2500000 2117224 1875000 1859480
V1 1875000 1859480 1259700 1859480
V1 1259700 1859480 1242420 1876760
Net1 5 
V1 2874502 2112040 2864134 2122408
V1 2864134 2122408 2500000 2122408
V1 2500000 2122408 1875000 1863800
V1 1875000 1863800 1383550 1863800
V1 1383550 1863800 1370590 1876760
Net2 5 
V1 2981890 2112040 2966338 2127592
V1 2966338 2127592 2500000 2127592
V1 2500000 2127592 1875000 1868120
V1 1875000 1868120 1507400 1868120
V1 1507400 1868120 1498760 1876760
Net3 5 
V1 3035582 2112040 3014846 2132776
V1 3014846 2132776 2500000 2132776
V1 2500000 2132776 1875000 1872440
V1 1875000 1872440 1567170 1872440
V1 1567170 1872440 1562850 1876760
Net6 5 
V1 2901350 2086120 2897030 2090440
V1 2897030 2090440 2500000 2090440
V1 2500000 2090440 1875000 1833560
V1 1875000 1833560 1419917 1833560
V1 1419917 1833560 1402637 1850840
Net7 5 
V1 2955042 2086120 2946402 2094760
V1 2946402 2094760 2500000 2094760
V1 2500000 2094760 1875000 1837880
V1 1875000 1837880 1479680 1837880
V1 1479680 1837880 1466720 1850840
Net8 5 
V1 3008740 2086120 2995780 2099080
V1 2995780 2099080 2500000 2099080
V1 2500000 2099080 1875000 1842200
V1 1875000 1842200 1539450 1842200
V1 1539450 1842200 1530810 1850840
Net9 5 
V1 3062430 2086120 3045150 2103400
V1 3045150 2103400 2500000 2103400
V1 2500000 2103400 1875000 1846520
V1 1875000 1846520 1599210 1846520
V1 1599210 1846520 1594890 1850840
Net10 5 
V1 3116127 2086120 3094527 2107720
V1 3094527 2107720 2500000 2107720
V1 2500000 2107720 1875000 1855160
V1 1875000 1855160 1199932 1855160
V1 1199932 1855160 1178332 1876760
Net11 5 
V1 2767120 2060200 2762800 2064520
V1 2762800 2064520 2500000 2064520
V1 2500000 2064520 1875000 1807640
V1 1875000 1807640 1259700 1807640
V1 1259700 1807640 1242420 1824920
Net12 5 
V1 2820810 2060200 2812170 2068840
V1 2812170 2068840 2500000 2068840
V1 2500000 2068840 1875000 1811960
V1 1875000 1811960 1319470 1811960
V1 1319470 1811960 1306510 1824920
Net13 5 
V1 2928200 2060200 2915240 2073160
V1 2915240 2073160 2500000 2073160
V1 2500000 2073160 1875000 1816280
V1 1875000 1816280 1443320 1816280
V1 1443320 1816280 1434680 1824920
Net14 5 
V1 2981890 2060200 2964610 2077480
V1 2964610 2077480 2500000 2077480
V1 2500000 2077480 1875000 1820600
V1 1875000 1820600 1503080 1820600
V1 1503080 1820600 1498760 1824920
Net15 5 
V1 3089280 2060200 3067680 2081800
V1 3067680 2081800 2500000 2081800
V1 2500000 2081800 1875000 1829240
V1 1875000 1829240 1567170 1829240
V1 1567170 1829240 1562850 1824920
Net18 5 
V1 2901350 2034280 2892710 2025640
V1 2892710 2025640 2500000 2025640
V1 2500000 2025640 1875000 1779560
V1 1875000 1779560 1422077 1779560
V1 1422077 1779560 1402637 1799000
Net19 5 
V1 3008740 2034280 3002260 2040760
V1 3002260 2040760 2500000 2040760
V1 2500000 2040760 1875000 1786040
V1 1875000 1786040 1479680 1786040
V1 1479680 1786040 1466720 1799000
Net20 5 
V1 3062430 2034280 3049470 2047240
V1 3049470 2047240 2500000 2047240
V1 2500000 2047240 1875000 1792520
V1 1875000 1792520 1601370 1792520
V1 1601370 1792520 1594890 1799000
Net21 5 
V1 3116127 2034280 3096687 2053720
V1 3096687 2053720 2500000 2053720
V1 2500000 2053720 1875000 1803320
V1 1875000 1803320 1199932 1803320
V1 1199932 1803320 1178332 1824920
Net22 5 
V1 2767120 2008360 2758480 2017000
V1 2758480 2017000 2500000 2017000
V1 2500000 2017000 1875000 1764440
V1 1875000 1764440 1251060 1764440
V1 1251060 1764440 1242420 1773080
Net27 5 
V1 2793960 1982440 2789640 1986760
V1 2789640 1986760 2500000 1986760
V1 2500000 1986760 1875000 1726424
V1 1875000 1726424 1295196 1726424
V1 1295196 1726424 1274460 1747160
Net28 5 
V1 2847660 1982440 2839020 1991080
V1 2839020 1991080 2500000 1991080
V1 2500000 1991080 1875000 1731608
V1 1875000 1731608 1354102 1731608
V1 1354102 1731608 1338550 1747160
Net29 5 
V1 2901350 1982440 2888390 1995400
V1 2888390 1995400 2500000 1995400
V1 2500000 1995400 1875000 1736792
V1 1875000 1736792 1413005 1736792
V1 1413005 1736792 1402637 1747160
Net31 5 
V1 3062430 1982440 3045150 1999720
V1 3045150 1999720 2500000 1999720
V1 2500000 1999720 1875000 1741976
V1 1875000 1741976 1600074 1741976
V1 1600074 1741976 1594890 1747160
Net32 5 
V1 3116127 1982440 3094527 2004040
V1 3094527 2004040 2500000 2004040
V1 2500000 2004040 1875000 1755800
V1 1875000 1755800 1195612 1755800
V1 1195612 1755800 1178332 1773080
Net33 5 
V1 2767120 1956520 2761936 1961704
V1 2761936 1961704 2500000 1961704
V1 2500000 1961704 1875000 1703960
V1 1875000 1703960 1259700 1703960
V1 1259700 1703960 1242420 1721240
Net35 5 
V1 2874502 1956520 2864134 1966888
V1 2864134 1966888 2500000 1966888
V1 2500000 1966888 1875000 1708280
V1 1875000 1708280 1383550 1708280
V1 1383550 1708280 1370590 1721240
Net36 5 
V1 2928200 1956520 2912648 1972072
V1 2912648 1972072 2500000 1972072
V1 2500000 1972072 1875000 1712600
V1 1875000 1712600 1443320 1712600
V1 1443320 1712600 1434680 1721240
Net38 5 
V1 3035582 1956520 3014846 1977256
V1 3014846 1977256 2500000 1977256
V1 2500000 1977256 1875000 1716920
V1 1875000 1716920 1567170 1716920
V1 1567170 1716920 1562850 1721240
Net39 5 
V1 2793960 1930600 2789640 1934920
V1 2789640 1934920 2500000 1934920
V1 2500000 1934920 1875000 1674584
V1 1875000 1674584 1295196 1674584
V1 1295196 1674584 1274460 1695320
Net40 5 
V1 2901350 1930600 2892710 1939240
V1 2892710 1939240 2500000 1939240
V1 2500000 1939240 1875000 1679768
V1 1875000 1679768 1418189 1679768
V1 1418189 1679768 1402637 1695320
Net41 5 
V1 2955042 1930600 2942082 1943560
V1 2942082 1943560 2500000 1943560
V1 2500000 1943560 1875000 1684952
V1 1875000 1684952 1477088 1684952
V1 1477088 1684952 1466720 1695320
Net42 5 
V1 3062430 1930600 3045150 1947880
V1 3045150 1947880 2500000 1947880
V1 2500000 1947880 1875000 1690136
V1 1875000 1690136 1600074 1690136
V1 1600074 1690136 1594890 1695320
Net43 5 
V1 3116127 1930600 3094527 1952200
V1 3094527 1952200 2500000 1952200
V1 2500000 1952200 1875000 1699640
V1 1875000 1699640 1199932 1699640
V1 1199932 1699640 1178332 1721240
Net45 5 
V1 2874502 1904680 2868022 1911160
V1 2868022 1911160 2500000 1911160
V1 2500000 1911160 1875000 1653848
V1 1875000 1653848 1386142 1653848
V1 1386142 1653848 1370590 1669400
Net46 5 
V1 2928200 1904680 2915240 1917640
V1 2915240 1917640 2500000 1917640
V1 2500000 1917640 1875000 1659032
V1 1875000 1659032 1445048 1659032
V1 1445048 1659032 1434680 1669400
Net47 5 
V1 3035582 1904680 3016142 1924120
V1 3016142 1924120 2500000 1924120
V1 2500000 1924120 1875000 1664216
V1 1875000 1664216 1568034 1664216
V1 1568034 1664216 1562850 1669400
Net49 5 
V1 2847660 1878760 2843340 1883080
V1 2843340 1883080 2500000 1883080
V1 2500000 1883080 1875000 1622744
V1 1875000 1622744 1359286 1622744
V1 1359286 1622744 1338550 1643480
Net50 5 
V1 2901350 1878760 2892710 1887400
V1 2892710 1887400 2500000 1887400
V1 2500000 1887400 1875000 1627928
V1 1875000 1627928 1418189 1627928
V1 1418189 1627928 1402637 1643480
Net52 5 
V1 3008740 1878760 2995780 1891720
V1 2995780 1891720 2500000 1891720
V1 2500000 1891720 1875000 1633112
V1 1875000 1633112 1541178 1633112
V1 1541178 1633112 1530810 1643480
Net53 5 
V1 3062430 1878760 3045150 1896040
V1 3045150 1896040 2500000 1896040
V1 2500000 1896040 1875000 1638296
V1 1875000 1638296 1600074 1638296
V1 1600074 1638296 1594890 1643480
Net54 5 
V1 3116127 1878760 3094527 1900360
V1 3094527 1900360 2500000 1900360
V1 2500000 1900360 1875000 1648664
V1 1875000 1648664 1199068 1648664
V1 1199068 1648664 1178332 1669400
Net55 5 
V1 2767120 1852840 2760640 1859320
V1 2760640 1859320 2500000 1859320
V1 2500000 1859320 1875000 1602008
V1 1875000 1602008 1257972 1602008
V1 1257972 1602008 1242420 1617560
Net56 5 
V1 2820810 1852840 2807850 1865800
V1 2807850 1865800 2500000 1865800
V1 2500000 1865800 1875000 1607192
V1 1875000 1607192 1316878 1607192
V1 1316878 1607192 1306510 1617560
Net57 5 
V1 2928200 1852840 2908760 1872280
V1 2908760 1872280 2500000 1872280
V1 2500000 1872280 1875000 1612376
V1 1875000 1612376 1439864 1612376
V1 1439864 1612376 1434680 1617560
Net60 5 
V1 2793960 1826920 2789640 1831240
V1 2789640 1831240 2500000 1831240
V1 2500000 1831240 1875000 1570904
V1 1875000 1570904 1295196 1570904
V1 1295196 1570904 1274460 1591640
Net62 5 
V1 2901350 1826920 2892710 1835560
V1 2892710 1835560 2500000 1835560
V1 2500000 1835560 1875000 1576088
V1 1875000 1576088 1418189 1576088
V1 1418189 1576088 1402637 1591640
Net63 5 
V1 2955042 1826920 2942082 1839880
V1 2942082 1839880 2500000 1839880
V1 2500000 1839880 1875000 1581272
V1 1875000 1581272 1477088 1581272
V1 1477088 1581272 1466720 1591640
Net64 5 
V1 3062430 1826920 3045150 1844200
V1 3045150 1844200 2500000 1844200
V1 2500000 1844200 1875000 1586456
V1 1875000 1586456 1600074 1586456
V1 1600074 1586456 1594890 1591640
Net65 5 
V1 3116127 1826920 3094527 1848520
V1 3094527 1848520 2500000 1848520
V1 2500000 1848520 1875000 1596824
V1 1875000 1596824 1199068 1596824
V1 1199068 1596824 1178332 1617560
Net66 5 
V1 2767120 1801000 2761936 1806184
V1 2761936 1806184 2500000 1806184
V1 2500000 1806184 1875000 1548440
V1 1875000 1548440 1259700 1548440
V1 1259700 1548440 1242420 1565720
Net67 5 
V1 2874502 1801000 2864134 1811368
V1 2864134 1811368 2500000 1811368
V1 2500000 1811368 1875000 1552760
V1 1875000 1552760 1319470 1552760
V1 1319470 1552760 1306510 1565720
Net69 5 
V1 2981890 1801000 2966338 1816552
V1 2966338 1816552 2500000 1816552
V1 2500000 1816552 1875000 1557080
V1 1875000 1557080 1507400 1557080
V1 1507400 1557080 1498760 1565720
Net70 5 
V1 3035582 1801000 3014846 1821736
V1 3014846 1821736 2500000 1821736
V1 2500000 1821736 1875000 1561400
V1 1875000 1561400 1567170 1561400
V1 1567170 1561400 1562850 1565720
Net73 5 
V1 2901350 1775080 2896166 1780264
V1 2896166 1780264 2500000 1780264
V1 2500000 1780264 1875000 1520360
V1 1875000 1520360 1422077 1520360
V1 1422077 1520360 1402637 1539800
Net74 5 
V1 3008740 1775080 2998372 1785448
V1 2998372 1785448 2500000 1785448
V1 2500000 1785448 1875000 1526840
V1 1875000 1526840 1543770 1526840
V1 1543770 1526840 1530810 1539800
Net75 5 
V1 3062430 1775080 3046878 1790632
V1 3046878 1790632 2500000 1790632
V1 2500000 1790632 1875000 1533320
V1 1875000 1533320 1601370 1533320
V1 1601370 1533320 1594890 1539800
Net76 5 
V1 3116127 1775080 3095391 1795816
V1 3095391 1795816 2500000 1795816
V1 2500000 1795816 1875000 1544120
V1 1875000 1544120 1199932 1544120
V1 1199932 1544120 1178332 1565720
Net77 5 
V1 2767120 1749160 2761936 1754344
V1 2761936 1754344 2500000 1754344
V1 2500000 1754344 1875000 1496600
V1 1875000 1496600 1259700 1496600
V1 1259700 1496600 1242420 1513880
Net79 5 
V1 2874502 1749160 2864134 1759528
V1 2864134 1759528 2500000 1759528
V1 2500000 1759528 1875000 1500920
V1 1875000 1500920 1383550 1500920
V1 1383550 1500920 1370590 1513880
Net80 5 
V1 2928200 1749160 2912648 1764712
V1 2912648 1764712 2500000 1764712
V1 2500000 1764712 1875000 1505240
V1 1875000 1505240 1443320 1505240
V1 1443320 1505240 1434680 1513880
Net82 5 
V1 3035582 1749160 3014846 1769896
V1 3014846 1769896 2500000 1769896
V1 2500000 1769896 1875000 1509560
V1 1875000 1509560 1567170 1509560
V1 1567170 1509560 1562850 1513880
Net83 5 
V1 2793960 1723240 2789640 1727560
V1 2789640 1727560 2500000 1727560
V1 2500000 1727560 1875000 1467224
V1 1875000 1467224 1295196 1467224
V1 1295196 1467224 1274460 1487960
Net84 5 
V1 2847660 1723240 2839020 1731880
V1 2839020 1731880 2500000 1731880
V1 2500000 1731880 1875000 1472408
V1 1875000 1472408 1354102 1472408
V1 1354102 1472408 1338550 1487960
Net85 5 
V1 2955042 1723240 2942082 1736200
V1 2942082 1736200 2500000 1736200
V1 2500000 1736200 1875000 1477592
V1 1875000 1477592 1477088 1477592
V1 1477088 1477592 1466720 1487960
Net86 5 
V1 3062430 1723240 3045150 1740520
V1 3045150 1740520 2500000 1740520
V1 2500000 1740520 1875000 1482776
V1 1875000 1482776 1600074 1482776
V1 1600074 1482776 1594890 1487960
Net87 5 
V1 3116127 1723240 3094527 1744840
V1 3094527 1744840 2500000 1744840
V1 2500000 1744840 1875000 1492280
V1 1875000 1492280 1199932 1492280
V1 1199932 1492280 1178332 1513880
