Nets 42
Net0 5 
V1 2782270 1853400 2773630 1862040
V1 2773630 1862040 2500000 1862040
V1 2500000 1862040 1875000 1859480
V1 1875000 1859480 1329850 1859480
V1 1329850 1859480 1312570 1876760
Net1 5 
V1 2913910 1853400 2896630 1870680
V1 2896630 1870680 2500000 1870680
V1 2500000 1870680 1875000 1863800
V1 1875000 1863800 1432917 1863800
V1 1432917 1863800 1419957 1876760
Net2 5 
V1 2979730 1853400 2953810 1879320
V1 2953810 1879320 2500000 1879320
V1 2500000 1879320 1875000 1868120
V1 1875000 1868120 1535980 1868120
V1 1535980 1868120 1527340 1876760
Net3 5 
V1 3111360 1853400 3076800 1887960
V1 3076800 1887960 2500000 1887960
V1 2500000 1887960 1875000 1872440
V1 1875000 1872440 1585360 1872440
V1 1585360 1872440 1581040 1876760
Net6 5 
V1 3506270 1853400 3500098 1847228
V1 3500098 1847228 2500000 1847228
V1 2500000 1847228 1875000 1855160
V1 1875000 1855160 1280472 1855160
V1 1280472 1855160 1258872 1876760
Net7 5 
V1 2815180 1810200 2809007 1816372
V1 2809007 1816372 2500000 1816372
V1 2500000 1816372 1875000 1829240
V1 1875000 1829240 1316890 1829240
V1 1316890 1829240 1312570 1824920
Net8 5 
V1 2881000 1810200 2872360 1801560
V1 2872360 1801560 2500000 1801560
V1 2500000 1801560 1875000 1811960
V1 1875000 1811960 1379220 1811960
V1 1379220 1811960 1366260 1824920
Net9 5 
V1 2946820 1810200 2934476 1822543
V1 2934476 1822543 2500000 1822543
V1 2500000 1822543 1875000 1833560
V1 1875000 1833560 1356697 1833560
V1 1356697 1833560 1339417 1850840
Net10 5 
V1 3012637 1810200 2994122 1828715
V1 2994122 1828715 2500000 1828715
V1 2500000 1828715 1875000 1837880
V1 1875000 1837880 1406070 1837880
V1 1406070 1837880 1393110 1850840
Net11 5 
V1 3078450 1810200 3053763 1834886
V1 3053763 1834886 2500000 1834886
V1 2500000 1834886 1875000 1842200
V1 1875000 1842200 1455440 1842200
V1 1455440 1842200 1446800 1850840
Net12 5 
V1 3210090 1810200 3179232 1841057
V1 3179232 1841057 2500000 1841057
V1 2500000 1841057 1875000 1846520
V1 1875000 1846520 1504817 1846520
V1 1504817 1846520 1500497 1850840
Net17 5 
V1 2782270 1767000 2775070 1759800
V1 2775070 1759800 2500000 1759800
V1 2500000 1759800 1875000 1778264
V1 1875000 1778264 1360153 1778264
V1 1360153 1778264 1339417 1799000
Net18 5 
V1 2848090 1767000 2839450 1775640
V1 2839450 1775640 2500000 1775640
V1 2500000 1775640 1875000 1783448
V1 1875000 1783448 1408662 1783448
V1 1408662 1783448 1393110 1799000
Net19 5 
V1 2979730 1767000 2962450 1784280
V1 2962450 1784280 2500000 1784280
V1 2500000 1784280 1875000 1788632
V1 1875000 1788632 1457168 1788632
V1 1457168 1788632 1446800 1799000
Net20 5 
V1 3111360 1767000 3085440 1792920
V1 3085440 1792920 2500000 1792920
V1 2500000 1792920 1875000 1793816
V1 1875000 1793816 1505681 1793816
V1 1505681 1793816 1500497 1799000
Net22 5 
V1 3243000 1767000 3228600 1752600
V1 3228600 1752600 2500000 1752600
V1 2500000 1752600 1875000 1764440
V1 1875000 1764440 1535980 1764440
V1 1535980 1764440 1527340 1773080
Net26 5 
V1 2815180 1723800 2804380 1713000
V1 2804380 1713000 2500000 1713000
V1 2500000 1713000 1875000 1703960
V1 1875000 1703960 1329850 1703960
V1 1329850 1703960 1312570 1721240
Net27 5 
V1 2881000 1723800 2873800 1731000
V1 2873800 1731000 2500000 1731000
V1 2500000 1731000 1875000 1712600
V1 1875000 1712600 1374900 1712600
V1 1374900 1712600 1366260 1721240
Net28 5 
V1 2946820 1723800 2932420 1738200
V1 2932420 1738200 2500000 1738200
V1 2500000 1738200 1875000 1734200
V1 1875000 1734200 1406070 1734200
V1 1406070 1734200 1393110 1747160
Net30 5 
V1 3144270 1723800 3122670 1745400
V1 3122670 1745400 2500000 1745400
V1 2500000 1745400 1875000 1755800
V1 1875000 1755800 1329850 1755800
V1 1329850 1755800 1312570 1773080
Net36 5 
V1 2782270 1680600 2775070 1673400
V1 2775070 1673400 2500000 1673400
V1 2500000 1673400 1875000 1675880
V1 1875000 1675880 1358857 1675880
V1 1358857 1675880 1339417 1695320
Net39 5 
V1 3111360 1680600 3100560 1691400
V1 3100560 1691400 2500000 1691400
V1 2500000 1691400 1875000 1682360
V1 1875000 1682360 1513457 1682360
V1 1513457 1682360 1500497 1695320
Net40 5 
V1 3243000 1680600 3221400 1702200
V1 3221400 1702200 2500000 1702200
V1 2500000 1702200 1875000 1688840
V1 1875000 1688840 1614360 1688840
V1 1614360 1688840 1607880 1695320
Net45 5 
V1 2946820 1637400 2939620 1644600
V1 2939620 1644600 2500000 1644600
V1 2500000 1644600 1875000 1626200
V1 1875000 1626200 1410390 1626200
V1 1410390 1626200 1393110 1643480
Net46 5 
V1 3012637 1637400 2998237 1651800
V1 2998237 1651800 2500000 1651800
V1 2500000 1651800 1875000 1634840
V1 1875000 1634840 1455440 1634840
V1 1455440 1634840 1446800 1643480
Net47 5 
V1 3078450 1637400 3056850 1659000
V1 3056850 1659000 2500000 1659000
V1 2500000 1659000 1875000 1652120
V1 1875000 1652120 1329850 1652120
V1 1329850 1652120 1312570 1669400
Net51 5 
V1 3473360 1637400 3444560 1666200
V1 3444560 1666200 2500000 1666200
V1 2500000 1666200 1875000 1660760
V1 1875000 1660760 1589680 1660760
V1 1589680 1660760 1581040 1669400
Net52 5 
V1 2782270 1594200 2773630 1602840
V1 2773630 1602840 2500000 1602840
V1 2500000 1602840 1875000 1596824
V1 1875000 1596824 1333306 1596824
V1 1333306 1596824 1312570 1617560
Net53 5 
V1 2848090 1594200 2830810 1611480
V1 2830810 1611480 2500000 1611480
V1 2500000 1611480 1875000 1602008
V1 1875000 1602008 1381812 1602008
V1 1381812 1602008 1366260 1617560
Net54 5 
V1 2979730 1594200 2953810 1620120
V1 2953810 1620120 2500000 1620120
V1 2500000 1620120 1875000 1607192
V1 1875000 1607192 1484018 1607192
V1 1484018 1607192 1473650 1617560
Net56 5 
V1 3177180 1594200 3166380 1583400
V1 3166380 1583400 2500000 1583400
V1 2500000 1583400 1875000 1578680
V1 1875000 1578680 1620840 1578680
V1 1620840 1578680 1607880 1591640
Net58 5 
V1 3308817 1594200 3274257 1628760
V1 3274257 1628760 2500000 1628760
V1 2500000 1628760 1875000 1612376
V1 1875000 1612376 1532524 1612376
V1 1532524 1612376 1527340 1617560
Net63 5 
V1 2946820 1551000 2936020 1561800
V1 2936020 1561800 2500000 1561800
V1 2500000 1561800 1875000 1552760
V1 1875000 1552760 1325530 1552760
V1 1325530 1552760 1312570 1565720
Net66 5 
V1 3144270 1551000 3122670 1572600
V1 3122670 1572600 2500000 1572600
V1 2500000 1572600 1875000 1559240
V1 1875000 1559240 1372740 1559240
V1 1372740 1559240 1366260 1565720
Net75 5 
V1 3111360 1507800 3105187 1513972
V1 3105187 1513972 2500000 1513972
V1 2500000 1513972 1875000 1500920
V1 1875000 1500920 1486610 1500920
V1 1486610 1500920 1473650 1513880
Net76 5 
V1 3243000 1507800 3230656 1520143
V1 3230656 1520143 2500000 1520143
V1 2500000 1520143 1875000 1505240
V1 1875000 1505240 1535980 1505240
V1 1535980 1505240 1527340 1513880
Net77 5 
V1 3308817 1507800 3290302 1526315
V1 3290302 1526315 2500000 1526315
V1 2500000 1526315 1875000 1509560
V1 1875000 1509560 1585360 1509560
V1 1585360 1509560 1581040 1513880
Net78 5 
V1 3374630 1507800 3349943 1532486
V1 3349943 1532486 2500000 1532486
V1 2500000 1532486 1875000 1522520
V1 1875000 1522520 1571470 1522520
V1 1571470 1522520 1554190 1539800
Net79 5 
V1 3440450 1507800 3409592 1538657
V1 3409592 1538657 2500000 1538657
V1 2500000 1538657 1875000 1531160
V1 1875000 1531160 1616520 1531160
V1 1616520 1531160 1607880 1539800
Net80 5 
V1 3506270 1507800 3469241 1544828
V1 3469241 1544828 2500000 1544828
V1 2500000 1544828 1875000 1546280
V1 1875000 1546280 1278312 1546280
V1 1278312 1546280 1258872 1565720
Net81 5 
V1 2815180 1464600 2800780 1479000
V1 2800780 1479000 2500000 1479000
V1 2500000 1479000 1875000 1492280
V1 1875000 1492280 1334170 1492280
V1 1334170 1492280 1312570 1513880
Net82 5 
V1 2946820 1464600 2918020 1493400
V1 2918020 1493400 2500000 1493400
V1 2500000 1493400 1875000 1496600
V1 1875000 1496600 1383540 1496600
V1 1383540 1496600 1366260 1513880
