Nets 66
Net0 5 
V1 2767120 1862040 2761936 1867224
V1 2761936 1867224 2500000 1867224
V1 2500000 1867224 1875000 1859480
V1 1875000 1859480 1259700 1859480
V1 1259700 1859480 1242420 1876760
Net1 5 
V1 2874502 1862040 2864134 1872408
V1 2864134 1872408 2500000 1872408
V1 2500000 1872408 1875000 1863800
V1 1875000 1863800 1383550 1863800
V1 1383550 1863800 1370590 1876760
Net2 5 
V1 2981890 1862040 2966338 1877592
V1 2966338 1877592 2500000 1877592
V1 2500000 1877592 1875000 1868120
V1 1875000 1868120 1507400 1868120
V1 1507400 1868120 1498760 1876760
Net3 5 
V1 3035582 1862040 3014846 1882776
V1 3014846 1882776 2500000 1882776
V1 2500000 1882776 1875000 1872440
V1 1875000 1872440 1567170 1872440
V1 1567170 1872440 1562850 1876760
Net6 5 
V1 2901350 1836120 2897030 1840440
V1 2897030 1840440 2500000 1840440
V1 2500000 1840440 1875000 1833560
V1 1875000 1833560 1419917 1833560
V1 1419917 1833560 1402637 1850840
Net7 5 
V1 2955042 1836120 2946402 1844760
V1 2946402 1844760 2500000 1844760
V1 2500000 1844760 1875000 1837880
V1 1875000 1837880 1479680 1837880
V1 1479680 1837880 1466720 1850840
Net8 5 
V1 3008740 1836120 2995780 1849080
V1 2995780 1849080 2500000 1849080
V1 2500000 1849080 1875000 1842200
V1 1875000 1842200 1539450 1842200
V1 1539450 1842200 1530810 1850840
Net9 5 
V1 3062430 1836120 3045150 1853400
V1 3045150 1853400 2500000 1853400
V1 2500000 1853400 1875000 1846520
V1 1875000 1846520 1599210 1846520
V1 1599210 1846520 1594890 1850840
Net10 5 
V1 3116127 1836120 3094527 1857720
V1 3094527 1857720 2500000 1857720
V1 2500000 1857720 1875000 1855160
V1 1875000 1855160 1199932 1855160
V1 1199932 1855160 1178332 1876760
Net11 5 
V1 2767120 1810200 2762800 1814520
V1 2762800 1814520 2500000 1814520
V1 2500000 1814520 1875000 1807640
V1 1875000 1807640 1259700 1807640
V1 1259700 1807640 1242420 1824920
Net12 5 
V1 2820810 1810200 2812170 1818840
V1 2812170 1818840 2500000 1818840
V1 2500000 1818840 1875000 1811960
V1 1875000 1811960 1319470 1811960
V1 1319470 1811960 1306510 1824920
Net13 5 
V1 2928200 1810200 2915240 1823160
V1 2915240 1823160 2500000 1823160
V1 2500000 1823160 1875000 1816280
V1 1875000 1816280 1443320 1816280
V1 1443320 1816280 1434680 1824920
Net14 5 
V1 2981890 1810200 2964610 1827480
V1 2964610 1827480 2500000 1827480
V1 2500000 1827480 1875000 1820600
V1 1875000 1820600 1503080 1820600
V1 1503080 1820600 1498760 1824920
Net15 5 
V1 3089280 1810200 3067680 1831800
V1 3067680 1831800 2500000 1831800
V1 2500000 1831800 1875000 1829240
V1 1875000 1829240 1567170 1829240
V1 1567170 1829240 1562850 1824920
Net18 5 
V1 2901350 1784280 2892710 1775640
V1 2892710 1775640 2500000 1775640
V1 2500000 1775640 1875000 1779560
V1 1875000 1779560 1422077 1779560
V1 1422077 1779560 1402637 1799000
Net19 5 
V1 3008740 1784280 3002260 1790760
V1 3002260 1790760 2500000 1790760
V1 2500000 1790760 1875000 1786040
V1 1875000 1786040 1479680 1786040
V1 1479680 1786040 1466720 1799000
Net20 5 
V1 3062430 1784280 3049470 1797240
V1 3049470 1797240 2500000 1797240
V1 2500000 1797240 1875000 1792520
V1 1875000 1792520 1601370 1792520
V1 1601370 1792520 1594890 1799000
Net21 5 
V1 3116127 1784280 3096687 1803720
V1 3096687 1803720 2500000 1803720
V1 2500000 1803720 1875000 1803320
V1 1875000 1803320 1199932 1803320
V1 1199932 1803320 1178332 1824920
Net22 5 
V1 2767120 1758360 2758480 1767000
V1 2758480 1767000 2500000 1767000
V1 2500000 1767000 1875000 1764440
V1 1875000 1764440 1251060 1764440
V1 1251060 1764440 1242420 1773080
Net27 5 
V1 2793960 1732440 2789640 1736760
V1 2789640 1736760 2500000 1736760
V1 2500000 1736760 1875000 1726424
V1 1875000 1726424 1295196 1726424
V1 1295196 1726424 1274460 1747160
Net28 5 
V1 2847660 1732440 2839020 1741080
V1 2839020 1741080 2500000 1741080
V1 2500000 1741080 1875000 1731608
V1 1875000 1731608 1354102 1731608
V1 1354102 1731608 1338550 1747160
Net29 5 
V1 2901350 1732440 2888390 1745400
V1 2888390 1745400 2500000 1745400
V1 2500000 1745400 1875000 1736792
V1 1875000 1736792 1413005 1736792
V1 1413005 1736792 1402637 1747160
Net31 5 
V1 3062430 1732440 3045150 1749720
V1 3045150 1749720 2500000 1749720
V1 2500000 1749720 1875000 1741976
V1 1875000 1741976 1600074 1741976
V1 1600074 1741976 1594890 1747160
Net32 5 
V1 3116127 1732440 3094527 1754040
V1 3094527 1754040 2500000 1754040
V1 2500000 1754040 1875000 1755800
V1 1875000 1755800 1195612 1755800
V1 1195612 1755800 1178332 1773080
Net33 5 
V1 2767120 1706520 2761936 1711704
V1 2761936 1711704 2500000 1711704
V1 2500000 1711704 1875000 1703960
V1 1875000 1703960 1259700 1703960
V1 1259700 1703960 1242420 1721240
Net35 5 
V1 2874502 1706520 2864134 1716888
V1 2864134 1716888 2500000 1716888
V1 2500000 1716888 1875000 1708280
V1 1875000 1708280 1383550 1708280
V1 1383550 1708280 1370590 1721240
Net36 5 
V1 2928200 1706520 2912648 1722072
V1 2912648 1722072 2500000 1722072
V1 2500000 1722072 1875000 1712600
V1 1875000 1712600 1443320 1712600
V1 1443320 1712600 1434680 1721240
Net38 5 
V1 3035582 1706520 3014846 1727256
V1 3014846 1727256 2500000 1727256
V1 2500000 1727256 1875000 1716920
V1 1875000 1716920 1567170 1716920
V1 1567170 1716920 1562850 1721240
Net39 5 
V1 2793960 1680600 2789640 1684920
V1 2789640 1684920 2500000 1684920
V1 2500000 1684920 1875000 1674584
V1 1875000 1674584 1295196 1674584
V1 1295196 1674584 1274460 1695320
Net40 5 
V1 2901350 1680600 2892710 1689240
V1 2892710 1689240 2500000 1689240
V1 2500000 1689240 1875000 1679768
V1 1875000 1679768 1418189 1679768
V1 1418189 1679768 1402637 1695320
Net41 5 
V1 2955042 1680600 2942082 1693560
V1 2942082 1693560 2500000 1693560
V1 2500000 1693560 1875000 1684952
V1 1875000 1684952 1477088 1684952
V1 1477088 1684952 1466720 1695320
Net42 5 
V1 3062430 1680600 3045150 1697880
V1 3045150 1697880 2500000 1697880
V1 2500000 1697880 1875000 1690136
V1 1875000 1690136 1600074 1690136
V1 1600074 1690136 1594890 1695320
Net43 5 
V1 3116127 1680600 3094527 1702200
V1 3094527 1702200 2500000 1702200
V1 2500000 1702200 1875000 1699640
V1 1875000 1699640 1199932 1699640
V1 1199932 1699640 1178332 1721240
Net45 5 
V1 2874502 1654680 2868022 1661160
V1 2868022 1661160 2500000 1661160
V1 2500000 1661160 1875000 1653848
V1 1875000 1653848 1386142 1653848
V1 1386142 1653848 1370590 1669400
Net46 5 
V1 2928200 1654680 2915240 1667640
V1 2915240 1667640 2500000 1667640
V1 2500000 1667640 1875000 1659032
V1 1875000 1659032 1445048 1659032
V1 1445048 1659032 1434680 1669400
Net47 5 
V1 3035582 1654680 3016142 1674120
V1 3016142 1674120 2500000 1674120
V1 2500000 1674120 1875000 1664216
V1 1875000 1664216 1568034 1664216
V1 1568034 1664216 1562850 1669400
Net49 5 
V1 2847660 1628760 2843340 1633080
V1 2843340 1633080 2500000 1633080
V1 2500000 1633080 1875000 1622744
V1 1875000 1622744 1359286 1622744
V1 1359286 1622744 1338550 1643480
Net50 5 
V1 2901350 1628760 2892710 1637400
V1 2892710 1637400 2500000 1637400
V1 2500000 1637400 1875000 1627928
V1 1875000 1627928 1418189 1627928
V1 1418189 1627928 1402637 1643480
Net52 5 
V1 3008740 1628760 2995780 1641720
V1 2995780 1641720 2500000 1641720
V1 2500000 1641720 1875000 1633112
V1 1875000 1633112 1541178 1633112
V1 1541178 1633112 1530810 1643480
Net53 5 
V1 3062430 1628760 3045150 1646040
V1 3045150 1646040 2500000 1646040
V1 2500000 1646040 1875000 1638296
V1 1875000 1638296 1600074 1638296
V1 1600074 1638296 1594890 1643480
Net54 5 
V1 3116127 1628760 3094527 1650360
V1 3094527 1650360 2500000 1650360
V1 2500000 1650360 1875000 1648664
V1 1875000 1648664 1199068 1648664
V1 1199068 1648664 1178332 1669400
Net55 5 
V1 2767120 1602840 2760640 1609320
V1 2760640 1609320 2500000 1609320
V1 2500000 1609320 1875000 1602008
V1 1875000 1602008 1257972 1602008
V1 1257972 1602008 1242420 1617560
Net56 5 
V1 2820810 1602840 2807850 1615800
V1 2807850 1615800 2500000 1615800
V1 2500000 1615800 1875000 1607192
V1 1875000 1607192 1316878 1607192
V1 1316878 1607192 1306510 1617560
Net57 5 
V1 2928200 1602840 2908760 1622280
V1 2908760 1622280 2500000 1622280
V1 2500000 1622280 1875000 1612376
V1 1875000 1612376 1439864 1612376
V1 1439864 1612376 1434680 1617560
Net60 5 
V1 2793960 1576920 2789640 1581240
V1 2789640 1581240 2500000 1581240
V1 2500000 1581240 1875000 1570904
V1 1875000 1570904 1295196 1570904
V1 1295196 1570904 1274460 1591640
Net62 5 
V1 2901350 1576920 2892710 1585560
V1 2892710 1585560 2500000 1585560
V1 2500000 1585560 1875000 1576088
V1 1875000 1576088 1418189 1576088
V1 1418189 1576088 1402637 1591640
Net63 5 
V1 2955042 1576920 2942082 1589880
V1 2942082 1589880 2500000 1589880
V1 2500000 1589880 1875000 1581272
V1 1875000 1581272 1477088 1581272
V1 1477088 1581272 1466720 1591640
Net64 5 
V1 3062430 1576920 3045150 1594200
V1 3045150 1594200 2500000 1594200
V1 2500000 1594200 1875000 1586456
V1 1875000 1586456 1600074 1586456
V1 1600074 1586456 1594890 1591640
Net65 5 
V1 3116127 1576920 3094527 1598520
V1 3094527 1598520 2500000 1598520
V1 2500000 1598520 1875000 1596824
V1 1875000 1596824 1199068 1596824
V1 1199068 1596824 1178332 1617560
Net66 5 
V1 2767120 1551000 2761936 1556184
V1 2761936 1556184 2500000 1556184
V1 2500000 1556184 1875000 1548440
V1 1875000 1548440 1259700 1548440
V1 1259700 1548440 1242420 1565720
Net67 5 
V1 2874502 1551000 2864134 1561368
V1 2864134 1561368 2500000 1561368
V1 2500000 1561368 1875000 1552760
V1 1875000 1552760 1319470 1552760
V1 1319470 1552760 1306510 1565720
Net69 5 
V1 2981890 1551000 2966338 1566552
V1 2966338 1566552 2500000 1566552
V1 2500000 1566552 1875000 1557080
V1 1875000 1557080 1507400 1557080
V1 1507400 1557080 1498760 1565720
Net70 5 
V1 3035582 1551000 3014846 1571736
V1 3014846 1571736 2500000 1571736
V1 2500000 1571736 1875000 1561400
V1 1875000 1561400 1567170 1561400
V1 1567170 1561400 1562850 1565720
Net73 5 
V1 2901350 1525080 2896166 1530264
V1 2896166 1530264 2500000 1530264
V1 2500000 1530264 1875000 1520360
V1 1875000 1520360 1422077 1520360
V1 1422077 1520360 1402637 1539800
Net74 5 
V1 3008740 1525080 2998372 1535448
V1 2998372 1535448 2500000 1535448
V1 2500000 1535448 1875000 1526840
V1 1875000 1526840 1543770 1526840
V1 1543770 1526840 1530810 1539800
Net75 5 
V1 3062430 1525080 3046878 1540632
V1 3046878 1540632 2500000 1540632
V1 2500000 1540632 1875000 1533320
V1 1875000 1533320 1601370 1533320
V1 1601370 1533320 1594890 1539800
Net76 5 
V1 3116127 1525080 3095391 1545816
V1 3095391 1545816 2500000 1545816
V1 2500000 1545816 1875000 1544120
V1 1875000 1544120 1199932 1544120
V1 1199932 1544120 1178332 1565720
Net77 5 
V1 2767120 1499160 2761936 1504344
V1 2761936 1504344 2500000 1504344
V1 2500000 1504344 1875000 1496600
V1 1875000 1496600 1259700 1496600
V1 1259700 1496600 1242420 1513880
Net79 5 
V1 2874502 1499160 2864134 1509528
V1 2864134 1509528 2500000 1509528
V1 2500000 1509528 1875000 1500920
V1 1875000 1500920 1383550 1500920
V1 1383550 1500920 1370590 1513880
Net80 5 
V1 2928200 1499160 2912648 1514712
V1 2912648 1514712 2500000 1514712
V1 2500000 1514712 1875000 1505240
V1 1875000 1505240 1443320 1505240
V1 1443320 1505240 1434680 1513880
Net82 5 
V1 3035582 1499160 3014846 1519896
V1 3014846 1519896 2500000 1519896
V1 2500000 1519896 1875000 1509560
V1 1875000 1509560 1567170 1509560
V1 1567170 1509560 1562850 1513880
Net83 5 
V1 2793960 1473240 2789640 1477560
V1 2789640 1477560 2500000 1477560
V1 2500000 1477560 1875000 1467224
V1 1875000 1467224 1295196 1467224
V1 1295196 1467224 1274460 1487960
Net84 5 
V1 2847660 1473240 2839020 1481880
V1 2839020 1481880 2500000 1481880
V1 2500000 1481880 1875000 1472408
V1 1875000 1472408 1354102 1472408
V1 1354102 1472408 1338550 1487960
Net85 5 
V1 2955042 1473240 2942082 1486200
V1 2942082 1486200 2500000 1486200
V1 2500000 1486200 1875000 1477592
V1 1875000 1477592 1477088 1477592
V1 1477088 1477592 1466720 1487960
Net86 5 
V1 3062430 1473240 3045150 1490520
V1 3045150 1490520 2500000 1490520
V1 2500000 1490520 1875000 1482776
V1 1875000 1482776 1600074 1482776
V1 1600074 1482776 1594890 1487960
Net87 5 
V1 3116127 1473240 3094527 1494840
V1 3094527 1494840 2500000 1494840
V1 2500000 1494840 1875000 1492280
V1 1875000 1492280 1199932 1492280
V1 1199932 1492280 1178332 1513880
