Nets 26
Net13 5 
V2 2972362 1810200 2965882 1816680
V2 2965882 1816680 2500000 1816680
V2 2500000 1816680 1875000 1858247
V2 1875000 1858247 1272283 1858247
V2 1272283 1858247 1238960 1891570
Net14 5 
V2 3036450 1810200 3023490 1823160
V2 3023490 1823160 2500000 1823160
V2 2500000 1823160 1875000 1869355
V2 1875000 1869355 1444764 1869355
V2 1444764 1869355 1422550 1891570
Net15 5 
V2 3164620 1810200 3145180 1829640
V2 3145180 1829640 2500000 1829640
V2 2500000 1829640 1875000 1880464
V2 1875000 1880464 1525456 1880464
V2 1525456 1880464 1514350 1891570
Net19 5 
V2 3068490 1784280 3062010 1790760
V2 3062010 1790760 2500000 1790760
V2 2500000 1790760 1875000 1799001
V2 1875000 1799001 1138288 1799001
V2 1138288 1799001 1101260 1836030
Net20 5 
V2 3132580 1784280 3119620 1797240
V2 3119620 1797240 2500000 1797240
V2 2500000 1797240 1875000 1817515
V2 1875000 1817515 1395167 1817515
V2 1395167 1817515 1376652 1836030
Net21 5 
V2 3196667 1784280 3177227 1803720
V2 3177227 1803720 2500000 1803720
V2 2500000 1803720 1875000 1847138
V2 1875000 1847138 365401 1847138
V2 365401 1847138 320970 1891570
Net22 5 
V2 2780110 1758360 2771470 1767000
V2 2771470 1767000 2500000 1767000
V2 2500000 1767000 1875000 1758265
V2 1875000 1758265 1077582 1758265
V2 1077582 1758265 1055360 1780487
Net23 5 
V2 2908280 1758360 2891000 1775640
V2 2891000 1775640 2500000 1775640
V2 2500000 1775640 1875000 1769374
V2 1875000 1769374 1250073 1769374
V2 1250073 1769374 1238960 1780487
Net27 5 
V2 2812150 1732440 2799190 1745400
V2 2799190 1745400 2500000 1745400
V2 2500000 1745400 1875000 1747157
V2 1875000 1747157 996890 1747157
V2 996890 1747157 963560 1780487
Net34 5 
V2 2844190 1706520 2831230 1719480
V2 2831230 1719480 2500000 1719480
V2 2500000 1719480 1875000 1736048
V2 1875000 1736048 824399 1736048
V2 824399 1736048 779960 1780487
Net35 5 
V2 2908280 1706520 2899640 1697880
V2 2899640 1697880 2500000 1697880
V2 2500000 1697880 1875000 1706428
V2 1875000 1706428 660774 1706428
V2 660774 1706428 642262 1724940
Net39 5 
V2 2812150 1680600 2803510 1689240
V2 2803510 1689240 2500000 1689240
V2 2500000 1689240 1875000 1687914
V2 1875000 1687914 587493 1687914
V2 587493 1687914 550467 1724940
Net51 5 
V2 3004410 1628760 2995770 1637400
V2 2995770 1637400 2500000 1637400
V2 2500000 1637400 1875000 1641631
V2 1875000 1641631 1266729 1641631
V2 1266729 1641631 1238960 1669400
Net53 5 
V2 3132580 1628760 3115300 1646040
V2 3115300 1646040 2500000 1646040
V2 2500000 1646040 1875000 1655516
V2 1875000 1655516 1528233 1655516
V2 1528233 1655516 1514350 1669400
Net61 5 
V2 2876240 1576920 2871920 1581240
V2 2871920 1581240 2500000 1581240
V2 2500000 1581240 1875000 1539798
V2 1875000 1539798 706677 1539798
V2 706677 1539798 688162 1558312
Net62 5 
V2 2940320 1576920 2931680 1585560
V2 2931680 1585560 2500000 1585560
V2 2500000 1585560 1875000 1549055
V2 1875000 1549055 789217 1549055
V2 789217 1549055 779960 1558312
Net63 5 
V2 3004410 1576920 2991450 1589880
V2 2991450 1589880 2500000 1589880
V2 2500000 1589880 1875000 1576826
V2 1875000 1576826 679296 1576826
V2 679296 1576826 642262 1613860
Net64 5 
V2 3132580 1576920 3115300 1594200
V2 3115300 1594200 2500000 1594200
V2 2500000 1594200 1875000 1595340
V2 1875000 1595340 844379 1595340
V2 844379 1595340 825860 1613860
Net65 5 
V2 3196667 1576920 3175067 1598520
V2 3175067 1598520 2500000 1598520
V2 2500000 1598520 1875000 1627745
V2 1875000 1627745 362624 1627745
V2 362624 1627745 320970 1669400
Net66 5 
V2 2780110 1551000 2767150 1563960
V2 2767150 1563960 2500000 1563960
V2 2500000 1563960 1875000 1530541
V2 1875000 1530541 624139 1530541
V2 624139 1530541 596367 1558312
Net77 5 
V2 2780110 1499160 2767150 1512120
V2 2767150 1512120 2500000 1512120
V2 2500000 1512120 1875000 1521284
V2 1875000 1521284 752574 1521284
V2 752574 1521284 734060 1502770
Net78 5 
V2 2844190 1499160 2839870 1494840
V2 2839870 1494840 2500000 1494840
V2 2500000 1494840 1875000 1512027
V2 1875000 1512027 835117 1512027
V2 835117 1512027 825860 1502770
Net83 5 
V2 2812150 1473240 2807830 1477560
V2 2807830 1477560 2500000 1477560
V2 2500000 1477560 1875000 1458336
V2 1875000 1458336 1145694 1458336
V2 1145694 1458336 1101260 1502770
Net84 5 
V2 2876240 1473240 2867600 1481880
V2 2867600 1481880 2500000 1481880
V2 2500000 1481880 1875000 1469444
V2 1875000 1469444 1318183 1469444
V2 1318183 1469444 1284857 1502770
Net85 5 
V2 3004410 1473240 2991450 1486200
V2 2991450 1486200 2500000 1486200
V2 2500000 1486200 1875000 1480553
V2 1875000 1480553 1398869 1480553
V2 1398869 1480553 1376652 1502770
Net86 5 
V2 3132580 1473240 3115300 1490520
V2 3115300 1490520 2500000 1490520
V2 2500000 1490520 1875000 1491661
V2 1875000 1491661 1571358 1491661
V2 1571358 1491661 1560250 1502770
