Nets 32
Net13 5 
V2 3381997 1810200 3371197 1821000
V2 3371197 1821000 2500000 1821000
V2 2500000 1821000 1875000 1874909
V2 1875000 1874909 1272070 1874909
V2 1272070 1874909 1255410 1891570
Net14 5 
V2 3459940 1810200 3438340 1831800
V2 3438340 1831800 2500000 1831800
V2 2500000 1831800 1875000 1880464
V2 1875000 1880464 1443186 1880464
V2 1443186 1880464 1432080 1891570
Net15 5 
V2 3537880 1810200 3505480 1842600
V2 3505480 1842600 2500000 1842600
V2 2500000 1842600 1875000 1886018
V2 1875000 1886018 1525964 1886018
V2 1525964 1886018 1520412 1891570
Net16 5 
V2 3693762 1810200 3679362 1795800
V2 3679362 1795800 2500000 1795800
V2 2500000 1795800 1875000 1869355
V2 1875000 1869355 394277 1869355
V2 394277 1869355 372062 1891570
Net20 5 
V2 3187140 1767000 3172740 1781400
V2 3172740 1781400 2500000 1781400
V2 2500000 1781400 1875000 1863801
V2 1875000 1863801 1150681 1863801
V2 1150681 1863801 1122910 1836030
Net21 5 
V2 3265080 1767000 3257880 1759800
V2 3257880 1759800 2500000 1759800
V2 2500000 1759800 1875000 1858247
V2 1875000 1858247 1233457 1858247
V2 1233457 1858247 1211240 1836030
Net22 5 
V2 3343020 1767000 3328620 1752600
V2 3328620 1752600 2500000 1752600
V2 2500000 1752600 1875000 1852692
V2 1875000 1852692 1316242 1852692
V2 1316242 1852692 1299580 1836030
Net23 5 
V2 3498910 1767000 3477310 1745400
V2 3477310 1745400 2500000 1745400
V2 2500000 1745400 1875000 1847138
V2 1875000 1847138 1399018 1847138
V2 1399018 1847138 1387910 1836030
Net24 5 
V2 3576850 1767000 3548050 1738200
V2 3548050 1738200 2500000 1738200
V2 2500000 1738200 1875000 1841584
V2 1875000 1841584 1481804 1841584
V2 1481804 1841584 1476250 1836030
Net27 5 
V2 2914340 1723800 2910020 1719480
V2 2910020 1719480 2500000 1719480
V2 2500000 1719480 1875000 1822144
V2 1875000 1822144 855396 1822144
V2 855396 1822144 813740 1780487
Net28 5 
V2 2992280 1723800 2983640 1715160
V2 2983640 1715160 2500000 1715160
V2 2500000 1715160 1875000 1815201
V2 1875000 1815201 936783 1815201
V2 936783 1815201 902070 1780487
Net29 5 
V2 3070227 1723800 3057267 1710840
V2 3057267 1710840 2500000 1710840
V2 2500000 1710840 1875000 1808258
V2 1875000 1808258 1018181 1808258
V2 1018181 1808258 990410 1780487
Net30 5 
V2 3226110 1723800 3208830 1706520
V2 3208830 1706520 2500000 1706520
V2 2500000 1706520 1875000 1801315
V2 1875000 1801315 1099568 1801315
V2 1099568 1801315 1078740 1780487
Net31 5 
V2 3304050 1723800 3282450 1702200
V2 3282450 1702200 2500000 1702200
V2 2500000 1702200 1875000 1794373
V2 1875000 1794373 1269295 1794373
V2 1269295 1794373 1255410 1780487
Net32 5 
V2 3381997 1723800 3356077 1697880
V2 3356077 1697880 2500000 1697880
V2 2500000 1697880 1875000 1787430
V2 1875000 1787430 1350690 1787430
V2 1350690 1787430 1343747 1780487
Net33 5 
V2 3537880 1723800 3507640 1693560
V2 3507640 1693560 2500000 1693560
V2 2500000 1693560 1875000 1761968
V2 1875000 1761968 1538932 1761968
V2 1538932 1761968 1520412 1780487
Net34 5 
V2 3615820 1723800 3608620 1731000
V2 3608620 1731000 2500000 1731000
V2 2500000 1731000 1875000 1829086
V2 1875000 1829086 1571523 1829086
V2 1571523 1829086 1564580 1836030
Net35 5 
V2 3693762 1723800 3659202 1689240
V2 3659202 1689240 2500000 1689240
V2 2500000 1689240 1875000 1743454
V2 1875000 1743454 409096 1743454
V2 409096 1743454 372062 1780487
Net36 5 
V2 2797430 1680600 2793110 1684920
V2 2793110 1684920 2500000 1684920
V2 2500000 1684920 1875000 1697171
V2 1875000 1697171 620668 1697171
V2 620668 1697171 592900 1724940
Net60 5 
V2 3576850 1594200 3555250 1615800
V2 3555250 1615800 2500000 1615800
V2 2500000 1615800 1875000 1650888
V2 1875000 1650888 1538924 1650888
V2 1538924 1650888 1520412 1669400
Net61 5 
V2 3654790 1594200 3640390 1579800
V2 3640390 1579800 2500000 1579800
V2 2500000 1579800 1875000 1632374
V2 1875000 1632374 346414 1632374
V2 346414 1632374 327900 1613860
Net64 5 
V2 3070227 1551000 3055827 1565400
V2 3055827 1565400 2500000 1565400
V2 2500000 1565400 1875000 1599969
V2 1875000 1599969 767056 1599969
V2 767056 1599969 725400 1558312
Net65 5 
V2 3148170 1551000 3143850 1546680
V2 3143850 1546680 2500000 1546680
V2 2500000 1546680 1875000 1586083
V2 1875000 1586083 841511 1586083
V2 841511 1586083 813740 1558312
Net66 5 
V2 3226110 1551000 3217470 1542360
V2 3217470 1542360 2500000 1542360
V2 2500000 1542360 1875000 1572198
V2 1875000 1572198 915955 1572198
V2 915955 1572198 902070 1558312
Net71 5 
V2 2797430 1507800 2793110 1512120
V2 2793110 1512120 2500000 1512120
V2 2500000 1512120 1875000 1484255
V2 1875000 1484255 434744 1484255
V2 434744 1484255 416230 1502770
Net74 5 
V2 3031252 1507800 3022612 1516440
V2 3022612 1516440 2500000 1516440
V2 2500000 1516440 1875000 1510704
V2 1875000 1510704 1038018 1510704
V2 1038018 1510704 990410 1558312
Net75 5 
V2 3187140 1507800 3174180 1520760
V2 3174180 1520760 2500000 1520760
V2 2500000 1520760 1875000 1518639
V2 1875000 1518639 1118413 1518639
V2 1118413 1518639 1078740 1558312
Net76 5 
V2 3343020 1507800 3325740 1525080
V2 3325740 1525080 2500000 1525080
V2 2500000 1525080 1875000 1526573
V2 1875000 1526573 1198819 1526573
V2 1198819 1526573 1167080 1558312
Net77 5 
V2 3420970 1507800 3399370 1529400
V2 3399370 1529400 2500000 1529400
V2 2500000 1529400 1875000 1534508
V2 1875000 1534508 1279214 1534508
V2 1279214 1534508 1255410 1558312
Net78 5 
V2 3498910 1507800 3472990 1533720
V2 3472990 1533720 2500000 1533720
V2 2500000 1533720 1875000 1542442
V2 1875000 1542442 1447950 1542442
V2 1447950 1542442 1432080 1558312
Net79 5 
V2 3576850 1507800 3546610 1538040
V2 3546610 1538040 2500000 1538040
V2 2500000 1538040 1875000 1550377
V2 1875000 1550377 1528348 1550377
V2 1528348 1550377 1520412 1558312
Net80 5 
V2 3654790 1507800 3633190 1486200
V2 3633190 1486200 2500000 1486200
V2 2500000 1486200 1875000 1465741
V2 1875000 1465741 364928 1465741
V2 364928 1465741 327900 1502770
