Nets 40
Net0 5 
V1 2782270 1853400 2776097 1859572
V1 2776097 1859572 2500000 1859572
V1 2500000 1859572 1875000 1856600
V1 1875000 1856600 859427 1856600
V1 859427 1856600 830627 1885400
Net1 5 
V1 2913910 1853400 2901566 1865743
V1 2901566 1865743 2500000 1865743
V1 2500000 1865743 1875000 1861400
V1 1875000 1861400 1027830 1861400
V1 1027830 1861400 1003830 1885400
Net2 5 
V1 2979730 1853400 2961215 1871915
V1 2961215 1871915 2500000 1871915
V1 2500000 1871915 1875000 1866200
V1 1875000 1866200 1109630 1866200
V1 1109630 1866200 1090430 1885400
Net3 5 
V1 3111360 1853400 3086673 1878086
V1 3086673 1878086 2500000 1878086
V1 2500000 1878086 1875000 1871000
V1 1875000 1871000 1278040 1871000
V1 1278040 1871000 1263640 1885400
Net4 5 
V1 3177180 1853400 3146322 1884257
V1 3146322 1884257 2500000 1884257
V1 2500000 1884257 1875000 1875800
V1 1875000 1875800 1359840 1875800
V1 1359840 1875800 1350240 1885400
Net5 5 
V1 3308817 1853400 3271788 1890428
V1 3271788 1890428 2500000 1890428
V1 2500000 1890428 1875000 1880600
V1 1875000 1880600 1528247 1880600
V1 1528247 1880600 1523447 1885400
Net7 5 
V1 2815180 1810200 2800780 1824600
V1 2800780 1824600 2500000 1824600
V1 2500000 1824600 1875000 1847000
V1 1875000 1847000 705520 1847000
V1 705520 1847000 700720 1842200
Net8 5 
V1 2881000 1810200 2866600 1795800
V1 2866600 1795800 2500000 1795800
V1 2500000 1795800 1875000 1827800
V1 1875000 1827800 801722 1827800
V1 801722 1827800 787322 1842200
Net16 5 
V1 3539180 1810200 3510380 1839000
V1 3510380 1839000 2500000 1839000
V1 2500000 1839000 1875000 1851800
V1 1875000 1851800 623720 1851800
V1 623720 1851800 614120 1842200
Net17 5 
V1 2782270 1767000 2773630 1758360
V1 2773630 1758360 2500000 1758360
V1 2500000 1758360 1875000 1790360
V1 1875000 1790360 752660 1790360
V1 752660 1790360 744020 1799000
Net18 5 
V1 2848090 1767000 2833690 1781400
V1 2833690 1781400 2500000 1781400
V1 2500000 1781400 1875000 1813400
V1 1875000 1813400 845027 1813400
V1 845027 1813400 830627 1799000
Net25 5 
V1 3506270 1767000 3488990 1749720
V1 3488990 1749720 2500000 1749720
V1 2500000 1749720 1875000 1781720
V1 1875000 1781720 588100 1781720
V1 588100 1781720 570820 1799000
Net26 5 
V1 2815180 1723800 2806540 1732440
V1 2806540 1732440 2500000 1732440
V1 2500000 1732440 1875000 1764440
V1 1875000 1764440 709360 1764440
V1 709360 1764440 700720 1755800
Net27 5 
V1 2881000 1723800 2866600 1709400
V1 2866600 1709400 2500000 1709400
V1 2500000 1709400 1875000 1741400
V1 1875000 1741400 801722 1741400
V1 801722 1741400 787322 1755800
Net35 5 
V1 3539180 1723800 3521900 1741080
V1 3521900 1741080 2500000 1741080
V1 2500000 1741080 1875000 1773080
V1 1875000 1773080 631400 1773080
V1 631400 1773080 614120 1755800
Net36 5 
V1 2782270 1680600 2777470 1675800
V1 2777470 1675800 2500000 1675800
V1 2500000 1675800 1875000 1691000
V1 1875000 1691000 679020 1691000
V1 679020 1691000 657420 1712600
Net37 5 
V1 2848090 1680600 2833690 1695000
V1 2833690 1695000 2500000 1695000
V1 2500000 1695000 1875000 1727000
V1 1875000 1727000 845027 1727000
V1 845027 1727000 830627 1712600
Net44 5 
V1 2881000 1637400 2876200 1632600
V1 2876200 1632600 2500000 1632600
V1 2500000 1632600 1875000 1631000
V1 1875000 1631000 739120 1631000
V1 739120 1631000 700720 1669400
Net45 5 
V1 2946820 1637400 2942020 1642200
V1 2942020 1642200 2500000 1642200
V1 2500000 1642200 1875000 1635800
V1 1875000 1635800 820922 1635800
V1 820922 1635800 787322 1669400
Net46 5 
V1 3012637 1637400 3003037 1647000
V1 3003037 1647000 2500000 1647000
V1 2500000 1647000 1875000 1640600
V1 1875000 1640600 902730 1640600
V1 902730 1640600 873930 1669400
Net47 5 
V1 3078450 1637400 3064050 1651800
V1 3064050 1651800 2500000 1651800
V1 2500000 1651800 1875000 1645400
V1 1875000 1645400 984530 1645400
V1 984530 1645400 960530 1669400
Net48 5 
V1 3210090 1637400 3190890 1656600
V1 3190890 1656600 2500000 1656600
V1 2500000 1656600 1875000 1650200
V1 1875000 1650200 1152932 1650200
V1 1152932 1650200 1133732 1669400
Net49 5 
V1 3275910 1637400 3251910 1661400
V1 3251910 1661400 2500000 1661400
V1 2500000 1661400 1875000 1655000
V1 1875000 1655000 1321340 1655000
V1 1321340 1655000 1306940 1669400
Net50 5 
V1 3341722 1637400 3312922 1666200
V1 3312922 1666200 2500000 1666200
V1 2500000 1666200 1875000 1659800
V1 1875000 1659800 1489742 1659800
V1 1489742 1659800 1480142 1669400
Net51 5 
V1 3473360 1637400 3439760 1671000
V1 3439760 1671000 2500000 1671000
V1 2500000 1671000 1875000 1664600
V1 1875000 1664600 1571550 1664600
V1 1571550 1664600 1566750 1669400
Net52 5 
V1 2782270 1594200 2777470 1599000
V1 2777470 1599000 2500000 1599000
V1 2500000 1599000 1875000 1595960
V1 1875000 1595960 687660 1595960
V1 687660 1595960 657420 1626200
Net53 5 
V1 2848090 1594200 2838490 1603800
V1 2838490 1603800 2500000 1603800
V1 2500000 1603800 1875000 1600280
V1 1875000 1600280 769940 1600280
V1 769940 1600280 744020 1626200
Net54 5 
V1 2979730 1594200 2965330 1608600
V1 2965330 1608600 2500000 1608600
V1 2500000 1608600 1875000 1604600
V1 1875000 1604600 938830 1604600
V1 938830 1604600 917230 1626200
Net57 5 
V1 3243000 1594200 3223800 1613400
V1 3223800 1613400 2500000 1613400
V1 2500000 1613400 1875000 1608920
V1 1875000 1608920 1280920 1608920
V1 1280920 1608920 1263640 1626200
Net58 5 
V1 3308817 1594200 3284817 1618200
V1 3284817 1618200 2500000 1618200
V1 2500000 1618200 1875000 1613240
V1 1875000 1613240 1363200 1613240
V1 1363200 1613240 1350240 1626200
Net59 5 
V1 3374630 1594200 3345830 1623000
V1 3345830 1623000 2500000 1623000
V1 2500000 1623000 1875000 1617560
V1 1875000 1617560 1445480 1617560
V1 1445480 1617560 1436840 1626200
Net60 5 
V1 3440450 1594200 3406850 1627800
V1 3406850 1627800 2500000 1627800
V1 2500000 1627800 1875000 1621880
V1 1875000 1621880 1527767 1621880
V1 1527767 1621880 1523447 1626200
Net62 5 
V1 2815180 1551000 2800780 1565400
V1 2800780 1565400 2500000 1565400
V1 2500000 1565400 1875000 1587320
V1 1875000 1587320 705040 1587320
V1 705040 1587320 700720 1583000
Net63 5 
V1 2946820 1551000 2932420 1536600
V1 2932420 1536600 2500000 1536600
V1 2500000 1536600 1875000 1568600
V1 1875000 1568600 801722 1568600
V1 801722 1568600 787322 1583000
Net70 5 
V1 3539180 1551000 3510380 1579800
V1 3510380 1579800 2500000 1579800
V1 2500000 1579800 1875000 1591640
V1 1875000 1591640 622760 1591640
V1 622760 1591640 614120 1583000
Net71 5 
V1 2782270 1507800 2773630 1499160
V1 2773630 1499160 2500000 1499160
V1 2500000 1499160 1875000 1531160
V1 1875000 1531160 752660 1531160
V1 752660 1531160 744020 1539800
Net72 5 
V1 2848090 1507800 2833690 1522200
V1 2833690 1522200 2500000 1522200
V1 2500000 1522200 1875000 1554200
V1 1875000 1554200 845027 1554200
V1 845027 1554200 830627 1539800
Net80 5 
V1 3506270 1507800 3488990 1490520
V1 3488990 1490520 2500000 1490520
V1 2500000 1490520 1875000 1522520
V1 1875000 1522520 588100 1522520
V1 588100 1522520 570820 1539800
Net81 5 
V1 2815180 1464600 2806540 1473240
V1 2806540 1473240 2500000 1473240
V1 2500000 1473240 1875000 1505240
V1 1875000 1505240 882570 1505240
V1 882570 1505240 873930 1496600
Net87 5 
V1 3539180 1464600 3521900 1481880
V1 3521900 1481880 2500000 1481880
V1 2500000 1481880 1875000 1513880
V1 1875000 1513880 631400 1513880
V1 631400 1513880 614120 1496600
