Nets 32
Net13 5 
V2 3381997 1810200 3371197 1821000
V2 3371197 1821000 2500000 1821000
V2 2500000 1821000 1875000 1874909
V2 1875000 1874909 1255620 1874909
V2 1255620 1874909 1238960 1891570
Net14 5 
V2 3459940 1810200 3438340 1831800
V2 3438340 1831800 2500000 1831800
V2 2500000 1831800 1875000 1880464
V2 1875000 1880464 1433656 1880464
V2 1433656 1880464 1422550 1891570
Net15 5 
V2 3537880 1810200 3505480 1842600
V2 3505480 1842600 2500000 1842600
V2 2500000 1842600 1875000 1886018
V2 1875000 1886018 1519901 1886018
V2 1519901 1886018 1514350 1891570
Net16 5 
V2 3693762 1810200 3679362 1795800
V2 3679362 1795800 2500000 1795800
V2 2500000 1795800 1875000 1869355
V2 1875000 1869355 343184 1869355
V2 343184 1869355 320970 1891570
Net20 5 
V2 3187140 1767000 3172740 1781400
V2 3172740 1781400 2500000 1781400
V2 2500000 1781400 1875000 1863801
V2 1875000 1863801 1129031 1863801
V2 1129031 1863801 1101260 1836030
Net21 5 
V2 3265080 1767000 3257880 1759800
V2 3257880 1759800 2500000 1759800
V2 2500000 1759800 1875000 1858247
V2 1875000 1858247 1215277 1858247
V2 1215277 1858247 1193060 1836030
Net22 5 
V2 3343020 1767000 3328620 1752600
V2 3328620 1752600 2500000 1752600
V2 2500000 1752600 1875000 1852692
V2 1875000 1852692 1301520 1852692
V2 1301520 1852692 1284857 1836030
Net23 5 
V2 3498910 1767000 3477310 1745400
V2 3477310 1745400 2500000 1745400
V2 2500000 1745400 1875000 1847138
V2 1875000 1847138 1387761 1847138
V2 1387761 1847138 1376652 1836030
Net24 5 
V2 3576850 1767000 3548050 1738200
V2 3548050 1738200 2500000 1738200
V2 2500000 1738200 1875000 1841584
V2 1875000 1841584 1474004 1841584
V2 1474004 1841584 1468450 1836030
Net27 5 
V2 2914340 1723800 2910020 1719480
V2 2910020 1719480 2500000 1719480
V2 2500000 1719480 1875000 1822144
V2 1875000 1822144 821616 1822144
V2 821616 1822144 779960 1780487
Net28 5 
V2 2992280 1723800 2983640 1715160
V2 2983640 1715160 2500000 1715160
V2 2500000 1715160 1875000 1815201
V2 1875000 1815201 906473 1815201
V2 906473 1815201 871760 1780487
Net29 5 
V2 3070227 1723800 3057267 1710840
V2 3057267 1710840 2500000 1710840
V2 2500000 1710840 1875000 1808258
V2 1875000 1808258 991331 1808258
V2 991331 1808258 963560 1780487
Net30 5 
V2 3226110 1723800 3208830 1706520
V2 3208830 1706520 2500000 1706520
V2 2500000 1706520 1875000 1801315
V2 1875000 1801315 1076188 1801315
V2 1076188 1801315 1055360 1780487
Net31 5 
V2 3304050 1723800 3282450 1702200
V2 3282450 1702200 2500000 1702200
V2 2500000 1702200 1875000 1794373
V2 1875000 1794373 1252845 1794373
V2 1252845 1794373 1238960 1780487
Net32 5 
V2 3381997 1723800 3356077 1697880
V2 3356077 1697880 2500000 1697880
V2 2500000 1697880 1875000 1787430
V2 1875000 1787430 1337695 1787430
V2 1337695 1787430 1330752 1780487
Net33 5 
V2 3537880 1723800 3507640 1693560
V2 3507640 1693560 2500000 1693560
V2 2500000 1693560 1875000 1761968
V2 1875000 1761968 1532869 1761968
V2 1532869 1761968 1514350 1780487
Net34 5 
V2 3615820 1723800 3608620 1731000
V2 3608620 1731000 2500000 1731000
V2 2500000 1731000 1875000 1829086
V2 1875000 1829086 1567193 1829086
V2 1567193 1829086 1560250 1836030
Net35 5 
V2 3693762 1723800 3659202 1689240
V2 3659202 1689240 2500000 1689240
V2 2500000 1689240 1875000 1743454
V2 1875000 1743454 358003 1743454
V2 358003 1743454 320970 1780487
Net36 5 
V2 2797430 1680600 2793110 1684920
V2 2793110 1684920 2500000 1684920
V2 2500000 1684920 1875000 1697171
V2 1875000 1697171 578236 1697171
V2 578236 1697171 550467 1724940
Net60 5 
V2 3576850 1594200 3555250 1615800
V2 3555250 1615800 2500000 1615800
V2 2500000 1615800 1875000 1650888
V2 1875000 1650888 1532862 1650888
V2 1532862 1650888 1514350 1669400
Net61 5 
V2 3654790 1594200 3640390 1579800
V2 3640390 1579800 2500000 1579800
V2 2500000 1579800 1875000 1632374
V2 1875000 1632374 293584 1632374
V2 293584 1632374 275070 1613860
Net64 5 
V2 3070227 1551000 3055827 1565400
V2 3055827 1565400 2500000 1565400
V2 2500000 1565400 1875000 1599969
V2 1875000 1599969 729819 1599969
V2 729819 1599969 688162 1558312
Net65 5 
V2 3148170 1551000 3143850 1546680
V2 3143850 1546680 2500000 1546680
V2 2500000 1546680 1875000 1586083
V2 1875000 1586083 807731 1586083
V2 807731 1586083 779960 1558312
Net66 5 
V2 3226110 1551000 3217470 1542360
V2 3217470 1542360 2500000 1542360
V2 2500000 1542360 1875000 1572198
V2 1875000 1572198 885645 1572198
V2 885645 1572198 871760 1558312
Net71 5 
V2 2797430 1507800 2793110 1512120
V2 2793110 1512120 2500000 1512120
V2 2500000 1512120 1875000 1484255
V2 1875000 1484255 385384 1484255
V2 385384 1484255 366870 1502770
Net74 5 
V2 3031252 1507800 3022612 1516440
V2 3022612 1516440 2500000 1516440
V2 2500000 1516440 1875000 1510704
V2 1875000 1510704 1011168 1510704
V2 1011168 1510704 963560 1558312
Net75 5 
V2 3187140 1507800 3174180 1520760
V2 3174180 1520760 2500000 1520760
V2 2500000 1520760 1875000 1518639
V2 1875000 1518639 1095033 1518639
V2 1095033 1518639 1055360 1558312
Net76 5 
V2 3343020 1507800 3325740 1525080
V2 3325740 1525080 2500000 1525080
V2 2500000 1525080 1875000 1526573
V2 1875000 1526573 1178899 1526573
V2 1178899 1526573 1147160 1558312
Net77 5 
V2 3420970 1507800 3399370 1529400
V2 3399370 1529400 2500000 1529400
V2 2500000 1529400 1875000 1534508
V2 1875000 1534508 1262764 1534508
V2 1262764 1534508 1238960 1558312
Net78 5 
V2 3498910 1507800 3472990 1533720
V2 3472990 1533720 2500000 1533720
V2 2500000 1533720 1875000 1542442
V2 1875000 1542442 1438420 1542442
V2 1438420 1542442 1422550 1558312
Net79 5 
V2 3576850 1507800 3546610 1538040
V2 3546610 1538040 2500000 1538040
V2 2500000 1538040 1875000 1550377
V2 1875000 1550377 1522285 1550377
V2 1522285 1550377 1514350 1558312
Net80 5 
V2 3654790 1507800 3633190 1486200
V2 3633190 1486200 2500000 1486200
V2 2500000 1486200 1875000 1465741
V2 1875000 1465741 312098 1465741
V2 312098 1465741 275070 1502770
