Nets 15
Net8 5 
M2 2948980 1836120 2940340 1844760
M2 2940340 1844760 2500000 1844760
M2 2500000 1844760 1875000 1863801
M2 1875000 1863801 1018179 1863801
M2 1018179 1863801 990410 1891570
Net9 5 
M2 2992280 1836120 2975000 1853400
M2 2975000 1853400 2500000 1853400
M2 2500000 1853400 1875000 1877686
M2 1875000 1877686 1180963 1877686
M2 1180963 1877686 1167080 1891570
Net10 5 
M2 3035582 1836120 3026942 1827480
M2 3026942 1827480 2500000 1827480
M2 2500000 1827480 1875000 1849915
M2 1875000 1849915 341785 1849915
M2 341785 1849915 327900 1836030
Net12 5 
M2 2797430 1810200 2788790 1818840
M2 2788790 1818840 2500000 1818840
M2 2500000 1818840 1875000 1817515
M2 1875000 1817515 523084 1817515
M2 523084 1817515 504570 1836030
Net16 5 
M2 2775780 1784280 2762820 1797240
M2 2762820 1797240 2500000 1797240
M2 2500000 1797240 1875000 1799001
M2 1875000 1799001 478914 1799001
M2 478914 1799001 460400 1780487
Net28 5 
M2 2819080 1732440 2812600 1738920
M2 2812600 1738920 2500000 1738920
M2 2500000 1738920 1875000 1738825
M2 1875000 1738825 943732 1738825
M2 943732 1738825 902070 1780487
Net29 5 
M2 2862380 1732440 2849420 1745400
M2 2849420 1745400 2500000 1745400
M2 2500000 1745400 1875000 1752711
M2 1875000 1752711 1371524 1752711
M2 1371524 1752711 1343747 1780487
Net30 5 
M2 2948980 1732440 2929540 1751880
M2 2929540 1751880 2500000 1751880
M2 2500000 1751880 1875000 1766596
M2 1875000 1766596 1534303 1766596
M2 1534303 1766596 1520412 1780487
Net32 5 
M2 3035582 1732440 3022622 1719480
M2 3022622 1719480 2500000 1719480
M2 2500000 1719480 1875000 1697171
M2 1875000 1697171 355668 1697171
M2 355668 1697171 327900 1724940
Net44 5 
M2 2754130 1654680 2741170 1667640
M2 2741170 1667640 2500000 1667640
M2 2500000 1667640 1875000 1641631
M2 1875000 1641631 841508 1641631
M2 841508 1641631 813740 1669400
Net52 5 
M2 2948980 1628760 2936020 1641720
M2 2936020 1641720 2500000 1641720
M2 2500000 1641720 1875000 1595340
M2 1875000 1595340 1229759 1595340
M2 1229759 1595340 1211240 1613860
Net54 5 
M2 3035582 1628760 3026942 1620120
M2 3026942 1620120 2500000 1620120
M2 2500000 1620120 1875000 1576826
M2 1875000 1576826 364933 1576826
M2 364933 1576826 327900 1613860
Net55 5 
M2 2754130 1602840 2745490 1611480
M2 2745490 1611480 2500000 1611480
M2 2500000 1611480 1875000 1539798
M2 1875000 1539798 478914 1539798
M2 478914 1539798 460400 1558312
Net71 5 
M2 2775780 1525080 2767140 1533720
M2 2767140 1533720 2500000 1533720
M2 2500000 1533720 1875000 1474998
M2 1875000 1474998 444001 1474998
M2 444001 1474998 416230 1502770
Net76 5 
M2 3035582 1525080 3018302 1542360
M2 3018302 1542360 2500000 1542360
M2 2500000 1542360 1875000 1521284
M2 1875000 1521284 346414 1521284
M2 346414 1521284 327900 1502770
