Nets 51
Net9 5 
M2 4047100 1847230 4019328 1875001
M2 4019328 1875001 2500000 1875001
M2 2500000 1875001 1875000 1863801
M2 1875000 1863801 348738 1863801
M2 348738 1863801 320970 1891570
Net12 5 
M2 3119590 1791687 3114540 1796737
M2 3114540 1796737 2500000 1796737
M2 2500000 1796737 1875000 1785536
M2 1875000 1785536 600960 1785536
M2 600960 1785536 550467 1836030
Net13 5 
M2 3207920 1791687 3197820 1801786
M2 3197820 1801786 2500000 1801786
M2 2500000 1801786 1875000 1790586
M2 1875000 1790586 687706 1790586
M2 687706 1790586 642262 1836030
Net14 5 
M2 3296260 1791687 3281111 1806836
M2 3281111 1806836 2500000 1806836
M2 2500000 1806836 1875000 1795635
M2 1875000 1795635 774454 1795635
M2 774454 1795635 734060 1836030
Net15 5 
M2 3384590 1791687 3364392 1811885
M2 3364392 1811885 2500000 1811885
M2 2500000 1811885 1875000 1800684
M2 1875000 1800684 861205 1800684
M2 861205 1800684 825860 1836030
Net16 5 
M2 3472930 1791687 3447683 1816934
M2 3447683 1816934 2500000 1816934
M2 2500000 1816934 1875000 1805733
M2 1875000 1805733 1131556 1805733
M2 1131556 1805733 1101260 1836030
Net17 5 
M2 3561260 1791687 3530963 1821983
M2 3530963 1821983 2500000 1821983
M2 2500000 1821983 1875000 1810783
M2 1875000 1810783 1218307 1810783
M2 1218307 1810783 1193060 1836030
Net18 5 
M2 3649600 1791687 3614254 1827033
M2 3614254 1827033 2500000 1827033
M2 2500000 1827033 1875000 1815832
M2 1875000 1815832 1305055 1815832
M2 1305055 1815832 1284857 1836030
Net19 5 
M2 3737930 1791687 3697535 1832082
M2 3697535 1832082 2500000 1832082
M2 2500000 1832082 1875000 1820881
M2 1875000 1820881 1391801 1820881
M2 1391801 1820881 1376652 1836030
Net20 5 
M2 3826267 1791687 3780823 1837131
M2 3780823 1837131 2500000 1837131
M2 2500000 1837131 1875000 1825930
M2 1875000 1825930 1478549 1825930
M2 1478549 1825930 1468450 1836030
Net21 5 
M2 3914600 1791687 3864106 1842180
M2 3864106 1842180 2500000 1842180
M2 2500000 1842180 1875000 1830980
M2 1875000 1830980 1565300 1830980
M2 1565300 1830980 1560250 1836030
Net25 5 
M2 3075420 1736140 3069242 1742317
M2 3069242 1742317 2500000 1742317
M2 2500000 1742317 1875000 1731111
M2 1875000 1731111 737538 1731111
M2 737538 1731111 688162 1780487
Net26 5 
M2 3163760 1736140 3151411 1748488
M2 3151411 1748488 2500000 1748488
M2 2500000 1748488 1875000 1737282
M2 1875000 1737282 823165 1737282
M2 823165 1737282 779960 1780487
Net27 5 
M2 3252090 1736140 3233570 1754660
M2 3233570 1754660 2500000 1754660
M2 2500000 1754660 1875000 1743453
M2 1875000 1743453 908793 1743453
M2 908793 1743453 871760 1780487
Net28 5 
M2 3428760 1736140 3404068 1760831
M2 3404068 1760831 2500000 1760831
M2 2500000 1760831 1875000 1749625
M2 1875000 1749625 994422 1749625
M2 994422 1749625 963560 1780487
Net29 5 
M2 3517092 1736140 3486230 1767002
M2 3486230 1767002 2500000 1767002
M2 2500000 1767002 1875000 1755796
M2 1875000 1755796 1080051 1755796
M2 1080051 1755796 1055360 1780487
Net30 5 
M2 3693762 1736140 3656728 1773173
M2 3656728 1773173 2500000 1773173
M2 2500000 1773173 1875000 1761967
M2 1875000 1761967 1257480 1761967
M2 1257480 1761967 1238960 1780487
Net31 5 
M2 3782100 1736140 3738895 1779345
M2 3738895 1779345 2500000 1779345
M2 2500000 1779345 1875000 1768138
M2 1875000 1768138 1343101 1768138
M2 1343101 1768138 1330752 1780487
Net32 5 
M2 3958770 1736140 3909393 1785516
M2 3909393 1785516 2500000 1785516
M2 2500000 1785516 1875000 1774310
M2 1875000 1774310 1520527 1774310
M2 1520527 1774310 1514350 1780487
Net36 5 
M2 3119590 1680600 3112649 1687540
M2 3112649 1687540 2500000 1687540
M2 2500000 1687540 1875000 1676342
M2 1875000 1676342 690859 1676342
M2 690859 1676342 642262 1724940
Net37 5 
M2 3296260 1680600 3282376 1694483
M2 3282376 1694483 2500000 1694483
M2 2500000 1694483 1875000 1683285
M2 1875000 1683285 867514 1683285
M2 867514 1683285 825860 1724940
Net38 5 
M2 3384590 1680600 3363763 1701426
M2 3363763 1701426 2500000 1701426
M2 2500000 1701426 1875000 1690228
M2 1875000 1690228 952371 1690228
M2 952371 1690228 917660 1724940
Net39 5 
M2 3561260 1680600 3533491 1708369
M2 3533491 1708369 2500000 1708369
M2 2500000 1708369 1875000 1697171
M2 1875000 1697171 1129029 1697171
M2 1129029 1697171 1101260 1724940
Net40 5 
M2 3649600 1680600 3614888 1715311
M2 3614888 1715311 2500000 1715311
M2 2500000 1715311 1875000 1704113
M2 1875000 1704113 1213886 1704113
M2 1213886 1704113 1193060 1724940
Net41 5 
M2 3826267 1680600 3784613 1722254
M2 3784613 1722254 2500000 1722254
M2 2500000 1722254 1875000 1711056
M2 1875000 1711056 1390536 1711056
M2 1390536 1711056 1376652 1724940
Net42 5 
M2 3914600 1680600 3866002 1729197
M2 3866002 1729197 2500000 1729197
M2 2500000 1729197 1875000 1717999
M2 1875000 1717999 1475390 1717999
M2 1475390 1717999 1468450 1724940
Net46 5 
M2 3163760 1625060 3156819 1632000
M2 3156819 1632000 2500000 1632000
M2 2500000 1632000 1875000 1620802
M2 1875000 1620802 736759 1620802
M2 736759 1620802 688162 1669400
Net47 5 
M2 3252090 1625060 3238206 1638943
M2 3238206 1638943 2500000 1638943
M2 2500000 1638943 1875000 1627745
M2 1875000 1627745 821614 1627745
M2 821614 1627745 779960 1669400
Net48 5 
M2 3428760 1625060 3407933 1645886
M2 3407933 1645886 2500000 1645886
M2 2500000 1645886 1875000 1634688
M2 1875000 1634688 998271 1634688
M2 998271 1634688 963560 1669400
Net49 5 
M2 3517092 1625060 3489323 1652829
M2 3489323 1652829 2500000 1652829
M2 2500000 1652829 1875000 1641631
M2 1875000 1641631 1083129 1641631
M2 1083129 1641631 1055360 1669400
Net50 5 
M2 3693762 1625060 3659050 1659771
M2 3659050 1659771 2500000 1659771
M2 2500000 1659771 1875000 1648573
M2 1875000 1648573 1259786 1648573
M2 1259786 1648573 1238960 1669400
Net51 5 
M2 3782100 1625060 3740445 1666714
M2 3740445 1666714 2500000 1666714
M2 2500000 1666714 1875000 1655516
M2 1875000 1655516 1344636 1655516
M2 1344636 1655516 1330752 1669400
Net52 5 
M2 3958770 1625060 3910172 1673657
M2 3910172 1673657 2500000 1673657
M2 2500000 1673657 1875000 1662459
M2 1875000 1662459 1521290 1662459
M2 1521290 1662459 1514350 1669400
Net56 5 
M2 3119590 1569512 3113412 1575690
M2 3113412 1575690 2500000 1575690
M2 2500000 1575690 1875000 1569421
M2 1875000 1569421 686701 1569421
M2 686701 1569421 642262 1613860
Net57 5 
M2 3296260 1569512 3283911 1581861
M2 3283911 1581861 2500000 1581861
M2 2500000 1581861 1875000 1574975
M2 1875000 1574975 864744 1574975
M2 864744 1574975 825860 1613860
Net58 5 
M2 3384590 1569512 3366070 1588032
M2 3366070 1588032 2500000 1588032
M2 2500000 1588032 1875000 1580529
M2 1875000 1580529 950990 1580529
M2 950990 1580529 917660 1613860
Net59 5 
M2 3472930 1569512 3448238 1594203
M2 3448238 1594203 2500000 1594203
M2 2500000 1594203 1875000 1586083
M2 1875000 1586083 1129036 1586083
M2 1129036 1586083 1101260 1613860
Net60 5 
M2 3561260 1569512 3530397 1600375
M2 3530397 1600375 2500000 1600375
M2 2500000 1600375 1875000 1591638
M2 1875000 1591638 1215282 1591638
M2 1215282 1591638 1193060 1613860
Net61 5 
M2 3649600 1569512 3612566 1606546
M2 3612566 1606546 2500000 1606546
M2 2500000 1606546 1875000 1597192
M2 1875000 1597192 1301525 1597192
M2 1301525 1597192 1284857 1613860
Net62 5 
M2 3826267 1569512 3783062 1612717
M2 3783062 1612717 2500000 1612717
M2 2500000 1612717 1875000 1602746
M2 1875000 1602746 1387766 1602746
M2 1387766 1602746 1376652 1613860
Net63 5 
M2 3914600 1569512 3865223 1618888
M2 3865223 1618888 2500000 1618888
M2 2500000 1618888 1875000 1608300
M2 1875000 1608300 1474009 1608300
M2 1474009 1608300 1468450 1613860
Net65 5 
M2 2810420 1513970 2782648 1541741
M2 2782648 1541741 2500000 1541741
M2 2500000 1541741 1875000 1563866
M2 1875000 1563866 418324 1563866
M2 418324 1563866 412770 1558312
Net78 5 
M2 2854587 1458430 2849035 1463981
M2 2849035 1463981 2500000 1463981
M2 2500000 1463981 1875000 1453398
M2 1875000 1453398 416241 1453398
M2 416241 1453398 366870 1502770
Net80 5 
M2 3119590 1458430 3108484 1469536
M2 3108484 1469536 2500000 1469536
M2 2500000 1469536 1875000 1459570
M2 1875000 1459570 593667 1459570
M2 593667 1459570 550467 1502770
Net81 5 
M2 3207920 1458430 3191259 1475090
M2 3191259 1475090 2500000 1475090
M2 2500000 1475090 1875000 1465741
M2 1875000 1465741 771088 1465741
M2 771088 1465741 734060 1502770
Net82 5 
M2 3384590 1458430 3362375 1480644
M2 3362375 1480644 2500000 1480644
M2 2500000 1480644 1875000 1471912
M2 1875000 1471912 856717 1471912
M2 856717 1471912 825860 1502770
Net83 5 
M2 3472930 1458430 3445161 1486198
M2 3445161 1486198 2500000 1486198
M2 2500000 1486198 1875000 1478083
M2 1875000 1478083 1125946 1478083
M2 1125946 1478083 1101260 1502770
Net84 5 
M2 3649600 1458430 3616277 1491753
M2 3616277 1491753 2500000 1491753
M2 2500000 1491753 1875000 1484255
M2 1875000 1484255 1303372 1484255
M2 1303372 1484255 1284857 1502770
Net85 5 
M2 3737930 1458430 3699052 1497307
M2 3699052 1497307 2500000 1497307
M2 2500000 1497307 1875000 1490426
M2 1875000 1490426 1388996 1490426
M2 1388996 1490426 1376652 1502770
Net86 5 
M2 3914600 1458430 3870168 1502861
M2 3870168 1502861 2500000 1502861
M2 2500000 1502861 1875000 1496597
M2 1875000 1496597 1566422 1496597
M2 1566422 1496597 1560250 1502770
Net87 5 
M2 4002937 1458430 3952951 1508415
M2 3952951 1508415 2500000 1508415
M2 2500000 1508415 1875000 1530541
M2 1875000 1530541 302841 1530541
M2 302841 1530541 275070 1502770
