Nets 21
Net6 5 
M2 3654790 1853400 3633190 1875000
M2 3633190 1875000 2500000 1875000
M2 2500000 1875000 1875000 1808258
M2 1875000 1808258 250011 1808258
M2 250011 1808258 222240 1836030
Net17 5 
M2 2797430 1767000 2775830 1788600
M2 2775830 1788600 2500000 1788600
M2 2500000 1788600 1875000 1752711
M2 1875000 1752711 392916 1752711
M2 392916 1752711 365140 1780487
Net25 5 
M2 3654790 1767000 3633190 1745400
M2 3633190 1745400 2500000 1745400
M2 2500000 1745400 1875000 1697171
M2 1875000 1697171 250008 1697171
M2 250008 1697171 222240 1724940
Net48 5 
M2 3304050 1637400 3295410 1646040
M2 3295410 1646040 2500000 1646040
M2 2500000 1646040 1875000 1624968
M2 1875000 1624968 981141 1624968
M2 981141 1624968 936710 1669400
Net49 5 
M2 3381997 1637400 3364717 1654680
M2 3364717 1654680 2500000 1654680
M2 2500000 1654680 1875000 1636077
M2 1875000 1636077 1065303 1636077
M2 1065303 1636077 1031980 1669400
Net50 5 
M2 3459940 1637400 3434020 1663320
M2 3434020 1663320 2500000 1663320
M2 2500000 1663320 1875000 1647185
M2 1875000 1647185 1244714 1647185
M2 1244714 1647185 1222500 1669400
Net51 5 
M2 3615820 1637400 3581260 1671960
M2 3581260 1671960 2500000 1671960
M2 2500000 1671960 1875000 1658294
M2 1875000 1658294 1328868 1658294
M2 1328868 1658294 1317762 1669400
Net52 5 
M2 2797430 1594200 2792630 1599000
M2 2792630 1599000 2500000 1599000
M2 2500000 1599000 1875000 1539798
M2 1875000 1539798 383654 1539798
M2 383654 1539798 365140 1558312
Net53 5 
M2 2875370 1594200 2865770 1603800
M2 2865770 1603800 2500000 1603800
M2 2500000 1603800 1875000 1565255
M2 1875000 1565255 366112 1565255
M2 366112 1565255 317507 1613860
Net54 5 
M2 3031252 1594200 3016852 1608600
M2 3016852 1608600 2500000 1608600
M2 2500000 1608600 1875000 1572198
M2 1875000 1572198 549692 1572198
M2 549692 1572198 508030 1613860
Net55 5 
M2 3187140 1594200 3167940 1613400
M2 3167940 1613400 2500000 1613400
M2 2500000 1613400 1875000 1579140
M2 1875000 1579140 638009 1579140
M2 638009 1579140 603290 1613860
Net56 5 
M2 3265080 1594200 3241080 1618200
M2 3241080 1618200 2500000 1618200
M2 2500000 1618200 1875000 1586083
M2 1875000 1586083 821596 1586083
M2 821596 1586083 793820 1613860
Net57 5 
M2 3343020 1594200 3314220 1623000
M2 3314220 1623000 2500000 1623000
M2 2500000 1623000 1875000 1593026
M2 1875000 1593026 909913 1593026
M2 909913 1593026 889080 1613860
Net58 5 
M2 3420970 1594200 3387370 1627800
M2 3387370 1627800 2500000 1627800
M2 2500000 1627800 1875000 1599969
M2 1875000 1599969 1093501 1599969
M2 1093501 1599969 1079610 1613860
Net59 5 
M2 3498910 1594200 3460510 1632600
M2 3460510 1632600 2500000 1632600
M2 2500000 1632600 1875000 1606911
M2 1875000 1606911 1181818 1606911
M2 1181818 1606911 1174870 1613860
Net82 5 
M2 2992280 1464600 2986107 1470772
M2 2986107 1470772 2500000 1470772
M2 2500000 1470772 1875000 1456484
M2 1875000 1456484 840105 1456484
M2 840105 1456484 793820 1502770
Net83 5 
M2 3070227 1464600 3057883 1476943
M2 3057883 1476943 2500000 1476943
M2 2500000 1476943 1875000 1465741
M2 1875000 1465741 1116638 1465741
M2 1116638 1465741 1079610 1502770
Net84 5 
M2 3226110 1464600 3207595 1483115
M2 3207595 1483115 2500000 1483115
M2 2500000 1483115 1875000 1474998
M2 1875000 1474998 1297901 1474998
M2 1297901 1474998 1270130 1502770
Net85 5 
M2 3304050 1464600 3279363 1489286
M2 3279363 1489286 2500000 1489286
M2 2500000 1489286 1875000 1484255
M2 1875000 1484255 1383912 1484255
M2 1383912 1484255 1365397 1502770
Net86 5 
M2 3459940 1464600 3429082 1495457
M2 3429082 1495457 2500000 1495457
M2 2500000 1495457 1875000 1493512
M2 1875000 1493512 1565177 1493512
M2 1565177 1493512 1555920 1502770
Net87 5 
M2 3693762 1464600 3656733 1501628
M2 3656733 1501628 2500000 1501628
M2 2500000 1501628 1875000 1521284
M2 1875000 1521284 306898 1521284
M2 306898 1521284 269870 1558312
