Nets 32
Net13 5 
V2 3381997 1810200 3371197 1821000
V2 3371197 1821000 2500000 1821000
V2 2500000 1821000 1875000 1874909
V2 1875000 1874909 1239160 1874909
V2 1239160 1874909 1222500 1891570
Net14 5 
V2 3459940 1810200 3438340 1831800
V2 3438340 1831800 2500000 1831800
V2 2500000 1831800 1875000 1880464
V2 1875000 1880464 1424136 1880464
V2 1424136 1880464 1413030 1891570
Net15 5 
V2 3537880 1810200 3505480 1842600
V2 3505480 1842600 2500000 1842600
V2 2500000 1842600 1875000 1886018
V2 1875000 1886018 1513841 1886018
V2 1513841 1886018 1508290 1891570
Net16 5 
V2 3693762 1810200 3679362 1795800
V2 3679362 1795800 2500000 1795800
V2 2500000 1795800 1875000 1869355
V2 1875000 1869355 292084 1869355
V2 292084 1869355 269870 1891570
Net20 5 
V2 3187140 1767000 3172740 1781400
V2 3172740 1781400 2500000 1781400
V2 2500000 1781400 1875000 1863801
V2 1875000 1863801 1107381 1863801
V2 1107381 1863801 1079610 1836030
Net21 5 
V2 3265080 1767000 3257880 1759800
V2 3257880 1759800 2500000 1759800
V2 2500000 1759800 1875000 1858247
V2 1875000 1858247 1197087 1858247
V2 1197087 1858247 1174870 1836030
Net22 5 
V2 3343020 1767000 3328620 1752600
V2 3328620 1752600 2500000 1752600
V2 2500000 1752600 1875000 1852692
V2 1875000 1852692 1286792 1852692
V2 1286792 1852692 1270130 1836030
Net23 5 
V2 3498910 1767000 3477310 1745400
V2 3477310 1745400 2500000 1745400
V2 2500000 1745400 1875000 1847138
V2 1875000 1847138 1376506 1847138
V2 1376506 1847138 1365397 1836030
Net24 5 
V2 3576850 1767000 3548050 1738200
V2 3548050 1738200 2500000 1738200
V2 2500000 1738200 1875000 1841584
V2 1875000 1841584 1466214 1841584
V2 1466214 1841584 1460660 1836030
Net27 5 
V2 2914340 1723800 2910020 1719480
V2 2910020 1719480 2500000 1719480
V2 2500000 1719480 1875000 1822144
V2 1875000 1822144 787846 1822144
V2 787846 1822144 746190 1780487
Net28 5 
V2 2992280 1723800 2983640 1715160
V2 2983640 1715160 2500000 1715160
V2 2500000 1715160 1875000 1815201
V2 1875000 1815201 876163 1815201
V2 876163 1815201 841450 1780487
Net29 5 
V2 3070227 1723800 3057267 1710840
V2 3057267 1710840 2500000 1710840
V2 2500000 1710840 1875000 1808258
V2 1875000 1808258 964481 1808258
V2 964481 1808258 936710 1780487
Net30 5 
V2 3226110 1723800 3208830 1706520
V2 3208830 1706520 2500000 1706520
V2 2500000 1706520 1875000 1801315
V2 1875000 1801315 1052808 1801315
V2 1052808 1801315 1031980 1780487
Net31 5 
V2 3304050 1723800 3282450 1702200
V2 3282450 1702200 2500000 1702200
V2 2500000 1702200 1875000 1794373
V2 1875000 1794373 1236385 1794373
V2 1236385 1794373 1222500 1780487
Net32 5 
V2 3381997 1723800 3356077 1697880
V2 3356077 1697880 2500000 1697880
V2 2500000 1697880 1875000 1787430
V2 1875000 1787430 1324705 1787430
V2 1324705 1787430 1317762 1780487
Net33 5 
V2 3537880 1723800 3507640 1693560
V2 3507640 1693560 2500000 1693560
V2 2500000 1693560 1875000 1761968
V2 1875000 1761968 1526809 1761968
V2 1526809 1761968 1508290 1780487
Net34 5 
V2 3615820 1723800 3608620 1731000
V2 3608620 1731000 2500000 1731000
V2 2500000 1731000 1875000 1829086
V2 1875000 1829086 1562863 1829086
V2 1562863 1829086 1555920 1836030
Net35 5 
V2 3693762 1723800 3659202 1689240
V2 3659202 1689240 2500000 1689240
V2 2500000 1689240 1875000 1743454
V2 1875000 1743454 306903 1743454
V2 306903 1743454 269870 1780487
Net36 5 
V2 2797430 1680600 2793110 1684920
V2 2793110 1684920 2500000 1684920
V2 2500000 1684920 1875000 1697171
V2 1875000 1697171 535798 1697171
V2 535798 1697171 508030 1724940
Net60 5 
V2 3576850 1594200 3555250 1615800
V2 3555250 1615800 2500000 1615800
V2 2500000 1615800 1875000 1650888
V2 1875000 1650888 1526802 1650888
V2 1526802 1650888 1508290 1669400
Net61 5 
V2 3654790 1594200 3640390 1579800
V2 3640390 1579800 2500000 1579800
V2 2500000 1579800 1875000 1632374
V2 1875000 1632374 240754 1632374
V2 240754 1632374 222240 1613860
Net64 5 
V2 3070227 1551000 3055827 1565400
V2 3055827 1565400 2500000 1565400
V2 2500000 1565400 1875000 1599969
V2 1875000 1599969 692579 1599969
V2 692579 1599969 650922 1558312
Net65 5 
V2 3148170 1551000 3143850 1546680
V2 3143850 1546680 2500000 1546680
V2 2500000 1546680 1875000 1586083
V2 1875000 1586083 773961 1586083
V2 773961 1586083 746190 1558312
Net66 5 
V2 3226110 1551000 3217470 1542360
V2 3217470 1542360 2500000 1542360
V2 2500000 1542360 1875000 1572198
V2 1875000 1572198 855335 1572198
V2 855335 1572198 841450 1558312
Net71 5 
V2 2797430 1507800 2793110 1512120
V2 2793110 1512120 2500000 1512120
V2 2500000 1512120 1875000 1484255
V2 1875000 1484255 336022 1484255
V2 336022 1484255 317507 1502770
Net74 5 
V2 3031252 1507800 3022612 1516440
V2 3022612 1516440 2500000 1516440
V2 2500000 1516440 1875000 1510704
V2 1875000 1510704 984318 1510704
V2 984318 1510704 936710 1558312
Net75 5 
V2 3187140 1507800 3174180 1520760
V2 3174180 1520760 2500000 1520760
V2 2500000 1520760 1875000 1518639
V2 1875000 1518639 1071653 1518639
V2 1071653 1518639 1031980 1558312
Net76 5 
V2 3343020 1507800 3325740 1525080
V2 3325740 1525080 2500000 1525080
V2 2500000 1525080 1875000 1526573
V2 1875000 1526573 1158979 1526573
V2 1158979 1526573 1127240 1558312
Net77 5 
V2 3420970 1507800 3399370 1529400
V2 3399370 1529400 2500000 1529400
V2 2500000 1529400 1875000 1534508
V2 1875000 1534508 1246304 1534508
V2 1246304 1534508 1222500 1558312
Net78 5 
V2 3498910 1507800 3472990 1533720
V2 3472990 1533720 2500000 1533720
V2 2500000 1533720 1875000 1542442
V2 1875000 1542442 1428900 1542442
V2 1428900 1542442 1413030 1558312
Net79 5 
V2 3576850 1507800 3546610 1538040
V2 3546610 1538040 2500000 1538040
V2 2500000 1538040 1875000 1550377
V2 1875000 1550377 1516225 1550377
V2 1516225 1550377 1508290 1558312
Net80 5 
V2 3654790 1507800 3633190 1486200
V2 3633190 1486200 2500000 1486200
V2 2500000 1486200 1875000 1465741
V2 1875000 1465741 259268 1465741
V2 259268 1465741 222240 1502770
