Nets 20
Net5 5 
V2 3501070 1853400 3479470 1875000
V2 3479470 1875000 2500000 1875000
V2 2500000 1875000 1875000 1837880
V2 1875000 1837880 1620840 1837880
V2 1620840 1837880 1607880 1850840
Net13 5 
V2 3457770 1810200 3436170 1831800
V2 3436170 1831800 2500000 1831800
V2 2500000 1831800 1875000 1811960
V2 1875000 1811960 1486610 1811960
V2 1486610 1811960 1473650 1824920
Net23 5 
V2 3587677 1767000 3566077 1788600
V2 3566077 1788600 2500000 1788600
V2 2500000 1788600 1875000 1786040
V2 1875000 1786040 1620840 1786040
V2 1620840 1786040 1607880 1799000
Net31 5 
V2 3371170 1723800 3349570 1745400
V2 3349570 1745400 2500000 1745400
V2 2500000 1745400 1875000 1760120
V2 1875000 1760120 1432917 1760120
V2 1432917 1760120 1419957 1773080
Net32 5 
V2 3457770 1723800 3446970 1713000
V2 3446970 1713000 2500000 1713000
V2 2500000 1713000 1875000 1734200
V2 1875000 1734200 1459760 1734200
V2 1459760 1734200 1446800 1747160
Net35 5 
V2 3804180 1723800 3782580 1702200
V2 3782580 1702200 2500000 1702200
V2 2500000 1702200 1875000 1708280
V2 1875000 1708280 1271832 1708280
V2 1271832 1708280 1258872 1721240
Net38 5 
V2 3068060 1680600 3057260 1691400
V2 3057260 1691400 2500000 1691400
V2 2500000 1691400 1875000 1682360
V2 1875000 1682360 1459760 1682360
V2 1459760 1682360 1446800 1695320
Net48 5 
V2 3371170 1637400 3356770 1651800
V2 3356770 1651800 2500000 1651800
V2 2500000 1651800 1875000 1656440
V2 1875000 1656440 1432917 1656440
V2 1432917 1656440 1419957 1669400
Net49 5 
V2 3457770 1637400 3428970 1666200
V2 3428970 1666200 2500000 1666200
V2 2500000 1666200 1875000 1662920
V2 1875000 1662920 1480130 1662920
V2 1480130 1662920 1473650 1669400
Net55 5 
V2 3241267 1594200 3232627 1602840
V2 3232627 1602840 2500000 1602840
V2 2500000 1602840 1875000 1586456
V2 1875000 1586456 1505681 1586456
V2 1505681 1586456 1500497 1591640
Net59 5 
V2 3587677 1594200 3570397 1611480
V2 3570397 1611480 2500000 1611480
V2 2500000 1611480 1875000 1626200
V2 1875000 1626200 1571470 1626200
V2 1571470 1626200 1554190 1643480
Net60 5 
V2 3674280 1594200 3648360 1620120
V2 3648360 1620120 2500000 1620120
V2 2500000 1620120 1875000 1634840
V2 1875000 1634840 1616520 1634840
V2 1616520 1634840 1607880 1643480
Net61 5 
V2 3760880 1594200 3726320 1628760
V2 3726320 1628760 2500000 1628760
V2 2500000 1628760 1875000 1649960
V2 1875000 1649960 1278312 1649960
V2 1278312 1649960 1258872 1669400
Net62 5 
V2 2851552 1551000 2840752 1561800
V2 2840752 1561800 2500000 1561800
V2 2500000 1561800 1875000 1570904
V2 1875000 1570904 1360153 1570904
V2 1360153 1570904 1339417 1591640
Net64 5 
V2 3111360 1551000 3089760 1572600
V2 3089760 1572600 2500000 1572600
V2 2500000 1572600 1875000 1576088
V2 1875000 1576088 1408662 1576088
V2 1408662 1576088 1393110 1591640
Net65 5 
V2 3197962 1551000 3165562 1583400
V2 3165562 1583400 2500000 1583400
V2 2500000 1583400 1875000 1581272
V2 1875000 1581272 1457168 1581272
V2 1457168 1581272 1446800 1591640
Net71 5 
V2 2808250 1507800 2797450 1518600
V2 2797450 1518600 2500000 1518600
V2 2500000 1518600 1875000 1520360
V2 1875000 1520360 1305160 1520360
V2 1305160 1520360 1285720 1539800
Net72 5 
V2 2894857 1507800 2873257 1529400
V2 2873257 1529400 2500000 1529400
V2 2500000 1529400 1875000 1526840
V2 1875000 1526840 1406070 1526840
V2 1406070 1526840 1393110 1539800
Net73 5 
V2 2981460 1507800 2949060 1540200
V2 2949060 1540200 2500000 1540200
V2 2500000 1540200 1875000 1533320
V2 1875000 1533320 1453280 1533320
V2 1453280 1533320 1446800 1539800
Net83 5 
V2 3111360 1464600 3089760 1486200
V2 3089760 1486200 2500000 1486200
V2 2500000 1486200 1875000 1475000
V2 1875000 1475000 1352377 1475000
V2 1352377 1475000 1339417 1487960
