Nets 48
Net6 5 
M2 3506270 1853400 3484670 1875000
M2 3484670 1875000 2500000 1875000
M2 2500000 1875000 1875000 1863800
M2 1875000 1863800 592420 1863800
M2 592420 1863800 570820 1885400
Net9 5 
M2 2946820 1810200 2941420 1815600
M2 2941420 1815600 2500000 1815600
M2 2500000 1815600 1875000 1804400
M2 1875000 1804400 911730 1804400
M2 911730 1804400 873930 1842200
Net10 5 
M2 3012637 1810200 3001837 1821000
M2 3001837 1821000 2500000 1821000
M2 2500000 1821000 1875000 1809800
M2 1875000 1809800 992930 1809800
M2 992930 1809800 960530 1842200
Net11 5 
M2 3078450 1810200 3062250 1826400
M2 3062250 1826400 2500000 1826400
M2 2500000 1826400 1875000 1815200
M2 1875000 1815200 1160732 1815200
M2 1160732 1815200 1133732 1842200
Net12 5 
M2 3210090 1810200 3188490 1831800
M2 3188490 1831800 2500000 1831800
M2 2500000 1831800 1875000 1820600
M2 1875000 1820600 1328540 1820600
M2 1328540 1820600 1306940 1842200
Net13 5 
M2 3275910 1810200 3248910 1837200
M2 3248910 1837200 2500000 1837200
M2 2500000 1837200 1875000 1826000
M2 1875000 1826000 1409740 1826000
M2 1409740 1826000 1393540 1842200
Net14 5 
M2 3341722 1810200 3309322 1842600
M2 3309322 1842600 2500000 1842600
M2 2500000 1842600 1875000 1831400
M2 1875000 1831400 1490942 1831400
M2 1490942 1831400 1480142 1842200
Net15 5 
M2 3407540 1810200 3369740 1848000
M2 3369740 1848000 2500000 1848000
M2 2500000 1848000 1875000 1836800
M2 1875000 1836800 1572150 1836800
M2 1572150 1836800 1566750 1842200
Net19 5 
M2 2979730 1767000 2973557 1773172
M2 2973557 1773172 2500000 1773172
M2 2500000 1773172 1875000 1761971
M2 1875000 1761971 1040858 1761971
M2 1040858 1761971 1003830 1799000
Net20 5 
M2 3111360 1767000 3099016 1779343
M2 3099016 1779343 2500000 1779343
M2 2500000 1779343 1875000 1768142
M2 1875000 1768142 1121287 1768142
M2 1121287 1768142 1090430 1799000
Net21 5 
M2 3177180 1767000 3158665 1785515
M2 3158665 1785515 2500000 1785515
M2 2500000 1785515 1875000 1774313
M2 1875000 1774313 1201723 1774313
M2 1201723 1774313 1177037 1799000
Net22 5 
M2 3243000 1767000 3218313 1791686
M2 3218313 1791686 2500000 1791686
M2 2500000 1791686 1875000 1780485
M2 1875000 1780485 1282155 1780485
M2 1282155 1780485 1263640 1799000
Net23 5 
M2 3374630 1767000 3343772 1797857
M2 3343772 1797857 2500000 1797857
M2 2500000 1797857 1875000 1786656
M2 1875000 1786656 1362583 1786656
M2 1362583 1786656 1350240 1799000
Net24 5 
M2 3440450 1767000 3403421 1804028
M2 3403421 1804028 2500000 1804028
M2 2500000 1804028 1875000 1792827
M2 1875000 1792827 1529620 1792827
M2 1529620 1792827 1523447 1799000
Net28 5 
M2 2946820 1723800 2941420 1729200
M2 2941420 1729200 2500000 1729200
M2 2500000 1729200 1875000 1718000
M2 1875000 1718000 911730 1718000
M2 911730 1718000 873930 1755800
Net29 5 
M2 3012637 1723800 3001837 1734600
M2 3001837 1734600 2500000 1734600
M2 2500000 1734600 1875000 1723400
M2 1875000 1723400 992930 1723400
M2 992930 1723400 960530 1755800
Net30 5 
M2 3144270 1723800 3128070 1740000
M2 3128070 1740000 2500000 1740000
M2 2500000 1740000 1875000 1728800
M2 1875000 1728800 1074130 1728800
M2 1074130 1728800 1047130 1755800
Net31 5 
M2 3210090 1723800 3188490 1745400
M2 3188490 1745400 2500000 1745400
M2 2500000 1745400 1875000 1734200
M2 1875000 1734200 1155332 1734200
M2 1155332 1734200 1133732 1755800
Net32 5 
M2 3275910 1723800 3248910 1750800
M2 3248910 1750800 2500000 1750800
M2 2500000 1750800 1875000 1739600
M2 1875000 1739600 1323140 1739600
M2 1323140 1739600 1306940 1755800
Net33 5 
M2 3407540 1723800 3375140 1756200
M2 3375140 1756200 2500000 1756200
M2 2500000 1756200 1875000 1745000
M2 1875000 1745000 1490942 1745000
M2 1490942 1745000 1480142 1755800
Net34 5 
M2 3473360 1723800 3435560 1761600
M2 3435560 1761600 2500000 1761600
M2 2500000 1761600 1875000 1750400
M2 1875000 1750400 1572150 1750400
M2 1572150 1750400 1566750 1755800
Net38 5 
M2 2979730 1680600 2973557 1686772
M2 2973557 1686772 2500000 1686772
M2 2500000 1686772 1875000 1675571
M2 1875000 1675571 954258 1675571
M2 954258 1675571 917230 1712600
Net39 5 
M2 3111360 1680600 3099016 1692943
M2 3099016 1692943 2500000 1692943
M2 2500000 1692943 1875000 1681742
M2 1875000 1681742 1034687 1681742
M2 1034687 1681742 1003830 1712600
Net40 5 
M2 3243000 1680600 3224485 1699115
M2 3224485 1699115 2500000 1699115
M2 2500000 1699115 1875000 1687913
M2 1875000 1687913 1201723 1687913
M2 1201723 1687913 1177037 1712600
Net41 5 
M2 3308817 1680600 3284131 1705286
M2 3284131 1705286 2500000 1705286
M2 2500000 1705286 1875000 1694085
M2 1875000 1694085 1282155 1694085
M2 1282155 1694085 1263640 1712600
Net42 5 
M2 3374630 1680600 3343772 1711457
M2 3343772 1711457 2500000 1711457
M2 2500000 1711457 1875000 1700256
M2 1875000 1700256 1362583 1700256
M2 1362583 1700256 1350240 1712600
Net43 5 
M2 3440450 1680600 3403421 1717628
M2 3403421 1717628 2500000 1717628
M2 2500000 1717628 1875000 1706427
M2 1875000 1706427 1443012 1706427
M2 1443012 1706427 1436840 1712600
Net55 5 
M2 3111360 1594200 3100560 1605000
M2 3100560 1605000 2500000 1605000
M2 2500000 1605000 1875000 1597400
M2 1875000 1597400 1032630 1597400
M2 1032630 1597400 1003830 1626200
Net56 5 
M2 3177180 1594200 3155580 1615800
M2 3155580 1615800 2500000 1615800
M2 2500000 1615800 1875000 1611800
M2 1875000 1611800 1104830 1611800
M2 1104830 1611800 1090430 1626200
Net61 5 
M2 3506270 1594200 3473870 1626600
M2 3473870 1626600 2500000 1626600
M2 2500000 1626600 1875000 1647800
M2 1875000 1647800 592420 1647800
M2 592420 1647800 570820 1626200
Net64 5 
M2 3012637 1551000 3006465 1557172
M2 3006465 1557172 2500000 1557172
M2 2500000 1557172 1875000 1545971
M2 1875000 1545971 997558 1545971
M2 997558 1545971 960530 1583000
Net65 5 
M2 3078450 1551000 3066106 1563343
M2 3066106 1563343 2500000 1563343
M2 2500000 1563343 1875000 1552142
M2 1875000 1552142 1077987 1552142
M2 1077987 1552142 1047130 1583000
Net66 5 
M2 3144270 1551000 3125755 1569515
M2 3125755 1569515 2500000 1569515
M2 2500000 1569515 1875000 1558313
M2 1875000 1558313 1158418 1558313
M2 1158418 1558313 1133732 1583000
Net67 5 
M2 3210090 1551000 3185403 1575686
M2 3185403 1575686 2500000 1575686
M2 2500000 1575686 1875000 1564485
M2 1875000 1564485 1325455 1564485
M2 1325455 1564485 1306940 1583000
Net68 5 
M2 3341722 1551000 3310865 1581857
M2 3310865 1581857 2500000 1581857
M2 2500000 1581857 1875000 1570656
M2 1875000 1570656 1492486 1570656
M2 1492486 1570656 1480142 1583000
Net69 5 
M2 3407540 1551000 3370511 1588028
M2 3370511 1588028 2500000 1588028
M2 2500000 1588028 1875000 1576827
M2 1875000 1576827 1572922 1576827
M2 1572922 1576827 1566750 1583000
Net73 5 
M2 2913910 1507800 2908510 1513200
M2 2908510 1513200 2500000 1513200
M2 2500000 1513200 1875000 1502000
M2 1875000 1502000 955030 1502000
M2 955030 1502000 917230 1539800
Net74 5 
M2 2979730 1507800 2968930 1518600
M2 2968930 1518600 2500000 1518600
M2 2500000 1518600 1875000 1507400
M2 1875000 1507400 1036230 1507400
M2 1036230 1507400 1003830 1539800
Net75 5 
M2 3111360 1507800 3095160 1524000
M2 3095160 1524000 2500000 1524000
M2 2500000 1524000 1875000 1512800
M2 1875000 1512800 1204037 1512800
M2 1204037 1512800 1177037 1539800
Net76 5 
M2 3243000 1507800 3221400 1529400
M2 3221400 1529400 2500000 1529400
M2 2500000 1529400 1875000 1518200
M2 1875000 1518200 1285240 1518200
M2 1285240 1518200 1263640 1539800
Net77 5 
M2 3308817 1507800 3281817 1534800
M2 3281817 1534800 2500000 1534800
M2 2500000 1534800 1875000 1523600
M2 1875000 1523600 1366440 1523600
M2 1366440 1523600 1350240 1539800
Net78 5 
M2 3374630 1507800 3342230 1540200
M2 3342230 1540200 2500000 1540200
M2 2500000 1540200 1875000 1529000
M2 1875000 1529000 1447640 1529000
M2 1447640 1529000 1436840 1539800
Net79 5 
M2 3440450 1507800 3402650 1545600
M2 3402650 1545600 2500000 1545600
M2 2500000 1545600 1875000 1534400
M2 1875000 1534400 1528847 1534400
M2 1528847 1534400 1523447 1539800
Net82 5 
M2 2946820 1464600 2939620 1471800
M2 2939620 1471800 2500000 1471800
M2 2500000 1471800 1875000 1460600
M2 1875000 1460600 1083130 1460600
M2 1083130 1460600 1047130 1496600
Net83 5 
M2 3012637 1464600 2998237 1479000
M2 2998237 1479000 2500000 1479000
M2 2500000 1479000 1875000 1467800
M2 1875000 1467800 1162532 1467800
M2 1162532 1467800 1133732 1496600
Net84 5 
M2 3144270 1464600 3122670 1486200
M2 3122670 1486200 2500000 1486200
M2 2500000 1486200 1875000 1475000
M2 1875000 1475000 1328540 1475000
M2 1328540 1475000 1306940 1496600
Net85 5 
M2 3210090 1464600 3181290 1493400
M2 3181290 1493400 2500000 1493400
M2 2500000 1493400 1875000 1482200
M2 1875000 1482200 1407940 1482200
M2 1407940 1482200 1393540 1496600
Net86 5 
M2 3341722 1464600 3305722 1500600
M2 3305722 1500600 2500000 1500600
M2 2500000 1500600 1875000 1489400
M2 1875000 1489400 1573950 1489400
M2 1573950 1489400 1566750 1496600
