Nets 20
Net5 5 
V2 3301070 1728400 3279470 1750000
V2 3279470 1750000 2300000 1750000
V2 2300000 1750000 1875000 1837880
V2 1875000 1837880 1620840 1837880
V2 1620840 1837880 1607880 1850840
Net13 5 
V2 3257770 1685200 3236170 1706800
V2 3236170 1706800 2300000 1706800
V2 2300000 1706800 1875000 1811960
V2 1875000 1811960 1486610 1811960
V2 1486610 1811960 1473650 1824920
Net23 5 
V2 3387677 1642000 3366077 1663600
V2 3366077 1663600 2300000 1663600
V2 2300000 1663600 1875000 1786040
V2 1875000 1786040 1620840 1786040
V2 1620840 1786040 1607880 1799000
Net31 5 
V2 3171170 1598800 3149570 1620400
V2 3149570 1620400 2300000 1620400
V2 2300000 1620400 1875000 1760120
V2 1875000 1760120 1432917 1760120
V2 1432917 1760120 1419957 1773080
Net32 5 
V2 3257770 1598800 3246970 1588000
V2 3246970 1588000 2300000 1588000
V2 2300000 1588000 1875000 1734200
V2 1875000 1734200 1459760 1734200
V2 1459760 1734200 1446800 1747160
Net35 5 
V2 3604180 1598800 3582580 1577200
V2 3582580 1577200 2300000 1577200
V2 2300000 1577200 1875000 1708280
V2 1875000 1708280 1271832 1708280
V2 1271832 1708280 1258872 1721240
Net38 5 
V2 2868060 1555600 2857260 1566400
V2 2857260 1566400 2300000 1566400
V2 2300000 1566400 1875000 1682360
V2 1875000 1682360 1459760 1682360
V2 1459760 1682360 1446800 1695320
Net48 5 
V2 3171170 1512400 3156770 1526800
V2 3156770 1526800 2300000 1526800
V2 2300000 1526800 1875000 1656440
V2 1875000 1656440 1432917 1656440
V2 1432917 1656440 1419957 1669400
Net49 5 
V2 3257770 1512400 3228970 1541200
V2 3228970 1541200 2300000 1541200
V2 2300000 1541200 1875000 1662920
V2 1875000 1662920 1480130 1662920
V2 1480130 1662920 1473650 1669400
Net55 5 
V2 3041267 1469200 3032627 1477840
V2 3032627 1477840 2300000 1477840
V2 2300000 1477840 1875000 1586456
V2 1875000 1586456 1505681 1586456
V2 1505681 1586456 1500497 1591640
Net59 5 
V2 3387677 1469200 3370397 1486480
V2 3370397 1486480 2300000 1486480
V2 2300000 1486480 1875000 1626200
V2 1875000 1626200 1571470 1626200
V2 1571470 1626200 1554190 1643480
Net60 5 
V2 3474280 1469200 3448360 1495120
V2 3448360 1495120 2300000 1495120
V2 2300000 1495120 1875000 1634840
V2 1875000 1634840 1616520 1634840
V2 1616520 1634840 1607880 1643480
Net61 5 
V2 3560880 1469200 3526320 1503760
V2 3526320 1503760 2300000 1503760
V2 2300000 1503760 1875000 1649960
V2 1875000 1649960 1278312 1649960
V2 1278312 1649960 1258872 1669400
Net62 5 
V2 2651552 1426000 2640752 1436800
V2 2640752 1436800 2300000 1436800
V2 2300000 1436800 1875000 1570904
V2 1875000 1570904 1360153 1570904
V2 1360153 1570904 1339417 1591640
Net64 5 
V2 2911360 1426000 2889760 1447600
V2 2889760 1447600 2300000 1447600
V2 2300000 1447600 1875000 1576088
V2 1875000 1576088 1408662 1576088
V2 1408662 1576088 1393110 1591640
Net65 5 
V2 2997962 1426000 2965562 1458400
V2 2965562 1458400 2300000 1458400
V2 2300000 1458400 1875000 1581272
V2 1875000 1581272 1457168 1581272
V2 1457168 1581272 1446800 1591640
Net71 5 
V2 2608250 1382800 2597450 1393600
V2 2597450 1393600 2300000 1393600
V2 2300000 1393600 1875000 1520360
V2 1875000 1520360 1305160 1520360
V2 1305160 1520360 1285720 1539800
Net72 5 
V2 2694857 1382800 2673257 1404400
V2 2673257 1404400 2300000 1404400
V2 2300000 1404400 1875000 1526840
V2 1875000 1526840 1406070 1526840
V2 1406070 1526840 1393110 1539800
Net73 5 
V2 2781460 1382800 2749060 1415200
V2 2749060 1415200 2300000 1415200
V2 2300000 1415200 1875000 1533320
V2 1875000 1533320 1453280 1533320
V2 1453280 1533320 1446800 1539800
Net83 5 
V2 2911360 1339600 2889760 1361200
V2 2889760 1361200 2300000 1361200
V2 2300000 1361200 1875000 1475000
V2 1875000 1475000 1352377 1475000
V2 1352377 1475000 1339417 1487960
