Nets 21
Net6 5 
M2 3454790 1728400 3433190 1750000
M2 3433190 1750000 2300000 1750000
M2 2300000 1750000 1875000 1808258
M2 1875000 1808258 302841 1808258
M2 302841 1808258 275070 1836030
Net17 5 
M2 2597430 1642000 2575830 1663600
M2 2575830 1663600 2300000 1663600
M2 2300000 1663600 1875000 1752711
M2 1875000 1752711 440546 1752711
M2 440546 1752711 412770 1780487
Net25 5 
M2 3454790 1642000 3433190 1620400
M2 3433190 1620400 2300000 1620400
M2 2300000 1620400 1875000 1697171
M2 1875000 1697171 302838 1697171
M2 302838 1697171 275070 1724940
Net48 5 
M2 3104050 1512400 3095410 1521040
M2 3095410 1521040 2300000 1521040
M2 2300000 1521040 1875000 1624968
M2 1875000 1624968 1007991 1624968
M2 1007991 1624968 963560 1669400
Net49 5 
M2 3181997 1512400 3164717 1529680
M2 3164717 1529680 2300000 1529680
M2 2300000 1529680 1875000 1636077
M2 1875000 1636077 1088683 1636077
M2 1088683 1636077 1055360 1669400
Net50 5 
M2 3259940 1512400 3234020 1538320
M2 3234020 1538320 2300000 1538320
M2 2300000 1538320 1875000 1647185
M2 1875000 1647185 1261174 1647185
M2 1261174 1647185 1238960 1669400
Net51 5 
M2 3415820 1512400 3381260 1546960
M2 3381260 1546960 2300000 1546960
M2 2300000 1546960 1875000 1658294
M2 1875000 1658294 1341858 1658294
M2 1341858 1658294 1330752 1669400
Net52 5 
M2 2597430 1469200 2592630 1474000
M2 2592630 1474000 2300000 1474000
M2 2300000 1474000 1875000 1539798
M2 1875000 1539798 431284 1539798
M2 431284 1539798 412770 1558312
Net53 5 
M2 2675370 1469200 2665770 1478800
M2 2665770 1478800 2300000 1478800
M2 2300000 1478800 1875000 1565255
M2 1875000 1565255 415474 1565255
M2 415474 1565255 366870 1613860
Net54 5 
M2 2831252 1469200 2816852 1483600
M2 2816852 1483600 2300000 1483600
M2 2300000 1483600 1875000 1572198
M2 1875000 1572198 592129 1572198
M2 592129 1572198 550467 1613860
Net55 5 
M2 2987140 1469200 2967940 1488400
M2 2967940 1488400 2300000 1488400
M2 2300000 1488400 1875000 1579140
M2 1875000 1579140 676981 1579140
M2 676981 1579140 642262 1613860
Net56 5 
M2 3065080 1469200 3041080 1493200
M2 3041080 1493200 2300000 1493200
M2 2300000 1493200 1875000 1586083
M2 1875000 1586083 853636 1586083
M2 853636 1586083 825860 1613860
Net57 5 
M2 3143020 1469200 3114220 1498000
M2 3114220 1498000 2300000 1498000
M2 2300000 1498000 1875000 1593026
M2 1875000 1593026 938493 1593026
M2 938493 1593026 917660 1613860
Net58 5 
M2 3220970 1469200 3187370 1502800
M2 3187370 1502800 2300000 1502800
M2 2300000 1502800 1875000 1599969
M2 1875000 1599969 1115151 1599969
M2 1115151 1599969 1101260 1613860
Net59 5 
M2 3298910 1469200 3260510 1507600
M2 3260510 1507600 2300000 1507600
M2 2300000 1507600 1875000 1606911
M2 1875000 1606911 1200008 1606911
M2 1200008 1606911 1193060 1613860
Net82 5 
M2 2792280 1339600 2786107 1345772
M2 2786107 1345772 2300000 1345772
M2 2300000 1345772 1875000 1456484
M2 1875000 1456484 872145 1456484
M2 872145 1456484 825860 1502770
Net83 5 
M2 2870227 1339600 2857883 1351943
M2 2857883 1351943 2300000 1351943
M2 2300000 1351943 1875000 1465741
M2 1875000 1465741 1138288 1465741
M2 1138288 1465741 1101260 1502770
Net84 5 
M2 3026110 1339600 3007595 1358115
M2 3007595 1358115 2300000 1358115
M2 2300000 1358115 1875000 1474998
M2 1875000 1474998 1312629 1474998
M2 1312629 1474998 1284857 1502770
Net85 5 
M2 3104050 1339600 3079363 1364286
M2 3079363 1364286 2300000 1364286
M2 2300000 1364286 1875000 1484255
M2 1875000 1484255 1395167 1484255
M2 1395167 1484255 1376652 1502770
Net86 5 
M2 3259940 1339600 3229082 1370457
M2 3229082 1370457 2300000 1370457
M2 2300000 1370457 1875000 1493512
M2 1875000 1493512 1569507 1493512
M2 1569507 1493512 1560250 1502770
Net87 5 
M2 3493762 1339600 3456733 1376628
M2 3456733 1376628 2300000 1376628
M2 2300000 1376628 1875000 1521284
M2 1875000 1521284 357998 1521284
M2 357998 1521284 320970 1558312
