Nets 26
Net13 5 
V2 2772362 1685200 2765882 1691680
V2 2765882 1691680 2300000 1691680
V2 2300000 1691680 1875000 1858247
V2 1875000 1858247 1288733 1858247
V2 1288733 1858247 1255410 1891570
Net14 5 
V2 2836450 1685200 2823490 1698160
V2 2823490 1698160 2300000 1698160
V2 2300000 1698160 1875000 1869355
V2 1875000 1869355 1454294 1869355
V2 1454294 1869355 1432080 1891570
Net15 5 
V2 2964620 1685200 2945180 1704640
V2 2945180 1704640 2300000 1704640
V2 2300000 1704640 1875000 1880464
V2 1875000 1880464 1531518 1880464
V2 1531518 1880464 1520412 1891570
Net19 5 
V2 2868490 1659280 2862010 1665760
V2 2862010 1665760 2300000 1665760
V2 2300000 1665760 1875000 1799001
V2 1875000 1799001 1159938 1799001
V2 1159938 1799001 1122910 1836030
Net20 5 
V2 2932580 1659280 2919620 1672240
V2 2919620 1672240 2300000 1672240
V2 2300000 1672240 1875000 1817515
V2 1875000 1817515 1406424 1817515
V2 1406424 1817515 1387910 1836030
Net21 5 
V2 2996667 1659280 2977227 1678720
V2 2977227 1678720 2300000 1678720
V2 2300000 1678720 1875000 1847138
V2 1875000 1847138 416494 1847138
V2 416494 1847138 372062 1891570
Net22 5 
V2 2580110 1633360 2571470 1642000
V2 2571470 1642000 2300000 1642000
V2 2300000 1642000 1875000 1758265
V2 1875000 1758265 1100962 1758265
V2 1100962 1758265 1078740 1780487
Net23 5 
V2 2708280 1633360 2691000 1650640
V2 2691000 1650640 2300000 1650640
V2 2300000 1650640 1875000 1769374
V2 1875000 1769374 1266523 1769374
V2 1266523 1769374 1255410 1780487
Net27 5 
V2 2612150 1607440 2599190 1620400
V2 2599190 1620400 2300000 1620400
V2 2300000 1620400 1875000 1747157
V2 1875000 1747157 1023740 1747157
V2 1023740 1747157 990410 1780487
Net34 5 
V2 2644190 1581520 2631230 1594480
V2 2631230 1594480 2300000 1594480
V2 2300000 1594480 1875000 1736048
V2 1875000 1736048 858179 1736048
V2 858179 1736048 813740 1780487
Net35 5 
V2 2708280 1581520 2699640 1572880
V2 2699640 1572880 2300000 1572880
V2 2300000 1572880 1875000 1706428
V2 1875000 1706428 699749 1706428
V2 699749 1706428 681237 1724940
Net39 5 
V2 2612150 1555600 2603510 1564240
V2 2603510 1564240 2300000 1564240
V2 2300000 1564240 1875000 1687914
V2 1875000 1687914 629926 1687914
V2 629926 1687914 592900 1724940
Net51 5 
V2 2804410 1503760 2795770 1512400
V2 2795770 1512400 2300000 1512400
V2 2300000 1512400 1875000 1641631
V2 1875000 1641631 1283179 1641631
V2 1283179 1641631 1255410 1669400
Net53 5 
V2 2932580 1503760 2915300 1521040
V2 2915300 1521040 2300000 1521040
V2 2300000 1521040 1875000 1655516
V2 1875000 1655516 1534296 1655516
V2 1534296 1655516 1520412 1669400
Net61 5 
V2 2676240 1451920 2671920 1456240
V2 2671920 1456240 2300000 1456240
V2 2300000 1456240 1875000 1539798
V2 1875000 1539798 743914 1539798
V2 743914 1539798 725400 1558312
Net62 5 
V2 2740320 1451920 2731680 1460560
V2 2731680 1460560 2300000 1460560
V2 2300000 1460560 1875000 1549055
V2 1875000 1549055 822997 1549055
V2 822997 1549055 813740 1558312
Net63 5 
V2 2804410 1451920 2791450 1464880
V2 2791450 1464880 2300000 1464880
V2 2300000 1464880 1875000 1576826
V2 1875000 1576826 718271 1576826
V2 718271 1576826 681237 1613860
Net64 5 
V2 2932580 1451920 2915300 1469200
V2 2915300 1469200 2300000 1469200
V2 2300000 1469200 1875000 1595340
V2 1875000 1595340 876427 1595340
V2 876427 1595340 857907 1613860
Net65 5 
V2 2996667 1451920 2975067 1473520
V2 2975067 1473520 2300000 1473520
V2 2300000 1473520 1875000 1627745
V2 1875000 1627745 413717 1627745
V2 413717 1627745 372062 1669400
Net66 5 
V2 2580110 1426000 2567150 1438960
V2 2567150 1438960 2300000 1438960
V2 2300000 1438960 1875000 1530541
V2 1875000 1530541 664841 1530541
V2 664841 1530541 637070 1558312
Net77 5 
V2 2580110 1374160 2567150 1387120
V2 2567150 1387120 2300000 1387120
V2 2300000 1387120 1875000 1521284
V2 1875000 1521284 788084 1521284
V2 788084 1521284 769570 1502770
Net78 5 
V2 2644190 1374160 2639870 1369840
V2 2639870 1369840 2300000 1369840
V2 2300000 1369840 1875000 1512027
V2 1875000 1512027 867164 1512027
V2 867164 1512027 857907 1502770
Net83 5 
V2 2612150 1348240 2607830 1352560
V2 2607830 1352560 2300000 1352560
V2 2300000 1352560 1875000 1458336
V2 1875000 1458336 1167344 1458336
V2 1167344 1458336 1122910 1502770
Net84 5 
V2 2676240 1348240 2667600 1356880
V2 2667600 1356880 2300000 1356880
V2 2300000 1356880 1875000 1469444
V2 1875000 1469444 1332905 1469444
V2 1332905 1469444 1299580 1502770
Net85 5 
V2 2804410 1348240 2791450 1361200
V2 2791450 1361200 2300000 1361200
V2 2300000 1361200 1875000 1480553
V2 1875000 1480553 1410127 1480553
V2 1410127 1480553 1387910 1502770
Net86 5 
V2 2932580 1348240 2915300 1365520
V2 2915300 1365520 2300000 1365520
V2 2300000 1365520 1875000 1491661
V2 1875000 1491661 1575688 1491661
V2 1575688 1491661 1564580 1502770
