Nets 51
Net9 5 
M2 3847100 1722230 3819328 1750001
M2 3819328 1750001 2300000 1750001
M2 2300000 1750001 1875000 1863801
M2 1875000 1863801 399831 1863801
M2 399831 1863801 372062 1891570
Net12 5 
M2 2919590 1666687 2914540 1671737
M2 2914540 1671737 2300000 1671737
M2 2300000 1671737 1875000 1785536
M2 1875000 1785536 643393 1785536
M2 643393 1785536 592900 1836030
Net13 5 
M2 3007920 1666687 2997820 1676786
M2 2997820 1676786 2300000 1676786
M2 2300000 1676786 1875000 1790586
M2 1875000 1790586 726681 1790586
M2 726681 1790586 681237 1836030
Net14 5 
M2 3096260 1666687 3081111 1681836
M2 3081111 1681836 2300000 1681836
M2 2300000 1681836 1875000 1795635
M2 1875000 1795635 809964 1795635
M2 809964 1795635 769570 1836030
Net15 5 
M2 3184590 1666687 3164392 1686885
M2 3164392 1686885 2300000 1686885
M2 2300000 1686885 1875000 1800684
M2 1875000 1800684 893253 1800684
M2 893253 1800684 857907 1836030
Net16 5 
M2 3272930 1666687 3247683 1691934
M2 3247683 1691934 2300000 1691934
M2 2300000 1691934 1875000 1805733
M2 1875000 1805733 1153206 1805733
M2 1153206 1805733 1122910 1836030
Net17 5 
M2 3361260 1666687 3330963 1696983
M2 3330963 1696983 2300000 1696983
M2 2300000 1696983 1875000 1810783
M2 1875000 1810783 1236487 1810783
M2 1236487 1810783 1211240 1836030
Net18 5 
M2 3449600 1666687 3414254 1702033
M2 3414254 1702033 2300000 1702033
M2 2300000 1702033 1875000 1815832
M2 1875000 1815832 1319777 1815832
M2 1319777 1815832 1299580 1836030
Net19 5 
M2 3537930 1666687 3497535 1707082
M2 3497535 1707082 2300000 1707082
M2 2300000 1707082 1875000 1820881
M2 1875000 1820881 1403058 1820881
M2 1403058 1820881 1387910 1836030
Net20 5 
M2 3626267 1666687 3580823 1712131
M2 3580823 1712131 2300000 1712131
M2 2300000 1712131 1875000 1825930
M2 1875000 1825930 1486349 1825930
M2 1486349 1825930 1476250 1836030
Net21 5 
M2 3714600 1666687 3664106 1717180
M2 3664106 1717180 2300000 1717180
M2 2300000 1717180 1875000 1830980
M2 1875000 1830980 1569630 1830980
M2 1569630 1830980 1564580 1836030
Net25 5 
M2 2875420 1611140 2869242 1617317
M2 2869242 1617317 2300000 1617317
M2 2300000 1617317 1875000 1731111
M2 1875000 1731111 774776 1731111
M2 774776 1731111 725400 1780487
Net26 5 
M2 2963760 1611140 2951411 1623488
M2 2951411 1623488 2300000 1623488
M2 2300000 1623488 1875000 1737282
M2 1875000 1737282 856945 1737282
M2 856945 1737282 813740 1780487
Net27 5 
M2 3052090 1611140 3033570 1629660
M2 3033570 1629660 2300000 1629660
M2 2300000 1629660 1875000 1743453
M2 1875000 1743453 939103 1743453
M2 939103 1743453 902070 1780487
Net28 5 
M2 3228760 1611140 3204068 1635831
M2 3204068 1635831 2300000 1635831
M2 2300000 1635831 1875000 1749625
M2 1875000 1749625 1021272 1749625
M2 1021272 1749625 990410 1780487
Net29 5 
M2 3317092 1611140 3286230 1642002
M2 3286230 1642002 2300000 1642002
M2 2300000 1642002 1875000 1755796
M2 1875000 1755796 1103431 1755796
M2 1103431 1755796 1078740 1780487
Net30 5 
M2 3493762 1611140 3456728 1648173
M2 3456728 1648173 2300000 1648173
M2 2300000 1648173 1875000 1761967
M2 1875000 1761967 1273930 1761967
M2 1273930 1761967 1255410 1780487
Net31 5 
M2 3582100 1611140 3538895 1654345
M2 3538895 1654345 2300000 1654345
M2 2300000 1654345 1875000 1768138
M2 1875000 1768138 1356096 1768138
M2 1356096 1768138 1343747 1780487
Net32 5 
M2 3758770 1611140 3709393 1660516
M2 3709393 1660516 2300000 1660516
M2 2300000 1660516 1875000 1774310
M2 1875000 1774310 1526590 1774310
M2 1526590 1774310 1520412 1780487
Net36 5 
M2 2919590 1555600 2912649 1562540
M2 2912649 1562540 2300000 1562540
M2 2300000 1562540 1875000 1676342
M2 1875000 1676342 729834 1676342
M2 729834 1676342 681237 1724940
Net37 5 
M2 3096260 1555600 3082376 1569483
M2 3082376 1569483 2300000 1569483
M2 2300000 1569483 1875000 1683285
M2 1875000 1683285 899562 1683285
M2 899562 1683285 857907 1724940
Net38 5 
M2 3184590 1555600 3163763 1576426
M2 3163763 1576426 2300000 1576426
M2 2300000 1576426 1875000 1690228
M2 1875000 1690228 980951 1690228
M2 980951 1690228 946240 1724940
Net39 5 
M2 3361260 1555600 3333491 1583369
M2 3333491 1583369 2300000 1583369
M2 2300000 1583369 1875000 1697171
M2 1875000 1697171 1150679 1697171
M2 1150679 1697171 1122910 1724940
Net40 5 
M2 3449600 1555600 3414888 1590311
M2 3414888 1590311 2300000 1590311
M2 2300000 1590311 1875000 1704113
M2 1875000 1704113 1232066 1704113
M2 1232066 1704113 1211240 1724940
Net41 5 
M2 3626267 1555600 3584613 1597254
M2 3584613 1597254 2300000 1597254
M2 2300000 1597254 1875000 1711056
M2 1875000 1711056 1401793 1711056
M2 1401793 1711056 1387910 1724940
Net42 5 
M2 3714600 1555600 3666002 1604197
M2 3666002 1604197 2300000 1604197
M2 2300000 1604197 1875000 1717999
M2 1875000 1717999 1483190 1717999
M2 1483190 1717999 1476250 1724940
Net46 5 
M2 2963760 1500060 2956819 1507000
M2 2956819 1507000 2300000 1507000
M2 2300000 1507000 1875000 1620802
M2 1875000 1620802 773997 1620802
M2 773997 1620802 725400 1669400
Net47 5 
M2 3052090 1500060 3038206 1513943
M2 3038206 1513943 2300000 1513943
M2 2300000 1513943 1875000 1627745
M2 1875000 1627745 855394 1627745
M2 855394 1627745 813740 1669400
Net48 5 
M2 3228760 1500060 3207933 1520886
M2 3207933 1520886 2300000 1520886
M2 2300000 1520886 1875000 1634688
M2 1875000 1634688 1025121 1634688
M2 1025121 1634688 990410 1669400
Net49 5 
M2 3317092 1500060 3289323 1527829
M2 3289323 1527829 2300000 1527829
M2 2300000 1527829 1875000 1641631
M2 1875000 1641631 1106509 1641631
M2 1106509 1641631 1078740 1669400
Net50 5 
M2 3493762 1500060 3459050 1534771
M2 3459050 1534771 2300000 1534771
M2 2300000 1534771 1875000 1648573
M2 1875000 1648573 1276236 1648573
M2 1276236 1648573 1255410 1669400
Net51 5 
M2 3582100 1500060 3540445 1541714
M2 3540445 1541714 2300000 1541714
M2 2300000 1541714 1875000 1655516
M2 1875000 1655516 1357631 1655516
M2 1357631 1655516 1343747 1669400
Net52 5 
M2 3758770 1500060 3710172 1548657
M2 3710172 1548657 2300000 1548657
M2 2300000 1548657 1875000 1662459
M2 1875000 1662459 1527353 1662459
M2 1527353 1662459 1520412 1669400
Net56 5 
M2 2919590 1444512 2913412 1450690
M2 2913412 1450690 2300000 1450690
M2 2300000 1450690 1875000 1569421
M2 1875000 1569421 725676 1569421
M2 725676 1569421 681237 1613860
Net57 5 
M2 3096260 1444512 3083911 1456861
M2 3083911 1456861 2300000 1456861
M2 2300000 1456861 1875000 1574975
M2 1875000 1574975 896792 1574975
M2 896792 1574975 857907 1613860
Net58 5 
M2 3184590 1444512 3166070 1463032
M2 3166070 1463032 2300000 1463032
M2 2300000 1463032 1875000 1580529
M2 1875000 1580529 979570 1580529
M2 979570 1580529 946240 1613860
Net59 5 
M2 3272930 1444512 3248238 1469203
M2 3248238 1469203 2300000 1469203
M2 2300000 1469203 1875000 1586083
M2 1875000 1586083 1150686 1586083
M2 1150686 1586083 1122910 1613860
Net60 5 
M2 3361260 1444512 3330397 1475375
M2 3330397 1475375 2300000 1475375
M2 2300000 1475375 1875000 1591638
M2 1875000 1591638 1233462 1591638
M2 1233462 1591638 1211240 1613860
Net61 5 
M2 3449600 1444512 3412566 1481546
M2 3412566 1481546 2300000 1481546
M2 2300000 1481546 1875000 1597192
M2 1875000 1597192 1316247 1597192
M2 1316247 1597192 1299580 1613860
Net62 5 
M2 3626267 1444512 3583062 1487717
M2 3583062 1487717 2300000 1487717
M2 2300000 1487717 1875000 1602746
M2 1875000 1602746 1399023 1602746
M2 1399023 1602746 1387910 1613860
Net63 5 
M2 3714600 1444512 3665223 1493888
M2 3665223 1493888 2300000 1493888
M2 2300000 1493888 1875000 1608300
M2 1875000 1608300 1481809 1608300
M2 1481809 1608300 1476250 1613860
Net65 5 
M2 2610420 1388970 2582648 1416741
M2 2582648 1416741 2300000 1416741
M2 2300000 1416741 1875000 1563866
M2 1875000 1563866 465954 1563866
M2 465954 1563866 460400 1558312
Net78 5 
M2 2654587 1333430 2649035 1338981
M2 2649035 1338981 2300000 1338981
M2 2300000 1338981 1875000 1453398
M2 1875000 1453398 465601 1453398
M2 465601 1453398 416230 1502770
Net80 5 
M2 2919590 1333430 2908484 1344536
M2 2908484 1344536 2300000 1344536
M2 2300000 1344536 1875000 1459570
M2 1875000 1459570 636100 1459570
M2 636100 1459570 592900 1502770
Net81 5 
M2 3007920 1333430 2991259 1350090
M2 2991259 1350090 2300000 1350090
M2 2300000 1350090 1875000 1465741
M2 1875000 1465741 806598 1465741
M2 806598 1465741 769570 1502770
Net82 5 
M2 3184590 1333430 3162375 1355644
M2 3162375 1355644 2300000 1355644
M2 2300000 1355644 1875000 1471912
M2 1875000 1471912 888765 1471912
M2 888765 1471912 857907 1502770
Net83 5 
M2 3272930 1333430 3245161 1361198
M2 3245161 1361198 2300000 1361198
M2 2300000 1361198 1875000 1478083
M2 1875000 1478083 1147596 1478083
M2 1147596 1478083 1122910 1502770
Net84 5 
M2 3449600 1333430 3416277 1366753
M2 3416277 1366753 2300000 1366753
M2 2300000 1366753 1875000 1484255
M2 1875000 1484255 1318095 1484255
M2 1318095 1484255 1299580 1502770
Net85 5 
M2 3537930 1333430 3499052 1372307
M2 3499052 1372307 2300000 1372307
M2 2300000 1372307 1875000 1490426
M2 1875000 1490426 1400253 1490426
M2 1400253 1490426 1387910 1502770
Net86 5 
M2 3714600 1333430 3670168 1377861
M2 3670168 1377861 2300000 1377861
M2 2300000 1377861 1875000 1496597
M2 1875000 1496597 1570752 1496597
M2 1570752 1496597 1564580 1502770
Net87 5 
M2 3802937 1333430 3752951 1383415
M2 3752951 1383415 2300000 1383415
M2 2300000 1383415 1875000 1530541
M2 1875000 1530541 355671 1530541
M2 355671 1530541 327900 1502770
