Nets 28
Net10 5 
M2 2835582 1711120 2822622 1724080
M2 2822622 1724080 2300000 1724080
M2 2300000 1724080 1875000 1863800
M2 1875000 1863800 592420 1863800
M2 592420 1863800 570820 1885400
Net13 5 
M2 2684030 1685200 2677550 1691680
M2 2677550 1691680 2300000 1691680
M2 2300000 1691680 1875000 1816280
M2 1875000 1816280 1419460 1816280
M2 1419460 1816280 1393540 1842200
Net14 5 
M2 2727330 1685200 2714370 1698160
M2 2714370 1698160 2300000 1698160
M2 2300000 1698160 1875000 1824920
M2 1875000 1824920 1497422 1824920
M2 1497422 1824920 1480142 1842200
Net15 5 
M2 2813932 1685200 2794492 1704640
M2 2794492 1704640 2300000 1704640
M2 2300000 1704640 1875000 1833560
M2 1875000 1833560 1575390 1833560
M2 1575390 1833560 1566750 1842200
Net16 5 
M2 2575780 1659280 2570596 1664464
M2 2570596 1664464 2300000 1664464
M2 2300000 1664464 1875000 1773080
M2 1875000 1773080 769940 1773080
M2 769940 1773080 744020 1799000
Net18 5 
M2 2662380 1659280 2652012 1669648
M2 2652012 1669648 2300000 1669648
M2 2300000 1669648 1875000 1781720
M2 1875000 1781720 1021110 1781720
M2 1021110 1781720 1003830 1799000
Net19 5 
M2 2748980 1659280 2733428 1674832
M2 2733428 1674832 2300000 1674832
M2 2300000 1674832 1875000 1790360
M2 1875000 1790360 1099070 1790360
M2 1099070 1790360 1090430 1799000
Net21 5 
M2 2835582 1659280 2814846 1680016
M2 2814846 1680016 2300000 1680016
M2 2300000 1680016 1875000 1807640
M2 1875000 1807640 648680 1807640
M2 648680 1807640 614120 1842200
Net29 5 
M2 2662380 1607440 2657196 1612624
M2 2657196 1612624 2300000 1612624
M2 2300000 1612624 1875000 1729880
M2 1875000 1729880 1332860 1729880
M2 1332860 1729880 1306940 1755800
Net30 5 
M2 2748980 1607440 2738612 1617808
M2 2738612 1617808 2300000 1617808
M2 2300000 1617808 1875000 1738520
M2 1875000 1738520 1497422 1738520
M2 1497422 1738520 1480142 1755800
Net31 5 
M2 2792280 1607440 2776728 1622992
M2 2776728 1622992 2300000 1622992
M2 2300000 1622992 1875000 1747160
M2 1875000 1747160 1575390 1747160
M2 1575390 1747160 1566750 1755800
Net32 5 
M2 2835582 1607440 2814846 1628176
M2 2814846 1628176 2300000 1628176
M2 2300000 1628176 1875000 1764440
M2 1875000 1764440 605380 1764440
M2 605380 1764440 570820 1799000
Net33 5 
M2 2554130 1581520 2541170 1594480
M2 2541170 1594480 2300000 1594480
M2 2300000 1594480 1875000 1721240
M2 1875000 1721240 735280 1721240
M2 735280 1721240 700720 1755800
Net35 5 
M2 2640730 1581520 2627770 1568560
M2 2627770 1568560 2300000 1568560
M2 2300000 1568560 1875000 1701800
M2 1875000 1701800 841427 1701800
M2 841427 1701800 830627 1712600
Net39 5 
M2 2575780 1555600 2562820 1542640
M2 2562820 1542640 2300000 1542640
M2 2300000 1542640 1875000 1691000
M2 1875000 1691000 679020 1691000
M2 679020 1691000 657420 1712600
Net51 5 
M2 2705680 1503760 2692720 1516720
M2 2692720 1516720 2300000 1516720
M2 2300000 1516720 1875000 1680200
M2 1875000 1680200 1490942 1680200
M2 1490942 1680200 1480142 1669400
Net52 5 
M2 2748980 1503760 2736020 1490800
M2 2736020 1490800 2300000 1490800
M2 2300000 1490800 1875000 1620027
M2 1875000 1620027 1443012 1620027
M2 1443012 1620027 1436840 1626200
Net55 5 
M2 2554130 1477840 2541170 1464880
M2 2541170 1464880 2300000 1464880
M2 2300000 1464880 1875000 1613856
M2 1875000 1613856 669763 1613856
M2 669763 1613856 657420 1626200
Net66 5 
M2 2554130 1426000 2541170 1438960
M2 2541170 1438960 2300000 1438960
M2 2300000 1438960 1875000 1607685
M2 1875000 1607685 812007 1607685
M2 812007 1607685 787322 1583000
Net67 5 
M2 2640730 1426000 2635546 1420816
M2 2635546 1420816 2300000 1420816
M2 2300000 1420816 1875000 1601513
M2 1875000 1601513 1152246 1601513
M2 1152246 1601513 1133732 1583000
Net68 5 
M2 2684030 1426000 2673662 1415632
M2 2673662 1415632 2300000 1415632
M2 2300000 1415632 1875000 1595342
M2 1875000 1595342 1319282 1595342
M2 1319282 1595342 1306940 1583000
Net69 5 
M2 2727330 1426000 2711778 1410448
M2 2711778 1410448 2300000 1410448
M2 2300000 1410448 1875000 1589171
M2 1875000 1589171 1486313 1589171
M2 1486313 1589171 1480142 1583000
Net70 5 
M2 2770630 1426000 2749894 1405264
M2 2749894 1405264 2300000 1405264
M2 2300000 1405264 1875000 1561400
M2 1875000 1561400 1588350 1561400
M2 1588350 1561400 1566750 1583000
Net79 5 
M2 2640730 1374160 2635546 1379344
M2 2635546 1379344 2300000 1379344
M2 2300000 1379344 1875000 1505240
M2 1875000 1505240 1038390 1505240
M2 1038390 1505240 1003830 1539800
Net80 5 
M2 2684030 1374160 2673662 1384528
M2 2673662 1384528 2300000 1384528
M2 2300000 1384528 1875000 1513880
M2 1875000 1513880 1202957 1513880
M2 1202957 1513880 1177037 1539800
Net81 5 
M2 2727330 1374160 2711778 1389712
M2 2711778 1389712 2300000 1389712
M2 2300000 1389712 1875000 1522520
M2 1875000 1522520 1280920 1522520
M2 1280920 1522520 1263640 1539800
Net82 5 
M2 2770630 1374160 2749894 1394896
M2 2749894 1394896 2300000 1394896
M2 2300000 1394896 1875000 1531160
M2 1875000 1531160 1358880 1531160
M2 1358880 1531160 1350240 1539800
Net83 5 
M2 2575780 1348240 2562820 1361200
M2 2562820 1361200 2300000 1361200
M2 2300000 1361200 1875000 1475000
M2 1875000 1475000 1155332 1475000
M2 1155332 1475000 1133732 1496600
