Nets 15
Net8 5 
M2 2808740 1711120 2800100 1719760
M2 2800100 1719760 2300000 1719760
M2 2300000 1719760 1875000 1863801
M2 1875000 1863801 991329 1863801
M2 991329 1863801 963560 1891570
Net9 5 
M2 2862430 1711120 2845150 1728400
M2 2845150 1728400 2300000 1728400
M2 2300000 1728400 1875000 1877686
M2 1875000 1877686 1161043 1877686
M2 1161043 1877686 1147160 1891570
Net10 5 
M2 2916127 1711120 2907487 1702480
M2 2907487 1702480 2300000 1702480
M2 2300000 1702480 1875000 1849915
M2 1875000 1849915 288955 1849915
M2 288955 1849915 275070 1836030
Net12 5 
M2 2620810 1685200 2612170 1693840
M2 2612170 1693840 2300000 1693840
M2 2300000 1693840 1875000 1817515
M2 1875000 1817515 477184 1817515
M2 477184 1817515 458670 1836030
Net16 5 
M2 2593960 1659280 2581000 1672240
M2 2581000 1672240 2300000 1672240
M2 2300000 1672240 1875000 1799001
M2 1875000 1799001 431284 1799001
M2 431284 1799001 412770 1780487
Net28 5 
M2 2647660 1607440 2641180 1613920
M2 2641180 1613920 2300000 1613920
M2 2300000 1613920 1875000 1738825
M2 1875000 1738825 913422 1738825
M2 913422 1738825 871760 1780487
Net29 5 
M2 2701350 1607440 2688390 1620400
M2 2688390 1620400 2300000 1620400
M2 2300000 1620400 1875000 1752711
M2 1875000 1752711 1358529 1752711
M2 1358529 1752711 1330752 1780487
Net30 5 
M2 2808740 1607440 2789300 1626880
M2 2789300 1626880 2300000 1626880
M2 2300000 1626880 1875000 1766596
M2 1875000 1766596 1528241 1766596
M2 1528241 1766596 1514350 1780487
Net32 5 
M2 2916127 1607440 2903167 1594480
M2 2903167 1594480 2300000 1594480
M2 2300000 1594480 1875000 1697171
M2 1875000 1697171 302838 1697171
M2 302838 1697171 275070 1724940
Net44 5 
M2 2567120 1529680 2554160 1542640
M2 2554160 1542640 2300000 1542640
M2 2300000 1542640 1875000 1641631
M2 1875000 1641631 807728 1641631
M2 807728 1641631 779960 1669400
Net52 5 
M2 2808740 1503760 2795780 1516720
M2 2795780 1516720 2300000 1516720
M2 2300000 1516720 1875000 1595340
M2 1875000 1595340 1211579 1595340
M2 1211579 1595340 1193060 1613860
Net54 5 
M2 2916127 1503760 2907487 1495120
M2 2907487 1495120 2300000 1495120
M2 2300000 1495120 1875000 1576826
M2 1875000 1576826 312103 1576826
M2 312103 1576826 275070 1613860
Net55 5 
M2 2567120 1477840 2558480 1486480
M2 2558480 1486480 2300000 1486480
M2 2300000 1486480 1875000 1539798
M2 1875000 1539798 431284 1539798
M2 431284 1539798 412770 1558312
Net71 5 
M2 2593960 1400080 2585320 1408720
M2 2585320 1408720 2300000 1408720
M2 2300000 1408720 1875000 1474998
M2 1875000 1474998 394641 1474998
M2 394641 1474998 366870 1502770
Net76 5 
M2 2916127 1400080 2898847 1417360
M2 2898847 1417360 2300000 1417360
M2 2300000 1417360 1875000 1521284
M2 1875000 1521284 293584 1521284
M2 293584 1521284 275070 1502770
