Nets 32
Net0 5 
V1 2567120 1737040 2561936 1742224
V1 2561936 1742224 2300000 1742224
V1 2300000 1742224 1875000 1854544
V1 1875000 1854544 497426 1854544
V1 497426 1854544 460400 1891570
Net1 5 
V1 2674502 1737040 2664134 1747408
V1 2664134 1747408 2300000 1747408
V1 2300000 1747408 1875000 1863801
V1 1875000 1863801 664839 1863801
V1 664839 1863801 637070 1891570
Net2 5 
V1 2781890 1737040 2766338 1752592
V1 2766338 1752592 2300000 1752592
V1 2300000 1752592 1875000 1873058
V1 1875000 1873058 743912 1873058
V1 743912 1873058 725400 1891570
Net3 5 
V1 2835582 1737040 2814846 1757776
V1 2814846 1757776 2300000 1757776
V1 2300000 1757776 1875000 1882315
V1 1875000 1882315 911325 1882315
V1 911325 1882315 902070 1891570
Net4 5 
V1 2593960 1711120 2588776 1716304
V1 2588776 1716304 2300000 1716304
V1 2300000 1716304 1875000 1802704
V1 1875000 1802704 626225 1802704
V1 626225 1802704 592900 1836030
Net5 5 
V1 2647660 1711120 2637292 1721488
V1 2637292 1721488 2300000 1721488
V1 2300000 1721488 1875000 1813813
V1 1875000 1813813 703454 1813813
V1 703454 1813813 681237 1836030
Net6 5 
V1 2701350 1711120 2685798 1726672
V1 2685798 1726672 2300000 1726672
V1 2300000 1726672 1875000 1824921
V1 1875000 1824921 780678 1824921
V1 780678 1824921 769570 1836030
Net7 5 
V1 2755042 1711120 2734306 1731856
V1 2734306 1731856 2300000 1731856
V1 2300000 1731856 1875000 1845287
V1 1875000 1845287 867164 1845287
V1 867164 1845287 857907 1836030
Net11 5 
V1 2567120 1685200 2560640 1678720
V1 2560640 1678720 2300000 1678720
V1 2300000 1678720 1875000 1791596
V1 1875000 1791596 460664 1791596
V1 460664 1791596 416230 1836030
Net17 5 
V1 2647660 1659280 2641180 1665760
V1 2641180 1665760 2300000 1665760
V1 2300000 1665760 1875000 1761968
V1 1875000 1761968 567252 1761968
V1 567252 1761968 548732 1780487
Net18 5 
V1 2701350 1659280 2688390 1672240
V1 2688390 1672240 2300000 1672240
V1 2300000 1672240 1875000 1771225
V1 1875000 1771225 734662 1771225
V1 734662 1771225 725400 1780487
Net33 5 
V1 2567120 1581520 2554160 1594480
V1 2554160 1594480 2300000 1594480
V1 2300000 1594480 1875000 1752711
V1 1875000 1752711 444001 1752711
V1 444001 1752711 416230 1724940
Net36 5 
V1 2728200 1581520 2723880 1577200
V1 2723880 1577200 2300000 1577200
V1 2300000 1577200 1875000 1743454
V1 1875000 1743454 1229754 1743454
V1 1229754 1743454 1211240 1724940
Net37 5 
V1 2781890 1581520 2773250 1572880
V1 2773250 1572880 2300000 1572880
V1 2300000 1572880 1875000 1734197
V1 1875000 1734197 1397167 1734197
V1 1397167 1734197 1387910 1724940
Net38 5 
V1 2835582 1581520 2822622 1568560
V1 2822622 1568560 2300000 1568560
V1 2300000 1568560 1875000 1713834
V1 1875000 1713834 1487356 1713834
V1 1487356 1713834 1476250 1724940
Net40 5 
V1 2701350 1555600 2696166 1550416
V1 2696166 1550416 2300000 1550416
V1 2300000 1550416 1875000 1680508
V1 1875000 1680508 902339 1680508
V1 902339 1680508 857907 1724940
Net41 5 
V1 2755042 1555600 2750722 1559920
V1 2750722 1559920 2300000 1559920
V1 2300000 1559920 1875000 1691617
V1 1875000 1691617 979563 1691617
V1 979563 1691617 946240 1724940
Net42 5 
V1 2862430 1555600 2853790 1564240
V1 2853790 1564240 2300000 1564240
V1 2300000 1564240 1875000 1702725
V1 1875000 1702725 1145124 1702725
V1 1145124 1702725 1122910 1724940
Net45 5 
V1 2674502 1529680 2669318 1534864
V1 2669318 1534864 2300000 1534864
V1 2300000 1534864 1875000 1648573
V1 1875000 1648573 1011236 1648573
V1 1011236 1648573 990410 1669400
Net46 5 
V1 2728200 1529680 2717832 1540048
V1 2717832 1540048 2300000 1540048
V1 2300000 1540048 1875000 1655516
V1 1875000 1655516 1092623 1655516
V1 1092623 1655516 1078740 1669400
Net47 5 
V1 2835582 1529680 2820030 1545232
V1 2820030 1545232 2300000 1545232
V1 2300000 1545232 1875000 1662459
V1 1875000 1662459 1350688 1662459
V1 1350688 1662459 1343747 1669400
Net48 5 
V1 2593960 1503760 2587480 1510240
V1 2587480 1510240 2300000 1510240
V1 2300000 1510240 1875000 1627745
V1 1875000 1627745 502054 1627745
V1 502054 1627745 460400 1669400
Net49 5 
V1 2647660 1503760 2634700 1516720
V1 2634700 1516720 2300000 1516720
V1 2300000 1516720 1875000 1634688
V1 1875000 1634688 583444 1634688
V1 583444 1634688 548732 1669400
Net50 5 
V1 2701350 1503760 2681910 1523200
V1 2681910 1523200 2300000 1523200
V1 2300000 1523200 1875000 1641631
V1 1875000 1641631 753169 1641631
V1 753169 1641631 725400 1669400
Net56 5 
V1 2620810 1477840 2615626 1483024
V1 2615626 1483024 2300000 1483024
V1 2300000 1483024 1875000 1580529
V1 1875000 1580529 449560 1580529
V1 449560 1580529 416230 1613860
Net57 5 
V1 2728200 1477840 2717832 1488208
V1 2717832 1488208 2300000 1488208
V1 2300000 1488208 1875000 1591638
V1 1875000 1591638 615122 1591638
V1 615122 1591638 592900 1613860
Net58 5 
V1 2781890 1477840 2766338 1493392
V1 2766338 1493392 2300000 1493392
V1 2300000 1493392 1875000 1602746
V1 1875000 1602746 1134023 1602746
V1 1134023 1602746 1122910 1613860
Net59 5 
V1 2835582 1477840 2814846 1498576
V1 2814846 1498576 2300000 1498576
V1 2300000 1498576 1875000 1620802
V1 1875000 1620802 953182 1620802
V1 953182 1620802 946240 1613860
Net60 5 
V1 2593960 1451920 2581000 1464880
V1 2581000 1464880 2300000 1464880
V1 2300000 1464880 1875000 1569421
V1 1875000 1569421 559841 1569421
V1 559841 1569421 548732 1558312
Net72 5 
V1 2647660 1400080 2641180 1406560
V1 2641180 1406560 2300000 1406560
V1 2300000 1406560 1875000 1465741
V1 1875000 1465741 541598 1465741
V1 541598 1465741 504570 1502770
Net73 5 
V1 2701350 1400080 2688390 1413040
V1 2688390 1413040 2300000 1413040
V1 2300000 1413040 1875000 1484255
V1 1875000 1484255 611414 1484255
V1 611414 1484255 592900 1502770
Net74 5 
V1 2808740 1400080 2789300 1419520
V1 2789300 1419520 2300000 1419520
V1 2300000 1419520 1875000 1530541
V1 1875000 1530541 1459851 1530541
V1 1459851 1530541 1432080 1558312
