Nets 42
Net0 5 
V1 2597430 1728400 2588790 1737040
V1 2588790 1737040 2300000 1737040
V1 2300000 1737040 1875000 1859480
V1 1875000 1859480 1259700 1859480
V1 1259700 1859480 1242420 1876760
Net1 5 
V1 2753310 1728400 2736030 1745680
V1 2736030 1745680 2300000 1745680
V1 2300000 1745680 1875000 1863800
V1 1875000 1863800 1383550 1863800
V1 1383550 1863800 1370590 1876760
Net2 5 
V1 2831252 1728400 2805332 1754320
V1 2805332 1754320 2300000 1754320
V1 2300000 1754320 1875000 1868120
V1 1875000 1868120 1507400 1868120
V1 1507400 1868120 1498760 1876760
Net3 5 
V1 2987140 1728400 2952580 1762960
V1 2952580 1762960 2300000 1762960
V1 2300000 1762960 1875000 1872440
V1 1875000 1872440 1567170 1872440
V1 1567170 1872440 1562850 1876760
Net6 5 
V1 3454790 1728400 3448618 1722228
V1 3448618 1722228 2300000 1722228
V1 2300000 1722228 1875000 1855160
V1 1875000 1855160 1199932 1855160
V1 1199932 1855160 1178332 1876760
Net7 5 
V1 2636400 1685200 2630227 1691372
V1 2630227 1691372 2300000 1691372
V1 2300000 1691372 1875000 1829240
V1 1875000 1829240 1246740 1829240
V1 1246740 1829240 1242420 1824920
Net8 5 
V1 2714340 1685200 2705700 1676560
V1 2705700 1676560 2300000 1676560
V1 2300000 1676560 1875000 1811960
V1 1875000 1811960 1319470 1811960
V1 1319470 1811960 1306510 1824920
Net9 5 
V1 2792280 1685200 2779936 1697543
V1 2779936 1697543 2300000 1697543
V1 2300000 1697543 1875000 1833560
V1 1875000 1833560 1291740 1833560
V1 1291740 1833560 1274460 1850840
Net10 5 
V1 2870227 1685200 2851712 1703715
V1 2851712 1703715 2300000 1703715
V1 2300000 1703715 1875000 1837880
V1 1875000 1837880 1351510 1837880
V1 1351510 1837880 1338550 1850840
Net11 5 
V1 2948170 1685200 2923483 1709886
V1 2923483 1709886 2300000 1709886
V1 2300000 1709886 1875000 1842200
V1 1875000 1842200 1411277 1842200
V1 1411277 1842200 1402637 1850840
Net12 5 
V1 3104050 1685200 3073192 1716057
V1 3073192 1716057 2300000 1716057
V1 2300000 1716057 1875000 1846520
V1 1875000 1846520 1471040 1846520
V1 1471040 1846520 1466720 1850840
Net17 5 
V1 2597430 1642000 2590230 1634800
V1 2590230 1634800 2300000 1634800
V1 2300000 1634800 1875000 1778264
V1 1875000 1778264 1295196 1778264
V1 1295196 1778264 1274460 1799000
Net18 5 
V1 2675370 1642000 2666730 1650640
V1 2666730 1650640 2300000 1650640
V1 2300000 1650640 1875000 1783448
V1 1875000 1783448 1354102 1783448
V1 1354102 1783448 1338550 1799000
Net19 5 
V1 2831252 1642000 2813972 1659280
V1 2813972 1659280 2300000 1659280
V1 2300000 1659280 1875000 1788632
V1 1875000 1788632 1413005 1788632
V1 1413005 1788632 1402637 1799000
Net20 5 
V1 2987140 1642000 2961220 1667920
V1 2961220 1667920 2300000 1667920
V1 2300000 1667920 1875000 1793816
V1 1875000 1793816 1471904 1793816
V1 1471904 1793816 1466720 1799000
Net22 5 
V1 3143020 1642000 3128620 1627600
V1 3128620 1627600 2300000 1627600
V1 2300000 1627600 1875000 1764440
V1 1875000 1764440 1507400 1764440
V1 1507400 1764440 1498760 1773080
Net26 5 
V1 2636400 1598800 2625600 1588000
V1 2625600 1588000 2300000 1588000
V1 2300000 1588000 1875000 1703960
V1 1875000 1703960 1259700 1703960
V1 1259700 1703960 1242420 1721240
Net27 5 
V1 2714340 1598800 2707140 1606000
V1 2707140 1606000 2300000 1606000
V1 2300000 1606000 1875000 1712600
V1 1875000 1712600 1315150 1712600
V1 1315150 1712600 1306510 1721240
Net28 5 
V1 2792280 1598800 2777880 1613200
V1 2777880 1613200 2300000 1613200
V1 2300000 1613200 1875000 1734200
V1 1875000 1734200 1351510 1734200
V1 1351510 1734200 1338550 1747160
Net30 5 
V1 3026110 1598800 3004510 1620400
V1 3004510 1620400 2300000 1620400
V1 2300000 1620400 1875000 1755800
V1 1875000 1755800 1259700 1755800
V1 1259700 1755800 1242420 1773080
Net36 5 
V1 2597430 1555600 2590230 1548400
V1 2590230 1548400 2300000 1548400
V1 2300000 1548400 1875000 1675880
V1 1875000 1675880 1293900 1675880
V1 1293900 1675880 1274460 1695320
Net39 5 
V1 2987140 1555600 2976340 1566400
V1 2976340 1566400 2300000 1566400
V1 2300000 1566400 1875000 1682360
V1 1875000 1682360 1479680 1682360
V1 1479680 1682360 1466720 1695320
Net40 5 
V1 3143020 1555600 3121420 1577200
V1 3121420 1577200 2300000 1577200
V1 2300000 1577200 1875000 1688840
V1 1875000 1688840 1601370 1688840
V1 1601370 1688840 1594890 1695320
Net45 5 
V1 2792280 1512400 2785080 1519600
V1 2785080 1519600 2300000 1519600
V1 2300000 1519600 1875000 1626200
V1 1875000 1626200 1355830 1626200
V1 1355830 1626200 1338550 1643480
Net46 5 
V1 2870227 1512400 2855827 1526800
V1 2855827 1526800 2300000 1526800
V1 2300000 1526800 1875000 1634840
V1 1875000 1634840 1411277 1634840
V1 1411277 1634840 1402637 1643480
Net47 5 
V1 2948170 1512400 2926570 1534000
V1 2926570 1534000 2300000 1534000
V1 2300000 1534000 1875000 1652120
V1 1875000 1652120 1259700 1652120
V1 1259700 1652120 1242420 1669400
Net51 5 
V1 3415820 1512400 3387020 1541200
V1 3387020 1541200 2300000 1541200
V1 2300000 1541200 1875000 1660760
V1 1875000 1660760 1571490 1660760
V1 1571490 1660760 1562850 1669400
Net52 5 
V1 2597430 1469200 2588790 1477840
V1 2588790 1477840 2300000 1477840
V1 2300000 1477840 1875000 1596824
V1 1875000 1596824 1263156 1596824
V1 1263156 1596824 1242420 1617560
Net53 5 
V1 2675370 1469200 2658090 1486480
V1 2658090 1486480 2300000 1486480
V1 2300000 1486480 1875000 1602008
V1 1875000 1602008 1322062 1602008
V1 1322062 1602008 1306510 1617560
Net54 5 
V1 2831252 1469200 2805332 1495120
V1 2805332 1495120 2300000 1495120
V1 2300000 1495120 1875000 1607192
V1 1875000 1607192 1445048 1607192
V1 1445048 1607192 1434680 1617560
Net56 5 
V1 3065080 1469200 3054280 1458400
V1 3054280 1458400 2300000 1458400
V1 2300000 1458400 1875000 1578680
V1 1875000 1578680 1607850 1578680
V1 1607850 1578680 1594890 1591640
Net58 5 
V1 3220970 1469200 3186410 1503760
V1 3186410 1503760 2300000 1503760
V1 2300000 1503760 1875000 1612376
V1 1875000 1612376 1503944 1612376
V1 1503944 1612376 1498760 1617560
Net63 5 
V1 2792280 1426000 2781480 1436800
V1 2781480 1436800 2300000 1436800
V1 2300000 1436800 1875000 1552760
V1 1875000 1552760 1255380 1552760
V1 1255380 1552760 1242420 1565720
Net66 5 
V1 3026110 1426000 3004510 1447600
V1 3004510 1447600 2300000 1447600
V1 2300000 1447600 1875000 1559240
V1 1875000 1559240 1312990 1559240
V1 1312990 1559240 1306510 1565720
Net75 5 
V1 2987140 1382800 2980967 1388972
V1 2980967 1388972 2300000 1388972
V1 2300000 1388972 1875000 1500920
V1 1875000 1500920 1447640 1500920
V1 1447640 1500920 1434680 1513880
Net76 5 
V1 3143020 1382800 3130676 1395143
V1 3130676 1395143 2300000 1395143
V1 2300000 1395143 1875000 1505240
V1 1875000 1505240 1507400 1505240
V1 1507400 1505240 1498760 1513880
Net77 5 
V1 3220970 1382800 3202455 1401315
V1 3202455 1401315 2300000 1401315
V1 2300000 1401315 1875000 1509560
V1 1875000 1509560 1567170 1509560
V1 1567170 1509560 1562850 1513880
Net78 5 
V1 3298910 1382800 3274223 1407486
V1 3274223 1407486 2300000 1407486
V1 2300000 1407486 1875000 1522520
V1 1875000 1522520 1548090 1522520
V1 1548090 1522520 1530810 1539800
Net79 5 
V1 3376850 1382800 3345992 1413657
V1 3345992 1413657 2300000 1413657
V1 2300000 1413657 1875000 1531160
V1 1875000 1531160 1603530 1531160
V1 1603530 1531160 1594890 1539800
Net80 5 
V1 3454790 1382800 3417761 1419828
V1 3417761 1419828 2300000 1419828
V1 2300000 1419828 1875000 1546280
V1 1875000 1546280 1197772 1546280
V1 1197772 1546280 1178332 1565720
Net81 5 
V1 2636400 1339600 2622000 1354000
V1 2622000 1354000 2300000 1354000
V1 2300000 1354000 1875000 1492280
V1 1875000 1492280 1264020 1492280
V1 1264020 1492280 1242420 1513880
Net82 5 
V1 2792280 1339600 2763480 1368400
V1 2763480 1368400 2300000 1368400
V1 2300000 1368400 1875000 1496600
V1 1875000 1496600 1323790 1496600
V1 1323790 1496600 1306510 1513880
