Nets 35
Net0 5 
V1 2597430 1728400 2591257 1734572
V1 2591257 1734572 2300000 1734572
V1 2300000 1734572 1875000 1863801
V1 1875000 1863801 488169 1863801
V1 488169 1863801 460400 1891570
Net1 5 
V1 2753310 1728400 2740966 1740743
V1 2740966 1740743 2300000 1740743
V1 2300000 1740743 1875000 1868429
V1 1875000 1868429 660210 1868429
V1 660210 1868429 637070 1891570
Net2 5 
V1 2831252 1728400 2812737 1746915
V1 2812737 1746915 2300000 1746915
V1 2300000 1746915 1875000 1873058
V1 1875000 1873058 743912 1873058
V1 743912 1873058 725400 1891570
Net3 5 
V1 2987140 1728400 2962453 1753086
V1 2962453 1753086 2300000 1753086
V1 2300000 1753086 1875000 1877686
V1 1875000 1877686 915953 1877686
V1 915953 1877686 902070 1891570
Net4 5 
V1 3065080 1728400 3034222 1759257
V1 3034222 1759257 2300000 1759257
V1 2300000 1759257 1875000 1882315
V1 1875000 1882315 999665 1882315
V1 999665 1882315 990410 1891570
Net5 5 
V1 3220970 1728400 3183941 1765428
V1 3183941 1765428 2300000 1765428
V1 2300000 1765428 1875000 1886943
V1 1875000 1886943 1171706 1886943
V1 1171706 1886943 1167080 1891570
Net7 5 
V1 2636400 1685200 2631600 1680400
V1 2631600 1680400 2300000 1680400
V1 2300000 1680400 1875000 1859172
V1 1875000 1859172 439372 1859172
V1 439372 1859172 416230 1836030
Net8 5 
V1 2714340 1685200 2704740 1675600
V1 2704740 1675600 2300000 1675600
V1 2300000 1675600 1875000 1854544
V1 1875000 1854544 523084 1854544
V1 523084 1854544 504570 1836030
Net9 5 
V1 2792280 1685200 2777880 1670800
V1 2777880 1670800 2300000 1670800
V1 2300000 1670800 1875000 1849915
V1 1875000 1849915 606785 1849915
V1 606785 1849915 592900 1836030
Net10 5 
V1 2870227 1685200 2851027 1666000
V1 2851027 1666000 2300000 1666000
V1 2300000 1666000 1875000 1845287
V1 1875000 1845287 690494 1845287
V1 690494 1845287 681237 1836030
Net11 5 
V1 2948170 1685200 2924170 1661200
V1 2924170 1661200 2300000 1661200
V1 2300000 1661200 1875000 1840658
V1 1875000 1840658 774198 1840658
V1 774198 1840658 769570 1836030
Net12 5 
V1 3104050 1685200 3075250 1656400
V1 3075250 1656400 2300000 1656400
V1 2300000 1656400 1875000 1817515
V1 1875000 1817515 876422 1817515
V1 876422 1817515 857907 1836030
Net18 5 
V1 2675370 1642000 2670570 1646800
V1 2670570 1646800 2300000 1646800
V1 2300000 1646800 1875000 1761968
V1 1875000 1761968 567252 1761968
V1 567252 1761968 548732 1780487
Net19 5 
V1 2831252 1642000 2821652 1651600
V1 2821652 1651600 2300000 1651600
V1 2300000 1651600 1875000 1799001
V1 1875000 1799001 743914 1799001
V1 743914 1799001 725400 1780487
Net26 5 
V1 2636400 1598800 2631600 1594000
V1 2631600 1594000 2300000 1594000
V1 2300000 1594000 1875000 1743454
V1 1875000 1743454 434744 1743454
V1 434744 1743454 416230 1724940
Net37 5 
V1 2675370 1555600 2670570 1560400
V1 2670570 1560400 2300000 1560400
V1 2300000 1560400 1875000 1681742
V1 1875000 1681742 724435 1681742
V1 724435 1681742 681237 1724940
Net38 5 
V1 2831252 1555600 2821652 1565200
V1 2821652 1565200 2300000 1565200
V1 2300000 1565200 1875000 1687913
V1 1875000 1687913 894933 1687913
V1 894933 1687913 857907 1724940
Net39 5 
V1 2987140 1555600 2972740 1570000
V1 2972740 1570000 2300000 1570000
V1 2300000 1570000 1875000 1694085
V1 1875000 1694085 977095 1694085
V1 977095 1694085 946240 1724940
Net40 5 
V1 3143020 1555600 3123820 1574800
V1 3123820 1574800 2300000 1574800
V1 2300000 1574800 1875000 1700256
V1 1875000 1700256 1147593 1700256
V1 1147593 1700256 1122910 1724940
Net41 5 
V1 3220970 1555600 3196970 1579600
V1 3196970 1579600 2300000 1579600
V1 2300000 1579600 1875000 1706427
V1 1875000 1706427 1229752 1706427
V1 1229752 1706427 1211240 1724940
Net42 5 
V1 3298910 1555600 3270110 1584400
V1 3270110 1584400 2300000 1584400
V1 2300000 1584400 1875000 1712598
V1 1875000 1712598 1400251 1712598
V1 1400251 1712598 1387910 1724940
Net43 5 
V1 3376850 1555600 3343250 1589200
V1 3343250 1589200 2300000 1589200
V1 2300000 1589200 1875000 1718770
V1 1875000 1718770 1482420 1718770
V1 1482420 1718770 1476250 1724940
Net44 5 
V1 2714340 1512400 2705700 1521040
V1 2705700 1521040 2300000 1521040
V1 2300000 1521040 1875000 1636077
V1 1875000 1636077 493723 1636077
V1 493723 1636077 460400 1669400
Net45 5 
V1 2792280 1512400 2775000 1529680
V1 2775000 1529680 2300000 1529680
V1 2300000 1529680 1875000 1647185
V1 1875000 1647185 570947 1647185
V1 570947 1647185 548732 1669400
Net46 5 
V1 2870227 1512400 2844307 1538320
V1 2844307 1538320 2300000 1538320
V1 2300000 1538320 1875000 1658294
V1 1875000 1658294 736506 1658294
V1 736506 1658294 725400 1669400
Net47 5 
V1 2948170 1512400 2913610 1546960
V1 2913610 1546960 2300000 1546960
V1 2300000 1546960 1875000 1675571
V1 1875000 1675571 819911 1675571
V1 819911 1675571 813740 1669400
Net62 5 
V1 2636400 1426000 2622000 1411600
V1 2622000 1411600 2300000 1411600
V1 2300000 1411600 1875000 1569421
V1 1875000 1569421 559841 1569421
V1 559841 1569421 548732 1558312
Net63 5 
V1 2792280 1426000 2763480 1397200
V1 2763480 1397200 2300000 1397200
V1 2300000 1397200 1875000 1547204
V1 1875000 1547204 648178 1547204
V1 648178 1547204 637070 1558312
Net67 5 
V1 3104050 1426000 3095410 1434640
V1 3095410 1434640 2300000 1434640
V1 2300000 1434640 1875000 1580529
V1 1875000 1580529 1332910 1580529
V1 1332910 1580529 1299580 1613860
Net68 5 
V1 3259940 1426000 3242660 1443280
V1 3242660 1443280 2300000 1443280
V1 2300000 1443280 1875000 1591638
V1 1875000 1591638 1410132 1591638
V1 1410132 1591638 1387910 1613860
Net69 5 
V1 3337880 1426000 3311960 1451920
V1 3311960 1451920 2300000 1451920
V1 2300000 1451920 1875000 1602746
V1 1875000 1602746 1487363 1602746
V1 1487363 1602746 1476250 1613860
Net70 5 
V1 3493762 1426000 3459202 1460560
V1 3459202 1460560 2300000 1460560
V1 2300000 1460560 1875000 1624968
V1 1875000 1624968 416494 1624968
V1 416494 1624968 372062 1669400
Net72 5 
V1 2675370 1382800 2664570 1372000
V1 2664570 1372000 2300000 1372000
V1 2300000 1372000 1875000 1536095
V1 1875000 1536095 537895 1536095
V1 537895 1536095 504570 1502770
Net73 5 
V1 2753310 1382800 2731710 1361200
V1 2731710 1361200 2300000 1361200
V1 2300000 1361200 1875000 1524987
V1 1875000 1524987 615117 1524987
V1 615117 1524987 592900 1502770
Net81 5 
V1 2636400 1339600 2625600 1350400
V1 2625600 1350400 2300000 1350400
V1 2300000 1350400 1875000 1513878
V1 1875000 1513878 780678 1513878
V1 780678 1513878 769570 1502770
