Nets 26
Net13 5 
V2 2684030 1685200 2677550 1691680
V2 2677550 1691680 2300000 1691680
V2 2300000 1691680 1875000 1858247
V2 1875000 1858247 1255823 1858247
V2 1255823 1858247 1222500 1891570
Net14 5 
V2 2727330 1685200 2714370 1698160
V2 2714370 1698160 2300000 1698160
V2 2300000 1698160 1875000 1869355
V2 1875000 1869355 1435244 1869355
V2 1435244 1869355 1413030 1891570
Net15 5 
V2 2813932 1685200 2794492 1704640
V2 2794492 1704640 2300000 1704640
V2 2300000 1704640 1875000 1880464
V2 1875000 1880464 1519396 1880464
V2 1519396 1880464 1508290 1891570
Net19 5 
V2 2748980 1659280 2742500 1665760
V2 2742500 1665760 2300000 1665760
V2 2300000 1665760 1875000 1799001
V2 1875000 1799001 1116638 1799001
V2 1116638 1799001 1079610 1836030
Net20 5 
V2 2792280 1659280 2779320 1672240
V2 2779320 1672240 2300000 1672240
V2 2300000 1672240 1875000 1817515
V2 1875000 1817515 1383912 1817515
V2 1383912 1817515 1365397 1836030
Net21 5 
V2 2835582 1659280 2816142 1678720
V2 2816142 1678720 2300000 1678720
V2 2300000 1678720 1875000 1847138
V2 1875000 1847138 314301 1847138
V2 314301 1847138 269870 1891570
Net22 5 
V2 2554130 1633360 2545490 1642000
V2 2545490 1642000 2300000 1642000
V2 2300000 1642000 1875000 1758265
V2 1875000 1758265 1054202 1758265
V2 1054202 1758265 1031980 1780487
Net23 5 
V2 2640730 1633360 2623450 1650640
V2 2623450 1650640 2300000 1650640
V2 2300000 1650640 1875000 1769374
V2 1875000 1769374 1233613 1769374
V2 1233613 1769374 1222500 1780487
Net27 5 
V2 2575780 1607440 2562820 1620400
V2 2562820 1620400 2300000 1620400
V2 2300000 1620400 1875000 1747157
V2 1875000 1747157 970040 1747157
V2 970040 1747157 936710 1780487
Net34 5 
V2 2597430 1581520 2584470 1594480
V2 2584470 1594480 2300000 1594480
V2 2300000 1594480 1875000 1736048
V2 1875000 1736048 790629 1736048
V2 790629 1736048 746190 1780487
Net35 5 
V2 2640730 1581520 2632090 1572880
V2 2632090 1572880 2300000 1572880
V2 2300000 1572880 1875000 1706428
V2 1875000 1706428 621802 1706428
V2 621802 1706428 603290 1724940
Net39 5 
V2 2575780 1555600 2567140 1564240
V2 2567140 1564240 2300000 1564240
V2 2300000 1564240 1875000 1687914
V2 1875000 1687914 545056 1687914
V2 545056 1687914 508030 1724940
Net51 5 
V2 2705680 1503760 2697040 1512400
V2 2697040 1512400 2300000 1512400
V2 2300000 1512400 1875000 1641631
V2 1875000 1641631 1250269 1641631
V2 1250269 1641631 1222500 1669400
Net53 5 
V2 2792280 1503760 2775000 1521040
V2 2775000 1521040 2300000 1521040
V2 2300000 1521040 1875000 1655516
V2 1875000 1655516 1522173 1655516
V2 1522173 1655516 1508290 1669400
Net61 5 
V2 2619080 1451920 2614760 1456240
V2 2614760 1456240 2300000 1456240
V2 2300000 1456240 1875000 1539798
V2 1875000 1539798 669437 1539798
V2 669437 1539798 650922 1558312
Net62 5 
V2 2662380 1451920 2653740 1460560
V2 2653740 1460560 2300000 1460560
V2 2300000 1460560 1875000 1549055
V2 1875000 1549055 755447 1549055
V2 755447 1549055 746190 1558312
Net63 5 
V2 2705680 1451920 2692720 1464880
V2 2692720 1464880 2300000 1464880
V2 2300000 1464880 1875000 1576826
V2 1875000 1576826 640323 1576826
V2 640323 1576826 603290 1613860
Net64 5 
V2 2792280 1451920 2775000 1469200
V2 2775000 1469200 2300000 1469200
V2 2300000 1469200 1875000 1595340
V2 1875000 1595340 812339 1595340
V2 812339 1595340 793820 1613860
Net65 5 
V2 2835582 1451920 2813982 1473520
V2 2813982 1473520 2300000 1473520
V2 2300000 1473520 1875000 1627745
V2 1875000 1627745 311524 1627745
V2 311524 1627745 269870 1669400
Net66 5 
V2 2554130 1426000 2541170 1438960
V2 2541170 1438960 2300000 1438960
V2 2300000 1438960 1875000 1530541
V2 1875000 1530541 583431 1530541
V2 583431 1530541 555660 1558312
Net77 5 
V2 2554130 1374160 2541170 1387120
V2 2541170 1387120 2300000 1387120
V2 2300000 1387120 1875000 1521284
V2 1875000 1521284 717074 1521284
V2 717074 1521284 698560 1502770
Net78 5 
V2 2597430 1374160 2593110 1369840
V2 2593110 1369840 2300000 1369840
V2 2300000 1369840 1875000 1512027
V2 1875000 1512027 803077 1512027
V2 803077 1512027 793820 1502770
Net83 5 
V2 2575780 1348240 2571460 1352560
V2 2571460 1352560 2300000 1352560
V2 2300000 1352560 1875000 1458336
V2 1875000 1458336 1124044 1458336
V2 1124044 1458336 1079610 1502770
Net84 5 
V2 2619080 1348240 2610440 1356880
V2 2610440 1356880 2300000 1356880
V2 2300000 1356880 1875000 1469444
V2 1875000 1469444 1303455 1469444
V2 1303455 1469444 1270130 1502770
Net85 5 
V2 2705680 1348240 2692720 1361200
V2 2692720 1361200 2300000 1361200
V2 2300000 1361200 1875000 1480553
V2 1875000 1480553 1387614 1480553
V2 1387614 1480553 1365397 1502770
Net86 5 
V2 2792280 1348240 2775000 1365520
V2 2775000 1365520 2300000 1365520
V2 2300000 1365520 1875000 1491661
V2 1875000 1491661 1567028 1491661
V2 1567028 1491661 1555920 1502770
