Nets 22
Net4 5 
M2 2575780 1711120 2567140 1719760
M2 2567140 1719760 2300000 1719760
M2 2300000 1719760 1875000 1833560
M2 1875000 1833560 1356697 1833560
M2 1356697 1833560 1339417 1850840
Net5 5 
M2 2619080 1711120 2601800 1728400
M2 2601800 1728400 2300000 1728400
M2 2300000 1728400 1875000 1842200
M2 1875000 1842200 1401750 1842200
M2 1401750 1842200 1393110 1850840
Net16 5 
M2 2575780 1659280 2567140 1667920
M2 2567140 1667920 2300000 1667920
M2 2300000 1667920 1875000 1781720
M2 1875000 1781720 1356697 1781720
M2 1356697 1781720 1339417 1799000
Net17 5 
M2 2619080 1659280 2601800 1676560
M2 2601800 1676560 2300000 1676560
M2 2300000 1676560 1875000 1790360
M2 1875000 1790360 1401750 1790360
M2 1401750 1790360 1393110 1799000
Net23 5 
M2 2640730 1633360 2635546 1638544
M2 2635546 1638544 2300000 1638544
M2 2300000 1638544 1875000 1752344
M2 1875000 1752344 1440693 1752344
M2 1440693 1752344 1419957 1773080
Net24 5 
M2 2684030 1633360 2673662 1643728
M2 2673662 1643728 2300000 1643728
M2 2300000 1643728 1875000 1757528
M2 1875000 1757528 1489202 1757528
M2 1489202 1757528 1473650 1773080
Net25 5 
M2 2727330 1633360 2711778 1648912
M2 2711778 1648912 2300000 1648912
M2 2300000 1648912 1875000 1762712
M2 1875000 1762712 1537708 1762712
M2 1537708 1762712 1527340 1773080
Net26 5 
M2 2770630 1633360 2749894 1654096
M2 2749894 1654096 2300000 1654096
M2 2300000 1654096 1875000 1767896
M2 1875000 1767896 1586224 1767896
M2 1586224 1767896 1581040 1773080
Net30 5 
M2 2748980 1607440 2736020 1620400
M2 2736020 1620400 2300000 1620400
M2 2300000 1620400 1875000 1734200
M2 1875000 1734200 1567150 1734200
M2 1567150 1734200 1554190 1747160
Net34 5 
M2 2597430 1581520 2588790 1590160
M2 2588790 1590160 2300000 1590160
M2 2300000 1590160 1875000 1703960
M2 1875000 1703960 1383540 1703960
M2 1383540 1703960 1366260 1721240
Net37 5 
M2 2727330 1581520 2710050 1598800
M2 2710050 1598800 2300000 1598800
M2 2300000 1598800 1875000 1712600
M2 1875000 1712600 1535980 1712600
M2 1535980 1712600 1527340 1721240
Net44 5 
M2 2554130 1529680 2541170 1542640
M2 2541170 1542640 2300000 1542640
M2 2300000 1542640 1875000 1656440
M2 1875000 1656440 1325530 1656440
M2 1325530 1656440 1312570 1669400
Net48 5 
M2 2575780 1503760 2567140 1512400
M2 2567140 1512400 2300000 1512400
M2 2300000 1512400 1875000 1626200
M2 1875000 1626200 1356697 1626200
M2 1356697 1626200 1339417 1643480
Net51 5 
M2 2705680 1503760 2688400 1521040
M2 2688400 1521040 2300000 1521040
M2 2300000 1521040 1875000 1634840
M2 1875000 1634840 1509137 1634840
M2 1509137 1634840 1500497 1643480
Net58 5 
M2 2727330 1477840 2718690 1486480
M2 2718690 1486480 2300000 1486480
M2 2300000 1486480 1875000 1600280
M2 1875000 1600280 1544620 1600280
M2 1544620 1600280 1527340 1617560
Net59 5 
M2 2770630 1477840 2753350 1495120
M2 2753350 1495120 2300000 1495120
M2 2300000 1495120 1875000 1608920
M2 1875000 1608920 1589680 1608920
M2 1589680 1608920 1581040 1617560
Net61 5 
M2 2619080 1451920 2606120 1464880
M2 2606120 1464880 2300000 1464880
M2 2300000 1464880 1875000 1578680
M2 1875000 1578680 1406070 1578680
M2 1406070 1578680 1393110 1591640
Net68 5 
M2 2684030 1426000 2671070 1438960
M2 2671070 1438960 2300000 1438960
M2 2300000 1438960 1875000 1552760
M2 1875000 1552760 1486610 1552760
M2 1486610 1552760 1473650 1565720
Net71 5 
M2 2575780 1400080 2567140 1408720
M2 2567140 1408720 2300000 1408720
M2 2300000 1408720 1875000 1522520
M2 1875000 1522520 1303000 1522520
M2 1303000 1522520 1285720 1539800
Net72 5 
M2 2619080 1400080 2601800 1417360
M2 2601800 1417360 2300000 1417360
M2 2300000 1417360 1875000 1531160
M2 1875000 1531160 1401750 1531160
M2 1401750 1531160 1393110 1539800
Net78 5 
M2 2597430 1374160 2588790 1382800
M2 2588790 1382800 2300000 1382800
M2 2300000 1382800 1875000 1496600
M2 1875000 1496600 1383540 1496600
M2 1383540 1496600 1366260 1513880
Net81 5 
M2 2727330 1374160 2710050 1391440
M2 2710050 1391440 2300000 1391440
M2 2300000 1391440 1875000 1505240
M2 1875000 1505240 1535980 1505240
M2 1535980 1505240 1527340 1513880
