Nets 22
Net4 5 
M2 2893960 2086120 2885320 2094760
M2 2885320 2094760 2600000 2094760
M2 2600000 2094760 1875000 1833560
M2 1875000 1833560 1356697 1833560
M2 1356697 1833560 1339417 1850840
Net5 5 
M2 2947660 2086120 2930380 2103400
M2 2930380 2103400 2600000 2103400
M2 2600000 2103400 1875000 1842200
M2 1875000 1842200 1401750 1842200
M2 1401750 1842200 1393110 1850840
Net16 5 
M2 2893960 2034280 2885320 2042920
M2 2885320 2042920 2600000 2042920
M2 2600000 2042920 1875000 1781720
M2 1875000 1781720 1356697 1781720
M2 1356697 1781720 1339417 1799000
Net17 5 
M2 2947660 2034280 2930380 2051560
M2 2930380 2051560 2600000 2051560
M2 2600000 2051560 1875000 1790360
M2 1875000 1790360 1401750 1790360
M2 1401750 1790360 1393110 1799000
Net23 5 
M2 2974502 2008360 2969318 2013544
M2 2969318 2013544 2600000 2013544
M2 2600000 2013544 1875000 1752344
M2 1875000 1752344 1440693 1752344
M2 1440693 1752344 1419957 1773080
Net24 5 
M2 3028200 2008360 3017832 2018728
M2 3017832 2018728 2600000 2018728
M2 2600000 2018728 1875000 1757528
M2 1875000 1757528 1489202 1757528
M2 1489202 1757528 1473650 1773080
Net25 5 
M2 3081890 2008360 3066338 2023912
M2 3066338 2023912 2600000 2023912
M2 2600000 2023912 1875000 1762712
M2 1875000 1762712 1537708 1762712
M2 1537708 1762712 1527340 1773080
Net26 5 
M2 3135582 2008360 3114846 2029096
M2 3114846 2029096 2600000 2029096
M2 2600000 2029096 1875000 1767896
M2 1875000 1767896 1586224 1767896
M2 1586224 1767896 1581040 1773080
Net30 5 
M2 3108740 1982440 3095780 1995400
M2 3095780 1995400 2600000 1995400
M2 2600000 1995400 1875000 1734200
M2 1875000 1734200 1567150 1734200
M2 1567150 1734200 1554190 1747160
Net34 5 
M2 2920810 1956520 2912170 1965160
M2 2912170 1965160 2600000 1965160
M2 2600000 1965160 1875000 1703960
M2 1875000 1703960 1383540 1703960
M2 1383540 1703960 1366260 1721240
Net37 5 
M2 3081890 1956520 3064610 1973800
M2 3064610 1973800 2600000 1973800
M2 2600000 1973800 1875000 1712600
M2 1875000 1712600 1535980 1712600
M2 1535980 1712600 1527340 1721240
Net44 5 
M2 2867120 1904680 2854160 1917640
M2 2854160 1917640 2600000 1917640
M2 2600000 1917640 1875000 1656440
M2 1875000 1656440 1325530 1656440
M2 1325530 1656440 1312570 1669400
Net48 5 
M2 2893960 1878760 2885320 1887400
M2 2885320 1887400 2600000 1887400
M2 2600000 1887400 1875000 1626200
M2 1875000 1626200 1356697 1626200
M2 1356697 1626200 1339417 1643480
Net51 5 
M2 3055042 1878760 3037762 1896040
M2 3037762 1896040 2600000 1896040
M2 2600000 1896040 1875000 1634840
M2 1875000 1634840 1509137 1634840
M2 1509137 1634840 1500497 1643480
Net58 5 
M2 3081890 1852840 3073250 1861480
M2 3073250 1861480 2600000 1861480
M2 2600000 1861480 1875000 1600280
M2 1875000 1600280 1544620 1600280
M2 1544620 1600280 1527340 1617560
Net59 5 
M2 3135582 1852840 3118302 1870120
M2 3118302 1870120 2600000 1870120
M2 2600000 1870120 1875000 1608920
M2 1875000 1608920 1589680 1608920
M2 1589680 1608920 1581040 1617560
Net61 5 
M2 2947660 1826920 2934700 1839880
M2 2934700 1839880 2600000 1839880
M2 2600000 1839880 1875000 1578680
M2 1875000 1578680 1406070 1578680
M2 1406070 1578680 1393110 1591640
Net68 5 
M2 3028200 1801000 3015240 1813960
M2 3015240 1813960 2600000 1813960
M2 2600000 1813960 1875000 1552760
M2 1875000 1552760 1486610 1552760
M2 1486610 1552760 1473650 1565720
Net71 5 
M2 2893960 1775080 2885320 1783720
M2 2885320 1783720 2600000 1783720
M2 2600000 1783720 1875000 1522520
M2 1875000 1522520 1303000 1522520
M2 1303000 1522520 1285720 1539800
Net72 5 
M2 2947660 1775080 2930380 1792360
M2 2930380 1792360 2600000 1792360
M2 2600000 1792360 1875000 1531160
M2 1875000 1531160 1401750 1531160
M2 1401750 1531160 1393110 1539800
Net78 5 
M2 2920810 1749160 2912170 1757800
M2 2912170 1757800 2600000 1757800
M2 2600000 1757800 1875000 1496600
M2 1875000 1496600 1383540 1496600
M2 1383540 1496600 1366260 1513880
Net81 5 
M2 3081890 1749160 3064610 1766440
M2 3064610 1766440 2600000 1766440
M2 2600000 1766440 1875000 1505240
M2 1875000 1505240 1535980 1505240
M2 1535980 1505240 1527340 1513880
