Nets 26
Net4 5 
M2 3365080 2103400 3343480 2125000
M2 3343480 2125000 2600000 2125000
M2 2600000 2125000 1875000 1842200
M2 1875000 1842200 1562830 1842200
M2 1562830 1842200 1554190 1850840
Net14 5 
M2 3559940 2060200 3549140 2071000
M2 3549140 2071000 2600000 2071000
M2 2600000 2071000 1875000 1807640
M2 1875000 1807640 1544620 1807640
M2 1544620 1807640 1527340 1824920
Net15 5 
M2 3637880 2060200 3616280 2081800
M2 3616280 2081800 2600000 2081800
M2 2600000 2081800 1875000 1816280
M2 1875000 1816280 1589680 1816280
M2 1589680 1816280 1581040 1824920
Net16 5 
M2 3793762 2060200 3761362 2092600
M2 3761362 2092600 2600000 2092600
M2 2600000 2092600 1875000 1833560
M2 1875000 1833560 1267512 1833560
M2 1267512 1833560 1258872 1824920
Net21 5 
M2 3365080 2017000 3350680 2031400
M2 3350680 2031400 2600000 2031400
M2 2600000 2031400 1875000 1760120
M2 1875000 1760120 1486610 1760120
M2 1486610 1760120 1473650 1773080
Net24 5 
M2 3676850 2017000 3648050 2045800
M2 3648050 2045800 2600000 2045800
M2 2600000 2045800 1875000 1766600
M2 1875000 1766600 1587520 1766600
M2 1587520 1766600 1581040 1773080
Net25 5 
M2 3754790 2017000 3746150 2008360
M2 3746150 2008360 2600000 2008360
M2 2600000 2008360 1875000 1753640
M2 1875000 1753640 1278312 1753640
M2 1278312 1753640 1258872 1773080
Net29 5 
M2 3170227 1973800 3161587 1982440
M2 3161587 1982440 2600000 1982440
M2 2600000 1982440 1875000 1727720
M2 1875000 1727720 1358857 1727720
M2 1358857 1727720 1339417 1747160
Net33 5 
M2 3637880 1973800 3620600 1991080
M2 3620600 1991080 2600000 1991080
M2 2600000 1991080 1875000 1734200
M2 1875000 1734200 1567150 1734200
M2 1567150 1734200 1554190 1747160
Net34 5 
M2 3715820 1973800 3689900 1999720
M2 3689900 1999720 2600000 1999720
M2 2600000 1999720 1875000 1740680
M2 1875000 1740680 1614360 1740680
M2 1614360 1740680 1607880 1747160
Net37 5 
M2 2975370 1930600 2966730 1939240
M2 2966730 1939240 2600000 1939240
M2 2600000 1939240 1875000 1700504
M2 1875000 1700504 1440693 1700504
M2 1440693 1700504 1419957 1721240
Net41 5 
M2 3520970 1930600 3503690 1947880
M2 3503690 1947880 2600000 1947880
M2 2600000 1947880 1875000 1705688
M2 1875000 1705688 1489202 1705688
M2 1489202 1705688 1473650 1721240
Net42 5 
M2 3598910 1930600 3572990 1956520
M2 3572990 1956520 2600000 1956520
M2 2600000 1956520 1875000 1710872
M2 1875000 1710872 1537708 1710872
M2 1537708 1710872 1527340 1721240
Net43 5 
M2 3676850 1930600 3642290 1965160
M2 3642290 1965160 2600000 1965160
M2 2600000 1965160 1875000 1716056
M2 1875000 1716056 1586224 1716056
M2 1586224 1716056 1581040 1721240
Net44 5 
M2 3014340 1887400 2999940 1901800
M2 2999940 1901800 2600000 1901800
M2 2600000 1901800 1875000 1626200
M2 1875000 1626200 1356697 1626200
M2 1356697 1626200 1339417 1643480
Net50 5 
M2 3559940 1887400 3531140 1916200
M2 3531140 1916200 2600000 1916200
M2 2600000 1916200 1875000 1634840
M2 1875000 1634840 1509137 1634840
M2 1509137 1634840 1500497 1643480
Net57 5 
M2 3443020 1844200 3421420 1865800
M2 3421420 1865800 2600000 1865800
M2 2600000 1865800 1875000 1608920
M2 1875000 1608920 1589680 1608920
M2 1589680 1608920 1581040 1617560
Net67 5 
M2 3404050 1801000 3395410 1809640
M2 3395410 1809640 2600000 1809640
M2 2600000 1809640 1875000 1546280
M2 1875000 1546280 1493090 1546280
M2 1493090 1546280 1473650 1565720
Net68 5 
M2 3559940 1801000 3542660 1818280
M2 3542660 1818280 2600000 1818280
M2 2600000 1818280 1875000 1552760
M2 1875000 1552760 1540300 1552760
M2 1540300 1552760 1527340 1565720
Net69 5 
M2 3637880 1801000 3611960 1826920
M2 3611960 1826920 2600000 1826920
M2 2600000 1826920 1875000 1559240
M2 1875000 1559240 1587520 1559240
M2 1587520 1559240 1581040 1565720
Net70 5 
M2 3793762 1801000 3759202 1835560
M2 3759202 1835560 2600000 1835560
M2 2600000 1835560 1875000 1600280
M2 1875000 1600280 1276152 1600280
M2 1276152 1600280 1258872 1617560
Net74 5 
M2 3131252 1757800 3109652 1779400
M2 3109652 1779400 2600000 1779400
M2 2600000 1779400 1875000 1505240
M2 1875000 1505240 1428597 1505240
M2 1428597 1505240 1419957 1513880
Net84 5 
M2 3326110 1714600 3317470 1723240
M2 3317470 1723240 2600000 1723240
M2 2600000 1723240 1875000 1468520
M2 1875000 1468520 1412550 1468520
M2 1412550 1468520 1393110 1487960
Net85 5 
M2 3404050 1714600 3386770 1731880
M2 3386770 1731880 2600000 1731880
M2 2600000 1731880 1875000 1475000
M2 1875000 1475000 1513457 1475000
M2 1513457 1475000 1500497 1487960
Net86 5 
M2 3559940 1714600 3534020 1740520
M2 3534020 1740520 2600000 1740520
M2 2600000 1740520 1875000 1481480
M2 1875000 1481480 1614360 1481480
M2 1614360 1481480 1607880 1487960
Net87 5 
M2 3793762 1714600 3759202 1749160
M2 3759202 1749160 2600000 1749160
M2 2600000 1749160 1875000 1496600
M2 1875000 1496600 1276152 1496600
M2 1276152 1496600 1258872 1513880
