Nets 34
Net0 5 
V1 2919080 2097230 2911144 2105165
V1 2911144 2105165 2600000 2105165
V1 2600000 2105165 1875000 1853000
V1 1875000 1853000 1065677 1853000
V1 1065677 1853000 1033277 1885400
Net1 5 
V1 3109602 2097230 3093732 2113100
V1 3093732 2113100 2600000 2113100
V1 2600000 2113100 1875000 1858400
V1 1875000 1858400 1191910 1858400
V1 1191910 1858400 1164910 1885400
Net2 5 
V1 3204870 2097230 3181065 2121034
V1 3181065 2121034 2600000 2121034
V1 2600000 2121034 1875000 1863800
V1 1875000 1863800 1252330 1863800
V1 1252330 1863800 1230730 1885400
Net3 5 
V1 3395390 2097230 3363651 2128969
V1 3363651 2128969 2600000 2128969
V1 2600000 2128969 1875000 1869200
V1 1875000 1869200 1378562 1869200
V1 1378562 1869200 1362362 1885400
Net4 5 
V1 3681180 2097230 3641506 2136903
V1 3641506 2136903 2600000 2136903
V1 2600000 2136903 1875000 1874600
V1 1875000 1874600 1438980 1874600
V1 1438980 1874600 1428180 1885400
Net5 5 
V1 3776440 2097230 3728832 2144838
V1 3728832 2144838 2600000 2144838
V1 2600000 2144838 1875000 1880000
V1 1875000 1880000 1565220 1880000
V1 1565220 1880000 1559820 1885400
Net7 5 
V1 4062230 2097230 4043716 2078716
V1 4043716 2078716 2600000 2078716
V1 2600000 2078716 1875000 1847600
V1 1875000 1847600 1532310 1847600
V1 1532310 1847600 1526910 1842200
Net8 5 
V1 4157492 2097230 4120464 2060202
V1 4120464 2060202 2600000 2060202
V1 2600000 2060202 1875000 1835000
V1 1875000 1835000 1599930 1835000
V1 1599930 1835000 1592730 1842200
Net10 5 
V1 2966710 2041687 2959767 2034744
V1 2959767 2034744 2600000 2034744
V1 2600000 2034744 1875000 1827800
V1 1875000 1827800 948950 1827800
V1 948950 1827800 934550 1842200
Net17 5 
V1 3728810 2041687 3714924 2027802
V1 3714924 2027802 2600000 2027802
V1 2600000 2027802 1875000 1820600
V1 1875000 1820600 1318150 1820600
V1 1318150 1820600 1296550 1799000
Net18 5 
V1 3824077 2041687 3803249 2020859
V1 3803249 2020859 2600000 2020859
V1 2600000 2020859 1875000 1813400
V1 1875000 1813400 1376762 1813400
V1 1376762 1813400 1362362 1799000
Net19 5 
V1 3919340 2041687 3891569 2013916
V1 3891569 2013916 2600000 2013916
V1 2600000 2013916 1875000 1806200
V1 1875000 1806200 1435380 1806200
V1 1435380 1806200 1428180 1799000
Net20 5 
V1 4014600 2041687 3979886 2006973
V1 3979886 2006973 2600000 2006973
V1 2600000 2006973 1875000 1794680
V1 1875000 1794680 1564140 1794680
V1 1564140 1794680 1559820 1799000
Net24 5 
V1 3109602 1986140 3102654 1993088
V1 3102654 1993088 2600000 1993088
V1 2600000 1993088 1875000 1786040
V1 1875000 1786040 1046237 1786040
V1 1046237 1786040 1033277 1799000
Net25 5 
V1 3204870 1986140 3190979 2000031
V1 3190979 2000031 2600000 2000031
V1 2600000 2000031 1875000 1790360
V1 1875000 1790360 1173550 1790360
V1 1173550 1790360 1164910 1799000
Net27 5 
V1 3395390 1986140 3389218 1979968
V1 3389218 1979968 2600000 1979968
V1 2600000 1979968 1875000 1781720
V1 1875000 1781720 1092102 1781720
V1 1092102 1781720 1066182 1755800
Net28 5 
V1 3585920 1986140 3573577 1973797
V1 3573577 1973797 2600000 1973797
V1 2600000 1973797 1875000 1777400
V1 1875000 1777400 1153600 1777400
V1 1153600 1777400 1132000 1755800
Net29 5 
V1 3681180 1986140 3662666 1967626
V1 3662666 1967626 2600000 1967626
V1 2600000 1967626 1875000 1773080
V1 1875000 1773080 1215100 1773080
V1 1215100 1773080 1197820 1755800
Net30 5 
V1 3871710 1986140 3847025 1961455
V1 3847025 1961455 2600000 1961455
V1 2600000 1961455 1875000 1768760
V1 1875000 1768760 1276600 1768760
V1 1276600 1768760 1263640 1755800
Net31 5 
V1 3966970 1986140 3936113 1955283
V1 3936113 1955283 2600000 1955283
V1 2600000 1955283 1875000 1764440
V1 1875000 1764440 1403910 1764440
V1 1403910 1764440 1395270 1755800
Net32 5 
V1 4157492 1986140 4120465 1949112
V1 4120465 1949112 2600000 1949112
V1 2600000 1949112 1875000 1760120
V1 1875000 1760120 1531230 1760120
V1 1531230 1760120 1526910 1755800
Net33 5 
V1 4252760 1986140 4209561 1942941
V1 4209561 1942941 2600000 1942941
V1 2600000 1942941 1875000 1734200
V1 1875000 1734200 890330 1734200
V1 890330 1734200 868730 1755800
Net35 5 
V1 3157237 1930600 3151067 1936770
V1 3151067 1936770 2600000 1936770
V1 2600000 1936770 1875000 1691000
V1 1875000 1691000 923240 1691000
V1 923240 1691000 901640 1712600
Net45 5 
V1 3109602 1875060 3102661 1882000
V1 3102661 1882000 2600000 1882000
V1 2600000 1882000 1875000 1631600
V1 1875000 1631600 1038170 1631600
V1 1038170 1631600 1000370 1669400
Net46 5 
V1 3300130 1875060 3286246 1888943
V1 3286246 1888943 2600000 1888943
V1 2600000 1888943 1875000 1637000
V1 1875000 1637000 1098582 1637000
V1 1098582 1637000 1066182 1669400
Net47 5 
V1 3395390 1875060 3374563 1895886
V1 3374563 1895886 2600000 1895886
V1 2600000 1895886 1875000 1642400
V1 1875000 1642400 1159000 1642400
V1 1159000 1642400 1132000 1669400
Net48 5 
V1 3585920 1875060 3558151 1902829
V1 3558151 1902829 2600000 1902829
V1 2600000 1902829 1875000 1647800
V1 1875000 1647800 1285240 1647800
V1 1285240 1647800 1263640 1669400
Net49 5 
V1 3681180 1875060 3646468 1909771
V1 3646468 1909771 2600000 1909771
V1 2600000 1909771 1875000 1653200
V1 1875000 1653200 1411470 1653200
V1 1411470 1653200 1395270 1669400
Net50 5 
V1 3871710 1875060 3830055 1916714
V1 3830055 1916714 2600000 1916714
V1 2600000 1916714 1875000 1658600
V1 1875000 1658600 1537710 1658600
V1 1537710 1658600 1526910 1669400
Net51 5 
V1 3966970 1875060 3918372 1923657
V1 3918372 1923657 2600000 1923657
V1 2600000 1923657 1875000 1664000
V1 1875000 1664000 1598130 1664000
V1 1598130 1664000 1592730 1669400
Net53 5 
V1 4252760 1875060 4224988 1847288
V1 4224988 1847288 2600000 1847288
V1 2600000 1847288 1875000 1561400
V1 1875000 1561400 890330 1561400
V1 890330 1561400 868730 1583000
Net71 5 
V1 3681180 1763970 3653408 1791741
V1 3653408 1791741 2600000 1791741
V1 2600000 1791741 1875000 1525400
V1 1875000 1525400 1179310 1525400
V1 1179310 1525400 1164910 1539800
Net77 5 
V1 4252760 1763970 4234246 1745456
V1 4234246 1745456 2600000 1745456
V1 2600000 1745456 1875000 1511000
V1 1875000 1511000 883130 1511000
V1 883130 1511000 868730 1496600
Net81 5 
V1 3347760 1708430 3329248 1726942
V1 3329248 1726942 2600000 1726942
V1 2600000 1726942 1875000 1475000
V1 1875000 1475000 1087782 1475000
V1 1087782 1475000 1066182 1496600
