Nets 11
Net8 5 
M3 4157492 2097230 4129721 2125001
M3 4129721 2125001 2600000 2125001
M3 2600000 2125001 1875000 1811960
M3 1875000 1811960 1594000 1811960
M3 1594000 1811960 1581040 1824920
Net29 5 
M3 3681180 1986140 3662660 2004659
M3 3662660 2004659 2600000 2004659
M3 2600000 2004659 1875000 1760120
M3 1875000 1760120 1325530 1760120
M3 1325530 1760120 1312570 1773080
Net30 5 
M3 3871710 1986140 3834676 2023173
M3 3834676 2023173 2600000 2023173
M3 2600000 2023173 1875000 1766600
M3 1875000 1766600 1426437 1766600
M3 1426437 1766600 1419957 1773080
Net43 5 
M3 4205130 1930600 4177361 1958368
M3 4177361 1958368 2600000 1958368
M3 2600000 1958368 1875000 1753640
M3 1875000 1753640 1278312 1753640
M3 1278312 1753640 1258872 1773080
Net52 5 
M3 4157492 1875060 4129723 1902828
M3 4129723 1902828 2600000 1902828
M3 2600000 1902828 1875000 1630520
M3 1875000 1630520 1620840 1630520
M3 1620840 1630520 1607880 1643480
Net59 5 
M3 3633550 1819512 3605773 1847288
M3 3605773 1847288 2600000 1847288
M3 2600000 1847288 1875000 1604600
M3 1875000 1604600 1540300 1604600
M3 1540300 1604600 1527340 1617560
Net73 5 
M3 3871710 1763970 3860601 1775078
M3 3860601 1775078 2600000 1775078
M3 2600000 1775078 1875000 1496600
M3 1875000 1496600 1544620 1496600
M3 1544620 1496600 1527340 1513880
Net74 5 
M3 3966970 1763970 3944753 1786187
M3 3944753 1786187 2600000 1786187
M3 2600000 1786187 1875000 1505240
M3 1875000 1505240 1589680 1505240
M3 1589680 1505240 1581040 1513880
Net75 5 
M3 4062230 1763970 4028904 1797295
M3 4028904 1797295 2600000 1797295
M3 2600000 1797295 1875000 1522520
M3 1875000 1522520 1571470 1522520
M3 1571470 1522520 1554190 1539800
Net76 5 
M3 4157492 1763970 4113058 1808404
M3 4113058 1808404 2600000 1808404
M3 2600000 1808404 1875000 1531160
M3 1875000 1531160 1616520 1531160
M3 1616520 1531160 1607880 1539800
Net83 5 
M3 3633550 1708430 3605781 1736198
M3 3605781 1736198 2600000 1736198
M3 2600000 1736198 1875000 1475000
M3 1875000 1475000 1352377 1475000
M3 1352377 1475000 1339417 1487960
