Nets 26
Net11 5 
V2 3061970 2041687 3054034 2049623
V2 3054034 2049623 2600000 2049623
V2 2600000 2049623 1875000 1806200
V2 1875000 1806200 1036370 1806200
V2 1036370 1806200 1000370 1842200
Net12 5 
V2 3252500 2041687 3236630 2057557
V2 3236630 2057557 2600000 2057557
V2 2600000 2057557 1875000 1813400
V2 1875000 1813400 1094982 1813400
V2 1094982 1813400 1066182 1842200
Net13 5 
V2 3347760 2041687 3323955 2065492
V2 3323955 2065492 2600000 2065492
V2 2600000 2065492 1875000 1820600
V2 1875000 1820600 1153600 1820600
V2 1153600 1820600 1132000 1842200
Net14 5 
V2 3443020 2041687 3411281 2073426
V2 3411281 2073426 2600000 2073426
V2 2600000 2073426 1875000 1827800
V2 1875000 1827800 1278040 1827800
V2 1278040 1827800 1263640 1842200
Net15 5 
V2 3538290 2041687 3498616 2081361
V2 3498616 2081361 2600000 2081361
V2 2600000 2081361 1875000 1835000
V2 1875000 1835000 1402470 1835000
V2 1402470 1835000 1395270 1842200
Net22 5 
V2 4205130 2041687 4157522 2089295
V2 4157522 2089295 2600000 2089295
V2 2600000 2089295 1875000 1863800
V2 1875000 1863800 857420 1863800
V2 857420 1863800 835820 1885400
Net23 5 
V2 3014340 1986140 2986563 2013916
V2 2986563 2013916 2600000 2013916
V2 2600000 2013916 1875000 1784600
V2 1875000 1784600 981860 1784600
V2 981860 1784600 967460 1799000
Net34 5 
V2 2966710 1930600 2948198 1949112
V2 2948198 1949112 2600000 1949112
V2 2600000 1949112 1875000 1734200
V2 1875000 1734200 956150 1734200
V2 956150 1734200 934550 1755800
Net43 5 
V2 4205130 1930600 4168104 1967626
V2 4168104 1967626 2600000 1967626
V2 2600000 1967626 1875000 1770200
V2 1875000 1770200 864620 1770200
V2 864620 1770200 835820 1799000
Net54 5 
V2 2966710 1819512 2948190 1838032
V2 2948190 1838032 2600000 1838032
V2 2600000 1838032 1875000 1615400
V2 1875000 1615400 978260 1615400
V2 978260 1615400 967460 1626200
Net61 5 
V2 3824077 1819512 3817906 1813341
V2 3817906 1813341 2600000 1813341
V2 2600000 1813341 1875000 1604600
V2 1875000 1604600 1416870 1604600
V2 1416870 1604600 1395270 1583000
Net62 5 
V2 4014600 1819512 4002257 1807170
V2 4002257 1807170 2600000 1807170
V2 2600000 1807170 1875000 1593800
V2 1875000 1593800 1537710 1593800
V2 1537710 1593800 1526910 1583000
Net63 5 
V2 4109860 1819512 4091346 1800998
V2 4091346 1800998 2600000 1800998
V2 2600000 1800998 1875000 1578680
V2 1875000 1578680 1597050 1578680
V2 1597050 1578680 1592730 1583000
Net64 5 
V2 4205130 1819512 4168096 1856546
V2 4168096 1856546 2600000 1856546
V2 2600000 1856546 1875000 1647800
V2 1875000 1647800 857420 1647800
V2 857420 1647800 835820 1626200
Net66 5 
V2 3014340 1763970 3008167 1770142
V2 3008167 1770142 2600000 1770142
V2 2600000 1770142 1875000 1557080
V2 1875000 1557080 960470 1557080
V2 960470 1557080 934550 1583000
Net67 5 
V2 3109602 1763970 3097258 1776313
V2 3097258 1776313 2600000 1776313
V2 2600000 1776313 1875000 1561400
V2 1875000 1561400 1021970 1561400
V2 1021970 1561400 1000370 1583000
Net68 5 
V2 3204870 1763970 3186355 1782485
V2 3186355 1782485 2600000 1782485
V2 2600000 1782485 1875000 1565720
V2 1875000 1565720 1149280 1565720
V2 1149280 1565720 1132000 1583000
Net69 5 
V2 3300130 1763970 3275443 1788656
V2 3275443 1788656 2600000 1788656
V2 2600000 1788656 1875000 1570040
V2 1875000 1570040 1210780 1570040
V2 1210780 1570040 1197820 1583000
Net70 5 
V2 3395390 1763970 3364532 1794827
V2 3364532 1794827 2600000 1794827
V2 2600000 1794827 1875000 1574360
V2 1875000 1574360 1272280 1574360
V2 1272280 1574360 1263640 1583000
Net73 5 
V2 3871710 1763970 3864767 1757027
V2 3864767 1757027 2600000 1757027
V2 2600000 1757027 1875000 1552760
V2 1875000 1552760 1375322 1552760
V2 1375322 1552760 1362362 1539800
Net74 5 
V2 3966970 1763970 3953084 1750084
V2 3953084 1750084 2600000 1750084
V2 2600000 1750084 1875000 1548440
V2 1875000 1548440 1436820 1548440
V2 1436820 1548440 1428180 1539800
Net75 5 
V2 4062230 1763970 4041401 1743141
V2 4041401 1743141 2600000 1743141
V2 2600000 1743141 1875000 1544120
V2 1875000 1544120 1498320 1544120
V2 1498320 1544120 1494000 1539800
Net76 5 
V2 4157492 1763970 4129721 1736199
V2 4129721 1736199 2600000 1736199
V2 2600000 1736199 1875000 1531160
V2 1875000 1531160 1568460 1531160
V2 1568460 1531160 1559820 1539800
Net78 5 
V2 2966710 1708430 2959769 1715370
V2 2959769 1715370 2600000 1715370
V2 2600000 1715370 1875000 1505240
V2 1875000 1505240 1002020 1505240
V2 1002020 1505240 967460 1539800
Net79 5 
V2 3061970 1708430 3048086 1722313
V2 3048086 1722313 2600000 1722313
V2 2600000 1722313 1875000 1513880
V2 1875000 1513880 1059197 1513880
V2 1059197 1513880 1033277 1539800
Net80 5 
V2 3252500 1708430 3231673 1729256
V2 3231673 1729256 2600000 1729256
V2 2600000 1729256 1875000 1522520
V2 1875000 1522520 1116370 1522520
V2 1116370 1522520 1099090 1539800
