Nets 20
Net5 5 
V2 3601070 2103400 3579470 2125000
V2 3579470 2125000 2600000 2125000
V2 2600000 2125000 1875000 1837880
V2 1875000 1837880 1620840 1837880
V2 1620840 1837880 1607880 1850840
Net13 5 
V2 3557770 2060200 3536170 2081800
V2 3536170 2081800 2600000 2081800
V2 2600000 2081800 1875000 1811960
V2 1875000 1811960 1486610 1811960
V2 1486610 1811960 1473650 1824920
Net23 5 
V2 3687677 2017000 3666077 2038600
V2 3666077 2038600 2600000 2038600
V2 2600000 2038600 1875000 1786040
V2 1875000 1786040 1620840 1786040
V2 1620840 1786040 1607880 1799000
Net31 5 
V2 3471170 1973800 3449570 1995400
V2 3449570 1995400 2600000 1995400
V2 2600000 1995400 1875000 1760120
V2 1875000 1760120 1432917 1760120
V2 1432917 1760120 1419957 1773080
Net32 5 
V2 3557770 1973800 3546970 1963000
V2 3546970 1963000 2600000 1963000
V2 2600000 1963000 1875000 1734200
V2 1875000 1734200 1459760 1734200
V2 1459760 1734200 1446800 1747160
Net35 5 
V2 3904180 1973800 3882580 1952200
V2 3882580 1952200 2600000 1952200
V2 2600000 1952200 1875000 1708280
V2 1875000 1708280 1271832 1708280
V2 1271832 1708280 1258872 1721240
Net38 5 
V2 3168060 1930600 3157260 1941400
V2 3157260 1941400 2600000 1941400
V2 2600000 1941400 1875000 1682360
V2 1875000 1682360 1459760 1682360
V2 1459760 1682360 1446800 1695320
Net48 5 
V2 3471170 1887400 3456770 1901800
V2 3456770 1901800 2600000 1901800
V2 2600000 1901800 1875000 1656440
V2 1875000 1656440 1432917 1656440
V2 1432917 1656440 1419957 1669400
Net49 5 
V2 3557770 1887400 3528970 1916200
V2 3528970 1916200 2600000 1916200
V2 2600000 1916200 1875000 1662920
V2 1875000 1662920 1480130 1662920
V2 1480130 1662920 1473650 1669400
Net55 5 
V2 3341267 1844200 3332627 1852840
V2 3332627 1852840 2600000 1852840
V2 2600000 1852840 1875000 1586456
V2 1875000 1586456 1505681 1586456
V2 1505681 1586456 1500497 1591640
Net59 5 
V2 3687677 1844200 3670397 1861480
V2 3670397 1861480 2600000 1861480
V2 2600000 1861480 1875000 1626200
V2 1875000 1626200 1571470 1626200
V2 1571470 1626200 1554190 1643480
Net60 5 
V2 3774280 1844200 3748360 1870120
V2 3748360 1870120 2600000 1870120
V2 2600000 1870120 1875000 1634840
V2 1875000 1634840 1616520 1634840
V2 1616520 1634840 1607880 1643480
Net61 5 
V2 3860880 1844200 3826320 1878760
V2 3826320 1878760 2600000 1878760
V2 2600000 1878760 1875000 1649960
V2 1875000 1649960 1278312 1649960
V2 1278312 1649960 1258872 1669400
Net62 5 
V2 2951552 1801000 2940752 1811800
V2 2940752 1811800 2600000 1811800
V2 2600000 1811800 1875000 1570904
V2 1875000 1570904 1360153 1570904
V2 1360153 1570904 1339417 1591640
Net64 5 
V2 3211360 1801000 3189760 1822600
V2 3189760 1822600 2600000 1822600
V2 2600000 1822600 1875000 1576088
V2 1875000 1576088 1408662 1576088
V2 1408662 1576088 1393110 1591640
Net65 5 
V2 3297962 1801000 3265562 1833400
V2 3265562 1833400 2600000 1833400
V2 2600000 1833400 1875000 1581272
V2 1875000 1581272 1457168 1581272
V2 1457168 1581272 1446800 1591640
Net71 5 
V2 2908250 1757800 2897450 1768600
V2 2897450 1768600 2600000 1768600
V2 2600000 1768600 1875000 1520360
V2 1875000 1520360 1305160 1520360
V2 1305160 1520360 1285720 1539800
Net72 5 
V2 2994857 1757800 2973257 1779400
V2 2973257 1779400 2600000 1779400
V2 2600000 1779400 1875000 1526840
V2 1875000 1526840 1406070 1526840
V2 1406070 1526840 1393110 1539800
Net73 5 
V2 3081460 1757800 3049060 1790200
V2 3049060 1790200 2600000 1790200
V2 2600000 1790200 1875000 1533320
V2 1875000 1533320 1453280 1533320
V2 1453280 1533320 1446800 1539800
Net83 5 
V2 3211360 1714600 3189760 1736200
V2 3189760 1736200 2600000 1736200
V2 2600000 1736200 1875000 1475000
V2 1875000 1475000 1352377 1475000
V2 1352377 1475000 1339417 1487960
