Nets 48
Net6 5 
M2 3754790 2103400 3733190 2125000
M2 3733190 2125000 2600000 2125000
M2 2600000 2125000 1875000 1863800
M2 1875000 1863800 592420 1863800
M2 592420 1863800 570820 1885400
Net9 5 
M2 3092280 2060200 3086880 2065600
M2 3086880 2065600 2600000 2065600
M2 2600000 2065600 1875000 1804400
M2 1875000 1804400 911730 1804400
M2 911730 1804400 873930 1842200
Net10 5 
M2 3170227 2060200 3159427 2071000
M2 3159427 2071000 2600000 2071000
M2 2600000 2071000 1875000 1809800
M2 1875000 1809800 992930 1809800
M2 992930 1809800 960530 1842200
Net11 5 
M2 3248170 2060200 3231970 2076400
M2 3231970 2076400 2600000 2076400
M2 2600000 2076400 1875000 1815200
M2 1875000 1815200 1160732 1815200
M2 1160732 1815200 1133732 1842200
Net12 5 
M2 3404050 2060200 3382450 2081800
M2 3382450 2081800 2600000 2081800
M2 2600000 2081800 1875000 1820600
M2 1875000 1820600 1328540 1820600
M2 1328540 1820600 1306940 1842200
Net13 5 
M2 3481997 2060200 3454997 2087200
M2 3454997 2087200 2600000 2087200
M2 2600000 2087200 1875000 1826000
M2 1875000 1826000 1409740 1826000
M2 1409740 1826000 1393540 1842200
Net14 5 
M2 3559940 2060200 3527540 2092600
M2 3527540 2092600 2600000 2092600
M2 2600000 2092600 1875000 1831400
M2 1875000 1831400 1490942 1831400
M2 1490942 1831400 1480142 1842200
Net15 5 
M2 3637880 2060200 3600080 2098000
M2 3600080 2098000 2600000 2098000
M2 2600000 2098000 1875000 1836800
M2 1875000 1836800 1572150 1836800
M2 1572150 1836800 1566750 1842200
Net19 5 
M2 3131252 2017000 3125080 2023172
M2 3125080 2023172 2600000 2023172
M2 2600000 2023172 1875000 1761971
M2 1875000 1761971 1040858 1761971
M2 1040858 1761971 1003830 1799000
Net20 5 
M2 3287140 2017000 3274796 2029343
M2 3274796 2029343 2600000 2029343
M2 2600000 2029343 1875000 1768142
M2 1875000 1768142 1121287 1768142
M2 1121287 1768142 1090430 1799000
Net21 5 
M2 3365080 2017000 3346565 2035515
M2 3346565 2035515 2600000 2035515
M2 2600000 2035515 1875000 1774313
M2 1875000 1774313 1201723 1774313
M2 1201723 1774313 1177037 1799000
Net22 5 
M2 3443020 2017000 3418333 2041686
M2 3418333 2041686 2600000 2041686
M2 2600000 2041686 1875000 1780485
M2 1875000 1780485 1282155 1780485
M2 1282155 1780485 1263640 1799000
Net23 5 
M2 3598910 2017000 3568052 2047857
M2 3568052 2047857 2600000 2047857
M2 2600000 2047857 1875000 1786656
M2 1875000 1786656 1362583 1786656
M2 1362583 1786656 1350240 1799000
Net24 5 
M2 3676850 2017000 3639821 2054028
M2 3639821 2054028 2600000 2054028
M2 2600000 2054028 1875000 1792827
M2 1875000 1792827 1529620 1792827
M2 1529620 1792827 1523447 1799000
Net28 5 
M2 3092280 1973800 3086880 1979200
M2 3086880 1979200 2600000 1979200
M2 2600000 1979200 1875000 1718000
M2 1875000 1718000 911730 1718000
M2 911730 1718000 873930 1755800
Net29 5 
M2 3170227 1973800 3159427 1984600
M2 3159427 1984600 2600000 1984600
M2 2600000 1984600 1875000 1723400
M2 1875000 1723400 992930 1723400
M2 992930 1723400 960530 1755800
Net30 5 
M2 3326110 1973800 3309910 1990000
M2 3309910 1990000 2600000 1990000
M2 2600000 1990000 1875000 1728800
M2 1875000 1728800 1074130 1728800
M2 1074130 1728800 1047130 1755800
Net31 5 
M2 3404050 1973800 3382450 1995400
M2 3382450 1995400 2600000 1995400
M2 2600000 1995400 1875000 1734200
M2 1875000 1734200 1155332 1734200
M2 1155332 1734200 1133732 1755800
Net32 5 
M2 3481997 1973800 3454997 2000800
M2 3454997 2000800 2600000 2000800
M2 2600000 2000800 1875000 1739600
M2 1875000 1739600 1323140 1739600
M2 1323140 1739600 1306940 1755800
Net33 5 
M2 3637880 1973800 3605480 2006200
M2 3605480 2006200 2600000 2006200
M2 2600000 2006200 1875000 1745000
M2 1875000 1745000 1490942 1745000
M2 1490942 1745000 1480142 1755800
Net34 5 
M2 3715820 1973800 3678020 2011600
M2 3678020 2011600 2600000 2011600
M2 2600000 2011600 1875000 1750400
M2 1875000 1750400 1572150 1750400
M2 1572150 1750400 1566750 1755800
Net38 5 
M2 3131252 1930600 3125080 1936772
M2 3125080 1936772 2600000 1936772
M2 2600000 1936772 1875000 1675571
M2 1875000 1675571 954258 1675571
M2 954258 1675571 917230 1712600
Net39 5 
M2 3287140 1930600 3274796 1942943
M2 3274796 1942943 2600000 1942943
M2 2600000 1942943 1875000 1681742
M2 1875000 1681742 1034687 1681742
M2 1034687 1681742 1003830 1712600
Net40 5 
M2 3443020 1930600 3424505 1949115
M2 3424505 1949115 2600000 1949115
M2 2600000 1949115 1875000 1687913
M2 1875000 1687913 1201723 1687913
M2 1201723 1687913 1177037 1712600
Net41 5 
M2 3520970 1930600 3496283 1955286
M2 3496283 1955286 2600000 1955286
M2 2600000 1955286 1875000 1694085
M2 1875000 1694085 1282155 1694085
M2 1282155 1694085 1263640 1712600
Net42 5 
M2 3598910 1930600 3568052 1961457
M2 3568052 1961457 2600000 1961457
M2 2600000 1961457 1875000 1700256
M2 1875000 1700256 1362583 1700256
M2 1362583 1700256 1350240 1712600
Net43 5 
M2 3676850 1930600 3639821 1967628
M2 3639821 1967628 2600000 1967628
M2 2600000 1967628 1875000 1706427
M2 1875000 1706427 1443012 1706427
M2 1443012 1706427 1436840 1712600
Net55 5 
M2 3287140 1844200 3276340 1855000
M2 3276340 1855000 2600000 1855000
M2 2600000 1855000 1875000 1597400
M2 1875000 1597400 1032630 1597400
M2 1032630 1597400 1003830 1626200
Net56 5 
M2 3365080 1844200 3343480 1865800
M2 3343480 1865800 2600000 1865800
M2 2600000 1865800 1875000 1611800
M2 1875000 1611800 1104830 1611800
M2 1104830 1611800 1090430 1626200
Net61 5 
M2 3754790 1844200 3722390 1876600
M2 3722390 1876600 2600000 1876600
M2 2600000 1876600 1875000 1647800
M2 1875000 1647800 592420 1647800
M2 592420 1647800 570820 1626200
Net64 5 
M2 3170227 1801000 3164055 1807172
M2 3164055 1807172 2600000 1807172
M2 2600000 1807172 1875000 1545971
M2 1875000 1545971 997558 1545971
M2 997558 1545971 960530 1583000
Net65 5 
M2 3248170 1801000 3235826 1813343
M2 3235826 1813343 2600000 1813343
M2 2600000 1813343 1875000 1552142
M2 1875000 1552142 1077987 1552142
M2 1077987 1552142 1047130 1583000
Net66 5 
M2 3326110 1801000 3307595 1819515
M2 3307595 1819515 2600000 1819515
M2 2600000 1819515 1875000 1558313
M2 1875000 1558313 1158418 1558313
M2 1158418 1558313 1133732 1583000
Net67 5 
M2 3404050 1801000 3379363 1825686
M2 3379363 1825686 2600000 1825686
M2 2600000 1825686 1875000 1564485
M2 1875000 1564485 1325455 1564485
M2 1325455 1564485 1306940 1583000
Net68 5 
M2 3559940 1801000 3529082 1831857
M2 3529082 1831857 2600000 1831857
M2 2600000 1831857 1875000 1570656
M2 1875000 1570656 1492486 1570656
M2 1492486 1570656 1480142 1583000
Net69 5 
M2 3637880 1801000 3600851 1838028
M2 3600851 1838028 2600000 1838028
M2 2600000 1838028 1875000 1576827
M2 1875000 1576827 1572922 1576827
M2 1572922 1576827 1566750 1583000
Net73 5 
M2 3053310 1757800 3047910 1763200
M2 3047910 1763200 2600000 1763200
M2 2600000 1763200 1875000 1502000
M2 1875000 1502000 955030 1502000
M2 955030 1502000 917230 1539800
Net74 5 
M2 3131252 1757800 3120452 1768600
M2 3120452 1768600 2600000 1768600
M2 2600000 1768600 1875000 1507400
M2 1875000 1507400 1036230 1507400
M2 1036230 1507400 1003830 1539800
Net75 5 
M2 3287140 1757800 3270940 1774000
M2 3270940 1774000 2600000 1774000
M2 2600000 1774000 1875000 1512800
M2 1875000 1512800 1204037 1512800
M2 1204037 1512800 1177037 1539800
Net76 5 
M2 3443020 1757800 3421420 1779400
M2 3421420 1779400 2600000 1779400
M2 2600000 1779400 1875000 1518200
M2 1875000 1518200 1285240 1518200
M2 1285240 1518200 1263640 1539800
Net77 5 
M2 3520970 1757800 3493970 1784800
M2 3493970 1784800 2600000 1784800
M2 2600000 1784800 1875000 1523600
M2 1875000 1523600 1366440 1523600
M2 1366440 1523600 1350240 1539800
Net78 5 
M2 3598910 1757800 3566510 1790200
M2 3566510 1790200 2600000 1790200
M2 2600000 1790200 1875000 1529000
M2 1875000 1529000 1447640 1529000
M2 1447640 1529000 1436840 1539800
Net79 5 
M2 3676850 1757800 3639050 1795600
M2 3639050 1795600 2600000 1795600
M2 2600000 1795600 1875000 1534400
M2 1875000 1534400 1528847 1534400
M2 1528847 1534400 1523447 1539800
Net82 5 
M2 3092280 1714600 3085080 1721800
M2 3085080 1721800 2600000 1721800
M2 2600000 1721800 1875000 1460600
M2 1875000 1460600 1083130 1460600
M2 1083130 1460600 1047130 1496600
Net83 5 
M2 3170227 1714600 3155827 1729000
M2 3155827 1729000 2600000 1729000
M2 2600000 1729000 1875000 1467800
M2 1875000 1467800 1162532 1467800
M2 1162532 1467800 1133732 1496600
Net84 5 
M2 3326110 1714600 3304510 1736200
M2 3304510 1736200 2600000 1736200
M2 2600000 1736200 1875000 1475000
M2 1875000 1475000 1328540 1475000
M2 1328540 1475000 1306940 1496600
Net85 5 
M2 3404050 1714600 3375250 1743400
M2 3375250 1743400 2600000 1743400
M2 2600000 1743400 1875000 1482200
M2 1875000 1482200 1407940 1482200
M2 1407940 1482200 1393540 1496600
Net86 5 
M2 3559940 1714600 3523940 1750600
M2 3523940 1750600 2600000 1750600
M2 2600000 1750600 1875000 1489400
M2 1875000 1489400 1573950 1489400
M2 1573950 1489400 1566750 1496600
