Nets 27
Net4 5 
M2 3681180 2097230 3662665 2115744
M2 3662665 2115744 2600000 2115744
M2 2600000 2115744 1875000 1833560
M2 1875000 1833560 1571470 1833560
M2 1571470 1833560 1554190 1850840
Net5 5 
M2 3776440 2097230 3739411 2134258
M2 3739411 2134258 2600000 2134258
M2 2600000 2134258 1875000 1842200
M2 1875000 1842200 1616520 1842200
M2 1616520 1842200 1607880 1850840
Net7 5 
M2 4062230 2097230 4048344 2083344
M2 4048344 2083344 2600000 2083344
M2 2600000 2083344 1875000 1818440
M2 1875000 1818440 1533820 1818440
M2 1533820 1818440 1527340 1824920
Net10 5 
M2 2966710 2041687 2952824 2055573
M2 2952824 2055573 2600000 2055573
M2 2600000 2055573 1875000 1805480
M2 1875000 1805480 1332010 1805480
M2 1332010 1805480 1312570 1824920
Net11 5 
M2 3061970 2041687 3034198 2069459
M2 3034198 2069459 2600000 2069459
M2 2600000 2069459 1875000 1811960
M2 1875000 1811960 1379220 1811960
M2 1379220 1811960 1366260 1824920
Net16 5 
M2 3633550 2041687 3625615 2033753
M2 3625615 2033753 2600000 2033753
M2 2600000 2033753 1875000 1786040
M2 1875000 1786040 1513457 1786040
M2 1513457 1786040 1500497 1799000
Net18 5 
M2 3824077 2041687 3808208 2025818
M2 3808208 2025818 2600000 2025818
M2 2600000 2025818 1875000 1760120
M2 1875000 1760120 1540300 1760120
M2 1540300 1760120 1527340 1773080
Net21 5 
M2 4109860 2041687 4086056 2017884
M2 4086056 2017884 2600000 2017884
M2 2600000 2017884 1875000 1741976
M2 1875000 1741976 1613064 1741976
M2 1613064 1741976 1607880 1747160
Net27 5 
M2 3395390 1986140 3387449 1994080
M2 3387449 1994080 2600000 1994080
M2 2600000 1994080 1875000 1726424
M2 1875000 1726424 1413846 1726424
M2 1413846 1726424 1393110 1747160
Net31 5 
M2 3966970 1986140 3951095 2002015
M2 3951095 2002015 2600000 2002015
M2 2600000 2002015 1875000 1731608
M2 1875000 1731608 1462352 1731608
M2 1462352 1731608 1446800 1747160
Net32 5 
M2 4157492 1986140 4133683 2009949
M2 4133683 2009949 2600000 2009949
M2 2600000 2009949 1875000 1736792
M2 1875000 1736792 1564558 1736792
M2 1564558 1736792 1554190 1747160
Net34 5 
M2 2966710 1930600 2955604 1941706
M2 2955604 1941706 2600000 1941706
M2 2600000 1941706 1875000 1703960
M2 1875000 1703960 1329850 1703960
M2 1329850 1703960 1312570 1721240
Net38 5 
M2 3538290 1930600 3529033 1921343
M2 3529033 1921343 2600000 1921343
M2 2600000 1921343 1875000 1699640
M2 1875000 1699640 1504817 1699640
M2 1504817 1699640 1500497 1695320
Net39 5 
M2 3728810 1930600 3710296 1912086
M2 3710296 1912086 2600000 1912086
M2 2600000 1912086 1875000 1682360
M2 1875000 1682360 1620840 1682360
M2 1620840 1682360 1607880 1695320
Net40 5 
M2 3824077 1930600 3801863 1952814
M2 3801863 1952814 2600000 1952814
M2 2600000 1952814 1875000 1708280
M2 1875000 1708280 1486610 1708280
M2 1486610 1708280 1473650 1721240
Net41 5 
M2 4014600 1930600 3981277 1963923
M2 3981277 1963923 2600000 1963923
M2 2600000 1963923 1875000 1712600
M2 1875000 1712600 1535980 1712600
M2 1535980 1712600 1527340 1721240
Net42 5 
M2 4109860 1930600 4065428 1975031
M2 4065428 1975031 2600000 1975031
M2 2600000 1975031 1875000 1716920
M2 1875000 1716920 1585360 1716920
M2 1585360 1716920 1581040 1721240
Net44 5 
M2 3014340 1875060 3005085 1884315
M2 3005085 1884315 2600000 1884315
M2 2600000 1884315 1875000 1626200
M2 1875000 1626200 1356697 1626200
M2 1356697 1626200 1339417 1643480
Net50 5 
M2 3871710 1875060 3853198 1893572
M2 3853198 1893572 2600000 1893572
M2 2600000 1893572 1875000 1634840
M2 1875000 1634840 1509137 1634840
M2 1509137 1634840 1500497 1643480
Net51 5 
M2 3966970 1875060 3939201 1902829
M2 3939201 1902829 2600000 1902829
M2 2600000 1902829 1875000 1656440
M2 1875000 1656440 1594000 1656440
M2 1594000 1656440 1581040 1669400
Net53 5 
M2 4252760 1875060 4234246 1856546
M2 4234246 1856546 2600000 1856546
M2 2600000 1856546 1875000 1604600
M2 1875000 1604600 1271832 1604600
M2 1271832 1604600 1258872 1617560
Net61 5 
M2 3824077 1819512 3805558 1838032
M2 3805558 1838032 2600000 1838032
M2 2600000 1838032 1875000 1559240
M2 1875000 1559240 1480130 1559240
M2 1480130 1559240 1473650 1565720
Net67 5 
M2 3109602 1763970 3091088 1782484
M2 3091088 1782484 2600000 1782484
M2 2600000 1782484 1875000 1546280
M2 1875000 1546280 1332010 1546280
M2 1332010 1546280 1312570 1565720
Net70 5 
M2 3395390 1763970 3358361 1800998
M2 3358361 1800998 2600000 1800998
M2 2600000 1800998 1875000 1552760
M2 1875000 1552760 1379220 1552760
M2 1379220 1552760 1366260 1565720
Net72 5 
M2 3776440 1763970 3762554 1750084
M2 3762554 1750084 2600000 1750084
M2 2600000 1750084 1875000 1507400
M2 1875000 1507400 1480130 1507400
M2 1480130 1507400 1473650 1513880
Net81 5 
M2 3347760 1708430 3333876 1722313
M2 3333876 1722313 2600000 1722313
M2 2600000 1722313 1875000 1494440
M2 1875000 1494440 1332010 1494440
M2 1332010 1494440 1312570 1513880
Net82 5 
M2 3538290 1708430 3510521 1736199
M2 3510521 1736199 2600000 1736199
M2 2600000 1736199 1875000 1500920
M2 1875000 1500920 1379220 1500920
M2 1379220 1500920 1366260 1513880
