Nets 26
Net13 5 
V2 2984030 2060200 2977550 2066680
V2 2977550 2066680 2600000 2066680
V2 2600000 2066680 1875000 1858247
V2 1875000 1858247 1255823 1858247
V2 1255823 1858247 1222500 1891570
Net14 5 
V2 3027330 2060200 3014370 2073160
V2 3014370 2073160 2600000 2073160
V2 2600000 2073160 1875000 1869355
V2 1875000 1869355 1435244 1869355
V2 1435244 1869355 1413030 1891570
Net15 5 
V2 3113932 2060200 3094492 2079640
V2 3094492 2079640 2600000 2079640
V2 2600000 2079640 1875000 1880464
V2 1875000 1880464 1519396 1880464
V2 1519396 1880464 1508290 1891570
Net19 5 
V2 3048980 2034280 3042500 2040760
V2 3042500 2040760 2600000 2040760
V2 2600000 2040760 1875000 1799001
V2 1875000 1799001 1116638 1799001
V2 1116638 1799001 1079610 1836030
Net20 5 
V2 3092280 2034280 3079320 2047240
V2 3079320 2047240 2600000 2047240
V2 2600000 2047240 1875000 1817515
V2 1875000 1817515 1383912 1817515
V2 1383912 1817515 1365397 1836030
Net21 5 
V2 3135582 2034280 3116142 2053720
V2 3116142 2053720 2600000 2053720
V2 2600000 2053720 1875000 1847138
V2 1875000 1847138 314301 1847138
V2 314301 1847138 269870 1891570
Net22 5 
V2 2854130 2008360 2845490 2017000
V2 2845490 2017000 2600000 2017000
V2 2600000 2017000 1875000 1758265
V2 1875000 1758265 1054202 1758265
V2 1054202 1758265 1031980 1780487
Net23 5 
V2 2940730 2008360 2923450 2025640
V2 2923450 2025640 2600000 2025640
V2 2600000 2025640 1875000 1769374
V2 1875000 1769374 1233613 1769374
V2 1233613 1769374 1222500 1780487
Net27 5 
V2 2875780 1982440 2862820 1995400
V2 2862820 1995400 2600000 1995400
V2 2600000 1995400 1875000 1747157
V2 1875000 1747157 970040 1747157
V2 970040 1747157 936710 1780487
Net34 5 
V2 2897430 1956520 2884470 1969480
V2 2884470 1969480 2600000 1969480
V2 2600000 1969480 1875000 1736048
V2 1875000 1736048 790629 1736048
V2 790629 1736048 746190 1780487
Net35 5 
V2 2940730 1956520 2932090 1947880
V2 2932090 1947880 2600000 1947880
V2 2600000 1947880 1875000 1706428
V2 1875000 1706428 621802 1706428
V2 621802 1706428 603290 1724940
Net39 5 
V2 2875780 1930600 2867140 1939240
V2 2867140 1939240 2600000 1939240
V2 2600000 1939240 1875000 1687914
V2 1875000 1687914 545056 1687914
V2 545056 1687914 508030 1724940
Net51 5 
V2 3005680 1878760 2997040 1887400
V2 2997040 1887400 2600000 1887400
V2 2600000 1887400 1875000 1641631
V2 1875000 1641631 1250269 1641631
V2 1250269 1641631 1222500 1669400
Net53 5 
V2 3092280 1878760 3075000 1896040
V2 3075000 1896040 2600000 1896040
V2 2600000 1896040 1875000 1655516
V2 1875000 1655516 1522173 1655516
V2 1522173 1655516 1508290 1669400
Net61 5 
V2 2919080 1826920 2914760 1831240
V2 2914760 1831240 2600000 1831240
V2 2600000 1831240 1875000 1539798
V2 1875000 1539798 669437 1539798
V2 669437 1539798 650922 1558312
Net62 5 
V2 2962380 1826920 2953740 1835560
V2 2953740 1835560 2600000 1835560
V2 2600000 1835560 1875000 1549055
V2 1875000 1549055 755447 1549055
V2 755447 1549055 746190 1558312
Net63 5 
V2 3005680 1826920 2992720 1839880
V2 2992720 1839880 2600000 1839880
V2 2600000 1839880 1875000 1576826
V2 1875000 1576826 640323 1576826
V2 640323 1576826 603290 1613860
Net64 5 
V2 3092280 1826920 3075000 1844200
V2 3075000 1844200 2600000 1844200
V2 2600000 1844200 1875000 1595340
V2 1875000 1595340 812339 1595340
V2 812339 1595340 793820 1613860
Net65 5 
V2 3135582 1826920 3113982 1848520
V2 3113982 1848520 2600000 1848520
V2 2600000 1848520 1875000 1627745
V2 1875000 1627745 311524 1627745
V2 311524 1627745 269870 1669400
Net66 5 
V2 2854130 1801000 2841170 1813960
V2 2841170 1813960 2600000 1813960
V2 2600000 1813960 1875000 1530541
V2 1875000 1530541 583431 1530541
V2 583431 1530541 555660 1558312
Net77 5 
V2 2854130 1749160 2841170 1762120
V2 2841170 1762120 2600000 1762120
V2 2600000 1762120 1875000 1521284
V2 1875000 1521284 717074 1521284
V2 717074 1521284 698560 1502770
Net78 5 
V2 2897430 1749160 2893110 1744840
V2 2893110 1744840 2600000 1744840
V2 2600000 1744840 1875000 1512027
V2 1875000 1512027 803077 1512027
V2 803077 1512027 793820 1502770
Net83 5 
V2 2875780 1723240 2871460 1727560
V2 2871460 1727560 2600000 1727560
V2 2600000 1727560 1875000 1458336
V2 1875000 1458336 1124044 1458336
V2 1124044 1458336 1079610 1502770
Net84 5 
V2 2919080 1723240 2910440 1731880
V2 2910440 1731880 2600000 1731880
V2 2600000 1731880 1875000 1469444
V2 1875000 1469444 1303455 1469444
V2 1303455 1469444 1270130 1502770
Net85 5 
V2 3005680 1723240 2992720 1736200
V2 2992720 1736200 2600000 1736200
V2 2600000 1736200 1875000 1480553
V2 1875000 1480553 1387614 1480553
V2 1387614 1480553 1365397 1502770
Net86 5 
V2 3092280 1723240 3075000 1740520
V2 3075000 1740520 2600000 1740520
V2 2600000 1740520 1875000 1491661
V2 1875000 1491661 1567028 1491661
V2 1567028 1491661 1555920 1502770
