Nets 37
Net0 5 
V1 2919080 2097230 2913525 2102784
V1 2913525 2102784 2600000 2102784
V1 2600000 2102784 1875000 1849915
V1 1875000 1849915 406794 1849915
V1 406794 1849915 365140 1891570
Net1 5 
V1 3109602 2097230 3098494 2108338
V1 3098494 2108338 2600000 2108338
V1 2600000 2108338 1875000 1854544
V1 1875000 1854544 592686 1854544
V1 592686 1854544 555660 1891570
Net2 5 
V1 3204870 2097230 3188207 2113892
V1 3188207 2113892 2600000 2113892
V1 2600000 2113892 1875000 1859172
V1 1875000 1859172 683320 1859172
V1 683320 1859172 650922 1891570
Net3 5 
V1 3395390 2097230 3373173 2119447
V1 3373173 2119447 2600000 2119447
V1 2600000 2119447 1875000 1863801
V1 1875000 1863801 869219 1863801
V1 869219 1863801 841450 1891570
Net4 5 
V1 3681180 2097230 3653408 2125001
V1 3653408 2125001 2600000 2125001
V1 2600000 2125001 1875000 1868429
V1 1875000 1868429 959850 1868429
V1 959850 1868429 936710 1891570
Net5 5 
V1 3776440 2097230 3743114 2130555
V1 3743114 2130555 2600000 2130555
V1 2600000 2130555 1875000 1873058
V1 1875000 1873058 1145752 1873058
V1 1145752 1873058 1127240 1891570
Net6 5 
V1 3966970 2097230 3928090 2136109
V1 3928090 2136109 2600000 2136109
V1 2600000 2136109 1875000 1877686
V1 1875000 1877686 1236383 1877686
V1 1236383 1877686 1222500 1891570
Net7 5 
V1 4062230 2097230 4017796 2141664
V1 4017796 2141664 2600000 2141664
V1 2600000 2141664 1875000 1882315
V1 1875000 1882315 1422285 1882315
V1 1422285 1882315 1413030 1891570
Net8 5 
V1 4157492 2097230 4107504 2147218
V1 4107504 2147218 2600000 2147218
V1 2600000 2147218 1875000 1886943
V1 1875000 1886943 1512916 1886943
V1 1512916 1886943 1508290 1891570
Net10 5 
V1 2966710 2041687 2948195 2060202
V1 2948195 2060202 2600000 2060202
V1 2600000 2060202 1875000 1840658
V1 1875000 1840658 322136 1840658
V1 322136 1840658 317507 1836030
Net11 5 
V1 3061970 2041687 3043456 2023173
V1 3043456 2023173 2600000 2023173
V1 2600000 2023173 1875000 1817515
V1 1875000 1817515 431284 1817515
V1 431284 1817515 412770 1836030
Net22 5 
V1 4205130 2041687 4168101 2078716
V1 4168101 2078716 2600000 2078716
V1 2600000 2078716 1875000 1845287
V1 1875000 1845287 231497 1845287
V1 231497 1845287 222240 1836030
Net23 5 
V1 3014340 1986140 3003231 1975031
V1 3003231 1975031 2600000 1975031
V1 2600000 1975031 1875000 1769374
V1 1875000 1769374 376253 1769374
V1 376253 1769374 365140 1780487
Net24 5 
V1 3109602 1986140 3091083 2004659
V1 3091083 2004659 2600000 2004659
V1 2600000 2004659 1875000 1799001
V1 1875000 1799001 478914 1799001
V1 478914 1799001 460400 1780487
Net33 5 
V1 4252760 1986140 4230543 1963923
V1 4230543 1963923 2600000 1963923
V1 2600000 1963923 1875000 1758265
V1 1875000 1758265 292092 1758265
V1 292092 1758265 269870 1780487
Net34 5 
V1 2966710 1930600 2955604 1941706
V1 2955604 1941706 2600000 1941706
V1 2600000 1941706 1875000 1736048
V1 1875000 1736048 328616 1736048
V1 328616 1736048 317507 1724940
Net35 5 
V1 3157237 1930600 3138723 1912086
V1 3138723 1912086 2600000 1912086
V1 2600000 1912086 1875000 1706428
V1 1875000 1706428 526542 1706428
V1 526542 1706428 508030 1724940
Net43 5 
V1 4205130 1930600 4182915 1952814
V1 4182915 1952814 2600000 1952814
V1 2600000 1952814 1875000 1747157
V1 1875000 1747157 244457 1747157
V1 244457 1747157 222240 1724940
Net44 5 
V1 3014340 1875060 3003231 1863951
V1 3003231 1863951 2600000 1863951
V1 2600000 1863951 1875000 1658294
V1 1875000 1658294 376246 1658294
V1 376246 1658294 365140 1669400
Net45 5 
V1 3109602 1875060 3091090 1893572
V1 3091090 1893572 2600000 1893572
V1 2600000 1893572 1875000 1687914
V1 1875000 1687914 478914 1687914
V1 478914 1687914 460400 1669400
Net53 5 
V1 4252760 1875060 4230543 1852843
V1 4230543 1852843 2600000 1852843
V1 2600000 1852843 1875000 1647185
V1 1875000 1647185 292084 1647185
V1 292084 1647185 269870 1669400
Net54 5 
V1 2966710 1819512 2955596 1830626
V1 2955596 1830626 2600000 1830626
V1 2600000 1830626 1875000 1624968
V1 1875000 1624968 328616 1624968
V1 328616 1624968 317507 1613860
Net55 5 
V1 3157237 1819512 3152965 1815240
V1 3152965 1815240 2600000 1815240
V1 2600000 1815240 1875000 1595340
V1 1875000 1595340 526549 1595340
V1 526549 1595340 508030 1613860
Net64 5 
V1 4205130 1819512 4182908 1841734
V1 4182908 1841734 2600000 1841734
V1 2600000 1841734 1875000 1636077
V1 1875000 1636077 244457 1636077
V1 244457 1636077 222240 1613860
Net66 5 
V1 3014340 1763970 2995826 1745456
V1 2995826 1745456 2600000 1745456
V1 2600000 1745456 1875000 1511315
V1 1875000 1511315 507397 1511315
V1 507397 1511315 460400 1558312
Net67 5 
V1 3109602 1763970 3105330 1768242
V1 3105330 1768242 2600000 1768242
V1 2600000 1768242 1875000 1515587
V1 1875000 1515587 598385 1515587
V1 598385 1515587 555660 1558312
Net68 5 
V1 3204870 1763970 3196325 1772515
V1 3196325 1772515 2600000 1772515
V1 2600000 1772515 1875000 1519860
V1 1875000 1519860 689375 1519860
V1 689375 1519860 650922 1558312
Net69 5 
V1 3300130 1763970 3287312 1776787
V1 3287312 1776787 2600000 1776787
V1 2600000 1776787 1875000 1524132
V1 1875000 1524132 780370 1524132
V1 780370 1524132 746190 1558312
Net70 5 
V1 3395390 1763970 3378300 1781060
V1 3378300 1781060 2600000 1781060
V1 2600000 1781060 1875000 1528405
V1 1875000 1528405 871357 1528405
V1 871357 1528405 841450 1558312
Net71 5 
V1 3681180 1763970 3659817 1785332
V1 3659817 1785332 2600000 1785332
V1 2600000 1785332 1875000 1532677
V1 1875000 1532677 962345 1532677
V1 962345 1532677 936710 1558312
Net72 5 
V1 3776440 1763970 3750805 1789605
V1 3750805 1789605 2600000 1789605
V1 2600000 1789605 1875000 1536950
V1 1875000 1536950 1053342 1536950
V1 1053342 1536950 1031980 1558312
Net73 5 
V1 3871710 1763970 3841802 1793877
V1 3841802 1793877 2600000 1793877
V1 2600000 1793877 1875000 1541222
V1 1875000 1541222 1144330 1541222
V1 1144330 1541222 1127240 1558312
Net74 5 
V1 3966970 1763970 3932790 1798150
V1 3932790 1798150 2600000 1798150
V1 2600000 1798150 1875000 1545495
V1 1875000 1545495 1235317 1545495
V1 1235317 1545495 1222500 1558312
Net75 5 
V1 4062230 1763970 4023777 1802422
V1 4023777 1802422 2600000 1802422
V1 2600000 1802422 1875000 1549767
V1 1875000 1549767 1421575 1549767
V1 1421575 1549767 1413030 1558312
Net76 5 
V1 4157492 1763970 4114767 1806695
V1 4114767 1806695 2600000 1806695
V1 2600000 1806695 1875000 1554040
V1 1875000 1554040 1512562 1554040
V1 1512562 1554040 1508290 1558312
Net77 5 
V1 4252760 1763970 4205762 1810967
V1 4205762 1810967 2600000 1810967
V1 2600000 1810967 1875000 1576826
V1 1875000 1576826 288384 1576826
V1 288384 1576826 269870 1558312
Net79 5 
V1 3061970 1708430 3043458 1726942
V1 3043458 1726942 2600000 1726942
V1 2600000 1726942 1875000 1507042
V1 1875000 1507042 417042 1507042
V1 417042 1507042 412770 1502770
