Nets 28
Net0 5 
V1 2919080 2097230 2907971 2108338
V1 2907971 2108338 2600000 2108338
V1 2600000 2108338 1875000 1856024
V1 1875000 1856024 1333306 1856024
V1 1333306 1856024 1312570 1876760
Net1 5 
V1 3109602 2097230 3087385 2119447
V1 3087385 2119447 2600000 2119447
V1 2600000 2119447 1875000 1861208
V1 1875000 1861208 1435509 1861208
V1 1435509 1861208 1419957 1876760
Net2 5 
V1 3204870 2097230 3171544 2130555
V1 3171544 2130555 2600000 2130555
V1 2600000 2130555 1875000 1866392
V1 1875000 1866392 1537708 1866392
V1 1537708 1866392 1527340 1876760
Net3 5 
V1 3395390 2097230 3350956 2141664
V1 3350956 2141664 2600000 2141664
V1 2600000 2141664 1875000 1871576
V1 1875000 1871576 1586224 1871576
V1 1586224 1871576 1581040 1876760
Net6 5 
V1 3966970 2097230 3955861 2086121
V1 3955861 2086121 2600000 2086121
V1 2600000 2086121 1875000 1816280
V1 1875000 1816280 1482290 1816280
V1 1482290 1816280 1473650 1824920
Net9 5 
V1 4252760 2097230 4230543 2075013
V1 4230543 2075013 2600000 2075013
V1 2600000 2075013 1875000 1807640
V1 1875000 1807640 1276152 1807640
V1 1276152 1807640 1258872 1824920
Net17 5 
V1 3728810 2041687 3717701 2052796
V1 3717701 2052796 2600000 2052796
V1 2600000 2052796 1875000 1755800
V1 1875000 1755800 1490930 1755800
V1 1490930 1755800 1473650 1773080
Net20 5 
V1 4014600 2041687 3992383 2063904
V1 3992383 2063904 2600000 2063904
V1 2600000 2063904 1875000 1764440
V1 1875000 1764440 1589680 1764440
V1 1589680 1764440 1581040 1773080
Net26 5 
V1 3300130 1986140 3272353 2013916
V1 3272353 2013916 2600000 2013916
V1 2600000 2013916 1875000 1714760
V1 1875000 1714760 1372740 1714760
V1 1372740 1714760 1366260 1721240
Net33 5 
V1 4252760 1986140 4238874 1972254
V1 4238874 1972254 2600000 1972254
V1 2600000 1972254 1875000 1708280
V1 1875000 1708280 1271832 1708280
V1 1271832 1708280 1258872 1721240
Net35 5 
V1 3157237 1930600 3143354 1944483
V1 3143354 1944483 2600000 1944483
V1 2600000 1944483 1875000 1682360
V1 1875000 1682360 1352377 1682360
V1 1352377 1682360 1339417 1695320
Net37 5 
V1 3443020 1930600 3415251 1958369
V1 3415251 1958369 2600000 1958369
V1 2600000 1958369 1875000 1701800
V1 1875000 1701800 1453280 1701800
V1 1453280 1701800 1446800 1695320
Net45 5 
V1 3109602 1875060 3100347 1884315
V1 3100347 1884315 2600000 1884315
V1 2600000 1884315 1875000 1633112
V1 1875000 1633112 1403478 1633112
V1 1403478 1633112 1393110 1643480
Net46 5 
V1 3300130 1875060 3281618 1893572
V1 3281618 1893572 2600000 1893572
V1 2600000 1893572 1875000 1638296
V1 1875000 1638296 1451984 1638296
V1 1451984 1638296 1446800 1643480
Net47 5 
V1 3395390 1875060 3367621 1902829
V1 3367621 1902829 2600000 1902829
V1 2600000 1902829 1875000 1649960
V1 1875000 1649960 1332010 1649960
V1 1332010 1649960 1312570 1669400
Net48 5 
V1 3585920 1875060 3548894 1912086
V1 3548894 1912086 2600000 1912086
V1 2600000 1912086 1875000 1656440
V1 1875000 1656440 1432917 1656440
V1 1432917 1656440 1419957 1669400
Net49 5 
V1 3681180 1875060 3634897 1921343
V1 3634897 1921343 2600000 1921343
V1 2600000 1921343 1875000 1662920
V1 1875000 1662920 1480130 1662920
V1 1480130 1662920 1473650 1669400
Net54 5 
V1 2966710 1819512 2959767 1812569
V1 2959767 1812569 2600000 1812569
V1 2600000 1812569 1875000 1627928
V1 1875000 1627928 1376628 1627928
V1 1376628 1627928 1366260 1617560
Net55 5 
V1 3157237 1819512 3143352 1805627
V1 3143352 1805627 2600000 1805627
V1 2600000 1805627 1875000 1622744
V1 1875000 1622744 1478834 1622744
V1 1478834 1622744 1473650 1617560
Net56 5 
V1 3252500 1819512 3231671 1798684
V1 3231671 1798684 2600000 1798684
V1 2600000 1798684 1875000 1608920
V1 1875000 1608920 1517777 1608920
V1 1517777 1608920 1500497 1591640
Net57 5 
V1 3443020 1819512 3415249 1791741
V1 3415249 1791741 2600000 1791741
V1 2600000 1791741 1875000 1600280
V1 1875000 1600280 1616520 1600280
V1 1616520 1600280 1607880 1591640
Net62 5 
V1 4014600 1819512 3979886 1784798
V1 3979886 1784798 2600000 1784798
V1 2600000 1784798 1875000 1578680
V1 1875000 1578680 1540300 1578680
V1 1540300 1578680 1527340 1565720
Net63 5 
V1 4109860 1819512 4068203 1777856
V1 4068203 1777856 2600000 1777856
V1 2600000 1777856 1875000 1552760
V1 1875000 1552760 1594000 1552760
V1 1594000 1552760 1581040 1565720
Net71 5 
V1 3681180 1763970 3674236 1770913
V1 3674236 1770913 2600000 1770913
V1 2600000 1770913 1875000 1505240
V1 1875000 1505240 1428597 1505240
V1 1428597 1505240 1419957 1513880
Net77 5 
V1 4252760 1763970 4241651 1752861
V1 4241651 1752861 2600000 1752861
V1 2600000 1752861 1875000 1496600
V1 1875000 1496600 1276152 1496600
V1 1276152 1496600 1258872 1513880
Net84 5 
V1 3824077 1708430 3812971 1719536
V1 3812971 1719536 2600000 1719536
V1 2600000 1719536 1875000 1468520
V1 1875000 1468520 1412550 1468520
V1 1412550 1468520 1393110 1487960
Net85 5 
V1 3919340 1708430 3897125 1730644
V1 3897125 1730644 2600000 1730644
V1 2600000 1730644 1875000 1475000
V1 1875000 1475000 1513457 1475000
V1 1513457 1475000 1500497 1487960
Net86 5 
V1 4109860 1708430 4076537 1741753
V1 4076537 1741753 2600000 1741753
V1 2600000 1741753 1875000 1481480
V1 1875000 1481480 1614360 1481480
V1 1614360 1481480 1607880 1487960
