Nets 40
Net0 5 
V1 2897430 2103400 2891257 2109572
V1 2891257 2109572 2600000 2109572
V1 2600000 2109572 1875000 1856600
V1 1875000 1856600 943860 1856600
V1 943860 1856600 915060 1885400
Net1 5 
V1 3053310 2103400 3040966 2115743
V1 3040966 2115743 2600000 2115743
V1 2600000 2115743 1875000 1861400
V1 1875000 1861400 1094950 1861400
V1 1094950 1861400 1070950 1885400
Net2 5 
V1 3131252 2103400 3112737 2121915
V1 3112737 2121915 2600000 2121915
V1 2600000 2121915 1875000 1866200
V1 1875000 1866200 1168090 1866200
V1 1168090 1866200 1148890 1885400
Net3 5 
V1 3287140 2103400 3262453 2128086
V1 3262453 2128086 2600000 2128086
V1 2600000 2128086 1875000 1871000
V1 1875000 1871000 1319172 1871000
V1 1319172 1871000 1304772 1885400
Net4 5 
V1 3365080 2103400 3334222 2134257
V1 3334222 2134257 2600000 2134257
V1 2600000 2134257 1875000 1875800
V1 1875000 1875800 1392320 1875800
V1 1392320 1875800 1382720 1885400
Net5 5 
V1 3520970 2103400 3483941 2140428
V1 3483941 2140428 2600000 2140428
V1 2600000 2140428 1875000 1880600
V1 1875000 1880600 1543400 1880600
V1 1543400 1880600 1538600 1885400
Net7 5 
V1 2936400 2060200 2922000 2074600
V1 2922000 2074600 2600000 2074600
V1 2600000 2074600 1875000 1847000
V1 1875000 1847000 802950 1847000
V1 802950 1847000 798150 1842200
Net8 5 
V1 3014340 2060200 2999940 2045800
V1 2999940 2045800 2600000 2045800
V1 2600000 2045800 1875000 1827800
V1 1875000 1827800 890490 1827800
V1 890490 1827800 876090 1842200
Net16 5 
V1 3793762 2060200 3764962 2089000
V1 3764962 2089000 2600000 2089000
V1 2600000 2089000 1875000 1851800
V1 1875000 1851800 729810 1851800
V1 729810 1851800 720210 1842200
Net17 5 
V1 2897430 2017000 2888790 2008360
V1 2888790 2008360 2600000 2008360
V1 2600000 2008360 1875000 1790360
V1 1875000 1790360 845760 1790360
V1 845760 1790360 837120 1799000
Net18 5 
V1 2975370 2017000 2960970 2031400
V1 2960970 2031400 2600000 2031400
V1 2600000 2031400 1875000 1813400
V1 1875000 1813400 929460 1813400
V1 929460 1813400 915060 1799000
Net25 5 
V1 3754790 2017000 3737510 1999720
V1 3737510 1999720 2600000 1999720
V1 2600000 1999720 1875000 1781720
V1 1875000 1781720 698517 1781720
V1 698517 1781720 681237 1799000
Net26 5 
V1 2936400 1973800 2927760 1982440
V1 2927760 1982440 2600000 1982440
V1 2600000 1982440 1875000 1764440
V1 1875000 1764440 806790 1764440
V1 806790 1764440 798150 1755800
Net27 5 
V1 3014340 1973800 2999940 1959400
V1 2999940 1959400 2600000 1959400
V1 2600000 1959400 1875000 1741400
V1 1875000 1741400 890490 1741400
V1 890490 1741400 876090 1755800
Net35 5 
V1 3793762 1973800 3776482 1991080
V1 3776482 1991080 2600000 1991080
V1 2600000 1991080 1875000 1773080
V1 1875000 1773080 737490 1773080
V1 737490 1773080 720210 1755800
Net36 5 
V1 2897430 1930600 2892630 1925800
V1 2892630 1925800 2600000 1925800
V1 2600000 1925800 1875000 1691000
V1 1875000 1691000 780780 1691000
V1 780780 1691000 759180 1712600
Net37 5 
V1 2975370 1930600 2960970 1945000
V1 2960970 1945000 2600000 1945000
V1 2600000 1945000 1875000 1727000
V1 1875000 1727000 929460 1727000
V1 929460 1727000 915060 1712600
Net44 5 
V1 3014340 1887400 3009540 1882600
V1 3009540 1882600 2600000 1882600
V1 2600000 1882600 1875000 1631000
V1 1875000 1631000 836550 1631000
V1 836550 1631000 798150 1669400
Net45 5 
V1 3092280 1887400 3087480 1892200
V1 3087480 1892200 2600000 1892200
V1 2600000 1892200 1875000 1635800
V1 1875000 1635800 909690 1635800
V1 909690 1635800 876090 1669400
Net46 5 
V1 3170227 1887400 3160627 1897000
V1 3160627 1897000 2600000 1897000
V1 2600000 1897000 1875000 1640600
V1 1875000 1640600 982830 1640600
V1 982830 1640600 954030 1669400
Net47 5 
V1 3248170 1887400 3233770 1901800
V1 3233770 1901800 2600000 1901800
V1 2600000 1901800 1875000 1645400
V1 1875000 1645400 1055980 1645400
V1 1055980 1645400 1031980 1669400
Net48 5 
V1 3404050 1887400 3384850 1906600
V1 3384850 1906600 2600000 1906600
V1 2600000 1906600 1875000 1650200
V1 1875000 1650200 1207060 1650200
V1 1207060 1650200 1187860 1669400
Net49 5 
V1 3481997 1887400 3457997 1911400
V1 3457997 1911400 2600000 1911400
V1 2600000 1911400 1875000 1655000
V1 1875000 1655000 1358147 1655000
V1 1358147 1655000 1343747 1669400
Net50 5 
V1 3559940 1887400 3531140 1916200
V1 3531140 1916200 2600000 1916200
V1 2600000 1916200 1875000 1659800
V1 1875000 1659800 1509230 1659800
V1 1509230 1659800 1499630 1669400
Net51 5 
V1 3715820 1887400 3682220 1921000
V1 3682220 1921000 2600000 1921000
V1 2600000 1921000 1875000 1664600
V1 1875000 1664600 1582370 1664600
V1 1582370 1664600 1577570 1669400
Net52 5 
V1 2897430 1844200 2892630 1849000
V1 2892630 1849000 2600000 1849000
V1 2600000 1849000 1875000 1595960
V1 1875000 1595960 789420 1595960
V1 789420 1595960 759180 1626200
Net53 5 
V1 2975370 1844200 2965770 1853800
V1 2965770 1853800 2600000 1853800
V1 2600000 1853800 1875000 1600280
V1 1875000 1600280 863040 1600280
V1 863040 1600280 837120 1626200
Net54 5 
V1 3131252 1844200 3116852 1858600
V1 3116852 1858600 2600000 1858600
V1 2600000 1858600 1875000 1604600
V1 1875000 1604600 1014602 1604600
V1 1014602 1604600 993002 1626200
Net57 5 
V1 3443020 1844200 3423820 1863400
V1 3423820 1863400 2600000 1863400
V1 2600000 1863400 1875000 1608920
V1 1875000 1608920 1322052 1608920
V1 1322052 1608920 1304772 1626200
Net58 5 
V1 3520970 1844200 3496970 1868200
V1 3496970 1868200 2600000 1868200
V1 2600000 1868200 1875000 1613240
V1 1875000 1613240 1395680 1613240
V1 1395680 1613240 1382720 1626200
Net59 5 
V1 3598910 1844200 3570110 1873000
V1 3570110 1873000 2600000 1873000
V1 2600000 1873000 1875000 1617560
V1 1875000 1617560 1469300 1617560
V1 1469300 1617560 1460660 1626200
Net60 5 
V1 3676850 1844200 3643250 1877800
V1 3643250 1877800 2600000 1877800
V1 2600000 1877800 1875000 1621880
V1 1875000 1621880 1542920 1621880
V1 1542920 1621880 1538600 1626200
Net62 5 
V1 2936400 1801000 2922000 1815400
V1 2922000 1815400 2600000 1815400
V1 2600000 1815400 1875000 1587320
V1 1875000 1587320 802470 1587320
V1 802470 1587320 798150 1583000
Net63 5 
V1 3092280 1801000 3077880 1786600
V1 3077880 1786600 2600000 1786600
V1 2600000 1786600 1875000 1568600
V1 1875000 1568600 890490 1568600
V1 890490 1568600 876090 1583000
Net70 5 
V1 3793762 1801000 3764962 1829800
V1 3764962 1829800 2600000 1829800
V1 2600000 1829800 1875000 1591640
V1 1875000 1591640 728850 1591640
V1 728850 1591640 720210 1583000
Net71 5 
V1 2897430 1757800 2888790 1749160
V1 2888790 1749160 2600000 1749160
V1 2600000 1749160 1875000 1531160
V1 1875000 1531160 845760 1531160
V1 845760 1531160 837120 1539800
Net72 5 
V1 2975370 1757800 2960970 1772200
V1 2960970 1772200 2600000 1772200
V1 2600000 1772200 1875000 1554200
V1 1875000 1554200 929460 1554200
V1 929460 1554200 915060 1539800
Net80 5 
V1 3754790 1757800 3737510 1740520
V1 3737510 1740520 2600000 1740520
V1 2600000 1740520 1875000 1522520
V1 1875000 1522520 698517 1522520
V1 698517 1522520 681237 1539800
Net81 5 
V1 2936400 1714600 2927760 1723240
V1 2927760 1723240 2600000 1723240
V1 2600000 1723240 1875000 1505240
V1 1875000 1505240 962670 1505240
V1 962670 1505240 954030 1496600
Net87 5 
V1 3793762 1714600 3776482 1731880
V1 3776482 1731880 2600000 1731880
V1 2600000 1731880 1875000 1513880
V1 1875000 1513880 737490 1513880
V1 737490 1513880 720210 1496600
