Nets 42
Net0 5 
V1 2882270 2103400 2873630 2112040
V1 2873630 2112040 2600000 2112040
V1 2600000 2112040 1875000 1859480
V1 1875000 1859480 1259700 1859480
V1 1259700 1859480 1242420 1876760
Net1 5 
V1 3013910 2103400 2996630 2120680
V1 2996630 2120680 2600000 2120680
V1 2600000 2120680 1875000 1863800
V1 1875000 1863800 1383550 1863800
V1 1383550 1863800 1370590 1876760
Net2 5 
V1 3079730 2103400 3053810 2129320
V1 3053810 2129320 2600000 2129320
V1 2600000 2129320 1875000 1868120
V1 1875000 1868120 1507400 1868120
V1 1507400 1868120 1498760 1876760
Net3 5 
V1 3211360 2103400 3176800 2137960
V1 3176800 2137960 2600000 2137960
V1 2600000 2137960 1875000 1872440
V1 1875000 1872440 1567170 1872440
V1 1567170 1872440 1562850 1876760
Net6 5 
V1 3606270 2103400 3600098 2097228
V1 3600098 2097228 2600000 2097228
V1 2600000 2097228 1875000 1855160
V1 1875000 1855160 1199932 1855160
V1 1199932 1855160 1178332 1876760
Net7 5 
V1 2915180 2060200 2909007 2066372
V1 2909007 2066372 2600000 2066372
V1 2600000 2066372 1875000 1829240
V1 1875000 1829240 1246740 1829240
V1 1246740 1829240 1242420 1824920
Net8 5 
V1 2981000 2060200 2972360 2051560
V1 2972360 2051560 2600000 2051560
V1 2600000 2051560 1875000 1811960
V1 1875000 1811960 1319470 1811960
V1 1319470 1811960 1306510 1824920
Net9 5 
V1 3046820 2060200 3034476 2072543
V1 3034476 2072543 2600000 2072543
V1 2600000 2072543 1875000 1833560
V1 1875000 1833560 1291740 1833560
V1 1291740 1833560 1274460 1850840
Net10 5 
V1 3112637 2060200 3094122 2078715
V1 3094122 2078715 2600000 2078715
V1 2600000 2078715 1875000 1837880
V1 1875000 1837880 1351510 1837880
V1 1351510 1837880 1338550 1850840
Net11 5 
V1 3178450 2060200 3153763 2084886
V1 3153763 2084886 2600000 2084886
V1 2600000 2084886 1875000 1842200
V1 1875000 1842200 1411277 1842200
V1 1411277 1842200 1402637 1850840
Net12 5 
V1 3310090 2060200 3279232 2091057
V1 3279232 2091057 2600000 2091057
V1 2600000 2091057 1875000 1846520
V1 1875000 1846520 1471040 1846520
V1 1471040 1846520 1466720 1850840
Net17 5 
V1 2882270 2017000 2875070 2009800
V1 2875070 2009800 2600000 2009800
V1 2600000 2009800 1875000 1778264
V1 1875000 1778264 1295196 1778264
V1 1295196 1778264 1274460 1799000
Net18 5 
V1 2948090 2017000 2939450 2025640
V1 2939450 2025640 2600000 2025640
V1 2600000 2025640 1875000 1783448
V1 1875000 1783448 1354102 1783448
V1 1354102 1783448 1338550 1799000
Net19 5 
V1 3079730 2017000 3062450 2034280
V1 3062450 2034280 2600000 2034280
V1 2600000 2034280 1875000 1788632
V1 1875000 1788632 1413005 1788632
V1 1413005 1788632 1402637 1799000
Net20 5 
V1 3211360 2017000 3185440 2042920
V1 3185440 2042920 2600000 2042920
V1 2600000 2042920 1875000 1793816
V1 1875000 1793816 1471904 1793816
V1 1471904 1793816 1466720 1799000
Net22 5 
V1 3343000 2017000 3328600 2002600
V1 3328600 2002600 2600000 2002600
V1 2600000 2002600 1875000 1764440
V1 1875000 1764440 1507400 1764440
V1 1507400 1764440 1498760 1773080
Net26 5 
V1 2915180 1973800 2904380 1963000
V1 2904380 1963000 2600000 1963000
V1 2600000 1963000 1875000 1703960
V1 1875000 1703960 1259700 1703960
V1 1259700 1703960 1242420 1721240
Net27 5 
V1 2981000 1973800 2973800 1981000
V1 2973800 1981000 2600000 1981000
V1 2600000 1981000 1875000 1712600
V1 1875000 1712600 1315150 1712600
V1 1315150 1712600 1306510 1721240
Net28 5 
V1 3046820 1973800 3032420 1988200
V1 3032420 1988200 2600000 1988200
V1 2600000 1988200 1875000 1734200
V1 1875000 1734200 1351510 1734200
V1 1351510 1734200 1338550 1747160
Net30 5 
V1 3244270 1973800 3222670 1995400
V1 3222670 1995400 2600000 1995400
V1 2600000 1995400 1875000 1755800
V1 1875000 1755800 1259700 1755800
V1 1259700 1755800 1242420 1773080
Net36 5 
V1 2882270 1930600 2875070 1923400
V1 2875070 1923400 2600000 1923400
V1 2600000 1923400 1875000 1675880
V1 1875000 1675880 1293900 1675880
V1 1293900 1675880 1274460 1695320
Net39 5 
V1 3211360 1930600 3200560 1941400
V1 3200560 1941400 2600000 1941400
V1 2600000 1941400 1875000 1682360
V1 1875000 1682360 1479680 1682360
V1 1479680 1682360 1466720 1695320
Net40 5 
V1 3343000 1930600 3321400 1952200
V1 3321400 1952200 2600000 1952200
V1 2600000 1952200 1875000 1688840
V1 1875000 1688840 1601370 1688840
V1 1601370 1688840 1594890 1695320
Net45 5 
V1 3046820 1887400 3039620 1894600
V1 3039620 1894600 2600000 1894600
V1 2600000 1894600 1875000 1626200
V1 1875000 1626200 1355830 1626200
V1 1355830 1626200 1338550 1643480
Net46 5 
V1 3112637 1887400 3098237 1901800
V1 3098237 1901800 2600000 1901800
V1 2600000 1901800 1875000 1634840
V1 1875000 1634840 1411277 1634840
V1 1411277 1634840 1402637 1643480
Net47 5 
V1 3178450 1887400 3156850 1909000
V1 3156850 1909000 2600000 1909000
V1 2600000 1909000 1875000 1652120
V1 1875000 1652120 1259700 1652120
V1 1259700 1652120 1242420 1669400
Net51 5 
V1 3573360 1887400 3544560 1916200
V1 3544560 1916200 2600000 1916200
V1 2600000 1916200 1875000 1660760
V1 1875000 1660760 1571490 1660760
V1 1571490 1660760 1562850 1669400
Net52 5 
V1 2882270 1844200 2873630 1852840
V1 2873630 1852840 2600000 1852840
V1 2600000 1852840 1875000 1596824
V1 1875000 1596824 1263156 1596824
V1 1263156 1596824 1242420 1617560
Net53 5 
V1 2948090 1844200 2930810 1861480
V1 2930810 1861480 2600000 1861480
V1 2600000 1861480 1875000 1602008
V1 1875000 1602008 1322062 1602008
V1 1322062 1602008 1306510 1617560
Net54 5 
V1 3079730 1844200 3053810 1870120
V1 3053810 1870120 2600000 1870120
V1 2600000 1870120 1875000 1607192
V1 1875000 1607192 1445048 1607192
V1 1445048 1607192 1434680 1617560
Net56 5 
V1 3277180 1844200 3266380 1833400
V1 3266380 1833400 2600000 1833400
V1 2600000 1833400 1875000 1578680
V1 1875000 1578680 1607850 1578680
V1 1607850 1578680 1594890 1591640
Net58 5 
V1 3408817 1844200 3374257 1878760
V1 3374257 1878760 2600000 1878760
V1 2600000 1878760 1875000 1612376
V1 1875000 1612376 1503944 1612376
V1 1503944 1612376 1498760 1617560
Net63 5 
V1 3046820 1801000 3036020 1811800
V1 3036020 1811800 2600000 1811800
V1 2600000 1811800 1875000 1552760
V1 1875000 1552760 1255380 1552760
V1 1255380 1552760 1242420 1565720
Net66 5 
V1 3244270 1801000 3222670 1822600
V1 3222670 1822600 2600000 1822600
V1 2600000 1822600 1875000 1559240
V1 1875000 1559240 1312990 1559240
V1 1312990 1559240 1306510 1565720
Net75 5 
V1 3211360 1757800 3205187 1763972
V1 3205187 1763972 2600000 1763972
V1 2600000 1763972 1875000 1500920
V1 1875000 1500920 1447640 1500920
V1 1447640 1500920 1434680 1513880
Net76 5 
V1 3343000 1757800 3330656 1770143
V1 3330656 1770143 2600000 1770143
V1 2600000 1770143 1875000 1505240
V1 1875000 1505240 1507400 1505240
V1 1507400 1505240 1498760 1513880
Net77 5 
V1 3408817 1757800 3390302 1776315
V1 3390302 1776315 2600000 1776315
V1 2600000 1776315 1875000 1509560
V1 1875000 1509560 1567170 1509560
V1 1567170 1509560 1562850 1513880
Net78 5 
V1 3474630 1757800 3449943 1782486
V1 3449943 1782486 2600000 1782486
V1 2600000 1782486 1875000 1522520
V1 1875000 1522520 1548090 1522520
V1 1548090 1522520 1530810 1539800
Net79 5 
V1 3540450 1757800 3509592 1788657
V1 3509592 1788657 2600000 1788657
V1 2600000 1788657 1875000 1531160
V1 1875000 1531160 1603530 1531160
V1 1603530 1531160 1594890 1539800
Net80 5 
V1 3606270 1757800 3569241 1794828
V1 3569241 1794828 2600000 1794828
V1 2600000 1794828 1875000 1546280
V1 1875000 1546280 1197772 1546280
V1 1197772 1546280 1178332 1565720
Net81 5 
V1 2915180 1714600 2900780 1729000
V1 2900780 1729000 2600000 1729000
V1 2600000 1729000 1875000 1492280
V1 1875000 1492280 1264020 1492280
V1 1264020 1492280 1242420 1513880
Net82 5 
V1 3046820 1714600 3018020 1743400
V1 3018020 1743400 2600000 1743400
V1 2600000 1743400 1875000 1496600
V1 1875000 1496600 1323790 1496600
V1 1323790 1496600 1306510 1513880
