Nets 11
Net8 5 
M3 4157492 2097230 4129721 2125001
M3 4129721 2125001 2600000 2125001
M3 2600000 2125001 1875000 1811960
M3 1875000 1811960 1575810 1811960
M3 1575810 1811960 1562850 1824920
Net29 5 
M3 3681180 1986140 3662660 2004659
M3 3662660 2004659 2600000 2004659
M3 2600000 2004659 1875000 1760120
M3 1875000 1760120 1255380 1760120
M3 1255380 1760120 1242420 1773080
Net30 5 
M3 3871710 1986140 3834676 2023173
M3 3834676 2023173 2600000 2023173
M3 2600000 2023173 1875000 1766600
M3 1875000 1766600 1377070 1766600
M3 1377070 1766600 1370590 1773080
Net43 5 
M3 4205130 1930600 4177361 1958368
M3 4177361 1958368 2600000 1958368
M3 2600000 1958368 1875000 1753640
M3 1875000 1753640 1197772 1753640
M3 1197772 1753640 1178332 1773080
Net52 5 
M3 4157492 1875060 4129723 1902828
M3 4129723 1902828 2600000 1902828
M3 2600000 1902828 1875000 1630520
M3 1875000 1630520 1607850 1630520
M3 1607850 1630520 1594890 1643480
Net59 5 
M3 3633550 1819512 3605773 1847288
M3 3605773 1847288 2600000 1847288
M3 2600000 1847288 1875000 1604600
M3 1875000 1604600 1511720 1604600
M3 1511720 1604600 1498760 1617560
Net73 5 
M3 3871710 1763970 3860601 1775078
M3 3860601 1775078 2600000 1775078
M3 2600000 1775078 1875000 1496600
M3 1875000 1496600 1516040 1496600
M3 1516040 1496600 1498760 1513880
Net74 5 
M3 3966970 1763970 3944753 1786187
M3 3944753 1786187 2600000 1786187
M3 2600000 1786187 1875000 1505240
M3 1875000 1505240 1571490 1505240
M3 1571490 1505240 1562850 1513880
Net75 5 
M3 4062230 1763970 4028904 1797295
M3 4028904 1797295 2600000 1797295
M3 2600000 1797295 1875000 1522520
M3 1875000 1522520 1548090 1522520
M3 1548090 1522520 1530810 1539800
Net76 5 
M3 4157492 1763970 4113058 1808404
M3 4113058 1808404 2600000 1808404
M3 2600000 1808404 1875000 1531160
M3 1875000 1531160 1603530 1531160
M3 1603530 1531160 1594890 1539800
Net83 5 
M3 3633550 1708430 3605781 1736198
M3 3605781 1736198 2600000 1736198
M3 2600000 1736198 1875000 1475000
M3 1875000 1475000 1287420 1475000
M3 1287420 1475000 1274460 1487960
