Nets 37
Net0 5 
V1 2910420 1597230 2904865 1602784
V1 2904865 1602784 2600000 1602784
V1 2600000 1602784 1875000 1849915
V1 1875000 1849915 502054 1849915
V1 502054 1849915 460400 1891570
Net1 5 
V1 3087090 1597230 3075981 1608338
V1 3075981 1608338 2600000 1608338
V1 2600000 1608338 1875000 1854544
V1 1875000 1854544 674096 1854544
V1 674096 1854544 637070 1891570
Net2 5 
V1 3175420 1597230 3158757 1613892
V1 3158757 1613892 2600000 1613892
V1 2600000 1613892 1875000 1859172
V1 1875000 1859172 757797 1859172
V1 757797 1859172 725400 1891570
Net3 5 
V1 3352090 1597230 3329873 1619447
V1 3329873 1619447 2600000 1619447
V1 2600000 1619447 1875000 1863801
V1 1875000 1863801 929839 1863801
V1 929839 1863801 902070 1891570
Net4 5 
V1 3617092 1597230 3589321 1625001
V1 3589321 1625001 2600000 1625001
V1 2600000 1625001 1875000 1868429
V1 1875000 1868429 1013550 1868429
V1 1013550 1868429 990410 1891570
Net5 5 
V1 3705430 1597230 3672104 1630555
V1 3672104 1630555 2600000 1630555
V1 2600000 1630555 1875000 1873058
V1 1875000 1873058 1185592 1873058
V1 1185592 1873058 1167080 1891570
Net6 5 
V1 3882100 1597230 3843220 1636109
V1 3843220 1636109 2600000 1636109
V1 2600000 1636109 1875000 1877686
V1 1875000 1877686 1269293 1877686
V1 1269293 1877686 1255410 1891570
Net7 5 
V1 3970430 1597230 3925996 1641664
V1 3925996 1641664 2600000 1641664
V1 2600000 1641664 1875000 1882315
V1 1875000 1882315 1441335 1882315
V1 1441335 1882315 1432080 1891570
Net8 5 
V1 4058770 1597230 4008781 1647218
V1 4008781 1647218 2600000 1647218
V1 2600000 1647218 1875000 1886943
V1 1875000 1886943 1525039 1886943
V1 1525039 1886943 1520412 1891570
Net10 5 
V1 2954587 1541687 2936073 1560202
V1 2936073 1560202 2600000 1560202
V1 2600000 1560202 1875000 1840658
V1 1875000 1840658 420858 1840658
V1 420858 1840658 416230 1836030
Net11 5 
V1 3042920 1541687 3024406 1523173
V1 3024406 1523173 2600000 1523173
V1 2600000 1523173 1875000 1817515
V1 1875000 1817515 523084 1817515
V1 523084 1817515 504570 1836030
Net22 5 
V1 4102937 1541687 4065909 1578716
V1 4065909 1578716 2600000 1578716
V1 2600000 1578716 1875000 1845287
V1 1875000 1845287 337157 1845287
V1 337157 1845287 327900 1836030
Net23 5 
V1 2998750 1486140 2987641 1475031
V1 2987641 1475031 2600000 1475031
V1 2600000 1475031 1875000 1769374
V1 1875000 1769374 471513 1769374
V1 471513 1769374 460400 1780487
Net24 5 
V1 3087090 1486140 3068570 1504659
V1 3068570 1504659 2600000 1504659
V1 2600000 1504659 1875000 1799001
V1 1875000 1799001 567246 1799001
V1 567246 1799001 548732 1780487
Net33 5 
V1 4147100 1486140 4124883 1463923
V1 4124883 1463923 2600000 1463923
V1 2600000 1463923 1875000 1758265
V1 1875000 1758265 394284 1758265
V1 394284 1758265 372062 1780487
Net34 5 
V1 2954587 1430600 2943481 1441706
V1 2943481 1441706 2600000 1441706
V1 2600000 1441706 1875000 1736048
V1 1875000 1736048 427338 1736048
V1 427338 1736048 416230 1724940
Net35 5 
V1 3131252 1430600 3112738 1412086
V1 3112738 1412086 2600000 1412086
V1 2600000 1412086 1875000 1706428
V1 1875000 1706428 611412 1706428
V1 611412 1706428 592900 1724940
Net43 5 
V1 4102937 1430600 4080723 1452814
V1 4080723 1452814 2600000 1452814
V1 2600000 1452814 1875000 1747157
V1 1875000 1747157 350117 1747157
V1 350117 1747157 327900 1724940
Net44 5 
V1 2998750 1375060 2987641 1363951
V1 2987641 1363951 2600000 1363951
V1 2600000 1363951 1875000 1658294
V1 1875000 1658294 471506 1658294
V1 471506 1658294 460400 1669400
Net45 5 
V1 3087090 1375060 3068578 1393572
V1 3068578 1393572 2600000 1393572
V1 2600000 1393572 1875000 1687914
V1 1875000 1687914 567246 1687914
V1 567246 1687914 548732 1669400
Net53 5 
V1 4147100 1375060 4124883 1352843
V1 4124883 1352843 2600000 1352843
V1 2600000 1352843 1875000 1647185
V1 1875000 1647185 394277 1647185
V1 394277 1647185 372062 1669400
Net54 5 
V1 2954587 1319512 2943474 1330626
V1 2943474 1330626 2600000 1330626
V1 2600000 1330626 1875000 1624968
V1 1875000 1624968 427338 1624968
V1 427338 1624968 416230 1613860
Net55 5 
V1 3131252 1319512 3126980 1315240
V1 3126980 1315240 2600000 1315240
V1 2600000 1315240 1875000 1595340
V1 1875000 1595340 611419 1595340
V1 611419 1595340 592900 1613860
Net64 5 
V1 4102937 1319512 4080715 1341734
V1 4080715 1341734 2600000 1341734
V1 2600000 1341734 1875000 1636077
V1 1875000 1636077 350117 1636077
V1 350117 1636077 327900 1613860
Net66 5 
V1 2998750 1263970 2980236 1245456
V1 2980236 1245456 2600000 1245456
V1 2600000 1245456 1875000 1511315
V1 1875000 1511315 595730 1511315
V1 595730 1511315 548732 1558312
Net67 5 
V1 3087090 1263970 3082817 1268242
V1 3082817 1268242 2600000 1268242
V1 2600000 1268242 1875000 1515587
V1 1875000 1515587 679795 1515587
V1 679795 1515587 637070 1558312
Net68 5 
V1 3175420 1263970 3166875 1272515
V1 3166875 1272515 2600000 1272515
V1 2600000 1272515 1875000 1519860
V1 1875000 1519860 763852 1519860
V1 763852 1519860 725400 1558312
Net69 5 
V1 3263760 1263970 3250942 1276787
V1 3250942 1276787 2600000 1276787
V1 2600000 1276787 1875000 1524132
V1 1875000 1524132 847920 1524132
V1 847920 1524132 813740 1558312
Net70 5 
V1 3352090 1263970 3335000 1281060
V1 3335000 1281060 2600000 1281060
V1 2600000 1281060 1875000 1528405
V1 1875000 1528405 931977 1528405
V1 931977 1528405 902070 1558312
Net71 5 
V1 3617092 1263970 3595730 1285332
V1 3595730 1285332 2600000 1285332
V1 2600000 1285332 1875000 1532677
V1 1875000 1532677 1016045 1532677
V1 1016045 1532677 990410 1558312
Net72 5 
V1 3705430 1263970 3679795 1289605
V1 3679795 1289605 2600000 1289605
V1 2600000 1289605 1875000 1536950
V1 1875000 1536950 1100102 1536950
V1 1100102 1536950 1078740 1558312
Net73 5 
V1 3793762 1263970 3763855 1293877
V1 3763855 1293877 2600000 1293877
V1 2600000 1293877 1875000 1541222
V1 1875000 1541222 1184170 1541222
V1 1184170 1541222 1167080 1558312
Net74 5 
V1 3882100 1263970 3847920 1298150
V1 3847920 1298150 2600000 1298150
V1 2600000 1298150 1875000 1545495
V1 1875000 1545495 1268227 1545495
V1 1268227 1545495 1255410 1558312
Net75 5 
V1 3970430 1263970 3931977 1302422
V1 3931977 1302422 2600000 1302422
V1 2600000 1302422 1875000 1549767
V1 1875000 1549767 1440625 1549767
V1 1440625 1549767 1432080 1558312
Net76 5 
V1 4058770 1263970 4016045 1306695
V1 4016045 1306695 2600000 1306695
V1 2600000 1306695 1875000 1554040
V1 1875000 1554040 1524685 1554040
V1 1524685 1554040 1520412 1558312
Net77 5 
V1 4147100 1263970 4100102 1310967
V1 4100102 1310967 2600000 1310967
V1 2600000 1310967 1875000 1576826
V1 1875000 1576826 390576 1576826
V1 390576 1576826 372062 1558312
Net79 5 
V1 3042920 1208430 3024408 1226942
V1 3024408 1226942 2600000 1226942
V1 2600000 1226942 1875000 1507042
V1 1875000 1507042 508842 1507042
V1 508842 1507042 504570 1502770
