Nets 26
Net4 5 
M2 3365080 1603400 3343480 1625000
M2 3343480 1625000 2600000 1625000
M2 2600000 1625000 1875000 1842200
M2 1875000 1842200 1562830 1842200
M2 1562830 1842200 1554190 1850840
Net14 5 
M2 3559940 1560200 3549140 1571000
M2 3549140 1571000 2600000 1571000
M2 2600000 1571000 1875000 1807640
M2 1875000 1807640 1544620 1807640
M2 1544620 1807640 1527340 1824920
Net15 5 
M2 3637880 1560200 3616280 1581800
M2 3616280 1581800 2600000 1581800
M2 2600000 1581800 1875000 1816280
M2 1875000 1816280 1589680 1816280
M2 1589680 1816280 1581040 1824920
Net16 5 
M2 3793762 1560200 3761362 1592600
M2 3761362 1592600 2600000 1592600
M2 2600000 1592600 1875000 1833560
M2 1875000 1833560 1267512 1833560
M2 1267512 1833560 1258872 1824920
Net21 5 
M2 3365080 1517000 3350680 1531400
M2 3350680 1531400 2600000 1531400
M2 2600000 1531400 1875000 1760120
M2 1875000 1760120 1486610 1760120
M2 1486610 1760120 1473650 1773080
Net24 5 
M2 3676850 1517000 3648050 1545800
M2 3648050 1545800 2600000 1545800
M2 2600000 1545800 1875000 1766600
M2 1875000 1766600 1587520 1766600
M2 1587520 1766600 1581040 1773080
Net25 5 
M2 3754790 1517000 3746150 1508360
M2 3746150 1508360 2600000 1508360
M2 2600000 1508360 1875000 1753640
M2 1875000 1753640 1278312 1753640
M2 1278312 1753640 1258872 1773080
Net29 5 
M2 3170227 1473800 3161587 1482440
M2 3161587 1482440 2600000 1482440
M2 2600000 1482440 1875000 1727720
M2 1875000 1727720 1358857 1727720
M2 1358857 1727720 1339417 1747160
Net33 5 
M2 3637880 1473800 3620600 1491080
M2 3620600 1491080 2600000 1491080
M2 2600000 1491080 1875000 1734200
M2 1875000 1734200 1567150 1734200
M2 1567150 1734200 1554190 1747160
Net34 5 
M2 3715820 1473800 3689900 1499720
M2 3689900 1499720 2600000 1499720
M2 2600000 1499720 1875000 1740680
M2 1875000 1740680 1614360 1740680
M2 1614360 1740680 1607880 1747160
Net37 5 
M2 2975370 1430600 2966730 1439240
M2 2966730 1439240 2600000 1439240
M2 2600000 1439240 1875000 1700504
M2 1875000 1700504 1440693 1700504
M2 1440693 1700504 1419957 1721240
Net41 5 
M2 3520970 1430600 3503690 1447880
M2 3503690 1447880 2600000 1447880
M2 2600000 1447880 1875000 1705688
M2 1875000 1705688 1489202 1705688
M2 1489202 1705688 1473650 1721240
Net42 5 
M2 3598910 1430600 3572990 1456520
M2 3572990 1456520 2600000 1456520
M2 2600000 1456520 1875000 1710872
M2 1875000 1710872 1537708 1710872
M2 1537708 1710872 1527340 1721240
Net43 5 
M2 3676850 1430600 3642290 1465160
M2 3642290 1465160 2600000 1465160
M2 2600000 1465160 1875000 1716056
M2 1875000 1716056 1586224 1716056
M2 1586224 1716056 1581040 1721240
Net44 5 
M2 3014340 1387400 2999940 1401800
M2 2999940 1401800 2600000 1401800
M2 2600000 1401800 1875000 1626200
M2 1875000 1626200 1356697 1626200
M2 1356697 1626200 1339417 1643480
Net50 5 
M2 3559940 1387400 3531140 1416200
M2 3531140 1416200 2600000 1416200
M2 2600000 1416200 1875000 1634840
M2 1875000 1634840 1509137 1634840
M2 1509137 1634840 1500497 1643480
Net57 5 
M2 3443020 1344200 3421420 1365800
M2 3421420 1365800 2600000 1365800
M2 2600000 1365800 1875000 1608920
M2 1875000 1608920 1589680 1608920
M2 1589680 1608920 1581040 1617560
Net67 5 
M2 3404050 1301000 3395410 1309640
M2 3395410 1309640 2600000 1309640
M2 2600000 1309640 1875000 1546280
M2 1875000 1546280 1493090 1546280
M2 1493090 1546280 1473650 1565720
Net68 5 
M2 3559940 1301000 3542660 1318280
M2 3542660 1318280 2600000 1318280
M2 2600000 1318280 1875000 1552760
M2 1875000 1552760 1540300 1552760
M2 1540300 1552760 1527340 1565720
Net69 5 
M2 3637880 1301000 3611960 1326920
M2 3611960 1326920 2600000 1326920
M2 2600000 1326920 1875000 1559240
M2 1875000 1559240 1587520 1559240
M2 1587520 1559240 1581040 1565720
Net70 5 
M2 3793762 1301000 3759202 1335560
M2 3759202 1335560 2600000 1335560
M2 2600000 1335560 1875000 1600280
M2 1875000 1600280 1276152 1600280
M2 1276152 1600280 1258872 1617560
Net74 5 
M2 3131252 1257800 3109652 1279400
M2 3109652 1279400 2600000 1279400
M2 2600000 1279400 1875000 1505240
M2 1875000 1505240 1428597 1505240
M2 1428597 1505240 1419957 1513880
Net84 5 
M2 3326110 1214600 3317470 1223240
M2 3317470 1223240 2600000 1223240
M2 2600000 1223240 1875000 1468520
M2 1875000 1468520 1412550 1468520
M2 1412550 1468520 1393110 1487960
Net85 5 
M2 3404050 1214600 3386770 1231880
M2 3386770 1231880 2600000 1231880
M2 2600000 1231880 1875000 1475000
M2 1875000 1475000 1513457 1475000
M2 1513457 1475000 1500497 1487960
Net86 5 
M2 3559940 1214600 3534020 1240520
M2 3534020 1240520 2600000 1240520
M2 2600000 1240520 1875000 1481480
M2 1875000 1481480 1614360 1481480
M2 1614360 1481480 1607880 1487960
Net87 5 
M2 3793762 1214600 3759202 1249160
M2 3759202 1249160 2600000 1249160
M2 2600000 1249160 1875000 1496600
M2 1875000 1496600 1276152 1496600
M2 1276152 1496600 1258872 1513880
