Nets 21
Net6 5 
M2 3860880 1603400 3839280 1625000
M2 3839280 1625000 2600000 1625000
M2 2600000 1625000 1875000 1808258
M2 1875000 1808258 302841 1808258
M2 302841 1808258 275070 1836030
Net17 5 
M2 2908250 1517000 2886650 1538600
M2 2886650 1538600 2600000 1538600
M2 2600000 1538600 1875000 1752711
M2 1875000 1752711 440546 1752711
M2 440546 1752711 412770 1780487
Net25 5 
M2 3860880 1517000 3839280 1495400
M2 3839280 1495400 2600000 1495400
M2 2600000 1495400 1875000 1697171
M2 1875000 1697171 302838 1697171
M2 302838 1697171 275070 1724940
Net48 5 
M2 3471170 1387400 3462530 1396040
M2 3462530 1396040 2600000 1396040
M2 2600000 1396040 1875000 1624968
M2 1875000 1624968 1007991 1624968
M2 1007991 1624968 963560 1669400
Net49 5 
M2 3557770 1387400 3540490 1404680
M2 3540490 1404680 2600000 1404680
M2 2600000 1404680 1875000 1636077
M2 1875000 1636077 1088683 1636077
M2 1088683 1636077 1055360 1669400
Net50 5 
M2 3644372 1387400 3618452 1413320
M2 3618452 1413320 2600000 1413320
M2 2600000 1413320 1875000 1647185
M2 1875000 1647185 1261174 1647185
M2 1261174 1647185 1238960 1669400
Net51 5 
M2 3817580 1387400 3783020 1421960
M2 3783020 1421960 2600000 1421960
M2 2600000 1421960 1875000 1658294
M2 1875000 1658294 1341858 1658294
M2 1341858 1658294 1330752 1669400
Net52 5 
M2 2908250 1344200 2903450 1349000
M2 2903450 1349000 2600000 1349000
M2 2600000 1349000 1875000 1539798
M2 1875000 1539798 431284 1539798
M2 431284 1539798 412770 1558312
Net53 5 
M2 2994857 1344200 2985257 1353800
M2 2985257 1353800 2600000 1353800
M2 2600000 1353800 1875000 1565255
M2 1875000 1565255 415474 1565255
M2 415474 1565255 366870 1613860
Net54 5 
M2 3168060 1344200 3153660 1358600
M2 3153660 1358600 2600000 1358600
M2 2600000 1358600 1875000 1572198
M2 1875000 1572198 592129 1572198
M2 592129 1572198 550467 1613860
Net55 5 
M2 3341267 1344200 3322067 1363400
M2 3322067 1363400 2600000 1363400
M2 2600000 1363400 1875000 1579140
M2 1875000 1579140 676981 1579140
M2 676981 1579140 642262 1613860
Net56 5 
M2 3427870 1344200 3403870 1368200
M2 3403870 1368200 2600000 1368200
M2 2600000 1368200 1875000 1586083
M2 1875000 1586083 853636 1586083
M2 853636 1586083 825860 1613860
Net57 5 
M2 3514470 1344200 3485670 1373000
M2 3485670 1373000 2600000 1373000
M2 2600000 1373000 1875000 1593026
M2 1875000 1593026 938493 1593026
M2 938493 1593026 917660 1613860
Net58 5 
M2 3601070 1344200 3567470 1377800
M2 3567470 1377800 2600000 1377800
M2 2600000 1377800 1875000 1599969
M2 1875000 1599969 1115151 1599969
M2 1115151 1599969 1101260 1613860
Net59 5 
M2 3687677 1344200 3649277 1382600
M2 3649277 1382600 2600000 1382600
M2 2600000 1382600 1875000 1606911
M2 1875000 1606911 1200008 1606911
M2 1200008 1606911 1193060 1613860
Net82 5 
M2 3124760 1214600 3118587 1220772
M2 3118587 1220772 2600000 1220772
M2 2600000 1220772 1875000 1456484
M2 1875000 1456484 872145 1456484
M2 872145 1456484 825860 1502770
Net83 5 
M2 3211360 1214600 3199016 1226943
M2 3199016 1226943 2600000 1226943
M2 2600000 1226943 1875000 1465741
M2 1875000 1465741 1138288 1465741
M2 1138288 1465741 1101260 1502770
Net84 5 
M2 3384570 1214600 3366055 1233115
M2 3366055 1233115 2600000 1233115
M2 2600000 1233115 1875000 1474998
M2 1875000 1474998 1312629 1474998
M2 1312629 1474998 1284857 1502770
Net85 5 
M2 3471170 1214600 3446483 1239286
M2 3446483 1239286 2600000 1239286
M2 2600000 1239286 1875000 1484255
M2 1875000 1484255 1395167 1484255
M2 1395167 1484255 1376652 1502770
Net86 5 
M2 3644372 1214600 3613515 1245457
M2 3613515 1245457 2600000 1245457
M2 2600000 1245457 1875000 1493512
M2 1875000 1493512 1569507 1493512
M2 1569507 1493512 1560250 1502770
Net87 5 
M2 3904180 1214600 3867151 1251628
M2 3867151 1251628 2600000 1251628
M2 2600000 1251628 1875000 1521284
M2 1875000 1521284 357998 1521284
M2 357998 1521284 320970 1558312
