Nets 20
Net5 5 
V2 3520970 1603400 3499370 1625000
V2 3499370 1625000 2600000 1625000
V2 2600000 1625000 1875000 1837880
V2 1875000 1837880 1633830 1837880
V2 1633830 1837880 1620870 1850840
Net13 5 
V2 3481997 1560200 3460397 1581800
V2 3460397 1581800 2600000 1581800
V2 2600000 1581800 1875000 1811960
V2 1875000 1811960 1525580 1811960
V2 1525580 1811960 1512620 1824920
Net23 5 
V2 3598910 1517000 3577310 1538600
V2 3577310 1538600 2600000 1538600
V2 2600000 1538600 1875000 1786040
V2 1875000 1786040 1633830 1786040
V2 1633830 1786040 1620870 1799000
Net31 5 
V2 3404050 1473800 3382450 1495400
V2 3382450 1495400 2600000 1495400
V2 2600000 1495400 1875000 1760120
V2 1875000 1760120 1482280 1760120
V2 1482280 1760120 1469320 1773080
Net32 5 
V2 3481997 1473800 3471197 1463000
V2 3471197 1463000 2600000 1463000
V2 2600000 1463000 1875000 1734200
V2 1875000 1734200 1503930 1734200
V2 1503930 1734200 1490970 1747160
Net35 5 
V2 3793762 1473800 3772162 1452200
V2 3772162 1452200 2600000 1452200
V2 2600000 1452200 1875000 1708280
V2 1875000 1708280 1352377 1708280
V2 1352377 1708280 1339417 1721240
Net38 5 
V2 3131252 1430600 3120452 1441400
V2 3120452 1441400 2600000 1441400
V2 2600000 1441400 1875000 1682360
V2 1875000 1682360 1503930 1682360
V2 1503930 1682360 1490970 1695320
Net48 5 
V2 3404050 1387400 3389650 1401800
V2 3389650 1401800 2600000 1401800
V2 2600000 1401800 1875000 1656440
V2 1875000 1656440 1482280 1656440
V2 1482280 1656440 1469320 1669400
Net49 5 
V2 3481997 1387400 3453197 1416200
V2 3453197 1416200 2600000 1416200
V2 2600000 1416200 1875000 1662920
V2 1875000 1662920 1519100 1662920
V2 1519100 1662920 1512620 1669400
Net55 5 
V2 3287140 1344200 3278500 1352840
V2 3278500 1352840 2600000 1352840
V2 2600000 1352840 1875000 1586456
V2 1875000 1586456 1539454 1586456
V2 1539454 1586456 1534270 1591640
Net59 5 
V2 3598910 1344200 3581630 1361480
V2 3581630 1361480 2600000 1361480
V2 2600000 1361480 1875000 1626200
V2 1875000 1626200 1594850 1626200
V2 1594850 1626200 1577570 1643480
Net60 5 
V2 3676850 1344200 3650930 1370120
V2 3650930 1370120 2600000 1370120
V2 2600000 1370120 1875000 1634840
V2 1875000 1634840 1629510 1634840
V2 1629510 1634840 1620870 1643480
Net61 5 
V2 3754790 1344200 3720230 1378760
V2 3720230 1378760 2600000 1378760
V2 2600000 1378760 1875000 1649960
V2 1875000 1649960 1358857 1649960
V2 1358857 1649960 1339417 1669400
Net62 5 
V2 2936400 1301000 2925600 1311800
V2 2925600 1311800 2600000 1311800
V2 2600000 1311800 1875000 1570904
V2 1875000 1570904 1425106 1570904
V2 1425106 1570904 1404370 1591640
Net64 5 
V2 3170227 1301000 3148627 1322600
V2 3148627 1322600 2600000 1322600
V2 2600000 1322600 1875000 1576088
V2 1875000 1576088 1463222 1576088
V2 1463222 1576088 1447670 1591640
Net65 5 
V2 3248170 1301000 3215770 1333400
V2 3215770 1333400 2600000 1333400
V2 2600000 1333400 1875000 1581272
V2 1875000 1581272 1501338 1581272
V2 1501338 1581272 1490970 1591640
Net71 5 
V2 2897430 1257800 2886630 1268600
V2 2886630 1268600 2600000 1268600
V2 2600000 1268600 1875000 1520360
V2 1875000 1520360 1380507 1520360
V2 1380507 1520360 1361067 1539800
Net72 5 
V2 2975370 1257800 2953770 1279400
V2 2953770 1279400 2600000 1279400
V2 2600000 1279400 1875000 1526840
V2 1875000 1526840 1460630 1526840
V2 1460630 1526840 1447670 1539800
Net73 5 
V2 3053310 1257800 3020910 1290200
V2 3020910 1290200 2600000 1290200
V2 2600000 1290200 1875000 1533320
V2 1875000 1533320 1497450 1533320
V2 1497450 1533320 1490970 1539800
Net83 5 
V2 3170227 1214600 3148627 1236200
V2 3148627 1236200 2600000 1236200
V2 2600000 1236200 1875000 1475000
V2 1875000 1475000 1417330 1475000
V2 1417330 1475000 1404370 1487960
