Nets 40
Net0 5 
V1 2854130 1612040 2848946 1617224
V1 2848946 1617224 2600000 1617224
V1 2600000 1617224 1875000 1850840
V1 1875000 1850840 1067837 1850840
V1 1067837 1850840 1033277 1885400
Net1 5 
V1 2940730 1612040 2930362 1622408
V1 2930362 1622408 2600000 1622408
V1 2600000 1622408 1875000 1859480
V1 1875000 1859480 1190830 1859480
V1 1190830 1859480 1164910 1885400
Net2 5 
V1 3027330 1612040 3011778 1627592
V1 3011778 1627592 2600000 1627592
V1 2600000 1627592 1875000 1868120
V1 1875000 1868120 1248010 1868120
V1 1248010 1868120 1230730 1885400
Net3 5 
V1 3070630 1612040 3049894 1632776
V1 3049894 1632776 2600000 1632776
V1 2600000 1632776 1875000 1876760
V1 1875000 1876760 1371002 1876760
V1 1371002 1876760 1362362 1885400
Net4 5 
V1 2875780 1586120 2870596 1591304
V1 2870596 1591304 2600000 1591304
V1 2600000 1591304 1875000 1823000
V1 1875000 1823000 1085382 1823000
V1 1085382 1823000 1066182 1842200
Net5 5 
V1 2919080 1586120 2908712 1596488
V1 2908712 1596488 2600000 1596488
V1 2600000 1596488 1875000 1827800
V1 1875000 1827800 1146400 1827800
V1 1146400 1827800 1132000 1842200
Net6 5 
V1 2962380 1586120 2946828 1601672
V1 2946828 1601672 2600000 1601672
V1 2600000 1601672 1875000 1832600
V1 1875000 1832600 1273240 1832600
V1 1273240 1832600 1263640 1842200
Net7 5 
V1 3005680 1586120 2984944 1606856
V1 2984944 1606856 2600000 1606856
V1 2600000 1606856 1875000 1837400
V1 1875000 1837400 1400070 1837400
V1 1400070 1837400 1395270 1842200
Net11 5 
V1 2854130 1560200 2845490 1568840
V1 2845490 1568840 2600000 1568840
V1 2600000 1568840 1875000 1813400
V1 1875000 1813400 963350 1813400
V1 963350 1813400 934550 1842200
Net12 5 
V1 2897430 1560200 2880150 1577480
V1 2880150 1577480 2600000 1577480
V1 2600000 1577480 1875000 1818200
V1 1875000 1818200 1024370 1818200
V1 1024370 1818200 1000370 1842200
Net17 5 
V1 2919080 1534280 2906120 1547240
V1 2906120 1547240 2600000 1547240
V1 2600000 1547240 1875000 1808600
V1 1875000 1808600 1042877 1808600
V1 1042877 1808600 1033277 1799000
Net20 5 
V1 3092280 1534280 3087960 1529960
V1 3087960 1529960 2600000 1529960
V1 2600000 1529960 1875000 1803800
V1 1875000 1803800 1432980 1803800
V1 1432980 1803800 1428180 1799000
Net22 5 
V1 2854130 1508360 2849810 1512680
V1 2849810 1512680 2600000 1512680
V1 2600000 1512680 1875000 1743456
V1 1875000 1743456 1210163 1743456
V1 1210163 1743456 1197820 1755800
Net23 5 
V1 2940730 1508360 2932090 1517000
V1 2932090 1517000 2600000 1517000
V1 2600000 1517000 1875000 1749627
V1 1875000 1749627 1269812 1749627
V1 1269812 1749627 1263640 1755800
Net25 5 
V1 3027330 1508360 3014370 1521320
V1 3014370 1521320 2600000 1521320
V1 2600000 1521320 1875000 1770200
V1 1875000 1770200 1391162 1770200
V1 1391162 1770200 1362362 1799000
Net26 5 
V1 3070630 1508360 3053350 1525640
V1 3053350 1525640 2600000 1525640
V1 2600000 1525640 1875000 1784600
V1 1875000 1784600 1574220 1784600
V1 1574220 1784600 1559820 1799000
Net28 5 
V1 2919080 1482440 2906120 1495400
V1 2906120 1495400 2600000 1495400
V1 2600000 1495400 1875000 1737285
V1 1875000 1737285 1084697 1737285
V1 1084697 1737285 1066182 1755800
Net34 5 
V1 2897430 1456520 2884470 1469480
V1 2884470 1469480 2600000 1469480
V1 2600000 1469480 1875000 1731113
V1 1875000 1731113 1025056 1731113
V1 1025056 1731113 1000370 1755800
Net36 5 
V1 2984030 1456520 2979710 1452200
V1 2979710 1452200 2600000 1452200
V1 2600000 1452200 1875000 1724942
V1 1875000 1724942 1374705 1724942
V1 1374705 1724942 1362362 1712600
Net37 5 
V1 3027330 1456520 3018690 1447880
V1 3018690 1447880 2600000 1447880
V1 2600000 1447880 1875000 1718771
V1 1875000 1718771 1434351 1718771
V1 1434351 1718771 1428180 1712600
Net38 5 
V1 3070630 1456520 3057670 1443560
V1 3057670 1443560 2600000 1443560
V1 2600000 1443560 1875000 1705400
V1 1875000 1705400 1501200 1705400
V1 1501200 1705400 1494000 1712600
Net40 5 
V1 2962380 1430600 2957196 1425416
V1 2957196 1425416 2600000 1425416
V1 2600000 1425416 1875000 1683800
V1 1875000 1683800 1127890 1683800
V1 1127890 1683800 1099090 1712600
Net41 5 
V1 3005680 1430600 3001360 1434920
V1 3001360 1434920 2600000 1434920
V1 2600000 1434920 1875000 1691000
V1 1875000 1691000 1186510 1691000
V1 1186510 1691000 1164910 1712600
Net42 5 
V1 3092280 1430600 3083640 1439240
V1 3083640 1439240 2600000 1439240
V1 2600000 1439240 1875000 1698200
V1 1875000 1698200 1310950 1698200
V1 1310950 1698200 1296550 1712600
Net45 5 
V1 2940730 1404680 2935546 1409864
V1 2935546 1409864 2600000 1409864
V1 2600000 1409864 1875000 1647800
V1 1875000 1647800 1285240 1647800
V1 1285240 1647800 1263640 1669400
Net46 5 
V1 2984030 1404680 2973662 1415048
V1 2973662 1415048 2600000 1415048
V1 2600000 1415048 1875000 1658600
V1 1875000 1658600 1406070 1658600
V1 1406070 1658600 1395270 1669400
Net47 5 
V1 3070630 1404680 3055078 1420232
V1 3055078 1420232 2600000 1420232
V1 2600000 1420232 1875000 1676600
V1 1875000 1676600 1599930 1676600
V1 1599930 1676600 1592730 1669400
Net53 5 
V1 3092280 1378760 3079320 1391720
V1 3079320 1391720 2600000 1391720
V1 2600000 1391720 1875000 1637000
V1 1875000 1637000 1570620 1637000
V1 1570620 1637000 1559820 1626200
Net54 5 
V1 3135582 1378760 3122622 1365800
V1 3122622 1365800 2600000 1365800
V1 2600000 1365800 1875000 1604600
V1 1875000 1604600 857420 1604600
V1 857420 1604600 835820 1626200
Net60 5 
V1 2875780 1326920 2869300 1333400
V1 2869300 1333400 2600000 1333400
V1 2600000 1333400 1875000 1566800
V1 1875000 1566800 950750 1566800
V1 950750 1566800 934550 1583000
Net61 5 
V1 2919080 1326920 2906120 1339880
V1 2906120 1339880 2600000 1339880
V1 2600000 1339880 1875000 1572200
V1 1875000 1572200 1142800 1572200
V1 1142800 1572200 1132000 1583000
Net62 5 
V1 2962380 1326920 2942940 1346360
V1 2942940 1346360 2600000 1346360
V1 2600000 1346360 1875000 1577600
V1 1875000 1577600 1203220 1577600
V1 1203220 1577600 1197820 1583000
Net72 5 
V1 2919080 1275080 2906120 1288040
V1 2906120 1288040 2600000 1288040
V1 2600000 1288040 1875000 1561400
V1 1875000 1561400 1054877 1561400
V1 1054877 1561400 1033277 1539800
Net73 5 
V1 2962380 1275080 2958060 1270760
V1 2958060 1270760 2600000 1270760
V1 2600000 1270760 1875000 1556000
V1 1875000 1556000 1115290 1556000
V1 1115290 1556000 1099090 1539800
Net74 5 
V1 3048980 1275080 3040340 1266440
V1 3040340 1266440 2600000 1266440
V1 2600000 1266440 1875000 1550600
V1 1875000 1550600 1504800 1550600
V1 1504800 1550600 1494000 1539800
Net75 5 
V1 3092280 1275080 3079320 1262120
V1 3079320 1262120 2600000 1262120
V1 2600000 1262120 1875000 1545200
V1 1875000 1545200 1565220 1545200
V1 1565220 1545200 1559820 1539800
Net76 5 
V1 3135582 1275080 3118302 1257800
V1 3118302 1257800 2600000 1257800
V1 2600000 1257800 1875000 1525400
V1 1875000 1525400 850220 1525400
V1 850220 1525400 835820 1539800
Net77 5 
V1 2854130 1249160 2845490 1240520
V1 2845490 1240520 2600000 1240520
V1 2600000 1240520 1875000 1482200
V1 1875000 1482200 1080582 1482200
V1 1080582 1482200 1066182 1496600
Net78 5 
V1 2897430 1249160 2893110 1253480
V1 2893110 1253480 2600000 1253480
V1 2600000 1253480 1875000 1511000
V1 1875000 1511000 1212220 1511000
V1 1212220 1511000 1197820 1496600
Net87 5 
V1 3135582 1223240 3126942 1231880
V1 3126942 1231880 2600000 1231880
V1 2600000 1231880 1875000 1467800
V1 1875000 1467800 897530 1467800
V1 897530 1467800 868730 1496600
