Nets 48
Net6 5 
M2 3754790 1603400 3733190 1625000
M2 3733190 1625000 2600000 1625000
M2 2600000 1625000 1875000 1863800
M2 1875000 1863800 702837 1863800
M2 702837 1863800 681237 1885400
Net9 5 
M2 3092280 1560200 3086880 1565600
M2 3086880 1565600 2600000 1565600
M2 2600000 1565600 1875000 1804400
M2 1875000 1804400 991830 1804400
M2 991830 1804400 954030 1842200
Net10 5 
M2 3170227 1560200 3159427 1571000
M2 3159427 1571000 2600000 1571000
M2 2600000 1571000 1875000 1809800
M2 1875000 1809800 1064380 1809800
M2 1064380 1809800 1031980 1842200
Net11 5 
M2 3248170 1560200 3231970 1576400
M2 3231970 1576400 2600000 1576400
M2 2600000 1576400 1875000 1815200
M2 1875000 1815200 1214860 1815200
M2 1214860 1815200 1187860 1842200
Net12 5 
M2 3404050 1560200 3382450 1581800
M2 3382450 1581800 2600000 1581800
M2 2600000 1581800 1875000 1820600
M2 1875000 1820600 1365347 1820600
M2 1365347 1820600 1343747 1842200
Net13 5 
M2 3481997 1560200 3454997 1587200
M2 3454997 1587200 2600000 1587200
M2 2600000 1587200 1875000 1826000
M2 1875000 1826000 1437890 1826000
M2 1437890 1826000 1421690 1842200
Net14 5 
M2 3559940 1560200 3527540 1592600
M2 3527540 1592600 2600000 1592600
M2 2600000 1592600 1875000 1831400
M2 1875000 1831400 1510430 1831400
M2 1510430 1831400 1499630 1842200
Net15 5 
M2 3637880 1560200 3600080 1598000
M2 3600080 1598000 2600000 1598000
M2 2600000 1598000 1875000 1836800
M2 1875000 1836800 1582970 1836800
M2 1582970 1836800 1577570 1842200
Net19 5 
M2 3131252 1517000 3125080 1523172
M2 3125080 1523172 2600000 1523172
M2 2600000 1523172 1875000 1761971
M2 1875000 1761971 1107978 1761971
M2 1107978 1761971 1070950 1799000
Net20 5 
M2 3287140 1517000 3274796 1529343
M2 3274796 1529343 2600000 1529343
M2 2600000 1529343 1875000 1768142
M2 1875000 1768142 1179747 1768142
M2 1179747 1768142 1148890 1799000
Net21 5 
M2 3365080 1517000 3346565 1535515
M2 3346565 1535515 2600000 1535515
M2 2600000 1535515 1875000 1774313
M2 1875000 1774313 1251516 1774313
M2 1251516 1774313 1226830 1799000
Net22 5 
M2 3443020 1517000 3418333 1541686
M2 3418333 1541686 2600000 1541686
M2 2600000 1541686 1875000 1780485
M2 1875000 1780485 1323287 1780485
M2 1323287 1780485 1304772 1799000
Net23 5 
M2 3598910 1517000 3568052 1547857
M2 3568052 1547857 2600000 1547857
M2 2600000 1547857 1875000 1786656
M2 1875000 1786656 1395063 1786656
M2 1395063 1786656 1382720 1799000
Net24 5 
M2 3676850 1517000 3639821 1554028
M2 3639821 1554028 2600000 1554028
M2 2600000 1554028 1875000 1792827
M2 1875000 1792827 1544772 1792827
M2 1544772 1792827 1538600 1799000
Net28 5 
M2 3092280 1473800 3086880 1479200
M2 3086880 1479200 2600000 1479200
M2 2600000 1479200 1875000 1718000
M2 1875000 1718000 991830 1718000
M2 991830 1718000 954030 1755800
Net29 5 
M2 3170227 1473800 3159427 1484600
M2 3159427 1484600 2600000 1484600
M2 2600000 1484600 1875000 1723400
M2 1875000 1723400 1064380 1723400
M2 1064380 1723400 1031980 1755800
Net30 5 
M2 3326110 1473800 3309910 1490000
M2 3309910 1490000 2600000 1490000
M2 2600000 1490000 1875000 1728800
M2 1875000 1728800 1136920 1728800
M2 1136920 1728800 1109920 1755800
Net31 5 
M2 3404050 1473800 3382450 1495400
M2 3382450 1495400 2600000 1495400
M2 2600000 1495400 1875000 1734200
M2 1875000 1734200 1209460 1734200
M2 1209460 1734200 1187860 1755800
Net32 5 
M2 3481997 1473800 3454997 1500800
M2 3454997 1500800 2600000 1500800
M2 2600000 1500800 1875000 1739600
M2 1875000 1739600 1359947 1739600
M2 1359947 1739600 1343747 1755800
Net33 5 
M2 3637880 1473800 3605480 1506200
M2 3605480 1506200 2600000 1506200
M2 2600000 1506200 1875000 1745000
M2 1875000 1745000 1510430 1745000
M2 1510430 1745000 1499630 1755800
Net34 5 
M2 3715820 1473800 3678020 1511600
M2 3678020 1511600 2600000 1511600
M2 2600000 1511600 1875000 1750400
M2 1875000 1750400 1582970 1750400
M2 1582970 1750400 1577570 1755800
Net38 5 
M2 3131252 1430600 3125080 1436772
M2 3125080 1436772 2600000 1436772
M2 2600000 1436772 1875000 1675571
M2 1875000 1675571 1030031 1675571
M2 1030031 1675571 993002 1712600
Net39 5 
M2 3287140 1430600 3274796 1442943
M2 3274796 1442943 2600000 1442943
M2 2600000 1442943 1875000 1681742
M2 1875000 1681742 1101807 1681742
M2 1101807 1681742 1070950 1712600
Net40 5 
M2 3443020 1430600 3424505 1449115
M2 3424505 1449115 2600000 1449115
M2 2600000 1449115 1875000 1687913
M2 1875000 1687913 1251516 1687913
M2 1251516 1687913 1226830 1712600
Net41 5 
M2 3520970 1430600 3496283 1455286
M2 3496283 1455286 2600000 1455286
M2 2600000 1455286 1875000 1694085
M2 1875000 1694085 1323287 1694085
M2 1323287 1694085 1304772 1712600
Net42 5 
M2 3598910 1430600 3568052 1461457
M2 3568052 1461457 2600000 1461457
M2 2600000 1461457 1875000 1700256
M2 1875000 1700256 1395063 1700256
M2 1395063 1700256 1382720 1712600
Net43 5 
M2 3676850 1430600 3639821 1467628
M2 3639821 1467628 2600000 1467628
M2 2600000 1467628 1875000 1706427
M2 1875000 1706427 1466832 1706427
M2 1466832 1706427 1460660 1712600
Net55 5 
M2 3287140 1344200 3276340 1355000
M2 3276340 1355000 2600000 1355000
M2 2600000 1355000 1875000 1597400
M2 1875000 1597400 1099750 1597400
M2 1099750 1597400 1070950 1626200
Net56 5 
M2 3365080 1344200 3343480 1365800
M2 3343480 1365800 2600000 1365800
M2 2600000 1365800 1875000 1611800
M2 1875000 1611800 1163290 1611800
M2 1163290 1611800 1148890 1626200
Net61 5 
M2 3754790 1344200 3722390 1376600
M2 3722390 1376600 2600000 1376600
M2 2600000 1376600 1875000 1647800
M2 1875000 1647800 702837 1647800
M2 702837 1647800 681237 1626200
Net64 5 
M2 3170227 1301000 3164055 1307172
M2 3164055 1307172 2600000 1307172
M2 2600000 1307172 1875000 1545971
M2 1875000 1545971 1069008 1545971
M2 1069008 1545971 1031980 1583000
Net65 5 
M2 3248170 1301000 3235826 1313343
M2 3235826 1313343 2600000 1313343
M2 2600000 1313343 1875000 1552142
M2 1875000 1552142 1140777 1552142
M2 1140777 1552142 1109920 1583000
Net66 5 
M2 3326110 1301000 3307595 1319515
M2 3307595 1319515 2600000 1319515
M2 2600000 1319515 1875000 1558313
M2 1875000 1558313 1212546 1558313
M2 1212546 1558313 1187860 1583000
Net67 5 
M2 3404050 1301000 3379363 1325686
M2 3379363 1325686 2600000 1325686
M2 2600000 1325686 1875000 1564485
M2 1875000 1564485 1362262 1564485
M2 1362262 1564485 1343747 1583000
Net68 5 
M2 3559940 1301000 3529082 1331857
M2 3529082 1331857 2600000 1331857
M2 2600000 1331857 1875000 1570656
M2 1875000 1570656 1511973 1570656
M2 1511973 1570656 1499630 1583000
Net69 5 
M2 3637880 1301000 3600851 1338028
M2 3600851 1338028 2600000 1338028
M2 2600000 1338028 1875000 1576827
M2 1875000 1576827 1583742 1576827
M2 1583742 1576827 1577570 1583000
Net73 5 
M2 3053310 1257800 3047910 1263200
M2 3047910 1263200 2600000 1263200
M2 2600000 1263200 1875000 1502000
M2 1875000 1502000 1030802 1502000
M2 1030802 1502000 993002 1539800
Net74 5 
M2 3131252 1257800 3120452 1268600
M2 3120452 1268600 2600000 1268600
M2 2600000 1268600 1875000 1507400
M2 1875000 1507400 1103350 1507400
M2 1103350 1507400 1070950 1539800
Net75 5 
M2 3287140 1257800 3270940 1274000
M2 3270940 1274000 2600000 1274000
M2 2600000 1274000 1875000 1512800
M2 1875000 1512800 1253830 1512800
M2 1253830 1512800 1226830 1539800
Net76 5 
M2 3443020 1257800 3421420 1279400
M2 3421420 1279400 2600000 1279400
M2 2600000 1279400 1875000 1518200
M2 1875000 1518200 1326372 1518200
M2 1326372 1518200 1304772 1539800
Net77 5 
M2 3520970 1257800 3493970 1284800
M2 3493970 1284800 2600000 1284800
M2 2600000 1284800 1875000 1523600
M2 1875000 1523600 1398920 1523600
M2 1398920 1523600 1382720 1539800
Net78 5 
M2 3598910 1257800 3566510 1290200
M2 3566510 1290200 2600000 1290200
M2 2600000 1290200 1875000 1529000
M2 1875000 1529000 1471460 1529000
M2 1471460 1529000 1460660 1539800
Net79 5 
M2 3676850 1257800 3639050 1295600
M2 3639050 1295600 2600000 1295600
M2 2600000 1295600 1875000 1534400
M2 1875000 1534400 1544000 1534400
M2 1544000 1534400 1538600 1539800
Net82 5 
M2 3092280 1214600 3085080 1221800
M2 3085080 1221800 2600000 1221800
M2 2600000 1221800 1875000 1460600
M2 1875000 1460600 1145920 1460600
M2 1145920 1460600 1109920 1496600
Net83 5 
M2 3170227 1214600 3155827 1229000
M2 3155827 1229000 2600000 1229000
M2 2600000 1229000 1875000 1467800
M2 1875000 1467800 1216660 1467800
M2 1216660 1467800 1187860 1496600
Net84 5 
M2 3326110 1214600 3304510 1236200
M2 3304510 1236200 2600000 1236200
M2 2600000 1236200 1875000 1475000
M2 1875000 1475000 1365347 1475000
M2 1365347 1475000 1343747 1496600
Net85 5 
M2 3404050 1214600 3375250 1243400
M2 3375250 1243400 2600000 1243400
M2 2600000 1243400 1875000 1482200
M2 1875000 1482200 1436090 1482200
M2 1436090 1482200 1421690 1496600
Net86 5 
M2 3559940 1214600 3523940 1250600
M2 3523940 1250600 2600000 1250600
M2 2600000 1250600 1875000 1489400
M2 1875000 1489400 1584770 1489400
M2 1584770 1489400 1577570 1496600
