Nets 32
Net13 5 
V2 3557770 1560200 3546970 1571000
V2 3546970 1571000 2600000 1571000
V2 2600000 1571000 1875000 1874909
V2 1875000 1874909 1255620 1874909
V2 1255620 1874909 1238960 1891570
Net14 5 
V2 3644372 1560200 3622772 1581800
V2 3622772 1581800 2600000 1581800
V2 2600000 1581800 1875000 1880464
V2 1875000 1880464 1433656 1880464
V2 1433656 1880464 1422550 1891570
Net15 5 
V2 3730980 1560200 3698580 1592600
V2 3698580 1592600 2600000 1592600
V2 2600000 1592600 1875000 1886018
V2 1875000 1886018 1519901 1886018
V2 1519901 1886018 1514350 1891570
Net16 5 
V2 3904180 1560200 3889780 1545800
V2 3889780 1545800 2600000 1545800
V2 2600000 1545800 1875000 1869355
V2 1875000 1869355 343184 1869355
V2 343184 1869355 320970 1891570
Net20 5 
V2 3341267 1517000 3326867 1531400
V2 3326867 1531400 2600000 1531400
V2 2600000 1531400 1875000 1863801
V2 1875000 1863801 1129031 1863801
V2 1129031 1863801 1101260 1836030
Net21 5 
V2 3427870 1517000 3420670 1509800
V2 3420670 1509800 2600000 1509800
V2 2600000 1509800 1875000 1858247
V2 1875000 1858247 1215277 1858247
V2 1215277 1858247 1193060 1836030
Net22 5 
V2 3514470 1517000 3500070 1502600
V2 3500070 1502600 2600000 1502600
V2 2600000 1502600 1875000 1852692
V2 1875000 1852692 1301520 1852692
V2 1301520 1852692 1284857 1836030
Net23 5 
V2 3687677 1517000 3666077 1495400
V2 3666077 1495400 2600000 1495400
V2 2600000 1495400 1875000 1847138
V2 1875000 1847138 1387761 1847138
V2 1387761 1847138 1376652 1836030
Net24 5 
V2 3774280 1517000 3745480 1488200
V2 3745480 1488200 2600000 1488200
V2 2600000 1488200 1875000 1841584
V2 1875000 1841584 1474004 1841584
V2 1474004 1841584 1468450 1836030
Net27 5 
V2 3038160 1473800 3033840 1469480
V2 3033840 1469480 2600000 1469480
V2 2600000 1469480 1875000 1822144
V2 1875000 1822144 821616 1822144
V2 821616 1822144 779960 1780487
Net28 5 
V2 3124760 1473800 3116120 1465160
V2 3116120 1465160 2600000 1465160
V2 2600000 1465160 1875000 1815201
V2 1875000 1815201 906473 1815201
V2 906473 1815201 871760 1780487
Net29 5 
V2 3211360 1473800 3198400 1460840
V2 3198400 1460840 2600000 1460840
V2 2600000 1460840 1875000 1808258
V2 1875000 1808258 991331 1808258
V2 991331 1808258 963560 1780487
Net30 5 
V2 3384570 1473800 3367290 1456520
V2 3367290 1456520 2600000 1456520
V2 2600000 1456520 1875000 1801315
V2 1875000 1801315 1076188 1801315
V2 1076188 1801315 1055360 1780487
Net31 5 
V2 3471170 1473800 3449570 1452200
V2 3449570 1452200 2600000 1452200
V2 2600000 1452200 1875000 1794373
V2 1875000 1794373 1252845 1794373
V2 1252845 1794373 1238960 1780487
Net32 5 
V2 3557770 1473800 3531850 1447880
V2 3531850 1447880 2600000 1447880
V2 2600000 1447880 1875000 1787430
V2 1875000 1787430 1337695 1787430
V2 1337695 1787430 1330752 1780487
Net33 5 
V2 3730980 1473800 3700740 1443560
V2 3700740 1443560 2600000 1443560
V2 2600000 1443560 1875000 1761968
V2 1875000 1761968 1532869 1761968
V2 1532869 1761968 1514350 1780487
Net34 5 
V2 3817580 1473800 3810380 1481000
V2 3810380 1481000 2600000 1481000
V2 2600000 1481000 1875000 1829086
V2 1875000 1829086 1567193 1829086
V2 1567193 1829086 1560250 1836030
Net35 5 
V2 3904180 1473800 3869620 1439240
V2 3869620 1439240 2600000 1439240
V2 2600000 1439240 1875000 1743454
V2 1875000 1743454 358003 1743454
V2 358003 1743454 320970 1780487
Net36 5 
V2 2908250 1430600 2903930 1434920
V2 2903930 1434920 2600000 1434920
V2 2600000 1434920 1875000 1697171
V2 1875000 1697171 578236 1697171
V2 578236 1697171 550467 1724940
Net60 5 
V2 3774280 1344200 3752680 1365800
V2 3752680 1365800 2600000 1365800
V2 2600000 1365800 1875000 1650888
V2 1875000 1650888 1532862 1650888
V2 1532862 1650888 1514350 1669400
Net61 5 
V2 3860880 1344200 3846480 1329800
V2 3846480 1329800 2600000 1329800
V2 2600000 1329800 1875000 1632374
V2 1875000 1632374 293584 1632374
V2 293584 1632374 275070 1613860
Net64 5 
V2 3211360 1301000 3196960 1315400
V2 3196960 1315400 2600000 1315400
V2 2600000 1315400 1875000 1599969
V2 1875000 1599969 729819 1599969
V2 729819 1599969 688162 1558312
Net65 5 
V2 3297962 1301000 3293642 1296680
V2 3293642 1296680 2600000 1296680
V2 2600000 1296680 1875000 1586083
V2 1875000 1586083 807731 1586083
V2 807731 1586083 779960 1558312
Net66 5 
V2 3384570 1301000 3375930 1292360
V2 3375930 1292360 2600000 1292360
V2 2600000 1292360 1875000 1572198
V2 1875000 1572198 885645 1572198
V2 885645 1572198 871760 1558312
Net71 5 
V2 2908250 1257800 2903930 1262120
V2 2903930 1262120 2600000 1262120
V2 2600000 1262120 1875000 1484255
V2 1875000 1484255 385384 1484255
V2 385384 1484255 366870 1502770
Net74 5 
V2 3168060 1257800 3159420 1266440
V2 3159420 1266440 2600000 1266440
V2 2600000 1266440 1875000 1510704
V2 1875000 1510704 1011168 1510704
V2 1011168 1510704 963560 1558312
Net75 5 
V2 3341267 1257800 3328307 1270760
V2 3328307 1270760 2600000 1270760
V2 2600000 1270760 1875000 1518639
V2 1875000 1518639 1095033 1518639
V2 1095033 1518639 1055360 1558312
Net76 5 
V2 3514470 1257800 3497190 1275080
V2 3497190 1275080 2600000 1275080
V2 2600000 1275080 1875000 1526573
V2 1875000 1526573 1178899 1526573
V2 1178899 1526573 1147160 1558312
Net77 5 
V2 3601070 1257800 3579470 1279400
V2 3579470 1279400 2600000 1279400
V2 2600000 1279400 1875000 1534508
V2 1875000 1534508 1262764 1534508
V2 1262764 1534508 1238960 1558312
Net78 5 
V2 3687677 1257800 3661757 1283720
V2 3661757 1283720 2600000 1283720
V2 2600000 1283720 1875000 1542442
V2 1875000 1542442 1438420 1542442
V2 1438420 1542442 1422550 1558312
Net79 5 
V2 3774280 1257800 3744040 1288040
V2 3744040 1288040 2600000 1288040
V2 2600000 1288040 1875000 1550377
V2 1875000 1550377 1522285 1550377
V2 1522285 1550377 1514350 1558312
Net80 5 
V2 3860880 1257800 3839280 1236200
V2 3839280 1236200 2600000 1236200
V2 2600000 1236200 1875000 1465741
V2 1875000 1465741 312098 1465741
V2 312098 1465741 275070 1502770
