Nets 42
Net0 5 
V1 2908250 1603400 2899610 1612040
V1 2899610 1612040 2600000 1612040
V1 2600000 1612040 1875000 1859480
V1 1875000 1859480 1259700 1859480
V1 1259700 1859480 1242420 1876760
Net1 5 
V1 3081460 1603400 3064180 1620680
V1 3064180 1620680 2600000 1620680
V1 2600000 1620680 1875000 1863800
V1 1875000 1863800 1383550 1863800
V1 1383550 1863800 1370590 1876760
Net2 5 
V1 3168060 1603400 3142140 1629320
V1 3142140 1629320 2600000 1629320
V1 2600000 1629320 1875000 1868120
V1 1875000 1868120 1507400 1868120
V1 1507400 1868120 1498760 1876760
Net3 5 
V1 3341267 1603400 3306707 1637960
V1 3306707 1637960 2600000 1637960
V1 2600000 1637960 1875000 1872440
V1 1875000 1872440 1567170 1872440
V1 1567170 1872440 1562850 1876760
Net6 5 
V1 3860880 1603400 3854708 1597228
V1 3854708 1597228 2600000 1597228
V1 2600000 1597228 1875000 1855160
V1 1875000 1855160 1199932 1855160
V1 1199932 1855160 1178332 1876760
Net7 5 
V1 2951552 1560200 2945380 1566372
V1 2945380 1566372 2600000 1566372
V1 2600000 1566372 1875000 1829240
V1 1875000 1829240 1246740 1829240
V1 1246740 1829240 1242420 1824920
Net8 5 
V1 3038160 1560200 3029520 1551560
V1 3029520 1551560 2600000 1551560
V1 2600000 1551560 1875000 1811960
V1 1875000 1811960 1319470 1811960
V1 1319470 1811960 1306510 1824920
Net9 5 
V1 3124760 1560200 3112416 1572543
V1 3112416 1572543 2600000 1572543
V1 2600000 1572543 1875000 1833560
V1 1875000 1833560 1291740 1833560
V1 1291740 1833560 1274460 1850840
Net10 5 
V1 3211360 1560200 3192845 1578715
V1 3192845 1578715 2600000 1578715
V1 2600000 1578715 1875000 1837880
V1 1875000 1837880 1351510 1837880
V1 1351510 1837880 1338550 1850840
Net11 5 
V1 3297962 1560200 3273276 1584886
V1 3273276 1584886 2600000 1584886
V1 2600000 1584886 1875000 1842200
V1 1875000 1842200 1411277 1842200
V1 1411277 1842200 1402637 1850840
Net12 5 
V1 3471170 1560200 3440312 1591057
V1 3440312 1591057 2600000 1591057
V1 2600000 1591057 1875000 1846520
V1 1875000 1846520 1471040 1846520
V1 1471040 1846520 1466720 1850840
Net17 5 
V1 2908250 1517000 2901050 1509800
V1 2901050 1509800 2600000 1509800
V1 2600000 1509800 1875000 1778264
V1 1875000 1778264 1295196 1778264
V1 1295196 1778264 1274460 1799000
Net18 5 
V1 2994857 1517000 2986217 1525640
V1 2986217 1525640 2600000 1525640
V1 2600000 1525640 1875000 1783448
V1 1875000 1783448 1354102 1783448
V1 1354102 1783448 1338550 1799000
Net19 5 
V1 3168060 1517000 3150780 1534280
V1 3150780 1534280 2600000 1534280
V1 2600000 1534280 1875000 1788632
V1 1875000 1788632 1413005 1788632
V1 1413005 1788632 1402637 1799000
Net20 5 
V1 3341267 1517000 3315347 1542920
V1 3315347 1542920 2600000 1542920
V1 2600000 1542920 1875000 1793816
V1 1875000 1793816 1471904 1793816
V1 1471904 1793816 1466720 1799000
Net22 5 
V1 3514470 1517000 3500070 1502600
V1 3500070 1502600 2600000 1502600
V1 2600000 1502600 1875000 1764440
V1 1875000 1764440 1507400 1764440
V1 1507400 1764440 1498760 1773080
Net26 5 
V1 2951552 1473800 2940752 1463000
V1 2940752 1463000 2600000 1463000
V1 2600000 1463000 1875000 1703960
V1 1875000 1703960 1259700 1703960
V1 1259700 1703960 1242420 1721240
Net27 5 
V1 3038160 1473800 3030960 1481000
V1 3030960 1481000 2600000 1481000
V1 2600000 1481000 1875000 1712600
V1 1875000 1712600 1315150 1712600
V1 1315150 1712600 1306510 1721240
Net28 5 
V1 3124760 1473800 3110360 1488200
V1 3110360 1488200 2600000 1488200
V1 2600000 1488200 1875000 1734200
V1 1875000 1734200 1351510 1734200
V1 1351510 1734200 1338550 1747160
Net30 5 
V1 3384570 1473800 3362970 1495400
V1 3362970 1495400 2600000 1495400
V1 2600000 1495400 1875000 1755800
V1 1875000 1755800 1259700 1755800
V1 1259700 1755800 1242420 1773080
Net36 5 
V1 2908250 1430600 2901050 1423400
V1 2901050 1423400 2600000 1423400
V1 2600000 1423400 1875000 1675880
V1 1875000 1675880 1293900 1675880
V1 1293900 1675880 1274460 1695320
Net39 5 
V1 3341267 1430600 3330467 1441400
V1 3330467 1441400 2600000 1441400
V1 2600000 1441400 1875000 1682360
V1 1875000 1682360 1479680 1682360
V1 1479680 1682360 1466720 1695320
Net40 5 
V1 3514470 1430600 3492870 1452200
V1 3492870 1452200 2600000 1452200
V1 2600000 1452200 1875000 1688840
V1 1875000 1688840 1601370 1688840
V1 1601370 1688840 1594890 1695320
Net45 5 
V1 3124760 1387400 3117560 1394600
V1 3117560 1394600 2600000 1394600
V1 2600000 1394600 1875000 1626200
V1 1875000 1626200 1355830 1626200
V1 1355830 1626200 1338550 1643480
Net46 5 
V1 3211360 1387400 3196960 1401800
V1 3196960 1401800 2600000 1401800
V1 2600000 1401800 1875000 1634840
V1 1875000 1634840 1411277 1634840
V1 1411277 1634840 1402637 1643480
Net47 5 
V1 3297962 1387400 3276362 1409000
V1 3276362 1409000 2600000 1409000
V1 2600000 1409000 1875000 1652120
V1 1875000 1652120 1259700 1652120
V1 1259700 1652120 1242420 1669400
Net51 5 
V1 3817580 1387400 3788780 1416200
V1 3788780 1416200 2600000 1416200
V1 2600000 1416200 1875000 1660760
V1 1875000 1660760 1571490 1660760
V1 1571490 1660760 1562850 1669400
Net52 5 
V1 2908250 1344200 2899610 1352840
V1 2899610 1352840 2600000 1352840
V1 2600000 1352840 1875000 1596824
V1 1875000 1596824 1263156 1596824
V1 1263156 1596824 1242420 1617560
Net53 5 
V1 2994857 1344200 2977577 1361480
V1 2977577 1361480 2600000 1361480
V1 2600000 1361480 1875000 1602008
V1 1875000 1602008 1322062 1602008
V1 1322062 1602008 1306510 1617560
Net54 5 
V1 3168060 1344200 3142140 1370120
V1 3142140 1370120 2600000 1370120
V1 2600000 1370120 1875000 1607192
V1 1875000 1607192 1445048 1607192
V1 1445048 1607192 1434680 1617560
Net56 5 
V1 3427870 1344200 3417070 1333400
V1 3417070 1333400 2600000 1333400
V1 2600000 1333400 1875000 1578680
V1 1875000 1578680 1607850 1578680
V1 1607850 1578680 1594890 1591640
Net58 5 
V1 3601070 1344200 3566510 1378760
V1 3566510 1378760 2600000 1378760
V1 2600000 1378760 1875000 1612376
V1 1875000 1612376 1503944 1612376
V1 1503944 1612376 1498760 1617560
Net63 5 
V1 3124760 1301000 3113960 1311800
V1 3113960 1311800 2600000 1311800
V1 2600000 1311800 1875000 1552760
V1 1875000 1552760 1255380 1552760
V1 1255380 1552760 1242420 1565720
Net66 5 
V1 3384570 1301000 3362970 1322600
V1 3362970 1322600 2600000 1322600
V1 2600000 1322600 1875000 1559240
V1 1875000 1559240 1312990 1559240
V1 1312990 1559240 1306510 1565720
Net75 5 
V1 3341267 1257800 3335095 1263972
V1 3335095 1263972 2600000 1263972
V1 2600000 1263972 1875000 1500920
V1 1875000 1500920 1447640 1500920
V1 1447640 1500920 1434680 1513880
Net76 5 
V1 3514470 1257800 3502126 1270143
V1 3502126 1270143 2600000 1270143
V1 2600000 1270143 1875000 1505240
V1 1875000 1505240 1507400 1505240
V1 1507400 1505240 1498760 1513880
Net77 5 
V1 3601070 1257800 3582555 1276315
V1 3582555 1276315 2600000 1276315
V1 2600000 1276315 1875000 1509560
V1 1875000 1509560 1567170 1509560
V1 1567170 1509560 1562850 1513880
Net78 5 
V1 3687677 1257800 3662991 1282486
V1 3662991 1282486 2600000 1282486
V1 2600000 1282486 1875000 1522520
V1 1875000 1522520 1548090 1522520
V1 1548090 1522520 1530810 1539800
Net79 5 
V1 3774280 1257800 3743422 1288657
V1 3743422 1288657 2600000 1288657
V1 2600000 1288657 1875000 1531160
V1 1875000 1531160 1603530 1531160
V1 1603530 1531160 1594890 1539800
Net80 5 
V1 3860880 1257800 3823851 1294828
V1 3823851 1294828 2600000 1294828
V1 2600000 1294828 1875000 1546280
V1 1875000 1546280 1197772 1546280
V1 1197772 1546280 1178332 1565720
Net81 5 
V1 2951552 1214600 2937152 1229000
V1 2937152 1229000 2600000 1229000
V1 2600000 1229000 1875000 1492280
V1 1875000 1492280 1264020 1492280
V1 1264020 1492280 1242420 1513880
Net82 5 
V1 3124760 1214600 3095960 1243400
V1 3095960 1243400 2600000 1243400
V1 2600000 1243400 1875000 1496600
V1 1875000 1496600 1323790 1496600
V1 1323790 1496600 1306510 1513880
