Nets 20
Net5 5 
V2 3408817 1603400 3387217 1625000
V2 3387217 1625000 2600000 1625000
V2 2600000 1625000 1875000 1837880
V2 1875000 1837880 1620840 1837880
V2 1620840 1837880 1607880 1850840
Net13 5 
V2 3375910 1560200 3354310 1581800
V2 3354310 1581800 2600000 1581800
V2 2600000 1581800 1875000 1811960
V2 1875000 1811960 1486610 1811960
V2 1486610 1811960 1473650 1824920
Net23 5 
V2 3474630 1517000 3453030 1538600
V2 3453030 1538600 2600000 1538600
V2 2600000 1538600 1875000 1786040
V2 1875000 1786040 1620840 1786040
V2 1620840 1786040 1607880 1799000
Net31 5 
V2 3310090 1473800 3288490 1495400
V2 3288490 1495400 2600000 1495400
V2 2600000 1495400 1875000 1760120
V2 1875000 1760120 1432917 1760120
V2 1432917 1760120 1419957 1773080
Net32 5 
V2 3375910 1473800 3365110 1463000
V2 3365110 1463000 2600000 1463000
V2 2600000 1463000 1875000 1734200
V2 1875000 1734200 1459760 1734200
V2 1459760 1734200 1446800 1747160
Net35 5 
V2 3639180 1473800 3617580 1452200
V2 3617580 1452200 2600000 1452200
V2 2600000 1452200 1875000 1708280
V2 1875000 1708280 1271832 1708280
V2 1271832 1708280 1258872 1721240
Net38 5 
V2 3079730 1430600 3068930 1441400
V2 3068930 1441400 2600000 1441400
V2 2600000 1441400 1875000 1682360
V2 1875000 1682360 1459760 1682360
V2 1459760 1682360 1446800 1695320
Net48 5 
V2 3310090 1387400 3295690 1401800
V2 3295690 1401800 2600000 1401800
V2 2600000 1401800 1875000 1656440
V2 1875000 1656440 1432917 1656440
V2 1432917 1656440 1419957 1669400
Net49 5 
V2 3375910 1387400 3347110 1416200
V2 3347110 1416200 2600000 1416200
V2 2600000 1416200 1875000 1662920
V2 1875000 1662920 1480130 1662920
V2 1480130 1662920 1473650 1669400
Net55 5 
V2 3211360 1344200 3202720 1352840
V2 3202720 1352840 2600000 1352840
V2 2600000 1352840 1875000 1586456
V2 1875000 1586456 1505681 1586456
V2 1505681 1586456 1500497 1591640
Net59 5 
V2 3474630 1344200 3457350 1361480
V2 3457350 1361480 2600000 1361480
V2 2600000 1361480 1875000 1626200
V2 1875000 1626200 1571470 1626200
V2 1571470 1626200 1554190 1643480
Net60 5 
V2 3540450 1344200 3514530 1370120
V2 3514530 1370120 2600000 1370120
V2 2600000 1370120 1875000 1634840
V2 1875000 1634840 1616520 1634840
V2 1616520 1634840 1607880 1643480
Net61 5 
V2 3606270 1344200 3571710 1378760
V2 3571710 1378760 2600000 1378760
V2 2600000 1378760 1875000 1649960
V2 1875000 1649960 1278312 1649960
V2 1278312 1649960 1258872 1669400
Net62 5 
V2 2915180 1301000 2904380 1311800
V2 2904380 1311800 2600000 1311800
V2 2600000 1311800 1875000 1570904
V2 1875000 1570904 1360153 1570904
V2 1360153 1570904 1339417 1591640
Net64 5 
V2 3112637 1301000 3091037 1322600
V2 3091037 1322600 2600000 1322600
V2 2600000 1322600 1875000 1576088
V2 1875000 1576088 1408662 1576088
V2 1408662 1576088 1393110 1591640
Net65 5 
V2 3178450 1301000 3146050 1333400
V2 3146050 1333400 2600000 1333400
V2 2600000 1333400 1875000 1581272
V2 1875000 1581272 1457168 1581272
V2 1457168 1581272 1446800 1591640
Net71 5 
V2 2882270 1257800 2871470 1268600
V2 2871470 1268600 2600000 1268600
V2 2600000 1268600 1875000 1520360
V2 1875000 1520360 1305160 1520360
V2 1305160 1520360 1285720 1539800
Net72 5 
V2 2948090 1257800 2926490 1279400
V2 2926490 1279400 2600000 1279400
V2 2600000 1279400 1875000 1526840
V2 1875000 1526840 1406070 1526840
V2 1406070 1526840 1393110 1539800
Net73 5 
V2 3013910 1257800 2981510 1290200
V2 2981510 1290200 2600000 1290200
V2 2600000 1290200 1875000 1533320
V2 1875000 1533320 1453280 1533320
V2 1453280 1533320 1446800 1539800
Net83 5 
V2 3112637 1214600 3091037 1236200
V2 3091037 1236200 2600000 1236200
V2 2600000 1236200 1875000 1475000
V2 1875000 1475000 1352377 1475000
V2 1352377 1475000 1339417 1487960
