Nets 37
Net0 5 
V1 2919080 1597230 2913525 1602784
V1 2913525 1602784 2600000 1602784
V1 2600000 1602784 1875000 1849915
V1 1875000 1849915 502054 1849915
V1 502054 1849915 460400 1891570
Net1 5 
V1 3109602 1597230 3098494 1608338
V1 3098494 1608338 2600000 1608338
V1 2600000 1608338 1875000 1854544
V1 1875000 1854544 674096 1854544
V1 674096 1854544 637070 1891570
Net2 5 
V1 3204870 1597230 3188207 1613892
V1 3188207 1613892 2600000 1613892
V1 2600000 1613892 1875000 1859172
V1 1875000 1859172 757797 1859172
V1 757797 1859172 725400 1891570
Net3 5 
V1 3395390 1597230 3373173 1619447
V1 3373173 1619447 2600000 1619447
V1 2600000 1619447 1875000 1863801
V1 1875000 1863801 929839 1863801
V1 929839 1863801 902070 1891570
Net4 5 
V1 3681180 1597230 3653408 1625001
V1 3653408 1625001 2600000 1625001
V1 2600000 1625001 1875000 1868429
V1 1875000 1868429 1013550 1868429
V1 1013550 1868429 990410 1891570
Net5 5 
V1 3776440 1597230 3743114 1630555
V1 3743114 1630555 2600000 1630555
V1 2600000 1630555 1875000 1873058
V1 1875000 1873058 1185592 1873058
V1 1185592 1873058 1167080 1891570
Net6 5 
V1 3966970 1597230 3928090 1636109
V1 3928090 1636109 2600000 1636109
V1 2600000 1636109 1875000 1877686
V1 1875000 1877686 1269293 1877686
V1 1269293 1877686 1255410 1891570
Net7 5 
V1 4062230 1597230 4017796 1641664
V1 4017796 1641664 2600000 1641664
V1 2600000 1641664 1875000 1882315
V1 1875000 1882315 1441335 1882315
V1 1441335 1882315 1432080 1891570
Net8 5 
V1 4157492 1597230 4107504 1647218
V1 4107504 1647218 2600000 1647218
V1 2600000 1647218 1875000 1886943
V1 1875000 1886943 1525039 1886943
V1 1525039 1886943 1520412 1891570
Net10 5 
V1 2966710 1541687 2948195 1560202
V1 2948195 1560202 2600000 1560202
V1 2600000 1560202 1875000 1840658
V1 1875000 1840658 420858 1840658
V1 420858 1840658 416230 1836030
Net11 5 
V1 3061970 1541687 3043456 1523173
V1 3043456 1523173 2600000 1523173
V1 2600000 1523173 1875000 1817515
V1 1875000 1817515 523084 1817515
V1 523084 1817515 504570 1836030
Net22 5 
V1 4205130 1541687 4168101 1578716
V1 4168101 1578716 2600000 1578716
V1 2600000 1578716 1875000 1845287
V1 1875000 1845287 337157 1845287
V1 337157 1845287 327900 1836030
Net23 5 
V1 3014340 1486140 3003231 1475031
V1 3003231 1475031 2600000 1475031
V1 2600000 1475031 1875000 1769374
V1 1875000 1769374 471513 1769374
V1 471513 1769374 460400 1780487
Net24 5 
V1 3109602 1486140 3091083 1504659
V1 3091083 1504659 2600000 1504659
V1 2600000 1504659 1875000 1799001
V1 1875000 1799001 567246 1799001
V1 567246 1799001 548732 1780487
Net33 5 
V1 4252760 1486140 4230543 1463923
V1 4230543 1463923 2600000 1463923
V1 2600000 1463923 1875000 1758265
V1 1875000 1758265 394284 1758265
V1 394284 1758265 372062 1780487
Net34 5 
V1 2966710 1430600 2955604 1441706
V1 2955604 1441706 2600000 1441706
V1 2600000 1441706 1875000 1736048
V1 1875000 1736048 427338 1736048
V1 427338 1736048 416230 1724940
Net35 5 
V1 3157237 1430600 3138723 1412086
V1 3138723 1412086 2600000 1412086
V1 2600000 1412086 1875000 1706428
V1 1875000 1706428 611412 1706428
V1 611412 1706428 592900 1724940
Net43 5 
V1 4205130 1430600 4182915 1452814
V1 4182915 1452814 2600000 1452814
V1 2600000 1452814 1875000 1747157
V1 1875000 1747157 350117 1747157
V1 350117 1747157 327900 1724940
Net44 5 
V1 3014340 1375060 3003231 1363951
V1 3003231 1363951 2600000 1363951
V1 2600000 1363951 1875000 1658294
V1 1875000 1658294 471506 1658294
V1 471506 1658294 460400 1669400
Net45 5 
V1 3109602 1375060 3091090 1393572
V1 3091090 1393572 2600000 1393572
V1 2600000 1393572 1875000 1687914
V1 1875000 1687914 567246 1687914
V1 567246 1687914 548732 1669400
Net53 5 
V1 4252760 1375060 4230543 1352843
V1 4230543 1352843 2600000 1352843
V1 2600000 1352843 1875000 1647185
V1 1875000 1647185 394277 1647185
V1 394277 1647185 372062 1669400
Net54 5 
V1 2966710 1319512 2955596 1330626
V1 2955596 1330626 2600000 1330626
V1 2600000 1330626 1875000 1624968
V1 1875000 1624968 427338 1624968
V1 427338 1624968 416230 1613860
Net55 5 
V1 3157237 1319512 3152965 1315240
V1 3152965 1315240 2600000 1315240
V1 2600000 1315240 1875000 1595340
V1 1875000 1595340 611419 1595340
V1 611419 1595340 592900 1613860
Net64 5 
V1 4205130 1319512 4182908 1341734
V1 4182908 1341734 2600000 1341734
V1 2600000 1341734 1875000 1636077
V1 1875000 1636077 350117 1636077
V1 350117 1636077 327900 1613860
Net66 5 
V1 3014340 1263970 2995826 1245456
V1 2995826 1245456 2600000 1245456
V1 2600000 1245456 1875000 1511315
V1 1875000 1511315 595730 1511315
V1 595730 1511315 548732 1558312
Net67 5 
V1 3109602 1263970 3105330 1268242
V1 3105330 1268242 2600000 1268242
V1 2600000 1268242 1875000 1515587
V1 1875000 1515587 679795 1515587
V1 679795 1515587 637070 1558312
Net68 5 
V1 3204870 1263970 3196325 1272515
V1 3196325 1272515 2600000 1272515
V1 2600000 1272515 1875000 1519860
V1 1875000 1519860 763852 1519860
V1 763852 1519860 725400 1558312
Net69 5 
V1 3300130 1263970 3287312 1276787
V1 3287312 1276787 2600000 1276787
V1 2600000 1276787 1875000 1524132
V1 1875000 1524132 847920 1524132
V1 847920 1524132 813740 1558312
Net70 5 
V1 3395390 1263970 3378300 1281060
V1 3378300 1281060 2600000 1281060
V1 2600000 1281060 1875000 1528405
V1 1875000 1528405 931977 1528405
V1 931977 1528405 902070 1558312
Net71 5 
V1 3681180 1263970 3659817 1285332
V1 3659817 1285332 2600000 1285332
V1 2600000 1285332 1875000 1532677
V1 1875000 1532677 1016045 1532677
V1 1016045 1532677 990410 1558312
Net72 5 
V1 3776440 1263970 3750805 1289605
V1 3750805 1289605 2600000 1289605
V1 2600000 1289605 1875000 1536950
V1 1875000 1536950 1100102 1536950
V1 1100102 1536950 1078740 1558312
Net73 5 
V1 3871710 1263970 3841802 1293877
V1 3841802 1293877 2600000 1293877
V1 2600000 1293877 1875000 1541222
V1 1875000 1541222 1184170 1541222
V1 1184170 1541222 1167080 1558312
Net74 5 
V1 3966970 1263970 3932790 1298150
V1 3932790 1298150 2600000 1298150
V1 2600000 1298150 1875000 1545495
V1 1875000 1545495 1268227 1545495
V1 1268227 1545495 1255410 1558312
Net75 5 
V1 4062230 1263970 4023777 1302422
V1 4023777 1302422 2600000 1302422
V1 2600000 1302422 1875000 1549767
V1 1875000 1549767 1440625 1549767
V1 1440625 1549767 1432080 1558312
Net76 5 
V1 4157492 1263970 4114767 1306695
V1 4114767 1306695 2600000 1306695
V1 2600000 1306695 1875000 1554040
V1 1875000 1554040 1524685 1554040
V1 1524685 1554040 1520412 1558312
Net77 5 
V1 4252760 1263970 4205762 1310967
V1 4205762 1310967 2600000 1310967
V1 2600000 1310967 1875000 1576826
V1 1875000 1576826 390576 1576826
V1 390576 1576826 372062 1558312
Net79 5 
V1 3061970 1208430 3043458 1226942
V1 3043458 1226942 2600000 1226942
V1 2600000 1226942 1875000 1507042
V1 1875000 1507042 508842 1507042
V1 508842 1507042 504570 1502770
