Nets 66
Net0 5 
V1 2854130 1612040 2848946 1617224
V1 2848946 1617224 2600000 1617224
V1 2600000 1617224 1875000 1859480
V1 1875000 1859480 1400000 1859480
V1 1400000 1859480 1382720 1876760
Net1 5 
V1 2940730 1612040 2930362 1622408
V1 2930362 1622408 2600000 1622408
V1 2600000 1622408 1875000 1863800
V1 1875000 1863800 1482280 1863800
V1 1482280 1863800 1469320 1876760
Net2 5 
V1 3027330 1612040 3011778 1627592
V1 3011778 1627592 2600000 1627592
V1 2600000 1627592 1875000 1868120
V1 1875000 1868120 1564560 1868120
V1 1564560 1868120 1555920 1876760
Net3 5 
V1 3070630 1612040 3049894 1632776
V1 3049894 1632776 2600000 1632776
V1 2600000 1632776 1875000 1872440
V1 1875000 1872440 1603540 1872440
V1 1603540 1872440 1599220 1876760
Net6 5 
V1 2962380 1586120 2958060 1590440
V1 2958060 1590440 2600000 1590440
V1 2600000 1590440 1875000 1833560
V1 1875000 1833560 1508250 1833560
V1 1508250 1833560 1490970 1850840
Net7 5 
V1 3005680 1586120 2997040 1594760
V1 2997040 1594760 2600000 1594760
V1 2600000 1594760 1875000 1837880
V1 1875000 1837880 1547230 1837880
V1 1547230 1837880 1534270 1850840
Net8 5 
V1 3048980 1586120 3036020 1599080
V1 3036020 1599080 2600000 1599080
V1 2600000 1599080 1875000 1842200
V1 1875000 1842200 1586210 1842200
V1 1586210 1842200 1577570 1850840
Net9 5 
V1 3092280 1586120 3075000 1603400
V1 3075000 1603400 2600000 1603400
V1 2600000 1603400 1875000 1846520
V1 1875000 1846520 1625190 1846520
V1 1625190 1846520 1620870 1850840
Net10 5 
V1 3135582 1586120 3113982 1607720
V1 3113982 1607720 2600000 1607720
V1 2600000 1607720 1875000 1855160
V1 1875000 1855160 1361017 1855160
V1 1361017 1855160 1339417 1876760
Net11 5 
V1 2854130 1560200 2849810 1564520
V1 2849810 1564520 2600000 1564520
V1 2600000 1564520 1875000 1807640
V1 1875000 1807640 1400000 1807640
V1 1400000 1807640 1382720 1824920
Net12 5 
V1 2897430 1560200 2888790 1568840
V1 2888790 1568840 2600000 1568840
V1 2600000 1568840 1875000 1811960
V1 1875000 1811960 1438980 1811960
V1 1438980 1811960 1426020 1824920
Net13 5 
V1 2984030 1560200 2971070 1573160
V1 2971070 1573160 2600000 1573160
V1 2600000 1573160 1875000 1816280
V1 1875000 1816280 1521260 1816280
V1 1521260 1816280 1512620 1824920
Net14 5 
V1 3027330 1560200 3010050 1577480
V1 3010050 1577480 2600000 1577480
V1 2600000 1577480 1875000 1820600
V1 1875000 1820600 1560240 1820600
V1 1560240 1820600 1555920 1824920
Net15 5 
V1 3113932 1560200 3092332 1581800
V1 3092332 1581800 2600000 1581800
V1 2600000 1581800 1875000 1829240
V1 1875000 1829240 1603540 1829240
V1 1603540 1829240 1599220 1824920
Net18 5 
V1 2962380 1534280 2953740 1525640
V1 2953740 1525640 2600000 1525640
V1 2600000 1525640 1875000 1779560
V1 1875000 1779560 1510410 1779560
V1 1510410 1779560 1490970 1799000
Net19 5 
V1 3048980 1534280 3042500 1540760
V1 3042500 1540760 2600000 1540760
V1 2600000 1540760 1875000 1786040
V1 1875000 1786040 1547230 1786040
V1 1547230 1786040 1534270 1799000
Net20 5 
V1 3092280 1534280 3079320 1547240
V1 3079320 1547240 2600000 1547240
V1 2600000 1547240 1875000 1792520
V1 1875000 1792520 1627350 1792520
V1 1627350 1792520 1620870 1799000
Net21 5 
V1 3135582 1534280 3116142 1553720
V1 3116142 1553720 2600000 1553720
V1 2600000 1553720 1875000 1803320
V1 1875000 1803320 1361017 1803320
V1 1361017 1803320 1339417 1824920
Net22 5 
V1 2854130 1508360 2845490 1517000
V1 2845490 1517000 2600000 1517000
V1 2600000 1517000 1875000 1764440
V1 1875000 1764440 1391360 1764440
V1 1391360 1764440 1382720 1773080
Net27 5 
V1 2875780 1482440 2871460 1486760
V1 2871460 1486760 2600000 1486760
V1 2600000 1486760 1875000 1726424
V1 1875000 1726424 1425106 1726424
V1 1425106 1726424 1404370 1747160
Net28 5 
V1 2919080 1482440 2910440 1491080
V1 2910440 1491080 2600000 1491080
V1 2600000 1491080 1875000 1731608
V1 1875000 1731608 1463222 1731608
V1 1463222 1731608 1447670 1747160
Net29 5 
V1 2962380 1482440 2949420 1495400
V1 2949420 1495400 2600000 1495400
V1 2600000 1495400 1875000 1736792
V1 1875000 1736792 1501338 1736792
V1 1501338 1736792 1490970 1747160
Net31 5 
V1 3092280 1482440 3075000 1499720
V1 3075000 1499720 2600000 1499720
V1 2600000 1499720 1875000 1741976
V1 1875000 1741976 1626054 1741976
V1 1626054 1741976 1620870 1747160
Net32 5 
V1 3135582 1482440 3113982 1504040
V1 3113982 1504040 2600000 1504040
V1 2600000 1504040 1875000 1755800
V1 1875000 1755800 1356697 1755800
V1 1356697 1755800 1339417 1773080
Net33 5 
V1 2854130 1456520 2848946 1461704
V1 2848946 1461704 2600000 1461704
V1 2600000 1461704 1875000 1703960
V1 1875000 1703960 1400000 1703960
V1 1400000 1703960 1382720 1721240
Net35 5 
V1 2940730 1456520 2930362 1466888
V1 2930362 1466888 2600000 1466888
V1 2600000 1466888 1875000 1708280
V1 1875000 1708280 1482280 1708280
V1 1482280 1708280 1469320 1721240
Net36 5 
V1 2984030 1456520 2968478 1472072
V1 2968478 1472072 2600000 1472072
V1 2600000 1472072 1875000 1712600
V1 1875000 1712600 1521260 1712600
V1 1521260 1712600 1512620 1721240
Net38 5 
V1 3070630 1456520 3049894 1477256
V1 3049894 1477256 2600000 1477256
V1 2600000 1477256 1875000 1716920
V1 1875000 1716920 1603540 1716920
V1 1603540 1716920 1599220 1721240
Net39 5 
V1 2875780 1430600 2871460 1434920
V1 2871460 1434920 2600000 1434920
V1 2600000 1434920 1875000 1674584
V1 1875000 1674584 1425106 1674584
V1 1425106 1674584 1404370 1695320
Net40 5 
V1 2962380 1430600 2953740 1439240
V1 2953740 1439240 2600000 1439240
V1 2600000 1439240 1875000 1679768
V1 1875000 1679768 1506522 1679768
V1 1506522 1679768 1490970 1695320
Net41 5 
V1 3005680 1430600 2992720 1443560
V1 2992720 1443560 2600000 1443560
V1 2600000 1443560 1875000 1684952
V1 1875000 1684952 1544638 1684952
V1 1544638 1684952 1534270 1695320
Net42 5 
V1 3092280 1430600 3075000 1447880
V1 3075000 1447880 2600000 1447880
V1 2600000 1447880 1875000 1690136
V1 1875000 1690136 1626054 1690136
V1 1626054 1690136 1620870 1695320
Net43 5 
V1 3135582 1430600 3113982 1452200
V1 3113982 1452200 2600000 1452200
V1 2600000 1452200 1875000 1699640
V1 1875000 1699640 1361017 1699640
V1 1361017 1699640 1339417 1721240
Net45 5 
V1 2940730 1404680 2934250 1411160
V1 2934250 1411160 2600000 1411160
V1 2600000 1411160 1875000 1653848
V1 1875000 1653848 1484872 1653848
V1 1484872 1653848 1469320 1669400
Net46 5 
V1 2984030 1404680 2971070 1417640
V1 2971070 1417640 2600000 1417640
V1 2600000 1417640 1875000 1659032
V1 1875000 1659032 1522988 1659032
V1 1522988 1659032 1512620 1669400
Net47 5 
V1 3070630 1404680 3051190 1424120
V1 3051190 1424120 2600000 1424120
V1 2600000 1424120 1875000 1664216
V1 1875000 1664216 1604404 1664216
V1 1604404 1664216 1599220 1669400
Net49 5 
V1 2919080 1378760 2914760 1383080
V1 2914760 1383080 2600000 1383080
V1 2600000 1383080 1875000 1622744
V1 1875000 1622744 1468406 1622744
V1 1468406 1622744 1447670 1643480
Net50 5 
V1 2962380 1378760 2953740 1387400
V1 2953740 1387400 2600000 1387400
V1 2600000 1387400 1875000 1627928
V1 1875000 1627928 1506522 1627928
V1 1506522 1627928 1490970 1643480
Net52 5 
V1 3048980 1378760 3036020 1391720
V1 3036020 1391720 2600000 1391720
V1 2600000 1391720 1875000 1633112
V1 1875000 1633112 1587938 1633112
V1 1587938 1633112 1577570 1643480
Net53 5 
V1 3092280 1378760 3075000 1396040
V1 3075000 1396040 2600000 1396040
V1 2600000 1396040 1875000 1638296
V1 1875000 1638296 1626054 1638296
V1 1626054 1638296 1620870 1643480
Net54 5 
V1 3135582 1378760 3113982 1400360
V1 3113982 1400360 2600000 1400360
V1 2600000 1400360 1875000 1648664
V1 1875000 1648664 1360153 1648664
V1 1360153 1648664 1339417 1669400
Net55 5 
V1 2854130 1352840 2847650 1359320
V1 2847650 1359320 2600000 1359320
V1 2600000 1359320 1875000 1602008
V1 1875000 1602008 1398272 1602008
V1 1398272 1602008 1382720 1617560
Net56 5 
V1 2897430 1352840 2884470 1365800
V1 2884470 1365800 2600000 1365800
V1 2600000 1365800 1875000 1607192
V1 1875000 1607192 1436388 1607192
V1 1436388 1607192 1426020 1617560
Net57 5 
V1 2984030 1352840 2964590 1372280
V1 2964590 1372280 2600000 1372280
V1 2600000 1372280 1875000 1612376
V1 1875000 1612376 1517804 1612376
V1 1517804 1612376 1512620 1617560
Net60 5 
V1 2875780 1326920 2871460 1331240
V1 2871460 1331240 2600000 1331240
V1 2600000 1331240 1875000 1570904
V1 1875000 1570904 1425106 1570904
V1 1425106 1570904 1404370 1591640
Net62 5 
V1 2962380 1326920 2953740 1335560
V1 2953740 1335560 2600000 1335560
V1 2600000 1335560 1875000 1576088
V1 1875000 1576088 1506522 1576088
V1 1506522 1576088 1490970 1591640
Net63 5 
V1 3005680 1326920 2992720 1339880
V1 2992720 1339880 2600000 1339880
V1 2600000 1339880 1875000 1581272
V1 1875000 1581272 1544638 1581272
V1 1544638 1581272 1534270 1591640
Net64 5 
V1 3092280 1326920 3075000 1344200
V1 3075000 1344200 2600000 1344200
V1 2600000 1344200 1875000 1586456
V1 1875000 1586456 1626054 1586456
V1 1626054 1586456 1620870 1591640
Net65 5 
V1 3135582 1326920 3113982 1348520
V1 3113982 1348520 2600000 1348520
V1 2600000 1348520 1875000 1596824
V1 1875000 1596824 1360153 1596824
V1 1360153 1596824 1339417 1617560
Net66 5 
V1 2854130 1301000 2848946 1306184
V1 2848946 1306184 2600000 1306184
V1 2600000 1306184 1875000 1548440
V1 1875000 1548440 1400000 1548440
V1 1400000 1548440 1382720 1565720
Net67 5 
V1 2940730 1301000 2930362 1311368
V1 2930362 1311368 2600000 1311368
V1 2600000 1311368 1875000 1552760
V1 1875000 1552760 1438980 1552760
V1 1438980 1552760 1426020 1565720
Net69 5 
V1 3027330 1301000 3011778 1316552
V1 3011778 1316552 2600000 1316552
V1 2600000 1316552 1875000 1557080
V1 1875000 1557080 1564560 1557080
V1 1564560 1557080 1555920 1565720
Net70 5 
V1 3070630 1301000 3049894 1321736
V1 3049894 1321736 2600000 1321736
V1 2600000 1321736 1875000 1561400
V1 1875000 1561400 1603540 1561400
V1 1603540 1561400 1599220 1565720
Net73 5 
V1 2962380 1275080 2957196 1280264
V1 2957196 1280264 2600000 1280264
V1 2600000 1280264 1875000 1520360
V1 1875000 1520360 1510410 1520360
V1 1510410 1520360 1490970 1539800
Net74 5 
V1 3048980 1275080 3038612 1285448
V1 3038612 1285448 2600000 1285448
V1 2600000 1285448 1875000 1526840
V1 1875000 1526840 1590530 1526840
V1 1590530 1526840 1577570 1539800
Net75 5 
V1 3092280 1275080 3076728 1290632
V1 3076728 1290632 2600000 1290632
V1 2600000 1290632 1875000 1533320
V1 1875000 1533320 1627350 1533320
V1 1627350 1533320 1620870 1539800
Net76 5 
V1 3135582 1275080 3114846 1295816
V1 3114846 1295816 2600000 1295816
V1 2600000 1295816 1875000 1544120
V1 1875000 1544120 1361017 1544120
V1 1361017 1544120 1339417 1565720
Net77 5 
V1 2854130 1249160 2848946 1254344
V1 2848946 1254344 2600000 1254344
V1 2600000 1254344 1875000 1496600
V1 1875000 1496600 1400000 1496600
V1 1400000 1496600 1382720 1513880
Net79 5 
V1 2940730 1249160 2930362 1259528
V1 2930362 1259528 2600000 1259528
V1 2600000 1259528 1875000 1500920
V1 1875000 1500920 1482280 1500920
V1 1482280 1500920 1469320 1513880
Net80 5 
V1 2984030 1249160 2968478 1264712
V1 2968478 1264712 2600000 1264712
V1 2600000 1264712 1875000 1505240
V1 1875000 1505240 1521260 1505240
V1 1521260 1505240 1512620 1513880
Net82 5 
V1 3070630 1249160 3049894 1269896
V1 3049894 1269896 2600000 1269896
V1 2600000 1269896 1875000 1509560
V1 1875000 1509560 1603540 1509560
V1 1603540 1509560 1599220 1513880
Net83 5 
V1 2875780 1223240 2871460 1227560
V1 2871460 1227560 2600000 1227560
V1 2600000 1227560 1875000 1467224
V1 1875000 1467224 1425106 1467224
V1 1425106 1467224 1404370 1487960
Net84 5 
V1 2919080 1223240 2910440 1231880
V1 2910440 1231880 2600000 1231880
V1 2600000 1231880 1875000 1472408
V1 1875000 1472408 1463222 1472408
V1 1463222 1472408 1447670 1487960
Net85 5 
V1 3005680 1223240 2992720 1236200
V1 2992720 1236200 2600000 1236200
V1 2600000 1236200 1875000 1477592
V1 1875000 1477592 1544638 1477592
V1 1544638 1477592 1534270 1487960
Net86 5 
V1 3092280 1223240 3075000 1240520
V1 3075000 1240520 2600000 1240520
V1 2600000 1240520 1875000 1482776
V1 1875000 1482776 1626054 1482776
V1 1626054 1482776 1620870 1487960
Net87 5 
V1 3135582 1223240 3113982 1244840
V1 3113982 1244840 2600000 1244840
V1 2600000 1244840 1875000 1492280
V1 1875000 1492280 1361017 1492280
V1 1361017 1492280 1339417 1513880
