Nets 32
Net13 5 
V2 3481997 1560200 3471197 1571000
V2 3471197 1571000 2600000 1571000
V2 2600000 1571000 1875000 1874909
V2 1875000 1874909 1272070 1874909
V2 1272070 1874909 1255410 1891570
Net14 5 
V2 3559940 1560200 3538340 1581800
V2 3538340 1581800 2600000 1581800
V2 2600000 1581800 1875000 1880464
V2 1875000 1880464 1443186 1880464
V2 1443186 1880464 1432080 1891570
Net15 5 
V2 3637880 1560200 3605480 1592600
V2 3605480 1592600 2600000 1592600
V2 2600000 1592600 1875000 1886018
V2 1875000 1886018 1525964 1886018
V2 1525964 1886018 1520412 1891570
Net16 5 
V2 3793762 1560200 3779362 1545800
V2 3779362 1545800 2600000 1545800
V2 2600000 1545800 1875000 1869355
V2 1875000 1869355 394277 1869355
V2 394277 1869355 372062 1891570
Net20 5 
V2 3287140 1517000 3272740 1531400
V2 3272740 1531400 2600000 1531400
V2 2600000 1531400 1875000 1863801
V2 1875000 1863801 1150681 1863801
V2 1150681 1863801 1122910 1836030
Net21 5 
V2 3365080 1517000 3357880 1509800
V2 3357880 1509800 2600000 1509800
V2 2600000 1509800 1875000 1858247
V2 1875000 1858247 1233457 1858247
V2 1233457 1858247 1211240 1836030
Net22 5 
V2 3443020 1517000 3428620 1502600
V2 3428620 1502600 2600000 1502600
V2 2600000 1502600 1875000 1852692
V2 1875000 1852692 1316242 1852692
V2 1316242 1852692 1299580 1836030
Net23 5 
V2 3598910 1517000 3577310 1495400
V2 3577310 1495400 2600000 1495400
V2 2600000 1495400 1875000 1847138
V2 1875000 1847138 1399018 1847138
V2 1399018 1847138 1387910 1836030
Net24 5 
V2 3676850 1517000 3648050 1488200
V2 3648050 1488200 2600000 1488200
V2 2600000 1488200 1875000 1841584
V2 1875000 1841584 1481804 1841584
V2 1481804 1841584 1476250 1836030
Net27 5 
V2 3014340 1473800 3010020 1469480
V2 3010020 1469480 2600000 1469480
V2 2600000 1469480 1875000 1822144
V2 1875000 1822144 855396 1822144
V2 855396 1822144 813740 1780487
Net28 5 
V2 3092280 1473800 3083640 1465160
V2 3083640 1465160 2600000 1465160
V2 2600000 1465160 1875000 1815201
V2 1875000 1815201 936783 1815201
V2 936783 1815201 902070 1780487
Net29 5 
V2 3170227 1473800 3157267 1460840
V2 3157267 1460840 2600000 1460840
V2 2600000 1460840 1875000 1808258
V2 1875000 1808258 1018181 1808258
V2 1018181 1808258 990410 1780487
Net30 5 
V2 3326110 1473800 3308830 1456520
V2 3308830 1456520 2600000 1456520
V2 2600000 1456520 1875000 1801315
V2 1875000 1801315 1099568 1801315
V2 1099568 1801315 1078740 1780487
Net31 5 
V2 3404050 1473800 3382450 1452200
V2 3382450 1452200 2600000 1452200
V2 2600000 1452200 1875000 1794373
V2 1875000 1794373 1269295 1794373
V2 1269295 1794373 1255410 1780487
Net32 5 
V2 3481997 1473800 3456077 1447880
V2 3456077 1447880 2600000 1447880
V2 2600000 1447880 1875000 1787430
V2 1875000 1787430 1350690 1787430
V2 1350690 1787430 1343747 1780487
Net33 5 
V2 3637880 1473800 3607640 1443560
V2 3607640 1443560 2600000 1443560
V2 2600000 1443560 1875000 1761968
V2 1875000 1761968 1538932 1761968
V2 1538932 1761968 1520412 1780487
Net34 5 
V2 3715820 1473800 3708620 1481000
V2 3708620 1481000 2600000 1481000
V2 2600000 1481000 1875000 1829086
V2 1875000 1829086 1571523 1829086
V2 1571523 1829086 1564580 1836030
Net35 5 
V2 3793762 1473800 3759202 1439240
V2 3759202 1439240 2600000 1439240
V2 2600000 1439240 1875000 1743454
V2 1875000 1743454 409096 1743454
V2 409096 1743454 372062 1780487
Net36 5 
V2 2897430 1430600 2893110 1434920
V2 2893110 1434920 2600000 1434920
V2 2600000 1434920 1875000 1697171
V2 1875000 1697171 620668 1697171
V2 620668 1697171 592900 1724940
Net60 5 
V2 3676850 1344200 3655250 1365800
V2 3655250 1365800 2600000 1365800
V2 2600000 1365800 1875000 1650888
V2 1875000 1650888 1538924 1650888
V2 1538924 1650888 1520412 1669400
Net61 5 
V2 3754790 1344200 3740390 1329800
V2 3740390 1329800 2600000 1329800
V2 2600000 1329800 1875000 1632374
V2 1875000 1632374 346414 1632374
V2 346414 1632374 327900 1613860
Net64 5 
V2 3170227 1301000 3155827 1315400
V2 3155827 1315400 2600000 1315400
V2 2600000 1315400 1875000 1599969
V2 1875000 1599969 767056 1599969
V2 767056 1599969 725400 1558312
Net65 5 
V2 3248170 1301000 3243850 1296680
V2 3243850 1296680 2600000 1296680
V2 2600000 1296680 1875000 1586083
V2 1875000 1586083 841511 1586083
V2 841511 1586083 813740 1558312
Net66 5 
V2 3326110 1301000 3317470 1292360
V2 3317470 1292360 2600000 1292360
V2 2600000 1292360 1875000 1572198
V2 1875000 1572198 915955 1572198
V2 915955 1572198 902070 1558312
Net71 5 
V2 2897430 1257800 2893110 1262120
V2 2893110 1262120 2600000 1262120
V2 2600000 1262120 1875000 1484255
V2 1875000 1484255 434744 1484255
V2 434744 1484255 416230 1502770
Net74 5 
V2 3131252 1257800 3122612 1266440
V2 3122612 1266440 2600000 1266440
V2 2600000 1266440 1875000 1510704
V2 1875000 1510704 1038018 1510704
V2 1038018 1510704 990410 1558312
Net75 5 
V2 3287140 1257800 3274180 1270760
V2 3274180 1270760 2600000 1270760
V2 2600000 1270760 1875000 1518639
V2 1875000 1518639 1118413 1518639
V2 1118413 1518639 1078740 1558312
Net76 5 
V2 3443020 1257800 3425740 1275080
V2 3425740 1275080 2600000 1275080
V2 2600000 1275080 1875000 1526573
V2 1875000 1526573 1198819 1526573
V2 1198819 1526573 1167080 1558312
Net77 5 
V2 3520970 1257800 3499370 1279400
V2 3499370 1279400 2600000 1279400
V2 2600000 1279400 1875000 1534508
V2 1875000 1534508 1279214 1534508
V2 1279214 1534508 1255410 1558312
Net78 5 
V2 3598910 1257800 3572990 1283720
V2 3572990 1283720 2600000 1283720
V2 2600000 1283720 1875000 1542442
V2 1875000 1542442 1447950 1542442
V2 1447950 1542442 1432080 1558312
Net79 5 
V2 3676850 1257800 3646610 1288040
V2 3646610 1288040 2600000 1288040
V2 2600000 1288040 1875000 1550377
V2 1875000 1550377 1528348 1550377
V2 1528348 1550377 1520412 1558312
Net80 5 
V2 3754790 1257800 3733190 1236200
V2 3733190 1236200 2600000 1236200
V2 2600000 1236200 1875000 1465741
V2 1875000 1465741 364928 1465741
V2 364928 1465741 327900 1502770
