Nets 26
Net13 5 
V2 3028200 1560200 3021720 1566680
V2 3021720 1566680 2600000 1566680
V2 2600000 1566680 1875000 1858247
V2 1875000 1858247 1288733 1858247
V2 1288733 1858247 1255410 1891570
Net14 5 
V2 3081890 1560200 3068930 1573160
V2 3068930 1573160 2600000 1573160
V2 2600000 1573160 1875000 1869355
V2 1875000 1869355 1454294 1869355
V2 1454294 1869355 1432080 1891570
Net15 5 
V2 3189280 1560200 3169840 1579640
V2 3169840 1579640 2600000 1579640
V2 2600000 1579640 1875000 1880464
V2 1875000 1880464 1531518 1880464
V2 1531518 1880464 1520412 1891570
Net19 5 
V2 3108740 1534280 3102260 1540760
V2 3102260 1540760 2600000 1540760
V2 2600000 1540760 1875000 1799001
V2 1875000 1799001 1159938 1799001
V2 1159938 1799001 1122910 1836030
Net20 5 
V2 3162430 1534280 3149470 1547240
V2 3149470 1547240 2600000 1547240
V2 2600000 1547240 1875000 1817515
V2 1875000 1817515 1406424 1817515
V2 1406424 1817515 1387910 1836030
Net21 5 
V2 3216127 1534280 3196687 1553720
V2 3196687 1553720 2600000 1553720
V2 2600000 1553720 1875000 1847138
V2 1875000 1847138 416494 1847138
V2 416494 1847138 372062 1891570
Net22 5 
V2 2867120 1508360 2858480 1517000
V2 2858480 1517000 2600000 1517000
V2 2600000 1517000 1875000 1758265
V2 1875000 1758265 1100962 1758265
V2 1100962 1758265 1078740 1780487
Net23 5 
V2 2974502 1508360 2957222 1525640
V2 2957222 1525640 2600000 1525640
V2 2600000 1525640 1875000 1769374
V2 1875000 1769374 1266523 1769374
V2 1266523 1769374 1255410 1780487
Net27 5 
V2 2893960 1482440 2881000 1495400
V2 2881000 1495400 2600000 1495400
V2 2600000 1495400 1875000 1747157
V2 1875000 1747157 1023740 1747157
V2 1023740 1747157 990410 1780487
Net34 5 
V2 2920810 1456520 2907850 1469480
V2 2907850 1469480 2600000 1469480
V2 2600000 1469480 1875000 1736048
V2 1875000 1736048 858179 1736048
V2 858179 1736048 813740 1780487
Net35 5 
V2 2974502 1456520 2965862 1447880
V2 2965862 1447880 2600000 1447880
V2 2600000 1447880 1875000 1706428
V2 1875000 1706428 699749 1706428
V2 699749 1706428 681237 1724940
Net39 5 
V2 2893960 1430600 2885320 1439240
V2 2885320 1439240 2600000 1439240
V2 2600000 1439240 1875000 1687914
V2 1875000 1687914 629926 1687914
V2 629926 1687914 592900 1724940
Net51 5 
V2 3055042 1378760 3046402 1387400
V2 3046402 1387400 2600000 1387400
V2 2600000 1387400 1875000 1641631
V2 1875000 1641631 1283179 1641631
V2 1283179 1641631 1255410 1669400
Net53 5 
V2 3162430 1378760 3145150 1396040
V2 3145150 1396040 2600000 1396040
V2 2600000 1396040 1875000 1655516
V2 1875000 1655516 1534296 1655516
V2 1534296 1655516 1520412 1669400
Net61 5 
V2 2947660 1326920 2943340 1331240
V2 2943340 1331240 2600000 1331240
V2 2600000 1331240 1875000 1539798
V2 1875000 1539798 743914 1539798
V2 743914 1539798 725400 1558312
Net62 5 
V2 3001350 1326920 2992710 1335560
V2 2992710 1335560 2600000 1335560
V2 2600000 1335560 1875000 1549055
V2 1875000 1549055 822997 1549055
V2 822997 1549055 813740 1558312
Net63 5 
V2 3055042 1326920 3042082 1339880
V2 3042082 1339880 2600000 1339880
V2 2600000 1339880 1875000 1576826
V2 1875000 1576826 718271 1576826
V2 718271 1576826 681237 1613860
Net64 5 
V2 3162430 1326920 3145150 1344200
V2 3145150 1344200 2600000 1344200
V2 2600000 1344200 1875000 1595340
V2 1875000 1595340 876427 1595340
V2 876427 1595340 857907 1613860
Net65 5 
V2 3216127 1326920 3194527 1348520
V2 3194527 1348520 2600000 1348520
V2 2600000 1348520 1875000 1627745
V2 1875000 1627745 413717 1627745
V2 413717 1627745 372062 1669400
Net66 5 
V2 2867120 1301000 2854160 1313960
V2 2854160 1313960 2600000 1313960
V2 2600000 1313960 1875000 1530541
V2 1875000 1530541 664841 1530541
V2 664841 1530541 637070 1558312
Net77 5 
V2 2867120 1249160 2854160 1262120
V2 2854160 1262120 2600000 1262120
V2 2600000 1262120 1875000 1521284
V2 1875000 1521284 788084 1521284
V2 788084 1521284 769570 1502770
Net78 5 
V2 2920810 1249160 2916490 1244840
V2 2916490 1244840 2600000 1244840
V2 2600000 1244840 1875000 1512027
V2 1875000 1512027 867164 1512027
V2 867164 1512027 857907 1502770
Net83 5 
V2 2893960 1223240 2889640 1227560
V2 2889640 1227560 2600000 1227560
V2 2600000 1227560 1875000 1458336
V2 1875000 1458336 1167344 1458336
V2 1167344 1458336 1122910 1502770
Net84 5 
V2 2947660 1223240 2939020 1231880
V2 2939020 1231880 2600000 1231880
V2 2600000 1231880 1875000 1469444
V2 1875000 1469444 1332905 1469444
V2 1332905 1469444 1299580 1502770
Net85 5 
V2 3055042 1223240 3042082 1236200
V2 3042082 1236200 2600000 1236200
V2 2600000 1236200 1875000 1480553
V2 1875000 1480553 1410127 1480553
V2 1410127 1480553 1387910 1502770
Net86 5 
V2 3162430 1223240 3145150 1240520
V2 3145150 1240520 2600000 1240520
V2 2600000 1240520 1875000 1491661
V2 1875000 1491661 1575688 1491661
V2 1575688 1491661 1564580 1502770
