Nets 22
Net12 5 
V2 3052500 1541687 3043242 1550945
V2 3043242 1550945 2400000 1550945
V2 2400000 1550945 1875000 1830104
V2 1875000 1830104 1295196 1830104
V2 1295196 1830104 1274460 1850840
Net13 5 
V2 3147760 1541687 3129245 1560202
V2 3129245 1560202 2400000 1560202
V2 2400000 1560202 1875000 1835288
V2 1875000 1835288 1354102 1835288
V2 1354102 1835288 1338550 1850840
Net14 5 
V2 3243020 1541687 3215248 1569459
V2 3215248 1569459 2400000 1569459
V2 2400000 1569459 1875000 1840472
V2 1875000 1840472 1413005 1840472
V2 1413005 1840472 1402637 1850840
Net15 5 
V2 3338290 1541687 3301261 1578716
V2 3301261 1578716 2400000 1578716
V2 2400000 1578716 1875000 1845656
V2 1875000 1845656 1471904 1845656
V2 1471904 1845656 1466720 1850840
Net19 5 
V2 3719340 1541687 3708231 1530579
V2 3708231 1530579 2400000 1530579
V2 2400000 1530579 1875000 1793816
V2 1875000 1793816 1600074 1793816
V2 1600074 1793816 1594890 1799000
Net22 5 
V2 4005130 1541687 3958844 1587973
V2 3958844 1587973 2400000 1587973
V2 2400000 1587973 1875000 1863800
V2 1875000 1863800 1191292 1863800
V2 1191292 1863800 1178332 1876760
Net23 5 
V2 2814340 1486140 2803226 1497253
V2 2803226 1497253 2400000 1497253
V2 2400000 1497253 1875000 1778264
V2 1875000 1778264 1295196 1778264
V2 1295196 1778264 1274460 1799000
Net24 5 
V2 2909602 1486140 2887380 1508362
V2 2887380 1508362 2400000 1508362
V2 2400000 1508362 1875000 1783448
V2 1875000 1783448 1354102 1783448
V2 1354102 1783448 1338550 1799000
Net25 5 
V2 3004870 1486140 2971539 1519470
V2 2971539 1519470 2400000 1519470
V2 2400000 1519470 1875000 1788632
V2 1875000 1788632 1413005 1788632
V2 1413005 1788632 1402637 1799000
Net28 5 
V2 3385920 1486140 3367406 1467626
V2 3367406 1467626 2400000 1467626
V2 2400000 1467626 1875000 1760120
V2 1875000 1760120 1287420 1760120
V2 1287420 1760120 1274460 1747160
Net36 5 
V2 3052500 1430600 3033988 1449112
V2 3033988 1449112 2400000 1449112
V2 2400000 1449112 1875000 1708280
V2 1875000 1708280 1383550 1708280
V2 1383550 1708280 1370590 1721240
Net58 5 
V2 3338290 1319512 3324399 1333403
V2 3324399 1333403 2400000 1333403
V2 2400000 1333403 1875000 1612376
V2 1875000 1612376 1568034 1612376
V2 1568034 1612376 1562850 1617560
Net60 5 
V2 3528810 1319512 3501033 1347289
V2 3501033 1347289 2400000 1347289
V2 2400000 1347289 1875000 1652120
V2 1875000 1652120 1539450 1652120
V2 1539450 1652120 1530810 1643480
Net64 5 
V2 4005130 1319512 3963468 1361174
V2 3963468 1361174 2400000 1361174
V2 2400000 1361174 1875000 1660760
V2 1875000 1660760 1186972 1660760
V2 1186972 1660760 1178332 1669400
Net65 5 
V2 2719080 1263970 2691308 1291741
V2 2691308 1291741 2400000 1291741
V2 2400000 1291741 1875000 1607192
V2 1875000 1607192 1252788 1607192
V2 1252788 1607192 1242420 1617560
Net66 5 
V2 2814340 1263970 2807397 1257027
V2 2807397 1257027 2400000 1257027
V2 2400000 1257027 1875000 1602008
V2 1875000 1602008 1284828 1602008
V2 1284828 1602008 1274460 1591640
Net68 5 
V2 3004870 1263970 2990984 1250084
V2 2990984 1250084 2400000 1250084
V2 2400000 1250084 1875000 1596824
V2 1875000 1596824 1343734 1596824
V2 1343734 1596824 1338550 1591640
Net69 5 
V2 3100130 1263970 3079301 1243141
V2 3079301 1243141 2400000 1243141
V2 2400000 1243141 1875000 1578680
V2 1875000 1578680 1415597 1578680
V2 1415597 1578680 1402637 1591640
Net78 5 
V2 2766710 1208430 2759769 1215370
V2 2759769 1215370 2400000 1215370
V2 2400000 1215370 1875000 1520360
V2 1875000 1520360 1229820 1520360
V2 1229820 1520360 1210380 1539800
Net79 5 
V2 2861970 1208430 2848086 1222313
V2 2848086 1222313 2400000 1222313
V2 2400000 1222313 1875000 1526840
V2 1875000 1526840 1351510 1526840
V2 1351510 1526840 1338550 1539800
Net80 5 
V2 3052500 1208430 3031673 1229256
V2 3031673 1229256 2400000 1229256
V2 2400000 1229256 1875000 1533320
V2 1875000 1533320 1409117 1533320
V2 1409117 1533320 1402637 1539800
Net87 5 
V2 4005130 1208430 3977361 1236199
V2 3977361 1236199 2400000 1236199
V2 2400000 1236199 1875000 1552760
V2 1875000 1552760 1191292 1552760
V2 1191292 1552760 1178332 1565720
