Nets 26
Net4 5 
M2 3165080 1603400 3143480 1625000
M2 3143480 1625000 2400000 1625000
M2 2400000 1625000 1875000 1842200
M2 1875000 1842200 1586210 1842200
M2 1586210 1842200 1577570 1850840
Net14 5 
M2 3359940 1560200 3349140 1571000
M2 3349140 1571000 2400000 1571000
M2 2400000 1571000 1875000 1807640
M2 1875000 1807640 1573200 1807640
M2 1573200 1807640 1555920 1824920
Net15 5 
M2 3437880 1560200 3416280 1581800
M2 3416280 1581800 2400000 1581800
M2 2400000 1581800 1875000 1816280
M2 1875000 1816280 1607860 1816280
M2 1607860 1816280 1599220 1824920
Net16 5 
M2 3593762 1560200 3561362 1592600
M2 3561362 1592600 2400000 1592600
M2 2400000 1592600 1875000 1833560
M2 1875000 1833560 1348057 1833560
M2 1348057 1833560 1339417 1824920
Net21 5 
M2 3165080 1517000 3150680 1531400
M2 3150680 1531400 2400000 1531400
M2 2400000 1531400 1875000 1760120
M2 1875000 1760120 1525580 1760120
M2 1525580 1760120 1512620 1773080
Net24 5 
M2 3476850 1517000 3448050 1545800
M2 3448050 1545800 2400000 1545800
M2 2400000 1545800 1875000 1766600
M2 1875000 1766600 1605700 1766600
M2 1605700 1766600 1599220 1773080
Net25 5 
M2 3554790 1517000 3546150 1508360
M2 3546150 1508360 2400000 1508360
M2 2400000 1508360 1875000 1753640
M2 1875000 1753640 1358857 1753640
M2 1358857 1753640 1339417 1773080
Net29 5 
M2 2970227 1473800 2961587 1482440
M2 2961587 1482440 2400000 1482440
M2 2400000 1482440 1875000 1727720
M2 1875000 1727720 1423810 1727720
M2 1423810 1727720 1404370 1747160
Net33 5 
M2 3437880 1473800 3420600 1491080
M2 3420600 1491080 2400000 1491080
M2 2400000 1491080 1875000 1734200
M2 1875000 1734200 1590530 1734200
M2 1590530 1734200 1577570 1747160
Net34 5 
M2 3515820 1473800 3489900 1499720
M2 3489900 1499720 2400000 1499720
M2 2400000 1499720 1875000 1740680
M2 1875000 1740680 1627350 1740680
M2 1627350 1740680 1620870 1747160
Net37 5 
M2 2775370 1430600 2766730 1439240
M2 2766730 1439240 2400000 1439240
M2 2400000 1439240 1875000 1700504
M2 1875000 1700504 1490056 1700504
M2 1490056 1700504 1469320 1721240
Net41 5 
M2 3320970 1430600 3303690 1447880
M2 3303690 1447880 2400000 1447880
M2 2400000 1447880 1875000 1705688
M2 1875000 1705688 1528172 1705688
M2 1528172 1705688 1512620 1721240
Net42 5 
M2 3398910 1430600 3372990 1456520
M2 3372990 1456520 2400000 1456520
M2 2400000 1456520 1875000 1710872
M2 1875000 1710872 1566288 1710872
M2 1566288 1710872 1555920 1721240
Net43 5 
M2 3476850 1430600 3442290 1465160
M2 3442290 1465160 2400000 1465160
M2 2400000 1465160 1875000 1716056
M2 1875000 1716056 1604404 1716056
M2 1604404 1716056 1599220 1721240
Net44 5 
M2 2814340 1387400 2799940 1401800
M2 2799940 1401800 2400000 1401800
M2 2400000 1401800 1875000 1626200
M2 1875000 1626200 1421650 1626200
M2 1421650 1626200 1404370 1643480
Net50 5 
M2 3359940 1387400 3331140 1416200
M2 3331140 1416200 2400000 1416200
M2 2400000 1416200 1875000 1634840
M2 1875000 1634840 1542910 1634840
M2 1542910 1634840 1534270 1643480
Net57 5 
M2 3243020 1344200 3221420 1365800
M2 3221420 1365800 2400000 1365800
M2 2400000 1365800 1875000 1608920
M2 1875000 1608920 1607860 1608920
M2 1607860 1608920 1599220 1617560
Net67 5 
M2 3204050 1301000 3195410 1309640
M2 3195410 1309640 2400000 1309640
M2 2400000 1309640 1875000 1546280
M2 1875000 1546280 1532060 1546280
M2 1532060 1546280 1512620 1565720
Net68 5 
M2 3359940 1301000 3342660 1318280
M2 3342660 1318280 2400000 1318280
M2 2400000 1318280 1875000 1552760
M2 1875000 1552760 1568880 1552760
M2 1568880 1552760 1555920 1565720
Net69 5 
M2 3437880 1301000 3411960 1326920
M2 3411960 1326920 2400000 1326920
M2 2400000 1326920 1875000 1559240
M2 1875000 1559240 1605700 1559240
M2 1605700 1559240 1599220 1565720
Net70 5 
M2 3593762 1301000 3559202 1335560
M2 3559202 1335560 2400000 1335560
M2 2400000 1335560 1875000 1600280
M2 1875000 1600280 1356697 1600280
M2 1356697 1600280 1339417 1617560
Net74 5 
M2 2931252 1257800 2909652 1279400
M2 2909652 1279400 2400000 1279400
M2 2400000 1279400 1875000 1505240
M2 1875000 1505240 1477960 1505240
M2 1477960 1505240 1469320 1513880
Net84 5 
M2 3126110 1214600 3117470 1223240
M2 3117470 1223240 2400000 1223240
M2 2400000 1223240 1875000 1468520
M2 1875000 1468520 1467110 1468520
M2 1467110 1468520 1447670 1487960
Net85 5 
M2 3204050 1214600 3186770 1231880
M2 3186770 1231880 2400000 1231880
M2 2400000 1231880 1875000 1475000
M2 1875000 1475000 1547230 1475000
M2 1547230 1475000 1534270 1487960
Net86 5 
M2 3359940 1214600 3334020 1240520
M2 3334020 1240520 2400000 1240520
M2 2400000 1240520 1875000 1481480
M2 1875000 1481480 1627350 1481480
M2 1627350 1481480 1620870 1487960
Net87 5 
M2 3593762 1214600 3559202 1249160
M2 3559202 1249160 2400000 1249160
M2 2400000 1249160 1875000 1496600
M2 1875000 1496600 1356697 1496600
M2 1356697 1496600 1339417 1513880
