Nets 27
Net4 5 
M2 3481180 1597230 3462665 1615744
M2 3462665 1615744 2400000 1615744
M2 2400000 1615744 1875000 1833560
M2 1875000 1833560 1548090 1833560
M2 1548090 1833560 1530810 1850840
Net5 5 
M2 3576440 1597230 3539411 1634258
M2 3539411 1634258 2400000 1634258
M2 2400000 1634258 1875000 1842200
M2 1875000 1842200 1603530 1842200
M2 1603530 1842200 1594890 1850840
Net7 5 
M2 3862230 1597230 3848344 1583344
M2 3848344 1583344 2400000 1583344
M2 2400000 1583344 1875000 1818440
M2 1875000 1818440 1505240 1818440
M2 1505240 1818440 1498760 1824920
Net10 5 
M2 2766710 1541687 2752824 1555573
M2 2752824 1555573 2400000 1555573
M2 2400000 1555573 1875000 1805480
M2 1875000 1805480 1261860 1805480
M2 1261860 1805480 1242420 1824920
Net11 5 
M2 2861970 1541687 2834198 1569459
M2 2834198 1569459 2400000 1569459
M2 2400000 1569459 1875000 1811960
M2 1875000 1811960 1319470 1811960
M2 1319470 1811960 1306510 1824920
Net16 5 
M2 3433550 1541687 3425615 1533753
M2 3425615 1533753 2400000 1533753
M2 2400000 1533753 1875000 1786040
M2 1875000 1786040 1479680 1786040
M2 1479680 1786040 1466720 1799000
Net18 5 
M2 3624077 1541687 3608208 1525818
M2 3608208 1525818 2400000 1525818
M2 2400000 1525818 1875000 1760120
M2 1875000 1760120 1511720 1760120
M2 1511720 1760120 1498760 1773080
Net21 5 
M2 3909860 1541687 3886056 1517884
M2 3886056 1517884 2400000 1517884
M2 2400000 1517884 1875000 1741976
M2 1875000 1741976 1600074 1741976
M2 1600074 1741976 1594890 1747160
Net27 5 
M2 3195390 1486140 3187449 1494080
M2 3187449 1494080 2400000 1494080
M2 2400000 1494080 1875000 1726424
M2 1875000 1726424 1359286 1726424
M2 1359286 1726424 1338550 1747160
Net31 5 
M2 3766970 1486140 3751095 1502015
M2 3751095 1502015 2400000 1502015
M2 2400000 1502015 1875000 1731608
M2 1875000 1731608 1418189 1731608
M2 1418189 1731608 1402637 1747160
Net32 5 
M2 3957492 1486140 3933683 1509949
M2 3933683 1509949 2400000 1509949
M2 2400000 1509949 1875000 1736792
M2 1875000 1736792 1541178 1736792
M2 1541178 1736792 1530810 1747160
Net34 5 
M2 2766710 1430600 2755604 1441706
M2 2755604 1441706 2400000 1441706
M2 2400000 1441706 1875000 1703960
M2 1875000 1703960 1259700 1703960
M2 1259700 1703960 1242420 1721240
Net38 5 
M2 3338290 1430600 3329033 1421343
M2 3329033 1421343 2400000 1421343
M2 2400000 1421343 1875000 1699640
M2 1875000 1699640 1471040 1699640
M2 1471040 1699640 1466720 1695320
Net39 5 
M2 3528810 1430600 3510296 1412086
M2 3510296 1412086 2400000 1412086
M2 2400000 1412086 1875000 1682360
M2 1875000 1682360 1607850 1682360
M2 1607850 1682360 1594890 1695320
Net40 5 
M2 3624077 1430600 3601863 1452814
M2 3601863 1452814 2400000 1452814
M2 2400000 1452814 1875000 1708280
M2 1875000 1708280 1447640 1708280
M2 1447640 1708280 1434680 1721240
Net41 5 
M2 3814600 1430600 3781277 1463923
M2 3781277 1463923 2400000 1463923
M2 2400000 1463923 1875000 1712600
M2 1875000 1712600 1507400 1712600
M2 1507400 1712600 1498760 1721240
Net42 5 
M2 3909860 1430600 3865428 1475031
M2 3865428 1475031 2400000 1475031
M2 2400000 1475031 1875000 1716920
M2 1875000 1716920 1567170 1716920
M2 1567170 1716920 1562850 1721240
Net44 5 
M2 2814340 1375060 2805085 1384315
M2 2805085 1384315 2400000 1384315
M2 2400000 1384315 1875000 1626200
M2 1875000 1626200 1291740 1626200
M2 1291740 1626200 1274460 1643480
Net50 5 
M2 3671710 1375060 3653198 1393572
M2 3653198 1393572 2400000 1393572
M2 2400000 1393572 1875000 1634840
M2 1875000 1634840 1475360 1634840
M2 1475360 1634840 1466720 1643480
Net51 5 
M2 3766970 1375060 3739201 1402829
M2 3739201 1402829 2400000 1402829
M2 2400000 1402829 1875000 1656440
M2 1875000 1656440 1575810 1656440
M2 1575810 1656440 1562850 1669400
Net53 5 
M2 4052760 1375060 4034246 1356546
M2 4034246 1356546 2400000 1356546
M2 2400000 1356546 1875000 1604600
M2 1875000 1604600 1191292 1604600
M2 1191292 1604600 1178332 1617560
Net61 5 
M2 3624077 1319512 3605558 1338032
M2 3605558 1338032 2400000 1338032
M2 2400000 1338032 1875000 1559240
M2 1875000 1559240 1441160 1559240
M2 1441160 1559240 1434680 1565720
Net67 5 
M2 2909602 1263970 2891088 1282484
M2 2891088 1282484 2400000 1282484
M2 2400000 1282484 1875000 1546280
M2 1875000 1546280 1261860 1546280
M2 1261860 1546280 1242420 1565720
Net70 5 
M2 3195390 1263970 3158361 1300998
M2 3158361 1300998 2400000 1300998
M2 2400000 1300998 1875000 1552760
M2 1875000 1552760 1319470 1552760
M2 1319470 1552760 1306510 1565720
Net72 5 
M2 3576440 1263970 3562554 1250084
M2 3562554 1250084 2400000 1250084
M2 2400000 1250084 1875000 1507400
M2 1875000 1507400 1441160 1507400
M2 1441160 1507400 1434680 1513880
Net81 5 
M2 3147760 1208430 3133876 1222313
M2 3133876 1222313 2400000 1222313
M2 2400000 1222313 1875000 1494440
M2 1875000 1494440 1261860 1494440
M2 1261860 1494440 1242420 1513880
Net82 5 
M2 3338290 1208430 3310521 1236199
M2 3310521 1236199 2400000 1236199
M2 2400000 1236199 1875000 1500920
M2 1875000 1500920 1319470 1500920
M2 1319470 1500920 1306510 1513880
