Nets 66
Net0 5 
V1 2680110 1612040 2674926 1617224
V1 2674926 1617224 2400000 1617224
V1 2400000 1617224 1875000 1859480
V1 1875000 1859480 1259700 1859480
V1 1259700 1859480 1242420 1876760
Net1 5 
V1 2808280 1612040 2797912 1622408
V1 2797912 1622408 2400000 1622408
V1 2400000 1622408 1875000 1863800
V1 1875000 1863800 1383550 1863800
V1 1383550 1863800 1370590 1876760
Net2 5 
V1 2936450 1612040 2920898 1627592
V1 2920898 1627592 2400000 1627592
V1 2400000 1627592 1875000 1868120
V1 1875000 1868120 1507400 1868120
V1 1507400 1868120 1498760 1876760
Net3 5 
V1 3000540 1612040 2979804 1632776
V1 2979804 1632776 2400000 1632776
V1 2400000 1632776 1875000 1872440
V1 1875000 1872440 1567170 1872440
V1 1567170 1872440 1562850 1876760
Net6 5 
V1 2840320 1586120 2836000 1590440
V1 2836000 1590440 2400000 1590440
V1 2400000 1590440 1875000 1833560
V1 1875000 1833560 1419917 1833560
V1 1419917 1833560 1402637 1850840
Net7 5 
V1 2904410 1586120 2895770 1594760
V1 2895770 1594760 2400000 1594760
V1 2400000 1594760 1875000 1837880
V1 1875000 1837880 1479680 1837880
V1 1479680 1837880 1466720 1850840
Net8 5 
V1 2968490 1586120 2955530 1599080
V1 2955530 1599080 2400000 1599080
V1 2400000 1599080 1875000 1842200
V1 1875000 1842200 1539450 1842200
V1 1539450 1842200 1530810 1850840
Net9 5 
V1 3032580 1586120 3015300 1603400
V1 3015300 1603400 2400000 1603400
V1 2400000 1603400 1875000 1846520
V1 1875000 1846520 1599210 1846520
V1 1599210 1846520 1594890 1850840
Net10 5 
V1 3096667 1586120 3075067 1607720
V1 3075067 1607720 2400000 1607720
V1 2400000 1607720 1875000 1855160
V1 1875000 1855160 1199932 1855160
V1 1199932 1855160 1178332 1876760
Net11 5 
V1 2680110 1560200 2675790 1564520
V1 2675790 1564520 2400000 1564520
V1 2400000 1564520 1875000 1807640
V1 1875000 1807640 1259700 1807640
V1 1259700 1807640 1242420 1824920
Net12 5 
V1 2744190 1560200 2735550 1568840
V1 2735550 1568840 2400000 1568840
V1 2400000 1568840 1875000 1811960
V1 1875000 1811960 1319470 1811960
V1 1319470 1811960 1306510 1824920
Net13 5 
V1 2872362 1560200 2859402 1573160
V1 2859402 1573160 2400000 1573160
V1 2400000 1573160 1875000 1816280
V1 1875000 1816280 1443320 1816280
V1 1443320 1816280 1434680 1824920
Net14 5 
V1 2936450 1560200 2919170 1577480
V1 2919170 1577480 2400000 1577480
V1 2400000 1577480 1875000 1820600
V1 1875000 1820600 1503080 1820600
V1 1503080 1820600 1498760 1824920
Net15 5 
V1 3064620 1560200 3043020 1581800
V1 3043020 1581800 2400000 1581800
V1 2400000 1581800 1875000 1829240
V1 1875000 1829240 1567170 1829240
V1 1567170 1829240 1562850 1824920
Net18 5 
V1 2840320 1534280 2831680 1525640
V1 2831680 1525640 2400000 1525640
V1 2400000 1525640 1875000 1779560
V1 1875000 1779560 1422077 1779560
V1 1422077 1779560 1402637 1799000
Net19 5 
V1 2968490 1534280 2962010 1540760
V1 2962010 1540760 2400000 1540760
V1 2400000 1540760 1875000 1786040
V1 1875000 1786040 1479680 1786040
V1 1479680 1786040 1466720 1799000
Net20 5 
V1 3032580 1534280 3019620 1547240
V1 3019620 1547240 2400000 1547240
V1 2400000 1547240 1875000 1792520
V1 1875000 1792520 1601370 1792520
V1 1601370 1792520 1594890 1799000
Net21 5 
V1 3096667 1534280 3077227 1553720
V1 3077227 1553720 2400000 1553720
V1 2400000 1553720 1875000 1803320
V1 1875000 1803320 1199932 1803320
V1 1199932 1803320 1178332 1824920
Net22 5 
V1 2680110 1508360 2671470 1517000
V1 2671470 1517000 2400000 1517000
V1 2400000 1517000 1875000 1764440
V1 1875000 1764440 1251060 1764440
V1 1251060 1764440 1242420 1773080
Net27 5 
V1 2712150 1482440 2707830 1486760
V1 2707830 1486760 2400000 1486760
V1 2400000 1486760 1875000 1726424
V1 1875000 1726424 1295196 1726424
V1 1295196 1726424 1274460 1747160
Net28 5 
V1 2776240 1482440 2767600 1491080
V1 2767600 1491080 2400000 1491080
V1 2400000 1491080 1875000 1731608
V1 1875000 1731608 1354102 1731608
V1 1354102 1731608 1338550 1747160
Net29 5 
V1 2840320 1482440 2827360 1495400
V1 2827360 1495400 2400000 1495400
V1 2400000 1495400 1875000 1736792
V1 1875000 1736792 1413005 1736792
V1 1413005 1736792 1402637 1747160
Net31 5 
V1 3032580 1482440 3015300 1499720
V1 3015300 1499720 2400000 1499720
V1 2400000 1499720 1875000 1741976
V1 1875000 1741976 1600074 1741976
V1 1600074 1741976 1594890 1747160
Net32 5 
V1 3096667 1482440 3075067 1504040
V1 3075067 1504040 2400000 1504040
V1 2400000 1504040 1875000 1755800
V1 1875000 1755800 1195612 1755800
V1 1195612 1755800 1178332 1773080
Net33 5 
V1 2680110 1456520 2674926 1461704
V1 2674926 1461704 2400000 1461704
V1 2400000 1461704 1875000 1703960
V1 1875000 1703960 1259700 1703960
V1 1259700 1703960 1242420 1721240
Net35 5 
V1 2808280 1456520 2797912 1466888
V1 2797912 1466888 2400000 1466888
V1 2400000 1466888 1875000 1708280
V1 1875000 1708280 1383550 1708280
V1 1383550 1708280 1370590 1721240
Net36 5 
V1 2872362 1456520 2856810 1472072
V1 2856810 1472072 2400000 1472072
V1 2400000 1472072 1875000 1712600
V1 1875000 1712600 1443320 1712600
V1 1443320 1712600 1434680 1721240
Net38 5 
V1 3000540 1456520 2979804 1477256
V1 2979804 1477256 2400000 1477256
V1 2400000 1477256 1875000 1716920
V1 1875000 1716920 1567170 1716920
V1 1567170 1716920 1562850 1721240
Net39 5 
V1 2712150 1430600 2707830 1434920
V1 2707830 1434920 2400000 1434920
V1 2400000 1434920 1875000 1674584
V1 1875000 1674584 1295196 1674584
V1 1295196 1674584 1274460 1695320
Net40 5 
V1 2840320 1430600 2831680 1439240
V1 2831680 1439240 2400000 1439240
V1 2400000 1439240 1875000 1679768
V1 1875000 1679768 1418189 1679768
V1 1418189 1679768 1402637 1695320
Net41 5 
V1 2904410 1430600 2891450 1443560
V1 2891450 1443560 2400000 1443560
V1 2400000 1443560 1875000 1684952
V1 1875000 1684952 1477088 1684952
V1 1477088 1684952 1466720 1695320
Net42 5 
V1 3032580 1430600 3015300 1447880
V1 3015300 1447880 2400000 1447880
V1 2400000 1447880 1875000 1690136
V1 1875000 1690136 1600074 1690136
V1 1600074 1690136 1594890 1695320
Net43 5 
V1 3096667 1430600 3075067 1452200
V1 3075067 1452200 2400000 1452200
V1 2400000 1452200 1875000 1699640
V1 1875000 1699640 1199932 1699640
V1 1199932 1699640 1178332 1721240
Net45 5 
V1 2808280 1404680 2801800 1411160
V1 2801800 1411160 2400000 1411160
V1 2400000 1411160 1875000 1653848
V1 1875000 1653848 1386142 1653848
V1 1386142 1653848 1370590 1669400
Net46 5 
V1 2872362 1404680 2859402 1417640
V1 2859402 1417640 2400000 1417640
V1 2400000 1417640 1875000 1659032
V1 1875000 1659032 1445048 1659032
V1 1445048 1659032 1434680 1669400
Net47 5 
V1 3000540 1404680 2981100 1424120
V1 2981100 1424120 2400000 1424120
V1 2400000 1424120 1875000 1664216
V1 1875000 1664216 1568034 1664216
V1 1568034 1664216 1562850 1669400
Net49 5 
V1 2776240 1378760 2771920 1383080
V1 2771920 1383080 2400000 1383080
V1 2400000 1383080 1875000 1622744
V1 1875000 1622744 1359286 1622744
V1 1359286 1622744 1338550 1643480
Net50 5 
V1 2840320 1378760 2831680 1387400
V1 2831680 1387400 2400000 1387400
V1 2400000 1387400 1875000 1627928
V1 1875000 1627928 1418189 1627928
V1 1418189 1627928 1402637 1643480
Net52 5 
V1 2968490 1378760 2955530 1391720
V1 2955530 1391720 2400000 1391720
V1 2400000 1391720 1875000 1633112
V1 1875000 1633112 1541178 1633112
V1 1541178 1633112 1530810 1643480
Net53 5 
V1 3032580 1378760 3015300 1396040
V1 3015300 1396040 2400000 1396040
V1 2400000 1396040 1875000 1638296
V1 1875000 1638296 1600074 1638296
V1 1600074 1638296 1594890 1643480
Net54 5 
V1 3096667 1378760 3075067 1400360
V1 3075067 1400360 2400000 1400360
V1 2400000 1400360 1875000 1648664
V1 1875000 1648664 1199068 1648664
V1 1199068 1648664 1178332 1669400
Net55 5 
V1 2680110 1352840 2673630 1359320
V1 2673630 1359320 2400000 1359320
V1 2400000 1359320 1875000 1602008
V1 1875000 1602008 1257972 1602008
V1 1257972 1602008 1242420 1617560
Net56 5 
V1 2744190 1352840 2731230 1365800
V1 2731230 1365800 2400000 1365800
V1 2400000 1365800 1875000 1607192
V1 1875000 1607192 1316878 1607192
V1 1316878 1607192 1306510 1617560
Net57 5 
V1 2872362 1352840 2852922 1372280
V1 2852922 1372280 2400000 1372280
V1 2400000 1372280 1875000 1612376
V1 1875000 1612376 1439864 1612376
V1 1439864 1612376 1434680 1617560
Net60 5 
V1 2712150 1326920 2707830 1331240
V1 2707830 1331240 2400000 1331240
V1 2400000 1331240 1875000 1570904
V1 1875000 1570904 1295196 1570904
V1 1295196 1570904 1274460 1591640
Net62 5 
V1 2840320 1326920 2831680 1335560
V1 2831680 1335560 2400000 1335560
V1 2400000 1335560 1875000 1576088
V1 1875000 1576088 1418189 1576088
V1 1418189 1576088 1402637 1591640
Net63 5 
V1 2904410 1326920 2891450 1339880
V1 2891450 1339880 2400000 1339880
V1 2400000 1339880 1875000 1581272
V1 1875000 1581272 1477088 1581272
V1 1477088 1581272 1466720 1591640
Net64 5 
V1 3032580 1326920 3015300 1344200
V1 3015300 1344200 2400000 1344200
V1 2400000 1344200 1875000 1586456
V1 1875000 1586456 1600074 1586456
V1 1600074 1586456 1594890 1591640
Net65 5 
V1 3096667 1326920 3075067 1348520
V1 3075067 1348520 2400000 1348520
V1 2400000 1348520 1875000 1596824
V1 1875000 1596824 1199068 1596824
V1 1199068 1596824 1178332 1617560
Net66 5 
V1 2680110 1301000 2674926 1306184
V1 2674926 1306184 2400000 1306184
V1 2400000 1306184 1875000 1548440
V1 1875000 1548440 1259700 1548440
V1 1259700 1548440 1242420 1565720
Net67 5 
V1 2808280 1301000 2797912 1311368
V1 2797912 1311368 2400000 1311368
V1 2400000 1311368 1875000 1552760
V1 1875000 1552760 1319470 1552760
V1 1319470 1552760 1306510 1565720
Net69 5 
V1 2936450 1301000 2920898 1316552
V1 2920898 1316552 2400000 1316552
V1 2400000 1316552 1875000 1557080
V1 1875000 1557080 1507400 1557080
V1 1507400 1557080 1498760 1565720
Net70 5 
V1 3000540 1301000 2979804 1321736
V1 2979804 1321736 2400000 1321736
V1 2400000 1321736 1875000 1561400
V1 1875000 1561400 1567170 1561400
V1 1567170 1561400 1562850 1565720
Net73 5 
V1 2840320 1275080 2835136 1280264
V1 2835136 1280264 2400000 1280264
V1 2400000 1280264 1875000 1520360
V1 1875000 1520360 1422077 1520360
V1 1422077 1520360 1402637 1539800
Net74 5 
V1 2968490 1275080 2958122 1285448
V1 2958122 1285448 2400000 1285448
V1 2400000 1285448 1875000 1526840
V1 1875000 1526840 1543770 1526840
V1 1543770 1526840 1530810 1539800
Net75 5 
V1 3032580 1275080 3017028 1290632
V1 3017028 1290632 2400000 1290632
V1 2400000 1290632 1875000 1533320
V1 1875000 1533320 1601370 1533320
V1 1601370 1533320 1594890 1539800
Net76 5 
V1 3096667 1275080 3075931 1295816
V1 3075931 1295816 2400000 1295816
V1 2400000 1295816 1875000 1544120
V1 1875000 1544120 1199932 1544120
V1 1199932 1544120 1178332 1565720
Net77 5 
V1 2680110 1249160 2674926 1254344
V1 2674926 1254344 2400000 1254344
V1 2400000 1254344 1875000 1496600
V1 1875000 1496600 1259700 1496600
V1 1259700 1496600 1242420 1513880
Net79 5 
V1 2808280 1249160 2797912 1259528
V1 2797912 1259528 2400000 1259528
V1 2400000 1259528 1875000 1500920
V1 1875000 1500920 1383550 1500920
V1 1383550 1500920 1370590 1513880
Net80 5 
V1 2872362 1249160 2856810 1264712
V1 2856810 1264712 2400000 1264712
V1 2400000 1264712 1875000 1505240
V1 1875000 1505240 1443320 1505240
V1 1443320 1505240 1434680 1513880
Net82 5 
V1 3000540 1249160 2979804 1269896
V1 2979804 1269896 2400000 1269896
V1 2400000 1269896 1875000 1509560
V1 1875000 1509560 1567170 1509560
V1 1567170 1509560 1562850 1513880
Net83 5 
V1 2712150 1223240 2707830 1227560
V1 2707830 1227560 2400000 1227560
V1 2400000 1227560 1875000 1467224
V1 1875000 1467224 1295196 1467224
V1 1295196 1467224 1274460 1487960
Net84 5 
V1 2776240 1223240 2767600 1231880
V1 2767600 1231880 2400000 1231880
V1 2400000 1231880 1875000 1472408
V1 1875000 1472408 1354102 1472408
V1 1354102 1472408 1338550 1487960
Net85 5 
V1 2904410 1223240 2891450 1236200
V1 2891450 1236200 2400000 1236200
V1 2400000 1236200 1875000 1477592
V1 1875000 1477592 1477088 1477592
V1 1477088 1477592 1466720 1487960
Net86 5 
V1 3032580 1223240 3015300 1240520
V1 3015300 1240520 2400000 1240520
V1 2400000 1240520 1875000 1482776
V1 1875000 1482776 1600074 1482776
V1 1600074 1482776 1594890 1487960
Net87 5 
V1 3096667 1223240 3075067 1244840
V1 3075067 1244840 2400000 1244840
V1 2400000 1244840 1875000 1492280
V1 1875000 1492280 1199932 1492280
V1 1199932 1492280 1178332 1513880
