Nets 15
Net8 5 
M2 2968490 1586120 2959850 1594760
M2 2959850 1594760 2400000 1594760
M2 2400000 1594760 1875000 1863801
M2 1875000 1863801 991329 1863801
M2 991329 1863801 963560 1891570
Net9 5 
M2 3032580 1586120 3015300 1603400
M2 3015300 1603400 2400000 1603400
M2 2400000 1603400 1875000 1877686
M2 1875000 1877686 1161043 1877686
M2 1161043 1877686 1147160 1891570
Net10 5 
M2 3096667 1586120 3088027 1577480
M2 3088027 1577480 2400000 1577480
M2 2400000 1577480 1875000 1849915
M2 1875000 1849915 288955 1849915
M2 288955 1849915 275070 1836030
Net12 5 
M2 2744190 1560200 2735550 1568840
M2 2735550 1568840 2400000 1568840
M2 2400000 1568840 1875000 1817515
M2 1875000 1817515 477184 1817515
M2 477184 1817515 458670 1836030
Net16 5 
M2 2712150 1534280 2699190 1547240
M2 2699190 1547240 2400000 1547240
M2 2400000 1547240 1875000 1799001
M2 1875000 1799001 431284 1799001
M2 431284 1799001 412770 1780487
Net28 5 
M2 2776240 1482440 2769760 1488920
M2 2769760 1488920 2400000 1488920
M2 2400000 1488920 1875000 1738825
M2 1875000 1738825 913422 1738825
M2 913422 1738825 871760 1780487
Net29 5 
M2 2840320 1482440 2827360 1495400
M2 2827360 1495400 2400000 1495400
M2 2400000 1495400 1875000 1752711
M2 1875000 1752711 1358529 1752711
M2 1358529 1752711 1330752 1780487
Net30 5 
M2 2968490 1482440 2949050 1501880
M2 2949050 1501880 2400000 1501880
M2 2400000 1501880 1875000 1766596
M2 1875000 1766596 1528241 1766596
M2 1528241 1766596 1514350 1780487
Net32 5 
M2 3096667 1482440 3083707 1469480
M2 3083707 1469480 2400000 1469480
M2 2400000 1469480 1875000 1697171
M2 1875000 1697171 302838 1697171
M2 302838 1697171 275070 1724940
Net44 5 
M2 2680110 1404680 2667150 1417640
M2 2667150 1417640 2400000 1417640
M2 2400000 1417640 1875000 1641631
M2 1875000 1641631 807728 1641631
M2 807728 1641631 779960 1669400
Net52 5 
M2 2968490 1378760 2955530 1391720
M2 2955530 1391720 2400000 1391720
M2 2400000 1391720 1875000 1595340
M2 1875000 1595340 1211579 1595340
M2 1211579 1595340 1193060 1613860
Net54 5 
M2 3096667 1378760 3088027 1370120
M2 3088027 1370120 2400000 1370120
M2 2400000 1370120 1875000 1576826
M2 1875000 1576826 312103 1576826
M2 312103 1576826 275070 1613860
Net55 5 
M2 2680110 1352840 2671470 1361480
M2 2671470 1361480 2400000 1361480
M2 2400000 1361480 1875000 1539798
M2 1875000 1539798 431284 1539798
M2 431284 1539798 412770 1558312
Net71 5 
M2 2712150 1275080 2703510 1283720
M2 2703510 1283720 2400000 1283720
M2 2400000 1283720 1875000 1474998
M2 1875000 1474998 394641 1474998
M2 394641 1474998 366870 1502770
Net76 5 
M2 3096667 1275080 3079387 1292360
M2 3079387 1292360 2400000 1292360
M2 2400000 1292360 1875000 1521284
M2 1875000 1521284 293584 1521284
M2 293584 1521284 275070 1502770
