Nets 32
Net0 5 
V1 2654130 1612040 2648946 1617224
V1 2648946 1617224 2400000 1617224
V1 2400000 1617224 1875000 1854544
V1 1875000 1854544 402166 1854544
V1 402166 1854544 365140 1891570
Net1 5 
V1 2740730 1612040 2730362 1622408
V1 2730362 1622408 2400000 1622408
V1 2400000 1622408 1875000 1863801
V1 1875000 1863801 583429 1863801
V1 583429 1863801 555660 1891570
Net2 5 
V1 2827330 1612040 2811778 1627592
V1 2811778 1627592 2400000 1627592
V1 2400000 1627592 1875000 1873058
V1 1875000 1873058 669434 1873058
V1 669434 1873058 650922 1891570
Net3 5 
V1 2870630 1612040 2849894 1632776
V1 2849894 1632776 2400000 1632776
V1 2400000 1632776 1875000 1882315
V1 1875000 1882315 850705 1882315
V1 850705 1882315 841450 1891570
Net4 5 
V1 2675780 1586120 2670596 1591304
V1 2670596 1591304 2400000 1591304
V1 2400000 1591304 1875000 1802704
V1 1875000 1802704 541355 1802704
V1 541355 1802704 508030 1836030
Net5 5 
V1 2719080 1586120 2708712 1596488
V1 2708712 1596488 2400000 1596488
V1 2400000 1596488 1875000 1813813
V1 1875000 1813813 625507 1813813
V1 625507 1813813 603290 1836030
Net6 5 
V1 2762380 1586120 2746828 1601672
V1 2746828 1601672 2400000 1601672
V1 2400000 1601672 1875000 1824921
V1 1875000 1824921 709668 1824921
V1 709668 1824921 698560 1836030
Net7 5 
V1 2805680 1586120 2784944 1606856
V1 2784944 1606856 2400000 1606856
V1 2400000 1606856 1875000 1845287
V1 1875000 1845287 803077 1845287
V1 803077 1845287 793820 1836030
Net11 5 
V1 2654130 1560200 2647650 1553720
V1 2647650 1553720 2400000 1553720
V1 2400000 1553720 1875000 1791596
V1 1875000 1791596 361941 1791596
V1 361941 1791596 317507 1836030
Net17 5 
V1 2719080 1534280 2712600 1540760
V1 2712600 1540760 2400000 1540760
V1 2400000 1540760 1875000 1761968
V1 1875000 1761968 478919 1761968
V1 478919 1761968 460400 1780487
Net18 5 
V1 2762380 1534280 2749420 1547240
V1 2749420 1547240 2400000 1547240
V1 2400000 1547240 1875000 1771225
V1 1875000 1771225 660185 1771225
V1 660185 1771225 650922 1780487
Net33 5 
V1 2654130 1456520 2641170 1469480
V1 2641170 1469480 2400000 1469480
V1 2400000 1469480 1875000 1752711
V1 1875000 1752711 345278 1752711
V1 345278 1752711 317507 1724940
Net36 5 
V1 2784030 1456520 2779710 1452200
V1 2779710 1452200 2400000 1452200
V1 2400000 1452200 1875000 1743454
V1 1875000 1743454 1193384 1743454
V1 1193384 1743454 1174870 1724940
Net37 5 
V1 2827330 1456520 2818690 1447880
V1 2818690 1447880 2400000 1447880
V1 2400000 1447880 1875000 1734197
V1 1875000 1734197 1374654 1734197
V1 1374654 1734197 1365397 1724940
Net38 5 
V1 2870630 1456520 2857670 1443560
V1 2857670 1443560 2400000 1443560
V1 2400000 1443560 1875000 1713834
V1 1875000 1713834 1471766 1713834
V1 1471766 1713834 1460660 1724940
Net40 5 
V1 2762380 1430600 2757196 1425416
V1 2757196 1425416 2400000 1425416
V1 2400000 1425416 1875000 1680508
V1 1875000 1680508 838251 1680508
V1 838251 1680508 793820 1724940
Net41 5 
V1 2805680 1430600 2801360 1434920
V1 2801360 1434920 2400000 1434920
V1 2400000 1434920 1875000 1691617
V1 1875000 1691617 922403 1691617
V1 922403 1691617 889080 1724940
Net42 5 
V1 2892280 1430600 2883640 1439240
V1 2883640 1439240 2400000 1439240
V1 2400000 1439240 1875000 1702725
V1 1875000 1702725 1101824 1702725
V1 1101824 1702725 1079610 1724940
Net45 5 
V1 2740730 1404680 2735546 1409864
V1 2735546 1409864 2400000 1409864
V1 2400000 1409864 1875000 1648573
V1 1875000 1648573 957536 1648573
V1 957536 1648573 936710 1669400
Net46 5 
V1 2784030 1404680 2773662 1415048
V1 2773662 1415048 2400000 1415048
V1 2400000 1415048 1875000 1655516
V1 1875000 1655516 1045863 1655516
V1 1045863 1655516 1031980 1669400
Net47 5 
V1 2870630 1404680 2855078 1420232
V1 2855078 1420232 2400000 1420232
V1 2400000 1420232 1875000 1662459
V1 1875000 1662459 1324703 1662459
V1 1324703 1662459 1317762 1669400
Net48 5 
V1 2675780 1378760 2669300 1385240
V1 2669300 1385240 2400000 1385240
V1 2400000 1385240 1875000 1627745
V1 1875000 1627745 406794 1627745
V1 406794 1627745 365140 1669400
Net49 5 
V1 2719080 1378760 2706120 1391720
V1 2706120 1391720 2400000 1391720
V1 2400000 1391720 1875000 1634688
V1 1875000 1634688 495111 1634688
V1 495111 1634688 460400 1669400
Net50 5 
V1 2762380 1378760 2742940 1398200
V1 2742940 1398200 2400000 1398200
V1 2400000 1398200 1875000 1641631
V1 1875000 1641631 678691 1641631
V1 678691 1641631 650922 1669400
Net56 5 
V1 2697430 1352840 2692246 1358024
V1 2692246 1358024 2400000 1358024
V1 2400000 1358024 1875000 1580529
V1 1875000 1580529 350838 1580529
V1 350838 1580529 317507 1613860
Net57 5 
V1 2784030 1352840 2773662 1363208
V1 2773662 1363208 2400000 1363208
V1 2400000 1363208 1875000 1591638
V1 1875000 1591638 530252 1591638
V1 530252 1591638 508030 1613860
Net58 5 
V1 2827330 1352840 2811778 1368392
V1 2811778 1368392 2400000 1368392
V1 2400000 1368392 1875000 1602746
V1 1875000 1602746 1090723 1602746
V1 1090723 1602746 1079610 1613860
Net59 5 
V1 2870630 1352840 2849894 1373576
V1 2849894 1373576 2400000 1373576
V1 2400000 1373576 1875000 1620802
V1 1875000 1620802 896022 1620802
V1 896022 1620802 889080 1613860
Net60 5 
V1 2675780 1326920 2662820 1339880
V1 2662820 1339880 2400000 1339880
V1 2400000 1339880 1875000 1569421
V1 1875000 1569421 471508 1569421
V1 471508 1569421 460400 1558312
Net72 5 
V1 2719080 1275080 2712600 1281560
V1 2712600 1281560 2400000 1281560
V1 2400000 1281560 1875000 1465741
V1 1875000 1465741 449798 1465741
V1 449798 1465741 412770 1502770
Net73 5 
V1 2762380 1275080 2749420 1288040
V1 2749420 1288040 2400000 1288040
V1 2400000 1288040 1875000 1484255
V1 1875000 1484255 526544 1484255
V1 526544 1484255 508030 1502770
Net74 5 
V1 2848980 1275080 2829540 1294520
V1 2829540 1294520 2400000 1294520
V1 2400000 1294520 1875000 1530541
V1 1875000 1530541 1440801 1530541
V1 1440801 1530541 1413030 1558312
