Nets 20
Net5 5 
V2 3208817 1603400 3187217 1625000
V2 3187217 1625000 2400000 1625000
V2 2400000 1625000 1875000 1837880
V2 1875000 1837880 1607850 1837880
V2 1607850 1837880 1594890 1850840
Net13 5 
V2 3175910 1560200 3154310 1581800
V2 3154310 1581800 2400000 1581800
V2 2400000 1581800 1875000 1811960
V2 1875000 1811960 1447640 1811960
V2 1447640 1811960 1434680 1824920
Net23 5 
V2 3274630 1517000 3253030 1538600
V2 3253030 1538600 2400000 1538600
V2 2400000 1538600 1875000 1786040
V2 1875000 1786040 1607850 1786040
V2 1607850 1786040 1594890 1799000
Net31 5 
V2 3110090 1473800 3088490 1495400
V2 3088490 1495400 2400000 1495400
V2 2400000 1495400 1875000 1760120
V2 1875000 1760120 1383550 1760120
V2 1383550 1760120 1370590 1773080
Net32 5 
V2 3175910 1473800 3165110 1463000
V2 3165110 1463000 2400000 1463000
V2 2400000 1463000 1875000 1734200
V2 1875000 1734200 1415597 1734200
V2 1415597 1734200 1402637 1747160
Net35 5 
V2 3439180 1473800 3417580 1452200
V2 3417580 1452200 2400000 1452200
V2 2400000 1452200 1875000 1708280
V2 1875000 1708280 1191292 1708280
V2 1191292 1708280 1178332 1721240
Net38 5 
V2 2879730 1430600 2868930 1441400
V2 2868930 1441400 2400000 1441400
V2 2400000 1441400 1875000 1682360
V2 1875000 1682360 1415597 1682360
V2 1415597 1682360 1402637 1695320
Net48 5 
V2 3110090 1387400 3095690 1401800
V2 3095690 1401800 2400000 1401800
V2 2400000 1401800 1875000 1656440
V2 1875000 1656440 1383550 1656440
V2 1383550 1656440 1370590 1669400
Net49 5 
V2 3175910 1387400 3147110 1416200
V2 3147110 1416200 2400000 1416200
V2 2400000 1416200 1875000 1662920
V2 1875000 1662920 1441160 1662920
V2 1441160 1662920 1434680 1669400
Net55 5 
V2 3011360 1344200 3002720 1352840
V2 3002720 1352840 2400000 1352840
V2 2400000 1352840 1875000 1586456
V2 1875000 1586456 1471904 1586456
V2 1471904 1586456 1466720 1591640
Net59 5 
V2 3274630 1344200 3257350 1361480
V2 3257350 1361480 2400000 1361480
V2 2400000 1361480 1875000 1626200
V2 1875000 1626200 1548090 1626200
V2 1548090 1626200 1530810 1643480
Net60 5 
V2 3340450 1344200 3314530 1370120
V2 3314530 1370120 2400000 1370120
V2 2400000 1370120 1875000 1634840
V2 1875000 1634840 1603530 1634840
V2 1603530 1634840 1594890 1643480
Net61 5 
V2 3406270 1344200 3371710 1378760
V2 3371710 1378760 2400000 1378760
V2 2400000 1378760 1875000 1649960
V2 1875000 1649960 1197772 1649960
V2 1197772 1649960 1178332 1669400
Net62 5 
V2 2715180 1301000 2704380 1311800
V2 2704380 1311800 2400000 1311800
V2 2400000 1311800 1875000 1570904
V2 1875000 1570904 1295196 1570904
V2 1295196 1570904 1274460 1591640
Net64 5 
V2 2912637 1301000 2891037 1322600
V2 2891037 1322600 2400000 1322600
V2 2400000 1322600 1875000 1576088
V2 1875000 1576088 1354102 1576088
V2 1354102 1576088 1338550 1591640
Net65 5 
V2 2978450 1301000 2946050 1333400
V2 2946050 1333400 2400000 1333400
V2 2400000 1333400 1875000 1581272
V2 1875000 1581272 1413005 1581272
V2 1413005 1581272 1402637 1591640
Net71 5 
V2 2682270 1257800 2671470 1268600
V2 2671470 1268600 2400000 1268600
V2 2400000 1268600 1875000 1520360
V2 1875000 1520360 1229820 1520360
V2 1229820 1520360 1210380 1539800
Net72 5 
V2 2748090 1257800 2726490 1279400
V2 2726490 1279400 2400000 1279400
V2 2400000 1279400 1875000 1526840
V2 1875000 1526840 1351510 1526840
V2 1351510 1526840 1338550 1539800
Net73 5 
V2 2813910 1257800 2781510 1290200
V2 2781510 1290200 2400000 1290200
V2 2400000 1290200 1875000 1533320
V2 1875000 1533320 1409117 1533320
V2 1409117 1533320 1402637 1539800
Net83 5 
V2 2912637 1214600 2891037 1236200
V2 2891037 1236200 2400000 1236200
V2 2400000 1236200 1875000 1475000
V2 1875000 1475000 1287420 1475000
V2 1287420 1475000 1274460 1487960
