Nets 15
Net8 5 
M2 2908740 1586120 2900100 1594760
M2 2900100 1594760 2400000 1594760
M2 2400000 1594760 1875000 1863801
M2 1875000 1863801 991329 1863801
M2 991329 1863801 963560 1891570
Net9 5 
M2 2962430 1586120 2945150 1603400
M2 2945150 1603400 2400000 1603400
M2 2400000 1603400 1875000 1877686
M2 1875000 1877686 1161043 1877686
M2 1161043 1877686 1147160 1891570
Net10 5 
M2 3016127 1586120 3007487 1577480
M2 3007487 1577480 2400000 1577480
M2 2400000 1577480 1875000 1849915
M2 1875000 1849915 288955 1849915
M2 288955 1849915 275070 1836030
Net12 5 
M2 2720810 1560200 2712170 1568840
M2 2712170 1568840 2400000 1568840
M2 2400000 1568840 1875000 1817515
M2 1875000 1817515 477184 1817515
M2 477184 1817515 458670 1836030
Net16 5 
M2 2693960 1534280 2681000 1547240
M2 2681000 1547240 2400000 1547240
M2 2400000 1547240 1875000 1799001
M2 1875000 1799001 431284 1799001
M2 431284 1799001 412770 1780487
Net28 5 
M2 2747660 1482440 2741180 1488920
M2 2741180 1488920 2400000 1488920
M2 2400000 1488920 1875000 1738825
M2 1875000 1738825 913422 1738825
M2 913422 1738825 871760 1780487
Net29 5 
M2 2801350 1482440 2788390 1495400
M2 2788390 1495400 2400000 1495400
M2 2400000 1495400 1875000 1752711
M2 1875000 1752711 1358529 1752711
M2 1358529 1752711 1330752 1780487
Net30 5 
M2 2908740 1482440 2889300 1501880
M2 2889300 1501880 2400000 1501880
M2 2400000 1501880 1875000 1766596
M2 1875000 1766596 1528241 1766596
M2 1528241 1766596 1514350 1780487
Net32 5 
M2 3016127 1482440 3003167 1469480
M2 3003167 1469480 2400000 1469480
M2 2400000 1469480 1875000 1697171
M2 1875000 1697171 302838 1697171
M2 302838 1697171 275070 1724940
Net44 5 
M2 2667120 1404680 2654160 1417640
M2 2654160 1417640 2400000 1417640
M2 2400000 1417640 1875000 1641631
M2 1875000 1641631 807728 1641631
M2 807728 1641631 779960 1669400
Net52 5 
M2 2908740 1378760 2895780 1391720
M2 2895780 1391720 2400000 1391720
M2 2400000 1391720 1875000 1595340
M2 1875000 1595340 1211579 1595340
M2 1211579 1595340 1193060 1613860
Net54 5 
M2 3016127 1378760 3007487 1370120
M2 3007487 1370120 2400000 1370120
M2 2400000 1370120 1875000 1576826
M2 1875000 1576826 312103 1576826
M2 312103 1576826 275070 1613860
Net55 5 
M2 2667120 1352840 2658480 1361480
M2 2658480 1361480 2400000 1361480
M2 2400000 1361480 1875000 1539798
M2 1875000 1539798 431284 1539798
M2 431284 1539798 412770 1558312
Net71 5 
M2 2693960 1275080 2685320 1283720
M2 2685320 1283720 2400000 1283720
M2 2400000 1283720 1875000 1474998
M2 1875000 1474998 394641 1474998
M2 394641 1474998 366870 1502770
Net76 5 
M2 3016127 1275080 2998847 1292360
M2 2998847 1292360 2400000 1292360
M2 2400000 1292360 1875000 1521284
M2 1875000 1521284 293584 1521284
M2 293584 1521284 275070 1502770
