Nets 51
Net9 5 
M2 4052760 1597230 4024988 1625001
M2 4024988 1625001 2400000 1625001
M2 2400000 1625001 1875000 1863801
M2 1875000 1863801 399831 1863801
M2 399831 1863801 372062 1891570
Net12 5 
M2 3052500 1541687 3047450 1546737
M2 3047450 1546737 2400000 1546737
M2 2400000 1546737 1875000 1785536
M2 1875000 1785536 643393 1785536
M2 643393 1785536 592900 1836030
Net13 5 
M2 3147760 1541687 3137660 1551786
M2 3137660 1551786 2400000 1551786
M2 2400000 1551786 1875000 1790586
M2 1875000 1790586 726681 1790586
M2 726681 1790586 681237 1836030
Net14 5 
M2 3243020 1541687 3227871 1556836
M2 3227871 1556836 2400000 1556836
M2 2400000 1556836 1875000 1795635
M2 1875000 1795635 809964 1795635
M2 809964 1795635 769570 1836030
Net15 5 
M2 3338290 1541687 3318092 1561885
M2 3318092 1561885 2400000 1561885
M2 2400000 1561885 1875000 1800684
M2 1875000 1800684 893253 1800684
M2 893253 1800684 857907 1836030
Net16 5 
M2 3433550 1541687 3408303 1566934
M2 3408303 1566934 2400000 1566934
M2 2400000 1566934 1875000 1805733
M2 1875000 1805733 1153206 1805733
M2 1153206 1805733 1122910 1836030
Net17 5 
M2 3528810 1541687 3498513 1571983
M2 3498513 1571983 2400000 1571983
M2 2400000 1571983 1875000 1810783
M2 1875000 1810783 1236487 1810783
M2 1236487 1810783 1211240 1836030
Net18 5 
M2 3624077 1541687 3588732 1577033
M2 3588732 1577033 2400000 1577033
M2 2400000 1577033 1875000 1815832
M2 1875000 1815832 1319777 1815832
M2 1319777 1815832 1299580 1836030
Net19 5 
M2 3719340 1541687 3678945 1582082
M2 3678945 1582082 2400000 1582082
M2 2400000 1582082 1875000 1820881
M2 1875000 1820881 1403058 1820881
M2 1403058 1820881 1387910 1836030
Net20 5 
M2 3814600 1541687 3769156 1587131
M2 3769156 1587131 2400000 1587131
M2 2400000 1587131 1875000 1825930
M2 1875000 1825930 1486349 1825930
M2 1486349 1825930 1476250 1836030
Net21 5 
M2 3909860 1541687 3859366 1592180
M2 3859366 1592180 2400000 1592180
M2 2400000 1592180 1875000 1830980
M2 1875000 1830980 1569630 1830980
M2 1569630 1830980 1564580 1836030
Net25 5 
M2 3004870 1486140 2998692 1492317
M2 2998692 1492317 2400000 1492317
M2 2400000 1492317 1875000 1731111
M2 1875000 1731111 774776 1731111
M2 774776 1731111 725400 1780487
Net26 5 
M2 3100130 1486140 3087781 1498488
M2 3087781 1498488 2400000 1498488
M2 2400000 1498488 1875000 1737282
M2 1875000 1737282 856945 1737282
M2 856945 1737282 813740 1780487
Net27 5 
M2 3195390 1486140 3176870 1504660
M2 3176870 1504660 2400000 1504660
M2 2400000 1504660 1875000 1743453
M2 1875000 1743453 939103 1743453
M2 939103 1743453 902070 1780487
Net28 5 
M2 3385920 1486140 3361228 1510831
M2 3361228 1510831 2400000 1510831
M2 2400000 1510831 1875000 1749625
M2 1875000 1749625 1021272 1749625
M2 1021272 1749625 990410 1780487
Net29 5 
M2 3481180 1486140 3450317 1517002
M2 3450317 1517002 2400000 1517002
M2 2400000 1517002 1875000 1755796
M2 1875000 1755796 1103431 1755796
M2 1103431 1755796 1078740 1780487
Net30 5 
M2 3671710 1486140 3634676 1523173
M2 3634676 1523173 2400000 1523173
M2 2400000 1523173 1875000 1761967
M2 1875000 1761967 1273930 1761967
M2 1273930 1761967 1255410 1780487
Net31 5 
M2 3766970 1486140 3723765 1529345
M2 3723765 1529345 2400000 1529345
M2 2400000 1529345 1875000 1768138
M2 1875000 1768138 1356096 1768138
M2 1356096 1768138 1343747 1780487
Net32 5 
M2 3957492 1486140 3908116 1535516
M2 3908116 1535516 2400000 1535516
M2 2400000 1535516 1875000 1774310
M2 1875000 1774310 1526590 1774310
M2 1526590 1774310 1520412 1780487
Net36 5 
M2 3052500 1430600 3045559 1437540
M2 3045559 1437540 2400000 1437540
M2 2400000 1437540 1875000 1676342
M2 1875000 1676342 729834 1676342
M2 729834 1676342 681237 1724940
Net37 5 
M2 3243020 1430600 3229136 1444483
M2 3229136 1444483 2400000 1444483
M2 2400000 1444483 1875000 1683285
M2 1875000 1683285 899562 1683285
M2 899562 1683285 857907 1724940
Net38 5 
M2 3338290 1430600 3317463 1451426
M2 3317463 1451426 2400000 1451426
M2 2400000 1451426 1875000 1690228
M2 1875000 1690228 980951 1690228
M2 980951 1690228 946240 1724940
Net39 5 
M2 3528810 1430600 3501041 1458369
M2 3501041 1458369 2400000 1458369
M2 2400000 1458369 1875000 1697171
M2 1875000 1697171 1150679 1697171
M2 1150679 1697171 1122910 1724940
Net40 5 
M2 3624077 1430600 3589365 1465311
M2 3589365 1465311 2400000 1465311
M2 2400000 1465311 1875000 1704113
M2 1875000 1704113 1232066 1704113
M2 1232066 1704113 1211240 1724940
Net41 5 
M2 3814600 1430600 3772945 1472254
M2 3772945 1472254 2400000 1472254
M2 2400000 1472254 1875000 1711056
M2 1875000 1711056 1401793 1711056
M2 1401793 1711056 1387910 1724940
Net42 5 
M2 3909860 1430600 3861262 1479197
M2 3861262 1479197 2400000 1479197
M2 2400000 1479197 1875000 1717999
M2 1875000 1717999 1483190 1717999
M2 1483190 1717999 1476250 1724940
Net46 5 
M2 3100130 1375060 3093189 1382000
M2 3093189 1382000 2400000 1382000
M2 2400000 1382000 1875000 1620802
M2 1875000 1620802 773997 1620802
M2 773997 1620802 725400 1669400
Net47 5 
M2 3195390 1375060 3181506 1388943
M2 3181506 1388943 2400000 1388943
M2 2400000 1388943 1875000 1627745
M2 1875000 1627745 855394 1627745
M2 855394 1627745 813740 1669400
Net48 5 
M2 3385920 1375060 3365093 1395886
M2 3365093 1395886 2400000 1395886
M2 2400000 1395886 1875000 1634688
M2 1875000 1634688 1025121 1634688
M2 1025121 1634688 990410 1669400
Net49 5 
M2 3481180 1375060 3453411 1402829
M2 3453411 1402829 2400000 1402829
M2 2400000 1402829 1875000 1641631
M2 1875000 1641631 1106509 1641631
M2 1106509 1641631 1078740 1669400
Net50 5 
M2 3671710 1375060 3636998 1409771
M2 3636998 1409771 2400000 1409771
M2 2400000 1409771 1875000 1648573
M2 1875000 1648573 1276236 1648573
M2 1276236 1648573 1255410 1669400
Net51 5 
M2 3766970 1375060 3725315 1416714
M2 3725315 1416714 2400000 1416714
M2 2400000 1416714 1875000 1655516
M2 1875000 1655516 1357631 1655516
M2 1357631 1655516 1343747 1669400
Net52 5 
M2 3957492 1375060 3908895 1423657
M2 3908895 1423657 2400000 1423657
M2 2400000 1423657 1875000 1662459
M2 1875000 1662459 1527353 1662459
M2 1527353 1662459 1520412 1669400
Net56 5 
M2 3052500 1319512 3046322 1325690
M2 3046322 1325690 2400000 1325690
M2 2400000 1325690 1875000 1569421
M2 1875000 1569421 725676 1569421
M2 725676 1569421 681237 1613860
Net57 5 
M2 3243020 1319512 3230671 1331861
M2 3230671 1331861 2400000 1331861
M2 2400000 1331861 1875000 1574975
M2 1875000 1574975 896792 1574975
M2 896792 1574975 857907 1613860
Net58 5 
M2 3338290 1319512 3319770 1338032
M2 3319770 1338032 2400000 1338032
M2 2400000 1338032 1875000 1580529
M2 1875000 1580529 979570 1580529
M2 979570 1580529 946240 1613860
Net59 5 
M2 3433550 1319512 3408858 1344203
M2 3408858 1344203 2400000 1344203
M2 2400000 1344203 1875000 1586083
M2 1875000 1586083 1150686 1586083
M2 1150686 1586083 1122910 1613860
Net60 5 
M2 3528810 1319512 3497947 1350375
M2 3497947 1350375 2400000 1350375
M2 2400000 1350375 1875000 1591638
M2 1875000 1591638 1233462 1591638
M2 1233462 1591638 1211240 1613860
Net61 5 
M2 3624077 1319512 3587043 1356546
M2 3587043 1356546 2400000 1356546
M2 2400000 1356546 1875000 1597192
M2 1875000 1597192 1316247 1597192
M2 1316247 1597192 1299580 1613860
Net62 5 
M2 3814600 1319512 3771395 1362717
M2 3771395 1362717 2400000 1362717
M2 2400000 1362717 1875000 1602746
M2 1875000 1602746 1399023 1602746
M2 1399023 1602746 1387910 1613860
Net63 5 
M2 3909860 1319512 3860483 1368888
M2 3860483 1368888 2400000 1368888
M2 2400000 1368888 1875000 1608300
M2 1875000 1608300 1481809 1608300
M2 1481809 1608300 1476250 1613860
Net65 5 
M2 2719080 1263970 2691308 1291741
M2 2691308 1291741 2400000 1291741
M2 2400000 1291741 1875000 1563866
M2 1875000 1563866 465954 1563866
M2 465954 1563866 460400 1558312
Net78 5 
M2 2766710 1208430 2761158 1213981
M2 2761158 1213981 2400000 1213981
M2 2400000 1213981 1875000 1453398
M2 1875000 1453398 465601 1453398
M2 465601 1453398 416230 1502770
Net80 5 
M2 3052500 1208430 3041394 1219536
M2 3041394 1219536 2400000 1219536
M2 2400000 1219536 1875000 1459570
M2 1875000 1459570 636100 1459570
M2 636100 1459570 592900 1502770
Net81 5 
M2 3147760 1208430 3131099 1225090
M2 3131099 1225090 2400000 1225090
M2 2400000 1225090 1875000 1465741
M2 1875000 1465741 806598 1465741
M2 806598 1465741 769570 1502770
Net82 5 
M2 3338290 1208430 3316075 1230644
M2 3316075 1230644 2400000 1230644
M2 2400000 1230644 1875000 1471912
M2 1875000 1471912 888765 1471912
M2 888765 1471912 857907 1502770
Net83 5 
M2 3433550 1208430 3405781 1236198
M2 3405781 1236198 2400000 1236198
M2 2400000 1236198 1875000 1478083
M2 1875000 1478083 1147596 1478083
M2 1147596 1478083 1122910 1502770
Net84 5 
M2 3624077 1208430 3590754 1241753
M2 3590754 1241753 2400000 1241753
M2 2400000 1241753 1875000 1484255
M2 1875000 1484255 1318095 1484255
M2 1318095 1484255 1299580 1502770
Net85 5 
M2 3719340 1208430 3680462 1247307
M2 3680462 1247307 2400000 1247307
M2 2400000 1247307 1875000 1490426
M2 1875000 1490426 1400253 1490426
M2 1400253 1490426 1387910 1502770
Net86 5 
M2 3909860 1208430 3865428 1252861
M2 3865428 1252861 2400000 1252861
M2 2400000 1252861 1875000 1496597
M2 1875000 1496597 1570752 1496597
M2 1570752 1496597 1564580 1502770
Net87 5 
M2 4005130 1208430 3955144 1258415
M2 3955144 1258415 2400000 1258415
M2 2400000 1258415 1875000 1530541
M2 1875000 1530541 355671 1530541
M2 355671 1530541 327900 1502770
