Nets 66
Net0 5 
V1 2667120 1612040 2661936 1617224
V1 2661936 1617224 2400000 1617224
V1 2400000 1617224 1875000 1859480
V1 1875000 1859480 1329850 1859480
V1 1329850 1859480 1312570 1876760
Net1 5 
V1 2774502 1612040 2764134 1622408
V1 2764134 1622408 2400000 1622408
V1 2400000 1622408 1875000 1863800
V1 1875000 1863800 1432917 1863800
V1 1432917 1863800 1419957 1876760
Net2 5 
V1 2881890 1612040 2866338 1627592
V1 2866338 1627592 2400000 1627592
V1 2400000 1627592 1875000 1868120
V1 1875000 1868120 1535980 1868120
V1 1535980 1868120 1527340 1876760
Net3 5 
V1 2935582 1612040 2914846 1632776
V1 2914846 1632776 2400000 1632776
V1 2400000 1632776 1875000 1872440
V1 1875000 1872440 1585360 1872440
V1 1585360 1872440 1581040 1876760
Net6 5 
V1 2801350 1586120 2797030 1590440
V1 2797030 1590440 2400000 1590440
V1 2400000 1590440 1875000 1833560
V1 1875000 1833560 1464080 1833560
V1 1464080 1833560 1446800 1850840
Net7 5 
V1 2855042 1586120 2846402 1594760
V1 2846402 1594760 2400000 1594760
V1 2400000 1594760 1875000 1837880
V1 1875000 1837880 1513457 1837880
V1 1513457 1837880 1500497 1850840
Net8 5 
V1 2908740 1586120 2895780 1599080
V1 2895780 1599080 2400000 1599080
V1 2400000 1599080 1875000 1842200
V1 1875000 1842200 1562830 1842200
V1 1562830 1842200 1554190 1850840
Net9 5 
V1 2962430 1586120 2945150 1603400
V1 2945150 1603400 2400000 1603400
V1 2400000 1603400 1875000 1846520
V1 1875000 1846520 1612200 1846520
V1 1612200 1846520 1607880 1850840
Net10 5 
V1 3016127 1586120 2994527 1607720
V1 2994527 1607720 2400000 1607720
V1 2400000 1607720 1875000 1855160
V1 1875000 1855160 1280472 1855160
V1 1280472 1855160 1258872 1876760
Net11 5 
V1 2667120 1560200 2662800 1564520
V1 2662800 1564520 2400000 1564520
V1 2400000 1564520 1875000 1807640
V1 1875000 1807640 1329850 1807640
V1 1329850 1807640 1312570 1824920
Net12 5 
V1 2720810 1560200 2712170 1568840
V1 2712170 1568840 2400000 1568840
V1 2400000 1568840 1875000 1811960
V1 1875000 1811960 1379220 1811960
V1 1379220 1811960 1366260 1824920
Net13 5 
V1 2828200 1560200 2815240 1573160
V1 2815240 1573160 2400000 1573160
V1 2400000 1573160 1875000 1816280
V1 1875000 1816280 1482290 1816280
V1 1482290 1816280 1473650 1824920
Net14 5 
V1 2881890 1560200 2864610 1577480
V1 2864610 1577480 2400000 1577480
V1 2400000 1577480 1875000 1820600
V1 1875000 1820600 1531660 1820600
V1 1531660 1820600 1527340 1824920
Net15 5 
V1 2989280 1560200 2967680 1581800
V1 2967680 1581800 2400000 1581800
V1 2400000 1581800 1875000 1829240
V1 1875000 1829240 1585360 1829240
V1 1585360 1829240 1581040 1824920
Net18 5 
V1 2801350 1534280 2792710 1525640
V1 2792710 1525640 2400000 1525640
V1 2400000 1525640 1875000 1779560
V1 1875000 1779560 1466240 1779560
V1 1466240 1779560 1446800 1799000
Net19 5 
V1 2908740 1534280 2902260 1540760
V1 2902260 1540760 2400000 1540760
V1 2400000 1540760 1875000 1786040
V1 1875000 1786040 1513457 1786040
V1 1513457 1786040 1500497 1799000
Net20 5 
V1 2962430 1534280 2949470 1547240
V1 2949470 1547240 2400000 1547240
V1 2400000 1547240 1875000 1792520
V1 1875000 1792520 1614360 1792520
V1 1614360 1792520 1607880 1799000
Net21 5 
V1 3016127 1534280 2996687 1553720
V1 2996687 1553720 2400000 1553720
V1 2400000 1553720 1875000 1803320
V1 1875000 1803320 1280472 1803320
V1 1280472 1803320 1258872 1824920
Net22 5 
V1 2667120 1508360 2658480 1517000
V1 2658480 1517000 2400000 1517000
V1 2400000 1517000 1875000 1764440
V1 1875000 1764440 1321210 1764440
V1 1321210 1764440 1312570 1773080
Net27 5 
V1 2693960 1482440 2689640 1486760
V1 2689640 1486760 2400000 1486760
V1 2400000 1486760 1875000 1726424
V1 1875000 1726424 1360153 1726424
V1 1360153 1726424 1339417 1747160
Net28 5 
V1 2747660 1482440 2739020 1491080
V1 2739020 1491080 2400000 1491080
V1 2400000 1491080 1875000 1731608
V1 1875000 1731608 1408662 1731608
V1 1408662 1731608 1393110 1747160
Net29 5 
V1 2801350 1482440 2788390 1495400
V1 2788390 1495400 2400000 1495400
V1 2400000 1495400 1875000 1736792
V1 1875000 1736792 1457168 1736792
V1 1457168 1736792 1446800 1747160
Net31 5 
V1 2962430 1482440 2945150 1499720
V1 2945150 1499720 2400000 1499720
V1 2400000 1499720 1875000 1741976
V1 1875000 1741976 1613064 1741976
V1 1613064 1741976 1607880 1747160
Net32 5 
V1 3016127 1482440 2994527 1504040
V1 2994527 1504040 2400000 1504040
V1 2400000 1504040 1875000 1755800
V1 1875000 1755800 1276152 1755800
V1 1276152 1755800 1258872 1773080
Net33 5 
V1 2667120 1456520 2661936 1461704
V1 2661936 1461704 2400000 1461704
V1 2400000 1461704 1875000 1703960
V1 1875000 1703960 1329850 1703960
V1 1329850 1703960 1312570 1721240
Net35 5 
V1 2774502 1456520 2764134 1466888
V1 2764134 1466888 2400000 1466888
V1 2400000 1466888 1875000 1708280
V1 1875000 1708280 1432917 1708280
V1 1432917 1708280 1419957 1721240
Net36 5 
V1 2828200 1456520 2812648 1472072
V1 2812648 1472072 2400000 1472072
V1 2400000 1472072 1875000 1712600
V1 1875000 1712600 1482290 1712600
V1 1482290 1712600 1473650 1721240
Net38 5 
V1 2935582 1456520 2914846 1477256
V1 2914846 1477256 2400000 1477256
V1 2400000 1477256 1875000 1716920
V1 1875000 1716920 1585360 1716920
V1 1585360 1716920 1581040 1721240
Net39 5 
V1 2693960 1430600 2689640 1434920
V1 2689640 1434920 2400000 1434920
V1 2400000 1434920 1875000 1674584
V1 1875000 1674584 1360153 1674584
V1 1360153 1674584 1339417 1695320
Net40 5 
V1 2801350 1430600 2792710 1439240
V1 2792710 1439240 2400000 1439240
V1 2400000 1439240 1875000 1679768
V1 1875000 1679768 1462352 1679768
V1 1462352 1679768 1446800 1695320
Net41 5 
V1 2855042 1430600 2842082 1443560
V1 2842082 1443560 2400000 1443560
V1 2400000 1443560 1875000 1684952
V1 1875000 1684952 1510865 1684952
V1 1510865 1684952 1500497 1695320
Net42 5 
V1 2962430 1430600 2945150 1447880
V1 2945150 1447880 2400000 1447880
V1 2400000 1447880 1875000 1690136
V1 1875000 1690136 1613064 1690136
V1 1613064 1690136 1607880 1695320
Net43 5 
V1 3016127 1430600 2994527 1452200
V1 2994527 1452200 2400000 1452200
V1 2400000 1452200 1875000 1699640
V1 1875000 1699640 1280472 1699640
V1 1280472 1699640 1258872 1721240
Net45 5 
V1 2774502 1404680 2768022 1411160
V1 2768022 1411160 2400000 1411160
V1 2400000 1411160 1875000 1653848
V1 1875000 1653848 1435509 1653848
V1 1435509 1653848 1419957 1669400
Net46 5 
V1 2828200 1404680 2815240 1417640
V1 2815240 1417640 2400000 1417640
V1 2400000 1417640 1875000 1659032
V1 1875000 1659032 1484018 1659032
V1 1484018 1659032 1473650 1669400
Net47 5 
V1 2935582 1404680 2916142 1424120
V1 2916142 1424120 2400000 1424120
V1 2400000 1424120 1875000 1664216
V1 1875000 1664216 1586224 1664216
V1 1586224 1664216 1581040 1669400
Net49 5 
V1 2747660 1378760 2743340 1383080
V1 2743340 1383080 2400000 1383080
V1 2400000 1383080 1875000 1622744
V1 1875000 1622744 1413846 1622744
V1 1413846 1622744 1393110 1643480
Net50 5 
V1 2801350 1378760 2792710 1387400
V1 2792710 1387400 2400000 1387400
V1 2400000 1387400 1875000 1627928
V1 1875000 1627928 1462352 1627928
V1 1462352 1627928 1446800 1643480
Net52 5 
V1 2908740 1378760 2895780 1391720
V1 2895780 1391720 2400000 1391720
V1 2400000 1391720 1875000 1633112
V1 1875000 1633112 1564558 1633112
V1 1564558 1633112 1554190 1643480
Net53 5 
V1 2962430 1378760 2945150 1396040
V1 2945150 1396040 2400000 1396040
V1 2400000 1396040 1875000 1638296
V1 1875000 1638296 1613064 1638296
V1 1613064 1638296 1607880 1643480
Net54 5 
V1 3016127 1378760 2994527 1400360
V1 2994527 1400360 2400000 1400360
V1 2400000 1400360 1875000 1648664
V1 1875000 1648664 1279608 1648664
V1 1279608 1648664 1258872 1669400
Net55 5 
V1 2667120 1352840 2660640 1359320
V1 2660640 1359320 2400000 1359320
V1 2400000 1359320 1875000 1602008
V1 1875000 1602008 1328122 1602008
V1 1328122 1602008 1312570 1617560
Net56 5 
V1 2720810 1352840 2707850 1365800
V1 2707850 1365800 2400000 1365800
V1 2400000 1365800 1875000 1607192
V1 1875000 1607192 1376628 1607192
V1 1376628 1607192 1366260 1617560
Net57 5 
V1 2828200 1352840 2808760 1372280
V1 2808760 1372280 2400000 1372280
V1 2400000 1372280 1875000 1612376
V1 1875000 1612376 1478834 1612376
V1 1478834 1612376 1473650 1617560
Net60 5 
V1 2693960 1326920 2689640 1331240
V1 2689640 1331240 2400000 1331240
V1 2400000 1331240 1875000 1570904
V1 1875000 1570904 1360153 1570904
V1 1360153 1570904 1339417 1591640
Net62 5 
V1 2801350 1326920 2792710 1335560
V1 2792710 1335560 2400000 1335560
V1 2400000 1335560 1875000 1576088
V1 1875000 1576088 1462352 1576088
V1 1462352 1576088 1446800 1591640
Net63 5 
V1 2855042 1326920 2842082 1339880
V1 2842082 1339880 2400000 1339880
V1 2400000 1339880 1875000 1581272
V1 1875000 1581272 1510865 1581272
V1 1510865 1581272 1500497 1591640
Net64 5 
V1 2962430 1326920 2945150 1344200
V1 2945150 1344200 2400000 1344200
V1 2400000 1344200 1875000 1586456
V1 1875000 1586456 1613064 1586456
V1 1613064 1586456 1607880 1591640
Net65 5 
V1 3016127 1326920 2994527 1348520
V1 2994527 1348520 2400000 1348520
V1 2400000 1348520 1875000 1596824
V1 1875000 1596824 1279608 1596824
V1 1279608 1596824 1258872 1617560
Net66 5 
V1 2667120 1301000 2661936 1306184
V1 2661936 1306184 2400000 1306184
V1 2400000 1306184 1875000 1548440
V1 1875000 1548440 1329850 1548440
V1 1329850 1548440 1312570 1565720
Net67 5 
V1 2774502 1301000 2764134 1311368
V1 2764134 1311368 2400000 1311368
V1 2400000 1311368 1875000 1552760
V1 1875000 1552760 1379220 1552760
V1 1379220 1552760 1366260 1565720
Net69 5 
V1 2881890 1301000 2866338 1316552
V1 2866338 1316552 2400000 1316552
V1 2400000 1316552 1875000 1557080
V1 1875000 1557080 1535980 1557080
V1 1535980 1557080 1527340 1565720
Net70 5 
V1 2935582 1301000 2914846 1321736
V1 2914846 1321736 2400000 1321736
V1 2400000 1321736 1875000 1561400
V1 1875000 1561400 1585360 1561400
V1 1585360 1561400 1581040 1565720
Net73 5 
V1 2801350 1275080 2796166 1280264
V1 2796166 1280264 2400000 1280264
V1 2400000 1280264 1875000 1520360
V1 1875000 1520360 1466240 1520360
V1 1466240 1520360 1446800 1539800
Net74 5 
V1 2908740 1275080 2898372 1285448
V1 2898372 1285448 2400000 1285448
V1 2400000 1285448 1875000 1526840
V1 1875000 1526840 1567150 1526840
V1 1567150 1526840 1554190 1539800
Net75 5 
V1 2962430 1275080 2946878 1290632
V1 2946878 1290632 2400000 1290632
V1 2400000 1290632 1875000 1533320
V1 1875000 1533320 1614360 1533320
V1 1614360 1533320 1607880 1539800
Net76 5 
V1 3016127 1275080 2995391 1295816
V1 2995391 1295816 2400000 1295816
V1 2400000 1295816 1875000 1544120
V1 1875000 1544120 1280472 1544120
V1 1280472 1544120 1258872 1565720
Net77 5 
V1 2667120 1249160 2661936 1254344
V1 2661936 1254344 2400000 1254344
V1 2400000 1254344 1875000 1496600
V1 1875000 1496600 1329850 1496600
V1 1329850 1496600 1312570 1513880
Net79 5 
V1 2774502 1249160 2764134 1259528
V1 2764134 1259528 2400000 1259528
V1 2400000 1259528 1875000 1500920
V1 1875000 1500920 1432917 1500920
V1 1432917 1500920 1419957 1513880
Net80 5 
V1 2828200 1249160 2812648 1264712
V1 2812648 1264712 2400000 1264712
V1 2400000 1264712 1875000 1505240
V1 1875000 1505240 1482290 1505240
V1 1482290 1505240 1473650 1513880
Net82 5 
V1 2935582 1249160 2914846 1269896
V1 2914846 1269896 2400000 1269896
V1 2400000 1269896 1875000 1509560
V1 1875000 1509560 1585360 1509560
V1 1585360 1509560 1581040 1513880
Net83 5 
V1 2693960 1223240 2689640 1227560
V1 2689640 1227560 2400000 1227560
V1 2400000 1227560 1875000 1467224
V1 1875000 1467224 1360153 1467224
V1 1360153 1467224 1339417 1487960
Net84 5 
V1 2747660 1223240 2739020 1231880
V1 2739020 1231880 2400000 1231880
V1 2400000 1231880 1875000 1472408
V1 1875000 1472408 1408662 1472408
V1 1408662 1472408 1393110 1487960
Net85 5 
V1 2855042 1223240 2842082 1236200
V1 2842082 1236200 2400000 1236200
V1 2400000 1236200 1875000 1477592
V1 1875000 1477592 1510865 1477592
V1 1510865 1477592 1500497 1487960
Net86 5 
V1 2962430 1223240 2945150 1240520
V1 2945150 1240520 2400000 1240520
V1 2400000 1240520 1875000 1482776
V1 1875000 1482776 1613064 1482776
V1 1613064 1482776 1607880 1487960
Net87 5 
V1 3016127 1223240 2994527 1244840
V1 2994527 1244840 2400000 1244840
V1 2400000 1244840 1875000 1492280
V1 1875000 1492280 1280472 1492280
V1 1280472 1492280 1258872 1513880
