Nets 15
Net8 5 
M2 2848980 1586120 2840340 1594760
M2 2840340 1594760 2400000 1594760
M2 2400000 1594760 1875000 1863801
M2 1875000 1863801 1018179 1863801
M2 1018179 1863801 990410 1891570
Net9 5 
M2 2892280 1586120 2875000 1603400
M2 2875000 1603400 2400000 1603400
M2 2400000 1603400 1875000 1877686
M2 1875000 1877686 1180963 1877686
M2 1180963 1877686 1167080 1891570
Net10 5 
M2 2935582 1586120 2926942 1577480
M2 2926942 1577480 2400000 1577480
M2 2400000 1577480 1875000 1849915
M2 1875000 1849915 341785 1849915
M2 341785 1849915 327900 1836030
Net12 5 
M2 2697430 1560200 2688790 1568840
M2 2688790 1568840 2400000 1568840
M2 2400000 1568840 1875000 1817515
M2 1875000 1817515 523084 1817515
M2 523084 1817515 504570 1836030
Net16 5 
M2 2675780 1534280 2662820 1547240
M2 2662820 1547240 2400000 1547240
M2 2400000 1547240 1875000 1799001
M2 1875000 1799001 478914 1799001
M2 478914 1799001 460400 1780487
Net28 5 
M2 2719080 1482440 2712600 1488920
M2 2712600 1488920 2400000 1488920
M2 2400000 1488920 1875000 1738825
M2 1875000 1738825 943732 1738825
M2 943732 1738825 902070 1780487
Net29 5 
M2 2762380 1482440 2749420 1495400
M2 2749420 1495400 2400000 1495400
M2 2400000 1495400 1875000 1752711
M2 1875000 1752711 1371524 1752711
M2 1371524 1752711 1343747 1780487
Net30 5 
M2 2848980 1482440 2829540 1501880
M2 2829540 1501880 2400000 1501880
M2 2400000 1501880 1875000 1766596
M2 1875000 1766596 1534303 1766596
M2 1534303 1766596 1520412 1780487
Net32 5 
M2 2935582 1482440 2922622 1469480
M2 2922622 1469480 2400000 1469480
M2 2400000 1469480 1875000 1697171
M2 1875000 1697171 355668 1697171
M2 355668 1697171 327900 1724940
Net44 5 
M2 2654130 1404680 2641170 1417640
M2 2641170 1417640 2400000 1417640
M2 2400000 1417640 1875000 1641631
M2 1875000 1641631 841508 1641631
M2 841508 1641631 813740 1669400
Net52 5 
M2 2848980 1378760 2836020 1391720
M2 2836020 1391720 2400000 1391720
M2 2400000 1391720 1875000 1595340
M2 1875000 1595340 1229759 1595340
M2 1229759 1595340 1211240 1613860
Net54 5 
M2 2935582 1378760 2926942 1370120
M2 2926942 1370120 2400000 1370120
M2 2400000 1370120 1875000 1576826
M2 1875000 1576826 364933 1576826
M2 364933 1576826 327900 1613860
Net55 5 
M2 2654130 1352840 2645490 1361480
M2 2645490 1361480 2400000 1361480
M2 2400000 1361480 1875000 1539798
M2 1875000 1539798 478914 1539798
M2 478914 1539798 460400 1558312
Net71 5 
M2 2675780 1275080 2667140 1283720
M2 2667140 1283720 2400000 1283720
M2 2400000 1283720 1875000 1474998
M2 1875000 1474998 444001 1474998
M2 444001 1474998 416230 1502770
Net76 5 
M2 2935582 1275080 2918302 1292360
M2 2918302 1292360 2400000 1292360
M2 2400000 1292360 1875000 1521284
M2 1875000 1521284 346414 1521284
M2 346414 1521284 327900 1502770
