Nets 15
Net24 5 
M3 2872362 1508360 2859402 1521320
M3 2859402 1521320 2400000 1521320
M3 2400000 1521320 1875000 1877686
M3 1875000 1877686 1252896 1877686
M3 1252896 1877686 1211240 1836030
Net25 5 
M3 2936450 1508360 2929970 1501880
M3 2929970 1501880 2400000 1501880
M3 2400000 1501880 1875000 1863801
M3 1875000 1863801 1327351 1863801
M3 1327351 1863801 1299580 1836030
Net26 5 
M3 3000540 1508360 2987580 1495400
M3 2987580 1495400 2400000 1495400
M3 2400000 1495400 1875000 1849915
M3 1875000 1849915 1490135 1849915
M3 1490135 1849915 1476250 1836030
Net31 5 
M3 3032580 1482440 3026100 1488920
M3 3026100 1488920 2400000 1488920
M3 2400000 1488920 1875000 1808258
M3 1875000 1808258 1592351 1808258
M3 1592351 1808258 1564580 1836030
Net43 5 
M3 3096667 1430600 3083707 1443560
M3 3083707 1443560 2400000 1443560
M3 2400000 1443560 1875000 1752711
M3 1875000 1752711 399838 1752711
M3 399838 1752711 372062 1780487
Net67 5 
M3 2808280 1301000 2803096 1306184
M3 2803096 1306184 2400000 1306184
M3 2400000 1306184 1875000 1569421
M3 1875000 1569421 913178 1569421
M3 913178 1569421 902070 1558312
Net68 5 
M3 2872362 1301000 2861994 1311368
M3 2861994 1311368 2400000 1311368
M3 2400000 1311368 1875000 1580529
M3 1875000 1580529 1332910 1580529
M3 1332910 1580529 1299580 1613860
Net69 5 
M3 2936450 1301000 2920898 1316552
M3 2920898 1316552 2400000 1316552
M3 2400000 1316552 1875000 1591638
M3 1875000 1591638 1410132 1591638
M3 1410132 1591638 1387910 1613860
Net70 5 
M3 3000540 1301000 2979804 1321736
M3 2979804 1321736 2400000 1321736
M3 2400000 1321736 1875000 1602746
M3 1875000 1602746 1487363 1602746
M3 1487363 1602746 1476250 1613860
Net75 5 
M3 3032580 1275080 3019620 1288040
M3 3019620 1288040 2400000 1288040
M3 2400000 1288040 1875000 1550377
M3 1875000 1550377 1528348 1550377
M3 1528348 1550377 1520412 1558312
Net79 5 
M3 2808280 1249160 2803096 1254344
M3 2803096 1254344 2400000 1254344
M3 2400000 1254344 1875000 1518639
M3 1875000 1518639 1030083 1518639
M3 1030083 1518639 990410 1558312
Net80 5 
M3 2872362 1249160 2861994 1259528
M3 2861994 1259528 2400000 1259528
M3 2400000 1259528 1875000 1526573
M3 1875000 1526573 1110479 1526573
M3 1110479 1526573 1078740 1558312
Net81 5 
M3 2936450 1249160 2920898 1264712
M3 2920898 1264712 2400000 1264712
M3 2400000 1264712 1875000 1534508
M3 1875000 1534508 1190884 1534508
M3 1190884 1534508 1167080 1558312
Net82 5 
M3 3000540 1249160 2979804 1269896
M3 2979804 1269896 2400000 1269896
M3 2400000 1269896 1875000 1542442
M3 1875000 1542442 1271280 1542442
M3 1271280 1542442 1255410 1558312
Net87 5 
M3 3096667 1223240 3083707 1236200
M3 3083707 1236200 2400000 1236200
M3 2400000 1236200 1875000 1510704
M3 1875000 1510704 419670 1510704
M3 419670 1510704 372062 1558312
