Nets 37
Net0 5 
V1 2719080 1597230 2713525 1602784
V1 2713525 1602784 2400000 1602784
V1 2400000 1602784 1875000 1849915
V1 1875000 1849915 454424 1849915
V1 454424 1849915 412770 1891570
Net1 5 
V1 2909602 1597230 2898494 1608338
V1 2898494 1608338 2400000 1608338
V1 2400000 1608338 1875000 1854544
V1 1875000 1854544 633393 1854544
V1 633393 1854544 596367 1891570
Net2 5 
V1 3004870 1597230 2988207 1613892
V1 2988207 1613892 2400000 1613892
V1 2400000 1613892 1875000 1859172
V1 1875000 1859172 720560 1859172
V1 720560 1859172 688162 1891570
Net3 5 
V1 3195390 1597230 3173173 1619447
V1 3173173 1619447 2400000 1619447
V1 2400000 1619447 1875000 1863801
V1 1875000 1863801 899529 1863801
V1 899529 1863801 871760 1891570
Net4 5 
V1 3481180 1597230 3453408 1625001
V1 3453408 1625001 2400000 1625001
V1 2400000 1625001 1875000 1868429
V1 1875000 1868429 986700 1868429
V1 986700 1868429 963560 1891570
Net5 5 
V1 3576440 1597230 3543114 1630555
V1 3543114 1630555 2400000 1630555
V1 2400000 1630555 1875000 1873058
V1 1875000 1873058 1165672 1873058
V1 1165672 1873058 1147160 1891570
Net6 5 
V1 3766970 1597230 3728090 1636109
V1 3728090 1636109 2400000 1636109
V1 2400000 1636109 1875000 1877686
V1 1875000 1877686 1252843 1877686
V1 1252843 1877686 1238960 1891570
Net7 5 
V1 3862230 1597230 3817796 1641664
V1 3817796 1641664 2400000 1641664
V1 2400000 1641664 1875000 1882315
V1 1875000 1882315 1431805 1882315
V1 1431805 1882315 1422550 1891570
Net8 5 
V1 3957492 1597230 3907504 1647218
V1 3907504 1647218 2400000 1647218
V1 2400000 1647218 1875000 1886943
V1 1875000 1886943 1518976 1886943
V1 1518976 1886943 1514350 1891570
Net10 5 
V1 2766710 1541687 2748195 1560202
V1 2748195 1560202 2400000 1560202
V1 2400000 1560202 1875000 1840658
V1 1875000 1840658 371498 1840658
V1 371498 1840658 366870 1836030
Net11 5 
V1 2861970 1541687 2843456 1523173
V1 2843456 1523173 2400000 1523173
V1 2400000 1523173 1875000 1817515
V1 1875000 1817515 477184 1817515
V1 477184 1817515 458670 1836030
Net22 5 
V1 4005130 1541687 3968101 1578716
V1 3968101 1578716 2400000 1578716
V1 2400000 1578716 1875000 1845287
V1 1875000 1845287 284327 1845287
V1 284327 1845287 275070 1836030
Net23 5 
V1 2814340 1486140 2803231 1475031
V1 2803231 1475031 2400000 1475031
V1 2400000 1475031 1875000 1769374
V1 1875000 1769374 423883 1769374
V1 423883 1769374 412770 1780487
Net24 5 
V1 2909602 1486140 2891083 1504659
V1 2891083 1504659 2400000 1504659
V1 2400000 1504659 1875000 1799001
V1 1875000 1799001 523084 1799001
V1 523084 1799001 504570 1780487
Net33 5 
V1 4052760 1486140 4030543 1463923
V1 4030543 1463923 2400000 1463923
V1 2400000 1463923 1875000 1758265
V1 1875000 1758265 343192 1758265
V1 343192 1758265 320970 1780487
Net34 5 
V1 2766710 1430600 2755604 1441706
V1 2755604 1441706 2400000 1441706
V1 2400000 1441706 1875000 1736048
V1 1875000 1736048 377978 1736048
V1 377978 1736048 366870 1724940
Net35 5 
V1 2957237 1430600 2938723 1412086
V1 2938723 1412086 2400000 1412086
V1 2400000 1412086 1875000 1706428
V1 1875000 1706428 568979 1706428
V1 568979 1706428 550467 1724940
Net43 5 
V1 4005130 1430600 3982915 1452814
V1 3982915 1452814 2400000 1452814
V1 2400000 1452814 1875000 1747157
V1 1875000 1747157 297287 1747157
V1 297287 1747157 275070 1724940
Net44 5 
V1 2814340 1375060 2803231 1363951
V1 2803231 1363951 2400000 1363951
V1 2400000 1363951 1875000 1658294
V1 1875000 1658294 423876 1658294
V1 423876 1658294 412770 1669400
Net45 5 
V1 2909602 1375060 2891090 1393572
V1 2891090 1393572 2400000 1393572
V1 2400000 1393572 1875000 1687914
V1 1875000 1687914 523084 1687914
V1 523084 1687914 504570 1669400
Net53 5 
V1 4052760 1375060 4030543 1352843
V1 4030543 1352843 2400000 1352843
V1 2400000 1352843 1875000 1647185
V1 1875000 1647185 343184 1647185
V1 343184 1647185 320970 1669400
Net54 5 
V1 2766710 1319512 2755596 1330626
V1 2755596 1330626 2400000 1330626
V1 2400000 1330626 1875000 1624968
V1 1875000 1624968 377978 1624968
V1 377978 1624968 366870 1613860
Net55 5 
V1 2957237 1319512 2952965 1315240
V1 2952965 1315240 2400000 1315240
V1 2400000 1315240 1875000 1595340
V1 1875000 1595340 568987 1595340
V1 568987 1595340 550467 1613860
Net64 5 
V1 4005130 1319512 3982908 1341734
V1 3982908 1341734 2400000 1341734
V1 2400000 1341734 1875000 1636077
V1 1875000 1636077 297287 1636077
V1 297287 1636077 275070 1613860
Net66 5 
V1 2814340 1263970 2795826 1245456
V1 2795826 1245456 2400000 1245456
V1 2400000 1245456 1875000 1511315
V1 1875000 1511315 551567 1511315
V1 551567 1511315 504570 1558312
Net67 5 
V1 2909602 1263970 2905330 1268242
V1 2905330 1268242 2400000 1268242
V1 2400000 1268242 1875000 1515587
V1 1875000 1515587 639092 1515587
V1 639092 1515587 596367 1558312
Net68 5 
V1 3004870 1263970 2996325 1272515
V1 2996325 1272515 2400000 1272515
V1 2400000 1272515 1875000 1519860
V1 1875000 1519860 726615 1519860
V1 726615 1519860 688162 1558312
Net69 5 
V1 3100130 1263970 3087312 1276787
V1 3087312 1276787 2400000 1276787
V1 2400000 1276787 1875000 1524132
V1 1875000 1524132 814140 1524132
V1 814140 1524132 779960 1558312
Net70 5 
V1 3195390 1263970 3178300 1281060
V1 3178300 1281060 2400000 1281060
V1 2400000 1281060 1875000 1528405
V1 1875000 1528405 901667 1528405
V1 901667 1528405 871760 1558312
Net71 5 
V1 3481180 1263970 3459817 1285332
V1 3459817 1285332 2400000 1285332
V1 2400000 1285332 1875000 1532677
V1 1875000 1532677 989195 1532677
V1 989195 1532677 963560 1558312
Net72 5 
V1 3576440 1263970 3550805 1289605
V1 3550805 1289605 2400000 1289605
V1 2400000 1289605 1875000 1536950
V1 1875000 1536950 1076722 1536950
V1 1076722 1536950 1055360 1558312
Net73 5 
V1 3671710 1263970 3641802 1293877
V1 3641802 1293877 2400000 1293877
V1 2400000 1293877 1875000 1541222
V1 1875000 1541222 1164250 1541222
V1 1164250 1541222 1147160 1558312
Net74 5 
V1 3766970 1263970 3732790 1298150
V1 3732790 1298150 2400000 1298150
V1 2400000 1298150 1875000 1545495
V1 1875000 1545495 1251777 1545495
V1 1251777 1545495 1238960 1558312
Net75 5 
V1 3862230 1263970 3823777 1302422
V1 3823777 1302422 2400000 1302422
V1 2400000 1302422 1875000 1549767
V1 1875000 1549767 1431095 1549767
V1 1431095 1549767 1422550 1558312
Net76 5 
V1 3957492 1263970 3914767 1306695
V1 3914767 1306695 2400000 1306695
V1 2400000 1306695 1875000 1554040
V1 1875000 1554040 1518622 1554040
V1 1518622 1554040 1514350 1558312
Net77 5 
V1 4052760 1263970 4005762 1310967
V1 4005762 1310967 2400000 1310967
V1 2400000 1310967 1875000 1576826
V1 1875000 1576826 339484 1576826
V1 339484 1576826 320970 1558312
Net79 5 
V1 2861970 1208430 2843458 1226942
V1 2843458 1226942 2400000 1226942
V1 2400000 1226942 1875000 1507042
V1 1875000 1507042 462942 1507042
V1 462942 1507042 458670 1502770
