Nets 15
Net24 5 
M3 2828200 1508360 2815240 1521320
M3 2815240 1521320 2400000 1521320
M3 2400000 1521320 1875000 1877686
M3 1875000 1877686 1234716 1877686
M3 1234716 1877686 1193060 1836030
Net25 5 
M3 2881890 1508360 2875410 1501880
M3 2875410 1501880 2400000 1501880
M3 2400000 1501880 1875000 1863801
M3 1875000 1863801 1312628 1863801
M3 1312628 1863801 1284857 1836030
Net26 5 
M3 2935582 1508360 2922622 1495400
M3 2922622 1495400 2400000 1495400
M3 2400000 1495400 1875000 1849915
M3 1875000 1849915 1482335 1849915
M3 1482335 1849915 1468450 1836030
Net31 5 
M3 2962430 1482440 2955950 1488920
M3 2955950 1488920 2400000 1488920
M3 2400000 1488920 1875000 1808258
M3 1875000 1808258 1588021 1808258
M3 1588021 1808258 1560250 1836030
Net43 5 
M3 3016127 1430600 3003167 1443560
M3 3003167 1443560 2400000 1443560
M3 2400000 1443560 1875000 1752711
M3 1875000 1752711 348746 1752711
M3 348746 1752711 320970 1780487
Net67 5 
M3 2774502 1301000 2769318 1306184
M3 2769318 1306184 2400000 1306184
M3 2400000 1306184 1875000 1569421
M3 1875000 1569421 882868 1569421
M3 882868 1569421 871760 1558312
Net68 5 
M3 2828200 1301000 2817832 1311368
M3 2817832 1311368 2400000 1311368
M3 2400000 1311368 1875000 1580529
M3 1875000 1580529 1318188 1580529
M3 1318188 1580529 1284857 1613860
Net69 5 
M3 2881890 1301000 2866338 1316552
M3 2866338 1316552 2400000 1316552
M3 2400000 1316552 1875000 1591638
M3 1875000 1591638 1398874 1591638
M3 1398874 1591638 1376652 1613860
Net70 5 
M3 2935582 1301000 2914846 1321736
M3 2914846 1321736 2400000 1321736
M3 2400000 1321736 1875000 1602746
M3 1875000 1602746 1479563 1602746
M3 1479563 1602746 1468450 1613860
Net75 5 
M3 2962430 1275080 2949470 1288040
M3 2949470 1288040 2400000 1288040
M3 2400000 1288040 1875000 1550377
M3 1875000 1550377 1522285 1550377
M3 1522285 1550377 1514350 1558312
Net79 5 
M3 2774502 1249160 2769318 1254344
M3 2769318 1254344 2400000 1254344
M3 2400000 1254344 1875000 1518639
M3 1875000 1518639 1003233 1518639
M3 1003233 1518639 963560 1558312
Net80 5 
M3 2828200 1249160 2817832 1259528
M3 2817832 1259528 2400000 1259528
M3 2400000 1259528 1875000 1526573
M3 1875000 1526573 1087099 1526573
M3 1087099 1526573 1055360 1558312
Net81 5 
M3 2881890 1249160 2866338 1264712
M3 2866338 1264712 2400000 1264712
M3 2400000 1264712 1875000 1534508
M3 1875000 1534508 1170964 1534508
M3 1170964 1534508 1147160 1558312
Net82 5 
M3 2935582 1249160 2914846 1269896
M3 2914846 1269896 2400000 1269896
M3 2400000 1269896 1875000 1542442
M3 1875000 1542442 1254830 1542442
M3 1254830 1542442 1238960 1558312
Net87 5 
M3 3016127 1223240 3003167 1236200
M3 3003167 1236200 2400000 1236200
M3 2400000 1236200 1875000 1510704
M3 1875000 1510704 368578 1510704
M3 368578 1510704 320970 1558312
