Nets 34
Net0 5 
V1 2719080 1597230 2711144 1605165
V1 2711144 1605165 2400000 1605165
V1 2400000 1605165 1875000 1853000
V1 1875000 1853000 1065677 1853000
V1 1065677 1853000 1033277 1885400
Net1 5 
V1 2909602 1597230 2893732 1613100
V1 2893732 1613100 2400000 1613100
V1 2400000 1613100 1875000 1858400
V1 1875000 1858400 1191910 1858400
V1 1191910 1858400 1164910 1885400
Net2 5 
V1 3004870 1597230 2981065 1621034
V1 2981065 1621034 2400000 1621034
V1 2400000 1621034 1875000 1863800
V1 1875000 1863800 1252330 1863800
V1 1252330 1863800 1230730 1885400
Net3 5 
V1 3195390 1597230 3163651 1628969
V1 3163651 1628969 2400000 1628969
V1 2400000 1628969 1875000 1869200
V1 1875000 1869200 1378562 1869200
V1 1378562 1869200 1362362 1885400
Net4 5 
V1 3481180 1597230 3441506 1636903
V1 3441506 1636903 2400000 1636903
V1 2400000 1636903 1875000 1874600
V1 1875000 1874600 1438980 1874600
V1 1438980 1874600 1428180 1885400
Net5 5 
V1 3576440 1597230 3528832 1644838
V1 3528832 1644838 2400000 1644838
V1 2400000 1644838 1875000 1880000
V1 1875000 1880000 1565220 1880000
V1 1565220 1880000 1559820 1885400
Net7 5 
V1 3862230 1597230 3843716 1578716
V1 3843716 1578716 2400000 1578716
V1 2400000 1578716 1875000 1847600
V1 1875000 1847600 1532310 1847600
V1 1532310 1847600 1526910 1842200
Net8 5 
V1 3957492 1597230 3920464 1560202
V1 3920464 1560202 2400000 1560202
V1 2400000 1560202 1875000 1835000
V1 1875000 1835000 1599930 1835000
V1 1599930 1835000 1592730 1842200
Net10 5 
V1 2766710 1541687 2759767 1534744
V1 2759767 1534744 2400000 1534744
V1 2400000 1534744 1875000 1827800
V1 1875000 1827800 948950 1827800
V1 948950 1827800 934550 1842200
Net17 5 
V1 3528810 1541687 3514924 1527802
V1 3514924 1527802 2400000 1527802
V1 2400000 1527802 1875000 1820600
V1 1875000 1820600 1318150 1820600
V1 1318150 1820600 1296550 1799000
Net18 5 
V1 3624077 1541687 3603249 1520859
V1 3603249 1520859 2400000 1520859
V1 2400000 1520859 1875000 1813400
V1 1875000 1813400 1376762 1813400
V1 1376762 1813400 1362362 1799000
Net19 5 
V1 3719340 1541687 3691569 1513916
V1 3691569 1513916 2400000 1513916
V1 2400000 1513916 1875000 1806200
V1 1875000 1806200 1435380 1806200
V1 1435380 1806200 1428180 1799000
Net20 5 
V1 3814600 1541687 3779886 1506973
V1 3779886 1506973 2400000 1506973
V1 2400000 1506973 1875000 1794680
V1 1875000 1794680 1564140 1794680
V1 1564140 1794680 1559820 1799000
Net24 5 
V1 2909602 1486140 2902654 1493088
V1 2902654 1493088 2400000 1493088
V1 2400000 1493088 1875000 1786040
V1 1875000 1786040 1046237 1786040
V1 1046237 1786040 1033277 1799000
Net25 5 
V1 3004870 1486140 2990979 1500031
V1 2990979 1500031 2400000 1500031
V1 2400000 1500031 1875000 1790360
V1 1875000 1790360 1173550 1790360
V1 1173550 1790360 1164910 1799000
Net27 5 
V1 3195390 1486140 3189218 1479968
V1 3189218 1479968 2400000 1479968
V1 2400000 1479968 1875000 1781720
V1 1875000 1781720 1092102 1781720
V1 1092102 1781720 1066182 1755800
Net28 5 
V1 3385920 1486140 3373577 1473797
V1 3373577 1473797 2400000 1473797
V1 2400000 1473797 1875000 1777400
V1 1875000 1777400 1153600 1777400
V1 1153600 1777400 1132000 1755800
Net29 5 
V1 3481180 1486140 3462666 1467626
V1 3462666 1467626 2400000 1467626
V1 2400000 1467626 1875000 1773080
V1 1875000 1773080 1215100 1773080
V1 1215100 1773080 1197820 1755800
Net30 5 
V1 3671710 1486140 3647025 1461455
V1 3647025 1461455 2400000 1461455
V1 2400000 1461455 1875000 1768760
V1 1875000 1768760 1276600 1768760
V1 1276600 1768760 1263640 1755800
Net31 5 
V1 3766970 1486140 3736113 1455283
V1 3736113 1455283 2400000 1455283
V1 2400000 1455283 1875000 1764440
V1 1875000 1764440 1403910 1764440
V1 1403910 1764440 1395270 1755800
Net32 5 
V1 3957492 1486140 3920465 1449112
V1 3920465 1449112 2400000 1449112
V1 2400000 1449112 1875000 1760120
V1 1875000 1760120 1531230 1760120
V1 1531230 1760120 1526910 1755800
Net33 5 
V1 4052760 1486140 4009561 1442941
V1 4009561 1442941 2400000 1442941
V1 2400000 1442941 1875000 1734200
V1 1875000 1734200 890330 1734200
V1 890330 1734200 868730 1755800
Net35 5 
V1 2957237 1430600 2951067 1436770
V1 2951067 1436770 2400000 1436770
V1 2400000 1436770 1875000 1691000
V1 1875000 1691000 923240 1691000
V1 923240 1691000 901640 1712600
Net45 5 
V1 2909602 1375060 2902661 1382000
V1 2902661 1382000 2400000 1382000
V1 2400000 1382000 1875000 1631600
V1 1875000 1631600 1038170 1631600
V1 1038170 1631600 1000370 1669400
Net46 5 
V1 3100130 1375060 3086246 1388943
V1 3086246 1388943 2400000 1388943
V1 2400000 1388943 1875000 1637000
V1 1875000 1637000 1098582 1637000
V1 1098582 1637000 1066182 1669400
Net47 5 
V1 3195390 1375060 3174563 1395886
V1 3174563 1395886 2400000 1395886
V1 2400000 1395886 1875000 1642400
V1 1875000 1642400 1159000 1642400
V1 1159000 1642400 1132000 1669400
Net48 5 
V1 3385920 1375060 3358151 1402829
V1 3358151 1402829 2400000 1402829
V1 2400000 1402829 1875000 1647800
V1 1875000 1647800 1285240 1647800
V1 1285240 1647800 1263640 1669400
Net49 5 
V1 3481180 1375060 3446468 1409771
V1 3446468 1409771 2400000 1409771
V1 2400000 1409771 1875000 1653200
V1 1875000 1653200 1411470 1653200
V1 1411470 1653200 1395270 1669400
Net50 5 
V1 3671710 1375060 3630055 1416714
V1 3630055 1416714 2400000 1416714
V1 2400000 1416714 1875000 1658600
V1 1875000 1658600 1537710 1658600
V1 1537710 1658600 1526910 1669400
Net51 5 
V1 3766970 1375060 3718372 1423657
V1 3718372 1423657 2400000 1423657
V1 2400000 1423657 1875000 1664000
V1 1875000 1664000 1598130 1664000
V1 1598130 1664000 1592730 1669400
Net53 5 
V1 4052760 1375060 4024988 1347288
V1 4024988 1347288 2400000 1347288
V1 2400000 1347288 1875000 1561400
V1 1875000 1561400 890330 1561400
V1 890330 1561400 868730 1583000
Net71 5 
V1 3481180 1263970 3453408 1291741
V1 3453408 1291741 2400000 1291741
V1 2400000 1291741 1875000 1525400
V1 1875000 1525400 1179310 1525400
V1 1179310 1525400 1164910 1539800
Net77 5 
V1 4052760 1263970 4034246 1245456
V1 4034246 1245456 2400000 1245456
V1 2400000 1245456 1875000 1511000
V1 1875000 1511000 883130 1511000
V1 883130 1511000 868730 1496600
Net81 5 
V1 3147760 1208430 3129248 1226942
V1 3129248 1226942 2400000 1226942
V1 2400000 1226942 1875000 1475000
V1 1875000 1475000 1087782 1475000
V1 1087782 1475000 1066182 1496600
