Nets 66
Net0 5 
V1 2667120 1612040 2661936 1617224
V1 2661936 1617224 2400000 1617224
V1 2400000 1617224 1875000 1859480
V1 1875000 1859480 1259700 1859480
V1 1259700 1859480 1242420 1876760
Net1 5 
V1 2774502 1612040 2764134 1622408
V1 2764134 1622408 2400000 1622408
V1 2400000 1622408 1875000 1863800
V1 1875000 1863800 1383550 1863800
V1 1383550 1863800 1370590 1876760
Net2 5 
V1 2881890 1612040 2866338 1627592
V1 2866338 1627592 2400000 1627592
V1 2400000 1627592 1875000 1868120
V1 1875000 1868120 1507400 1868120
V1 1507400 1868120 1498760 1876760
Net3 5 
V1 2935582 1612040 2914846 1632776
V1 2914846 1632776 2400000 1632776
V1 2400000 1632776 1875000 1872440
V1 1875000 1872440 1567170 1872440
V1 1567170 1872440 1562850 1876760
Net6 5 
V1 2801350 1586120 2797030 1590440
V1 2797030 1590440 2400000 1590440
V1 2400000 1590440 1875000 1833560
V1 1875000 1833560 1419917 1833560
V1 1419917 1833560 1402637 1850840
Net7 5 
V1 2855042 1586120 2846402 1594760
V1 2846402 1594760 2400000 1594760
V1 2400000 1594760 1875000 1837880
V1 1875000 1837880 1479680 1837880
V1 1479680 1837880 1466720 1850840
Net8 5 
V1 2908740 1586120 2895780 1599080
V1 2895780 1599080 2400000 1599080
V1 2400000 1599080 1875000 1842200
V1 1875000 1842200 1539450 1842200
V1 1539450 1842200 1530810 1850840
Net9 5 
V1 2962430 1586120 2945150 1603400
V1 2945150 1603400 2400000 1603400
V1 2400000 1603400 1875000 1846520
V1 1875000 1846520 1599210 1846520
V1 1599210 1846520 1594890 1850840
Net10 5 
V1 3016127 1586120 2994527 1607720
V1 2994527 1607720 2400000 1607720
V1 2400000 1607720 1875000 1855160
V1 1875000 1855160 1199932 1855160
V1 1199932 1855160 1178332 1876760
Net11 5 
V1 2667120 1560200 2662800 1564520
V1 2662800 1564520 2400000 1564520
V1 2400000 1564520 1875000 1807640
V1 1875000 1807640 1259700 1807640
V1 1259700 1807640 1242420 1824920
Net12 5 
V1 2720810 1560200 2712170 1568840
V1 2712170 1568840 2400000 1568840
V1 2400000 1568840 1875000 1811960
V1 1875000 1811960 1319470 1811960
V1 1319470 1811960 1306510 1824920
Net13 5 
V1 2828200 1560200 2815240 1573160
V1 2815240 1573160 2400000 1573160
V1 2400000 1573160 1875000 1816280
V1 1875000 1816280 1443320 1816280
V1 1443320 1816280 1434680 1824920
Net14 5 
V1 2881890 1560200 2864610 1577480
V1 2864610 1577480 2400000 1577480
V1 2400000 1577480 1875000 1820600
V1 1875000 1820600 1503080 1820600
V1 1503080 1820600 1498760 1824920
Net15 5 
V1 2989280 1560200 2967680 1581800
V1 2967680 1581800 2400000 1581800
V1 2400000 1581800 1875000 1829240
V1 1875000 1829240 1567170 1829240
V1 1567170 1829240 1562850 1824920
Net18 5 
V1 2801350 1534280 2792710 1525640
V1 2792710 1525640 2400000 1525640
V1 2400000 1525640 1875000 1779560
V1 1875000 1779560 1422077 1779560
V1 1422077 1779560 1402637 1799000
Net19 5 
V1 2908740 1534280 2902260 1540760
V1 2902260 1540760 2400000 1540760
V1 2400000 1540760 1875000 1786040
V1 1875000 1786040 1479680 1786040
V1 1479680 1786040 1466720 1799000
Net20 5 
V1 2962430 1534280 2949470 1547240
V1 2949470 1547240 2400000 1547240
V1 2400000 1547240 1875000 1792520
V1 1875000 1792520 1601370 1792520
V1 1601370 1792520 1594890 1799000
Net21 5 
V1 3016127 1534280 2996687 1553720
V1 2996687 1553720 2400000 1553720
V1 2400000 1553720 1875000 1803320
V1 1875000 1803320 1199932 1803320
V1 1199932 1803320 1178332 1824920
Net22 5 
V1 2667120 1508360 2658480 1517000
V1 2658480 1517000 2400000 1517000
V1 2400000 1517000 1875000 1764440
V1 1875000 1764440 1251060 1764440
V1 1251060 1764440 1242420 1773080
Net27 5 
V1 2693960 1482440 2689640 1486760
V1 2689640 1486760 2400000 1486760
V1 2400000 1486760 1875000 1726424
V1 1875000 1726424 1295196 1726424
V1 1295196 1726424 1274460 1747160
Net28 5 
V1 2747660 1482440 2739020 1491080
V1 2739020 1491080 2400000 1491080
V1 2400000 1491080 1875000 1731608
V1 1875000 1731608 1354102 1731608
V1 1354102 1731608 1338550 1747160
Net29 5 
V1 2801350 1482440 2788390 1495400
V1 2788390 1495400 2400000 1495400
V1 2400000 1495400 1875000 1736792
V1 1875000 1736792 1413005 1736792
V1 1413005 1736792 1402637 1747160
Net31 5 
V1 2962430 1482440 2945150 1499720
V1 2945150 1499720 2400000 1499720
V1 2400000 1499720 1875000 1741976
V1 1875000 1741976 1600074 1741976
V1 1600074 1741976 1594890 1747160
Net32 5 
V1 3016127 1482440 2994527 1504040
V1 2994527 1504040 2400000 1504040
V1 2400000 1504040 1875000 1755800
V1 1875000 1755800 1195612 1755800
V1 1195612 1755800 1178332 1773080
Net33 5 
V1 2667120 1456520 2661936 1461704
V1 2661936 1461704 2400000 1461704
V1 2400000 1461704 1875000 1703960
V1 1875000 1703960 1259700 1703960
V1 1259700 1703960 1242420 1721240
Net35 5 
V1 2774502 1456520 2764134 1466888
V1 2764134 1466888 2400000 1466888
V1 2400000 1466888 1875000 1708280
V1 1875000 1708280 1383550 1708280
V1 1383550 1708280 1370590 1721240
Net36 5 
V1 2828200 1456520 2812648 1472072
V1 2812648 1472072 2400000 1472072
V1 2400000 1472072 1875000 1712600
V1 1875000 1712600 1443320 1712600
V1 1443320 1712600 1434680 1721240
Net38 5 
V1 2935582 1456520 2914846 1477256
V1 2914846 1477256 2400000 1477256
V1 2400000 1477256 1875000 1716920
V1 1875000 1716920 1567170 1716920
V1 1567170 1716920 1562850 1721240
Net39 5 
V1 2693960 1430600 2689640 1434920
V1 2689640 1434920 2400000 1434920
V1 2400000 1434920 1875000 1674584
V1 1875000 1674584 1295196 1674584
V1 1295196 1674584 1274460 1695320
Net40 5 
V1 2801350 1430600 2792710 1439240
V1 2792710 1439240 2400000 1439240
V1 2400000 1439240 1875000 1679768
V1 1875000 1679768 1418189 1679768
V1 1418189 1679768 1402637 1695320
Net41 5 
V1 2855042 1430600 2842082 1443560
V1 2842082 1443560 2400000 1443560
V1 2400000 1443560 1875000 1684952
V1 1875000 1684952 1477088 1684952
V1 1477088 1684952 1466720 1695320
Net42 5 
V1 2962430 1430600 2945150 1447880
V1 2945150 1447880 2400000 1447880
V1 2400000 1447880 1875000 1690136
V1 1875000 1690136 1600074 1690136
V1 1600074 1690136 1594890 1695320
Net43 5 
V1 3016127 1430600 2994527 1452200
V1 2994527 1452200 2400000 1452200
V1 2400000 1452200 1875000 1699640
V1 1875000 1699640 1199932 1699640
V1 1199932 1699640 1178332 1721240
Net45 5 
V1 2774502 1404680 2768022 1411160
V1 2768022 1411160 2400000 1411160
V1 2400000 1411160 1875000 1653848
V1 1875000 1653848 1386142 1653848
V1 1386142 1653848 1370590 1669400
Net46 5 
V1 2828200 1404680 2815240 1417640
V1 2815240 1417640 2400000 1417640
V1 2400000 1417640 1875000 1659032
V1 1875000 1659032 1445048 1659032
V1 1445048 1659032 1434680 1669400
Net47 5 
V1 2935582 1404680 2916142 1424120
V1 2916142 1424120 2400000 1424120
V1 2400000 1424120 1875000 1664216
V1 1875000 1664216 1568034 1664216
V1 1568034 1664216 1562850 1669400
Net49 5 
V1 2747660 1378760 2743340 1383080
V1 2743340 1383080 2400000 1383080
V1 2400000 1383080 1875000 1622744
V1 1875000 1622744 1359286 1622744
V1 1359286 1622744 1338550 1643480
Net50 5 
V1 2801350 1378760 2792710 1387400
V1 2792710 1387400 2400000 1387400
V1 2400000 1387400 1875000 1627928
V1 1875000 1627928 1418189 1627928
V1 1418189 1627928 1402637 1643480
Net52 5 
V1 2908740 1378760 2895780 1391720
V1 2895780 1391720 2400000 1391720
V1 2400000 1391720 1875000 1633112
V1 1875000 1633112 1541178 1633112
V1 1541178 1633112 1530810 1643480
Net53 5 
V1 2962430 1378760 2945150 1396040
V1 2945150 1396040 2400000 1396040
V1 2400000 1396040 1875000 1638296
V1 1875000 1638296 1600074 1638296
V1 1600074 1638296 1594890 1643480
Net54 5 
V1 3016127 1378760 2994527 1400360
V1 2994527 1400360 2400000 1400360
V1 2400000 1400360 1875000 1648664
V1 1875000 1648664 1199068 1648664
V1 1199068 1648664 1178332 1669400
Net55 5 
V1 2667120 1352840 2660640 1359320
V1 2660640 1359320 2400000 1359320
V1 2400000 1359320 1875000 1602008
V1 1875000 1602008 1257972 1602008
V1 1257972 1602008 1242420 1617560
Net56 5 
V1 2720810 1352840 2707850 1365800
V1 2707850 1365800 2400000 1365800
V1 2400000 1365800 1875000 1607192
V1 1875000 1607192 1316878 1607192
V1 1316878 1607192 1306510 1617560
Net57 5 
V1 2828200 1352840 2808760 1372280
V1 2808760 1372280 2400000 1372280
V1 2400000 1372280 1875000 1612376
V1 1875000 1612376 1439864 1612376
V1 1439864 1612376 1434680 1617560
Net60 5 
V1 2693960 1326920 2689640 1331240
V1 2689640 1331240 2400000 1331240
V1 2400000 1331240 1875000 1570904
V1 1875000 1570904 1295196 1570904
V1 1295196 1570904 1274460 1591640
Net62 5 
V1 2801350 1326920 2792710 1335560
V1 2792710 1335560 2400000 1335560
V1 2400000 1335560 1875000 1576088
V1 1875000 1576088 1418189 1576088
V1 1418189 1576088 1402637 1591640
Net63 5 
V1 2855042 1326920 2842082 1339880
V1 2842082 1339880 2400000 1339880
V1 2400000 1339880 1875000 1581272
V1 1875000 1581272 1477088 1581272
V1 1477088 1581272 1466720 1591640
Net64 5 
V1 2962430 1326920 2945150 1344200
V1 2945150 1344200 2400000 1344200
V1 2400000 1344200 1875000 1586456
V1 1875000 1586456 1600074 1586456
V1 1600074 1586456 1594890 1591640
Net65 5 
V1 3016127 1326920 2994527 1348520
V1 2994527 1348520 2400000 1348520
V1 2400000 1348520 1875000 1596824
V1 1875000 1596824 1199068 1596824
V1 1199068 1596824 1178332 1617560
Net66 5 
V1 2667120 1301000 2661936 1306184
V1 2661936 1306184 2400000 1306184
V1 2400000 1306184 1875000 1548440
V1 1875000 1548440 1259700 1548440
V1 1259700 1548440 1242420 1565720
Net67 5 
V1 2774502 1301000 2764134 1311368
V1 2764134 1311368 2400000 1311368
V1 2400000 1311368 1875000 1552760
V1 1875000 1552760 1319470 1552760
V1 1319470 1552760 1306510 1565720
Net69 5 
V1 2881890 1301000 2866338 1316552
V1 2866338 1316552 2400000 1316552
V1 2400000 1316552 1875000 1557080
V1 1875000 1557080 1507400 1557080
V1 1507400 1557080 1498760 1565720
Net70 5 
V1 2935582 1301000 2914846 1321736
V1 2914846 1321736 2400000 1321736
V1 2400000 1321736 1875000 1561400
V1 1875000 1561400 1567170 1561400
V1 1567170 1561400 1562850 1565720
Net73 5 
V1 2801350 1275080 2796166 1280264
V1 2796166 1280264 2400000 1280264
V1 2400000 1280264 1875000 1520360
V1 1875000 1520360 1422077 1520360
V1 1422077 1520360 1402637 1539800
Net74 5 
V1 2908740 1275080 2898372 1285448
V1 2898372 1285448 2400000 1285448
V1 2400000 1285448 1875000 1526840
V1 1875000 1526840 1543770 1526840
V1 1543770 1526840 1530810 1539800
Net75 5 
V1 2962430 1275080 2946878 1290632
V1 2946878 1290632 2400000 1290632
V1 2400000 1290632 1875000 1533320
V1 1875000 1533320 1601370 1533320
V1 1601370 1533320 1594890 1539800
Net76 5 
V1 3016127 1275080 2995391 1295816
V1 2995391 1295816 2400000 1295816
V1 2400000 1295816 1875000 1544120
V1 1875000 1544120 1199932 1544120
V1 1199932 1544120 1178332 1565720
Net77 5 
V1 2667120 1249160 2661936 1254344
V1 2661936 1254344 2400000 1254344
V1 2400000 1254344 1875000 1496600
V1 1875000 1496600 1259700 1496600
V1 1259700 1496600 1242420 1513880
Net79 5 
V1 2774502 1249160 2764134 1259528
V1 2764134 1259528 2400000 1259528
V1 2400000 1259528 1875000 1500920
V1 1875000 1500920 1383550 1500920
V1 1383550 1500920 1370590 1513880
Net80 5 
V1 2828200 1249160 2812648 1264712
V1 2812648 1264712 2400000 1264712
V1 2400000 1264712 1875000 1505240
V1 1875000 1505240 1443320 1505240
V1 1443320 1505240 1434680 1513880
Net82 5 
V1 2935582 1249160 2914846 1269896
V1 2914846 1269896 2400000 1269896
V1 2400000 1269896 1875000 1509560
V1 1875000 1509560 1567170 1509560
V1 1567170 1509560 1562850 1513880
Net83 5 
V1 2693960 1223240 2689640 1227560
V1 2689640 1227560 2400000 1227560
V1 2400000 1227560 1875000 1467224
V1 1875000 1467224 1295196 1467224
V1 1295196 1467224 1274460 1487960
Net84 5 
V1 2747660 1223240 2739020 1231880
V1 2739020 1231880 2400000 1231880
V1 2400000 1231880 1875000 1472408
V1 1875000 1472408 1354102 1472408
V1 1354102 1472408 1338550 1487960
Net85 5 
V1 2855042 1223240 2842082 1236200
V1 2842082 1236200 2400000 1236200
V1 2400000 1236200 1875000 1477592
V1 1875000 1477592 1477088 1477592
V1 1477088 1477592 1466720 1487960
Net86 5 
V1 2962430 1223240 2945150 1240520
V1 2945150 1240520 2400000 1240520
V1 2400000 1240520 1875000 1482776
V1 1875000 1482776 1600074 1482776
V1 1600074 1482776 1594890 1487960
Net87 5 
V1 3016127 1223240 2994527 1244840
V1 2994527 1244840 2400000 1244840
V1 2400000 1244840 1875000 1492280
V1 1875000 1492280 1199932 1492280
V1 1199932 1492280 1178332 1513880
