Nets 21
Net6 5 
M2 4060880 2103400 4039280 2125000
M2 4039280 2125000 2800000 2125000
M2 2800000 2125000 1875000 1808258
M2 1875000 1808258 302841 1808258
M2 302841 1808258 275070 1836030
Net17 5 
M2 3108250 2017000 3086650 2038600
M2 3086650 2038600 2800000 2038600
M2 2800000 2038600 1875000 1752711
M2 1875000 1752711 440546 1752711
M2 440546 1752711 412770 1780487
Net25 5 
M2 4060880 2017000 4039280 1995400
M2 4039280 1995400 2800000 1995400
M2 2800000 1995400 1875000 1697171
M2 1875000 1697171 302838 1697171
M2 302838 1697171 275070 1724940
Net48 5 
M2 3671170 1887400 3662530 1896040
M2 3662530 1896040 2800000 1896040
M2 2800000 1896040 1875000 1624968
M2 1875000 1624968 1007991 1624968
M2 1007991 1624968 963560 1669400
Net49 5 
M2 3757770 1887400 3740490 1904680
M2 3740490 1904680 2800000 1904680
M2 2800000 1904680 1875000 1636077
M2 1875000 1636077 1088683 1636077
M2 1088683 1636077 1055360 1669400
Net50 5 
M2 3844372 1887400 3818452 1913320
M2 3818452 1913320 2800000 1913320
M2 2800000 1913320 1875000 1647185
M2 1875000 1647185 1261174 1647185
M2 1261174 1647185 1238960 1669400
Net51 5 
M2 4017580 1887400 3983020 1921960
M2 3983020 1921960 2800000 1921960
M2 2800000 1921960 1875000 1658294
M2 1875000 1658294 1341858 1658294
M2 1341858 1658294 1330752 1669400
Net52 5 
M2 3108250 1844200 3103450 1849000
M2 3103450 1849000 2800000 1849000
M2 2800000 1849000 1875000 1539798
M2 1875000 1539798 431284 1539798
M2 431284 1539798 412770 1558312
Net53 5 
M2 3194857 1844200 3185257 1853800
M2 3185257 1853800 2800000 1853800
M2 2800000 1853800 1875000 1565255
M2 1875000 1565255 415474 1565255
M2 415474 1565255 366870 1613860
Net54 5 
M2 3368060 1844200 3353660 1858600
M2 3353660 1858600 2800000 1858600
M2 2800000 1858600 1875000 1572198
M2 1875000 1572198 592129 1572198
M2 592129 1572198 550467 1613860
Net55 5 
M2 3541267 1844200 3522067 1863400
M2 3522067 1863400 2800000 1863400
M2 2800000 1863400 1875000 1579140
M2 1875000 1579140 676981 1579140
M2 676981 1579140 642262 1613860
Net56 5 
M2 3627870 1844200 3603870 1868200
M2 3603870 1868200 2800000 1868200
M2 2800000 1868200 1875000 1586083
M2 1875000 1586083 853636 1586083
M2 853636 1586083 825860 1613860
Net57 5 
M2 3714470 1844200 3685670 1873000
M2 3685670 1873000 2800000 1873000
M2 2800000 1873000 1875000 1593026
M2 1875000 1593026 938493 1593026
M2 938493 1593026 917660 1613860
Net58 5 
M2 3801070 1844200 3767470 1877800
M2 3767470 1877800 2800000 1877800
M2 2800000 1877800 1875000 1599969
M2 1875000 1599969 1115151 1599969
M2 1115151 1599969 1101260 1613860
Net59 5 
M2 3887677 1844200 3849277 1882600
M2 3849277 1882600 2800000 1882600
M2 2800000 1882600 1875000 1606911
M2 1875000 1606911 1200008 1606911
M2 1200008 1606911 1193060 1613860
Net82 5 
M2 3324760 1714600 3318587 1720772
M2 3318587 1720772 2800000 1720772
M2 2800000 1720772 1875000 1456484
M2 1875000 1456484 872145 1456484
M2 872145 1456484 825860 1502770
Net83 5 
M2 3411360 1714600 3399016 1726943
M2 3399016 1726943 2800000 1726943
M2 2800000 1726943 1875000 1465741
M2 1875000 1465741 1138288 1465741
M2 1138288 1465741 1101260 1502770
Net84 5 
M2 3584570 1714600 3566055 1733115
M2 3566055 1733115 2800000 1733115
M2 2800000 1733115 1875000 1474998
M2 1875000 1474998 1312629 1474998
M2 1312629 1474998 1284857 1502770
Net85 5 
M2 3671170 1714600 3646483 1739286
M2 3646483 1739286 2800000 1739286
M2 2800000 1739286 1875000 1484255
M2 1875000 1484255 1395167 1484255
M2 1395167 1484255 1376652 1502770
Net86 5 
M2 3844372 1714600 3813515 1745457
M2 3813515 1745457 2800000 1745457
M2 2800000 1745457 1875000 1493512
M2 1875000 1493512 1569507 1493512
M2 1569507 1493512 1560250 1502770
Net87 5 
M2 4104180 1714600 4067151 1751628
M2 4067151 1751628 2800000 1751628
M2 2800000 1751628 1875000 1521284
M2 1875000 1521284 357998 1521284
M2 357998 1521284 320970 1558312
