Nets 48
Net6 5 
M2 3954790 2103400 3933190 2125000
M2 3933190 2125000 2800000 2125000
M2 2800000 2125000 1875000 1863800
M2 1875000 1863800 857420 1863800
M2 857420 1863800 835820 1885400
Net9 5 
M2 3292280 2060200 3286880 2065600
M2 3286880 2065600 2800000 2065600
M2 2800000 2065600 1875000 1804400
M2 1875000 1804400 1103982 1804400
M2 1103982 1804400 1066182 1842200
Net10 5 
M2 3370227 2060200 3359427 2071000
M2 3359427 2071000 2800000 2071000
M2 2800000 2071000 1875000 1809800
M2 1875000 1809800 1164400 1809800
M2 1164400 1809800 1132000 1842200
Net11 5 
M2 3448170 2060200 3431970 2076400
M2 3431970 2076400 2800000 2076400
M2 2800000 2076400 1875000 1815200
M2 1875000 1815200 1290640 1815200
M2 1290640 1815200 1263640 1842200
Net12 5 
M2 3604050 2060200 3582450 2081800
M2 3582450 2081800 2800000 2081800
M2 2800000 2081800 1875000 1820600
M2 1875000 1820600 1416870 1820600
M2 1416870 1820600 1395270 1842200
Net13 5 
M2 3681997 2060200 3654997 2087200
M2 3654997 2087200 2800000 2087200
M2 2800000 2087200 1875000 1826000
M2 1875000 1826000 1477290 1826000
M2 1477290 1826000 1461090 1842200
Net14 5 
M2 3759940 2060200 3727540 2092600
M2 3727540 2092600 2800000 2092600
M2 2800000 2092600 1875000 1831400
M2 1875000 1831400 1537710 1831400
M2 1537710 1831400 1526910 1842200
Net15 5 
M2 3837880 2060200 3800080 2098000
M2 3800080 2098000 2800000 2098000
M2 2800000 2098000 1875000 1836800
M2 1875000 1836800 1598130 1836800
M2 1598130 1836800 1592730 1842200
Net19 5 
M2 3331252 2017000 3325080 2023172
M2 3325080 2023172 2800000 2023172
M2 2800000 2023172 1875000 1761971
M2 1875000 1761971 1201938 1761971
M2 1201938 1761971 1164910 1799000
Net20 5 
M2 3487140 2017000 3474796 2029343
M2 3474796 2029343 2800000 2029343
M2 2800000 2029343 1875000 1768142
M2 1875000 1768142 1261587 1768142
M2 1261587 1768142 1230730 1799000
Net21 5 
M2 3565080 2017000 3546565 2035515
M2 3546565 2035515 2800000 2035515
M2 2800000 2035515 1875000 1774313
M2 1875000 1774313 1321236 1774313
M2 1321236 1774313 1296550 1799000
Net22 5 
M2 3643020 2017000 3618333 2041686
M2 3618333 2041686 2800000 2041686
M2 2800000 2041686 1875000 1780485
M2 1875000 1780485 1380877 1780485
M2 1380877 1780485 1362362 1799000
Net23 5 
M2 3798910 2017000 3768052 2047857
M2 3768052 2047857 2800000 2047857
M2 2800000 2047857 1875000 1786656
M2 1875000 1786656 1440523 1786656
M2 1440523 1786656 1428180 1799000
Net24 5 
M2 3876850 2017000 3839821 2054028
M2 3839821 2054028 2800000 2054028
M2 2800000 2054028 1875000 1792827
M2 1875000 1792827 1565992 1792827
M2 1565992 1792827 1559820 1799000
Net28 5 
M2 3292280 1973800 3286880 1979200
M2 3286880 1979200 2800000 1979200
M2 2800000 1979200 1875000 1718000
M2 1875000 1718000 1103982 1718000
M2 1103982 1718000 1066182 1755800
Net29 5 
M2 3370227 1973800 3359427 1984600
M2 3359427 1984600 2800000 1984600
M2 2800000 1984600 1875000 1723400
M2 1875000 1723400 1164400 1723400
M2 1164400 1723400 1132000 1755800
Net30 5 
M2 3526110 1973800 3509910 1990000
M2 3509910 1990000 2800000 1990000
M2 2800000 1990000 1875000 1728800
M2 1875000 1728800 1224820 1728800
M2 1224820 1728800 1197820 1755800
Net31 5 
M2 3604050 1973800 3582450 1995400
M2 3582450 1995400 2800000 1995400
M2 2800000 1995400 1875000 1734200
M2 1875000 1734200 1285240 1734200
M2 1285240 1734200 1263640 1755800
Net32 5 
M2 3681997 1973800 3654997 2000800
M2 3654997 2000800 2800000 2000800
M2 2800000 2000800 1875000 1739600
M2 1875000 1739600 1411470 1739600
M2 1411470 1739600 1395270 1755800
Net33 5 
M2 3837880 1973800 3805480 2006200
M2 3805480 2006200 2800000 2006200
M2 2800000 2006200 1875000 1745000
M2 1875000 1745000 1537710 1745000
M2 1537710 1745000 1526910 1755800
Net34 5 
M2 3915820 1973800 3878020 2011600
M2 3878020 2011600 2800000 2011600
M2 2800000 2011600 1875000 1750400
M2 1875000 1750400 1598130 1750400
M2 1598130 1750400 1592730 1755800
Net38 5 
M2 3331252 1930600 3325080 1936772
M2 3325080 1936772 2800000 1936772
M2 2800000 1936772 1875000 1675571
M2 1875000 1675571 1136118 1675571
M2 1136118 1675571 1099090 1712600
Net39 5 
M2 3487140 1930600 3474796 1942943
M2 3474796 1942943 2800000 1942943
M2 2800000 1942943 1875000 1681742
M2 1875000 1681742 1195767 1681742
M2 1195767 1681742 1164910 1712600
Net40 5 
M2 3643020 1930600 3624505 1949115
M2 3624505 1949115 2800000 1949115
M2 2800000 1949115 1875000 1687913
M2 1875000 1687913 1321236 1687913
M2 1321236 1687913 1296550 1712600
Net41 5 
M2 3720970 1930600 3696283 1955286
M2 3696283 1955286 2800000 1955286
M2 2800000 1955286 1875000 1694085
M2 1875000 1694085 1380877 1694085
M2 1380877 1694085 1362362 1712600
Net42 5 
M2 3798910 1930600 3768052 1961457
M2 3768052 1961457 2800000 1961457
M2 2800000 1961457 1875000 1700256
M2 1875000 1700256 1440523 1700256
M2 1440523 1700256 1428180 1712600
Net43 5 
M2 3876850 1930600 3839821 1967628
M2 3839821 1967628 2800000 1967628
M2 2800000 1967628 1875000 1706427
M2 1875000 1706427 1500172 1706427
M2 1500172 1706427 1494000 1712600
Net55 5 
M2 3487140 1844200 3476340 1855000
M2 3476340 1855000 2800000 1855000
M2 2800000 1855000 1875000 1597400
M2 1875000 1597400 1193710 1597400
M2 1193710 1597400 1164910 1626200
Net56 5 
M2 3565080 1844200 3543480 1865800
M2 3543480 1865800 2800000 1865800
M2 2800000 1865800 1875000 1611800
M2 1875000 1611800 1245130 1611800
M2 1245130 1611800 1230730 1626200
Net61 5 
M2 3954790 1844200 3922390 1876600
M2 3922390 1876600 2800000 1876600
M2 2800000 1876600 1875000 1647800
M2 1875000 1647800 857420 1647800
M2 857420 1647800 835820 1626200
Net64 5 
M2 3370227 1801000 3364055 1807172
M2 3364055 1807172 2800000 1807172
M2 2800000 1807172 1875000 1545971
M2 1875000 1545971 1169028 1545971
M2 1169028 1545971 1132000 1583000
Net65 5 
M2 3448170 1801000 3435826 1813343
M2 3435826 1813343 2800000 1813343
M2 2800000 1813343 1875000 1552142
M2 1875000 1552142 1228677 1552142
M2 1228677 1552142 1197820 1583000
Net66 5 
M2 3526110 1801000 3507595 1819515
M2 3507595 1819515 2800000 1819515
M2 2800000 1819515 1875000 1558313
M2 1875000 1558313 1288326 1558313
M2 1288326 1558313 1263640 1583000
Net67 5 
M2 3604050 1801000 3579363 1825686
M2 3579363 1825686 2800000 1825686
M2 2800000 1825686 1875000 1564485
M2 1875000 1564485 1413785 1564485
M2 1413785 1564485 1395270 1583000
Net68 5 
M2 3759940 1801000 3729082 1831857
M2 3729082 1831857 2800000 1831857
M2 2800000 1831857 1875000 1570656
M2 1875000 1570656 1539253 1570656
M2 1539253 1570656 1526910 1583000
Net69 5 
M2 3837880 1801000 3800851 1838028
M2 3800851 1838028 2800000 1838028
M2 2800000 1838028 1875000 1576827
M2 1875000 1576827 1598902 1576827
M2 1598902 1576827 1592730 1583000
Net73 5 
M2 3253310 1757800 3247910 1763200
M2 3247910 1763200 2800000 1763200
M2 2800000 1763200 1875000 1502000
M2 1875000 1502000 1136890 1502000
M2 1136890 1502000 1099090 1539800
Net74 5 
M2 3331252 1757800 3320452 1768600
M2 3320452 1768600 2800000 1768600
M2 2800000 1768600 1875000 1507400
M2 1875000 1507400 1197310 1507400
M2 1197310 1507400 1164910 1539800
Net75 5 
M2 3487140 1757800 3470940 1774000
M2 3470940 1774000 2800000 1774000
M2 2800000 1774000 1875000 1512800
M2 1875000 1512800 1323550 1512800
M2 1323550 1512800 1296550 1539800
Net76 5 
M2 3643020 1757800 3621420 1779400
M2 3621420 1779400 2800000 1779400
M2 2800000 1779400 1875000 1518200
M2 1875000 1518200 1383962 1518200
M2 1383962 1518200 1362362 1539800
Net77 5 
M2 3720970 1757800 3693970 1784800
M2 3693970 1784800 2800000 1784800
M2 2800000 1784800 1875000 1523600
M2 1875000 1523600 1444380 1523600
M2 1444380 1523600 1428180 1539800
Net78 5 
M2 3798910 1757800 3766510 1790200
M2 3766510 1790200 2800000 1790200
M2 2800000 1790200 1875000 1529000
M2 1875000 1529000 1504800 1529000
M2 1504800 1529000 1494000 1539800
Net79 5 
M2 3876850 1757800 3839050 1795600
M2 3839050 1795600 2800000 1795600
M2 2800000 1795600 1875000 1534400
M2 1875000 1534400 1565220 1534400
M2 1565220 1534400 1559820 1539800
Net82 5 
M2 3292280 1714600 3285080 1721800
M2 3285080 1721800 2800000 1721800
M2 2800000 1721800 1875000 1460600
M2 1875000 1460600 1233820 1460600
M2 1233820 1460600 1197820 1496600
Net83 5 
M2 3370227 1714600 3355827 1729000
M2 3355827 1729000 2800000 1729000
M2 2800000 1729000 1875000 1467800
M2 1875000 1467800 1292440 1467800
M2 1292440 1467800 1263640 1496600
Net84 5 
M2 3526110 1714600 3504510 1736200
M2 3504510 1736200 2800000 1736200
M2 2800000 1736200 1875000 1475000
M2 1875000 1475000 1416870 1475000
M2 1416870 1475000 1395270 1496600
Net85 5 
M2 3604050 1714600 3575250 1743400
M2 3575250 1743400 2800000 1743400
M2 2800000 1743400 1875000 1482200
M2 1875000 1482200 1475490 1482200
M2 1475490 1482200 1461090 1496600
Net86 5 
M2 3759940 1714600 3723940 1750600
M2 3723940 1750600 2800000 1750600
M2 2800000 1750600 1875000 1489400
M2 1875000 1489400 1599930 1489400
M2 1599930 1489400 1592730 1496600
