Nets 22
Net4 5 
M2 3075780 2086120 3067140 2094760
M2 3067140 2094760 2800000 2094760
M2 2800000 2094760 1875000 1833560
M2 1875000 1833560 1421650 1833560
M2 1421650 1833560 1404370 1850840
Net5 5 
M2 3119080 2086120 3101800 2103400
M2 3101800 2103400 2800000 2103400
M2 2800000 2103400 1875000 1842200
M2 1875000 1842200 1456310 1842200
M2 1456310 1842200 1447670 1850840
Net16 5 
M2 3075780 2034280 3067140 2042920
M2 3067140 2042920 2800000 2042920
M2 2800000 2042920 1875000 1781720
M2 1875000 1781720 1421650 1781720
M2 1421650 1781720 1404370 1799000
Net17 5 
M2 3119080 2034280 3101800 2051560
M2 3101800 2051560 2800000 2051560
M2 2800000 2051560 1875000 1790360
M2 1875000 1790360 1456310 1790360
M2 1456310 1790360 1447670 1799000
Net23 5 
M2 3140730 2008360 3135546 2013544
M2 3135546 2013544 2800000 2013544
M2 2800000 2013544 1875000 1752344
M2 1875000 1752344 1490056 1752344
M2 1490056 1752344 1469320 1773080
Net24 5 
M2 3184030 2008360 3173662 2018728
M2 3173662 2018728 2800000 2018728
M2 2800000 2018728 1875000 1757528
M2 1875000 1757528 1528172 1757528
M2 1528172 1757528 1512620 1773080
Net25 5 
M2 3227330 2008360 3211778 2023912
M2 3211778 2023912 2800000 2023912
M2 2800000 2023912 1875000 1762712
M2 1875000 1762712 1566288 1762712
M2 1566288 1762712 1555920 1773080
Net26 5 
M2 3270630 2008360 3249894 2029096
M2 3249894 2029096 2800000 2029096
M2 2800000 2029096 1875000 1767896
M2 1875000 1767896 1604404 1767896
M2 1604404 1767896 1599220 1773080
Net30 5 
M2 3248980 1982440 3236020 1995400
M2 3236020 1995400 2800000 1995400
M2 2800000 1995400 1875000 1734200
M2 1875000 1734200 1590530 1734200
M2 1590530 1734200 1577570 1747160
Net34 5 
M2 3097430 1956520 3088790 1965160
M2 3088790 1965160 2800000 1965160
M2 2800000 1965160 1875000 1703960
M2 1875000 1703960 1443300 1703960
M2 1443300 1703960 1426020 1721240
Net37 5 
M2 3227330 1956520 3210050 1973800
M2 3210050 1973800 2800000 1973800
M2 2800000 1973800 1875000 1712600
M2 1875000 1712600 1564560 1712600
M2 1564560 1712600 1555920 1721240
Net44 5 
M2 3054130 1904680 3041170 1917640
M2 3041170 1917640 2800000 1917640
M2 2800000 1917640 1875000 1656440
M2 1875000 1656440 1395680 1656440
M2 1395680 1656440 1382720 1669400
Net48 5 
M2 3075780 1878760 3067140 1887400
M2 3067140 1887400 2800000 1887400
M2 2800000 1887400 1875000 1626200
M2 1875000 1626200 1421650 1626200
M2 1421650 1626200 1404370 1643480
Net51 5 
M2 3205680 1878760 3188400 1896040
M2 3188400 1896040 2800000 1896040
M2 2800000 1896040 1875000 1634840
M2 1875000 1634840 1542910 1634840
M2 1542910 1634840 1534270 1643480
Net58 5 
M2 3227330 1852840 3218690 1861480
M2 3218690 1861480 2800000 1861480
M2 2800000 1861480 1875000 1600280
M2 1875000 1600280 1573200 1600280
M2 1573200 1600280 1555920 1617560
Net59 5 
M2 3270630 1852840 3253350 1870120
M2 3253350 1870120 2800000 1870120
M2 2800000 1870120 1875000 1608920
M2 1875000 1608920 1607860 1608920
M2 1607860 1608920 1599220 1617560
Net61 5 
M2 3119080 1826920 3106120 1839880
M2 3106120 1839880 2800000 1839880
M2 2800000 1839880 1875000 1578680
M2 1875000 1578680 1460630 1578680
M2 1460630 1578680 1447670 1591640
Net68 5 
M2 3184030 1801000 3171070 1813960
M2 3171070 1813960 2800000 1813960
M2 2800000 1813960 1875000 1552760
M2 1875000 1552760 1525580 1552760
M2 1525580 1552760 1512620 1565720
Net71 5 
M2 3075780 1775080 3067140 1783720
M2 3067140 1783720 2800000 1783720
M2 2800000 1783720 1875000 1522520
M2 1875000 1522520 1378347 1522520
M2 1378347 1522520 1361067 1539800
Net72 5 
M2 3119080 1775080 3101800 1792360
M2 3101800 1792360 2800000 1792360
M2 2800000 1792360 1875000 1531160
M2 1875000 1531160 1456310 1531160
M2 1456310 1531160 1447670 1539800
Net78 5 
M2 3097430 1749160 3088790 1757800
M2 3088790 1757800 2800000 1757800
M2 2800000 1757800 1875000 1496600
M2 1875000 1496600 1443300 1496600
M2 1443300 1496600 1426020 1513880
Net81 5 
M2 3227330 1749160 3210050 1766440
M2 3210050 1766440 2800000 1766440
M2 2800000 1766440 1875000 1505240
M2 1875000 1505240 1564560 1505240
M2 1564560 1505240 1555920 1513880
