Nets 32
Net0 5 
V1 3054130 2112040 3048946 2117224
V1 3048946 2117224 2800000 2117224
V1 2800000 2117224 1875000 1854544
V1 1875000 1854544 449796 1854544
V1 449796 1854544 412770 1891570
Net1 5 
V1 3140730 2112040 3130362 2122408
V1 3130362 2122408 2800000 2122408
V1 2800000 2122408 1875000 1863801
V1 1875000 1863801 624136 1863801
V1 624136 1863801 596367 1891570
Net2 5 
V1 3227330 2112040 3211778 2127592
V1 3211778 2127592 2800000 2127592
V1 2800000 2127592 1875000 1873058
V1 1875000 1873058 706674 1873058
V1 706674 1873058 688162 1891570
Net3 5 
V1 3270630 2112040 3249894 2132776
V1 3249894 2132776 2800000 2132776
V1 2800000 2132776 1875000 1882315
V1 1875000 1882315 881015 1882315
V1 881015 1882315 871760 1891570
Net4 5 
V1 3075780 2086120 3070596 2091304
V1 3070596 2091304 2800000 2091304
V1 2800000 2091304 1875000 1802704
V1 1875000 1802704 583793 1802704
V1 583793 1802704 550467 1836030
Net5 5 
V1 3119080 2086120 3108712 2096488
V1 3108712 2096488 2800000 2096488
V1 2800000 2096488 1875000 1813813
V1 1875000 1813813 664479 1813813
V1 664479 1813813 642262 1836030
Net6 5 
V1 3162380 2086120 3146828 2101672
V1 3146828 2101672 2800000 2101672
V1 2800000 2101672 1875000 1824921
V1 1875000 1824921 745168 1824921
V1 745168 1824921 734060 1836030
Net7 5 
V1 3205680 2086120 3184944 2106856
V1 3184944 2106856 2800000 2106856
V1 2800000 2106856 1875000 1845287
V1 1875000 1845287 835117 1845287
V1 835117 1845287 825860 1836030
Net11 5 
V1 3054130 2060200 3047650 2053720
V1 3047650 2053720 2800000 2053720
V1 2800000 2053720 1875000 1791596
V1 1875000 1791596 411304 1791596
V1 411304 1791596 366870 1836030
Net17 5 
V1 3119080 2034280 3112600 2040760
V1 3112600 2040760 2800000 2040760
V1 2800000 2040760 1875000 1761968
V1 1875000 1761968 523089 1761968
V1 523089 1761968 504570 1780487
Net18 5 
V1 3162380 2034280 3149420 2047240
V1 3149420 2047240 2800000 2047240
V1 2800000 2047240 1875000 1771225
V1 1875000 1771225 697425 1771225
V1 697425 1771225 688162 1780487
Net33 5 
V1 3054130 1956520 3041170 1969480
V1 3041170 1969480 2800000 1969480
V1 2800000 1969480 1875000 1752711
V1 1875000 1752711 394641 1752711
V1 394641 1752711 366870 1724940
Net36 5 
V1 3184030 1956520 3179710 1952200
V1 3179710 1952200 2800000 1952200
V1 2800000 1952200 1875000 1743454
V1 1875000 1743454 1211574 1743454
V1 1211574 1743454 1193060 1724940
Net37 5 
V1 3227330 1956520 3218690 1947880
V1 3218690 1947880 2800000 1947880
V1 2800000 1947880 1875000 1734197
V1 1875000 1734197 1385909 1734197
V1 1385909 1734197 1376652 1724940
Net38 5 
V1 3270630 1956520 3257670 1943560
V1 3257670 1943560 2800000 1943560
V1 2800000 1943560 1875000 1713834
V1 1875000 1713834 1479556 1713834
V1 1479556 1713834 1468450 1724940
Net40 5 
V1 3162380 1930600 3157196 1925416
V1 3157196 1925416 2800000 1925416
V1 2800000 1925416 1875000 1680508
V1 1875000 1680508 870291 1680508
V1 870291 1680508 825860 1724940
Net41 5 
V1 3205680 1930600 3201360 1934920
V1 3201360 1934920 2800000 1934920
V1 2800000 1934920 1875000 1691617
V1 1875000 1691617 950983 1691617
V1 950983 1691617 917660 1724940
Net42 5 
V1 3292280 1930600 3283640 1939240
V1 3283640 1939240 2800000 1939240
V1 2800000 1939240 1875000 1702725
V1 1875000 1702725 1123474 1702725
V1 1123474 1702725 1101260 1724940
Net45 5 
V1 3140730 1904680 3135546 1909864
V1 3135546 1909864 2800000 1909864
V1 2800000 1909864 1875000 1648573
V1 1875000 1648573 984386 1648573
V1 984386 1648573 963560 1669400
Net46 5 
V1 3184030 1904680 3173662 1915048
V1 3173662 1915048 2800000 1915048
V1 2800000 1915048 1875000 1655516
V1 1875000 1655516 1069243 1655516
V1 1069243 1655516 1055360 1669400
Net47 5 
V1 3270630 1904680 3255078 1920232
V1 3255078 1920232 2800000 1920232
V1 2800000 1920232 1875000 1662459
V1 1875000 1662459 1337693 1662459
V1 1337693 1662459 1330752 1669400
Net48 5 
V1 3075780 1878760 3069300 1885240
V1 3069300 1885240 2800000 1885240
V1 2800000 1885240 1875000 1627745
V1 1875000 1627745 454424 1627745
V1 454424 1627745 412770 1669400
Net49 5 
V1 3119080 1878760 3106120 1891720
V1 3106120 1891720 2800000 1891720
V1 2800000 1891720 1875000 1634688
V1 1875000 1634688 539281 1634688
V1 539281 1634688 504570 1669400
Net50 5 
V1 3162380 1878760 3142940 1898200
V1 3142940 1898200 2800000 1898200
V1 2800000 1898200 1875000 1641631
V1 1875000 1641631 715931 1641631
V1 715931 1641631 688162 1669400
Net56 5 
V1 3097430 1852840 3092246 1858024
V1 3092246 1858024 2800000 1858024
V1 2800000 1858024 1875000 1580529
V1 1875000 1580529 400200 1580529
V1 400200 1580529 366870 1613860
Net57 5 
V1 3184030 1852840 3173662 1863208
V1 3173662 1863208 2800000 1863208
V1 2800000 1863208 1875000 1591638
V1 1875000 1591638 572689 1591638
V1 572689 1591638 550467 1613860
Net58 5 
V1 3227330 1852840 3211778 1868392
V1 3211778 1868392 2800000 1868392
V1 2800000 1868392 1875000 1602746
V1 1875000 1602746 1112373 1602746
V1 1112373 1602746 1101260 1613860
Net59 5 
V1 3270630 1852840 3249894 1873576
V1 3249894 1873576 2800000 1873576
V1 2800000 1873576 1875000 1620802
V1 1875000 1620802 924602 1620802
V1 924602 1620802 917660 1613860
Net60 5 
V1 3075780 1826920 3062820 1839880
V1 3062820 1839880 2800000 1839880
V1 2800000 1839880 1875000 1569421
V1 1875000 1569421 515678 1569421
V1 515678 1569421 504570 1558312
Net72 5 
V1 3119080 1775080 3112600 1781560
V1 3112600 1781560 2800000 1781560
V1 2800000 1781560 1875000 1465741
V1 1875000 1465741 495698 1465741
V1 495698 1465741 458670 1502770
Net73 5 
V1 3162380 1775080 3149420 1788040
V1 3149420 1788040 2800000 1788040
V1 2800000 1788040 1875000 1484255
V1 1875000 1484255 568982 1484255
V1 568982 1484255 550467 1502770
Net74 5 
V1 3248980 1775080 3229540 1794520
V1 3229540 1794520 2800000 1794520
V1 2800000 1794520 1875000 1530541
V1 1875000 1530541 1450321 1530541
V1 1450321 1530541 1422550 1558312
