Nets 20
Net8 5 
V2 3248980 2086120 3240340 2094760
V2 3240340 2094760 2800000 2094760
V2 2800000 2094760 1875000 1856600
V2 1875000 1856600 1456980 1856600
V2 1456980 1856600 1428180 1885400
Net9 5 
V2 3292280 2086120 3275000 2103400
V2 3275000 2103400 2800000 2103400
V2 2800000 2103400 1875000 1871000
V2 1875000 1871000 1574220 1871000
V2 1574220 1871000 1559820 1885400
Net24 5 
V2 3184030 2008360 3171070 2021320
V2 3171070 2021320 2800000 2021320
V2 2800000 2021320 1875000 1777400
V2 1875000 1777400 1318150 1777400
V2 1318150 1777400 1296550 1799000
Net27 5 
V2 3075780 1982440 3062820 1995400
V2 3062820 1995400 2800000 1995400
V2 2800000 1995400 1875000 1741400
V2 1875000 1741400 1146400 1741400
V2 1146400 1741400 1132000 1755800
Net43 5 
V2 3335582 1930600 3322622 1943560
V2 3322622 1943560 2800000 1943560
V2 2800000 1943560 1875000 1727000
V2 1875000 1727000 897530 1727000
V2 897530 1727000 868730 1755800
Net44 5 
V2 3054130 1904680 3041170 1917640
V2 3041170 1917640 2800000 1917640
V2 2800000 1917640 1875000 1663227
V2 1875000 1663227 1138172 1663227
V2 1138172 1663227 1132000 1669400
Net48 5 
V2 3075780 1878760 3069300 1885240
V2 3069300 1885240 2800000 1885240
V2 2800000 1885240 1875000 1644713
V2 1875000 1644713 959236 1644713
V2 959236 1644713 934550 1669400
Net49 5 
V2 3119080 1878760 3106120 1891720
V2 3106120 1891720 2800000 1891720
V2 2800000 1891720 1875000 1650885
V2 1875000 1650885 1018885 1650885
V2 1018885 1650885 1000370 1669400
Net50 5 
V2 3162380 1878760 3142940 1898200
V2 3142940 1898200 2800000 1898200
V2 2800000 1898200 1875000 1657056
V2 1875000 1657056 1078526 1657056
V2 1078526 1657056 1066182 1669400
Net56 5 
V2 3097430 1852840 3084470 1865800
V2 3084470 1865800 2800000 1865800
V2 2800000 1865800 1875000 1638542
V2 1875000 1638542 979802 1638542
V2 979802 1638542 967460 1626200
Net57 5 
V2 3184030 1852840 3179710 1848520
V2 3179710 1848520 2800000 1848520
V2 2800000 1848520 1875000 1632371
V2 1875000 1632371 1105261 1632371
V2 1105261 1632371 1099090 1626200
Net58 5 
V2 3227330 1852840 3218690 1844200
V2 3218690 1844200 2800000 1844200
V2 2800000 1844200 1875000 1617560
V2 1875000 1617560 1436820 1617560
V2 1436820 1617560 1428180 1626200
Net59 5 
V2 3270630 1852840 3257670 1839880
V2 3257670 1839880 2800000 1839880
V2 2800000 1839880 1875000 1608920
V2 1875000 1608920 1379642 1608920
V2 1379642 1608920 1362362 1626200
Net63 5 
V2 3205680 1826920 3201360 1831240
V2 3201360 1831240 2800000 1831240
V2 2800000 1831240 1875000 1591640
V2 1875000 1591640 1199470 1591640
V2 1199470 1591640 1164910 1626200
Net64 5 
V2 3292280 1826920 3283640 1835560
V2 3283640 1835560 2800000 1835560
V2 2800000 1835560 1875000 1600280
V2 1875000 1600280 1256650 1600280
V2 1256650 1600280 1230730 1626200
Net65 5 
V2 3335582 1826920 3322622 1813960
V2 3322622 1813960 2800000 1813960
V2 2800000 1813960 1875000 1561400
V2 1875000 1561400 890330 1561400
V2 890330 1561400 868730 1583000
Net71 5 
V2 3075780 1775080 3062820 1788040
V2 3062820 1788040 2800000 1788040
V2 2800000 1788040 1875000 1518200
V2 1875000 1518200 989060 1518200
V2 989060 1518200 967460 1539800
Net84 5 
V2 3119080 1723240 3112600 1729720
V2 3112600 1729720 2800000 1729720
V2 2800000 1729720 1875000 1464200
V2 1875000 1464200 1427670 1464200
V2 1427670 1464200 1395270 1496600
Net85 5 
V2 3205680 1723240 3192720 1736200
V2 3192720 1736200 2800000 1736200
V2 2800000 1736200 1875000 1475000
V2 1875000 1475000 1482690 1475000
V2 1482690 1475000 1461090 1496600
Net86 5 
V2 3292280 1723240 3272840 1742680
V2 3272840 1742680 2800000 1742680
V2 2800000 1742680 1875000 1485800
V2 1875000 1485800 1603530 1485800
V2 1603530 1485800 1592730 1496600
