Nets 20
Net5 5 
V2 3720970 2103400 3699370 2125000
V2 3699370 2125000 2800000 2125000
V2 2800000 2125000 1875000 1837880
V2 1875000 1837880 1633830 1837880
V2 1633830 1837880 1620870 1850840
Net13 5 
V2 3681997 2060200 3660397 2081800
V2 3660397 2081800 2800000 2081800
V2 2800000 2081800 1875000 1811960
V2 1875000 1811960 1525580 1811960
V2 1525580 1811960 1512620 1824920
Net23 5 
V2 3798910 2017000 3777310 2038600
V2 3777310 2038600 2800000 2038600
V2 2800000 2038600 1875000 1786040
V2 1875000 1786040 1633830 1786040
V2 1633830 1786040 1620870 1799000
Net31 5 
V2 3604050 1973800 3582450 1995400
V2 3582450 1995400 2800000 1995400
V2 2800000 1995400 1875000 1760120
V2 1875000 1760120 1482280 1760120
V2 1482280 1760120 1469320 1773080
Net32 5 
V2 3681997 1973800 3671197 1963000
V2 3671197 1963000 2800000 1963000
V2 2800000 1963000 1875000 1734200
V2 1875000 1734200 1503930 1734200
V2 1503930 1734200 1490970 1747160
Net35 5 
V2 3993762 1973800 3972162 1952200
V2 3972162 1952200 2800000 1952200
V2 2800000 1952200 1875000 1708280
V2 1875000 1708280 1352377 1708280
V2 1352377 1708280 1339417 1721240
Net38 5 
V2 3331252 1930600 3320452 1941400
V2 3320452 1941400 2800000 1941400
V2 2800000 1941400 1875000 1682360
V2 1875000 1682360 1503930 1682360
V2 1503930 1682360 1490970 1695320
Net48 5 
V2 3604050 1887400 3589650 1901800
V2 3589650 1901800 2800000 1901800
V2 2800000 1901800 1875000 1656440
V2 1875000 1656440 1482280 1656440
V2 1482280 1656440 1469320 1669400
Net49 5 
V2 3681997 1887400 3653197 1916200
V2 3653197 1916200 2800000 1916200
V2 2800000 1916200 1875000 1662920
V2 1875000 1662920 1519100 1662920
V2 1519100 1662920 1512620 1669400
Net55 5 
V2 3487140 1844200 3478500 1852840
V2 3478500 1852840 2800000 1852840
V2 2800000 1852840 1875000 1586456
V2 1875000 1586456 1539454 1586456
V2 1539454 1586456 1534270 1591640
Net59 5 
V2 3798910 1844200 3781630 1861480
V2 3781630 1861480 2800000 1861480
V2 2800000 1861480 1875000 1626200
V2 1875000 1626200 1594850 1626200
V2 1594850 1626200 1577570 1643480
Net60 5 
V2 3876850 1844200 3850930 1870120
V2 3850930 1870120 2800000 1870120
V2 2800000 1870120 1875000 1634840
V2 1875000 1634840 1629510 1634840
V2 1629510 1634840 1620870 1643480
Net61 5 
V2 3954790 1844200 3920230 1878760
V2 3920230 1878760 2800000 1878760
V2 2800000 1878760 1875000 1649960
V2 1875000 1649960 1358857 1649960
V2 1358857 1649960 1339417 1669400
Net62 5 
V2 3136400 1801000 3125600 1811800
V2 3125600 1811800 2800000 1811800
V2 2800000 1811800 1875000 1570904
V2 1875000 1570904 1425106 1570904
V2 1425106 1570904 1404370 1591640
Net64 5 
V2 3370227 1801000 3348627 1822600
V2 3348627 1822600 2800000 1822600
V2 2800000 1822600 1875000 1576088
V2 1875000 1576088 1463222 1576088
V2 1463222 1576088 1447670 1591640
Net65 5 
V2 3448170 1801000 3415770 1833400
V2 3415770 1833400 2800000 1833400
V2 2800000 1833400 1875000 1581272
V2 1875000 1581272 1501338 1581272
V2 1501338 1581272 1490970 1591640
Net71 5 
V2 3097430 1757800 3086630 1768600
V2 3086630 1768600 2800000 1768600
V2 2800000 1768600 1875000 1520360
V2 1875000 1520360 1380507 1520360
V2 1380507 1520360 1361067 1539800
Net72 5 
V2 3175370 1757800 3153770 1779400
V2 3153770 1779400 2800000 1779400
V2 2800000 1779400 1875000 1526840
V2 1875000 1526840 1460630 1526840
V2 1460630 1526840 1447670 1539800
Net73 5 
V2 3253310 1757800 3220910 1790200
V2 3220910 1790200 2800000 1790200
V2 2800000 1790200 1875000 1533320
V2 1875000 1533320 1497450 1533320
V2 1497450 1533320 1490970 1539800
Net83 5 
V2 3370227 1714600 3348627 1736200
V2 3348627 1736200 2800000 1736200
V2 2800000 1736200 1875000 1475000
V2 1875000 1475000 1417330 1475000
V2 1417330 1475000 1404370 1487960
