Nets 28
Net10 5 
M2 3335582 2086120 3322622 2099080
M2 3322622 2099080 2800000 2099080
M2 2800000 2099080 1875000 1863800
M2 1875000 1863800 592420 1863800
M2 592420 1863800 570820 1885400
Net13 5 
M2 3184030 2060200 3177550 2066680
M2 3177550 2066680 2800000 2066680
M2 2800000 2066680 1875000 1816280
M2 1875000 1816280 1419460 1816280
M2 1419460 1816280 1393540 1842200
Net14 5 
M2 3227330 2060200 3214370 2073160
M2 3214370 2073160 2800000 2073160
M2 2800000 2073160 1875000 1824920
M2 1875000 1824920 1497422 1824920
M2 1497422 1824920 1480142 1842200
Net15 5 
M2 3313932 2060200 3294492 2079640
M2 3294492 2079640 2800000 2079640
M2 2800000 2079640 1875000 1833560
M2 1875000 1833560 1575390 1833560
M2 1575390 1833560 1566750 1842200
Net16 5 
M2 3075780 2034280 3070596 2039464
M2 3070596 2039464 2800000 2039464
M2 2800000 2039464 1875000 1773080
M2 1875000 1773080 769940 1773080
M2 769940 1773080 744020 1799000
Net18 5 
M2 3162380 2034280 3152012 2044648
M2 3152012 2044648 2800000 2044648
M2 2800000 2044648 1875000 1781720
M2 1875000 1781720 1021110 1781720
M2 1021110 1781720 1003830 1799000
Net19 5 
M2 3248980 2034280 3233428 2049832
M2 3233428 2049832 2800000 2049832
M2 2800000 2049832 1875000 1790360
M2 1875000 1790360 1099070 1790360
M2 1099070 1790360 1090430 1799000
Net21 5 
M2 3335582 2034280 3314846 2055016
M2 3314846 2055016 2800000 2055016
M2 2800000 2055016 1875000 1807640
M2 1875000 1807640 648680 1807640
M2 648680 1807640 614120 1842200
Net29 5 
M2 3162380 1982440 3157196 1987624
M2 3157196 1987624 2800000 1987624
M2 2800000 1987624 1875000 1729880
M2 1875000 1729880 1332860 1729880
M2 1332860 1729880 1306940 1755800
Net30 5 
M2 3248980 1982440 3238612 1992808
M2 3238612 1992808 2800000 1992808
M2 2800000 1992808 1875000 1738520
M2 1875000 1738520 1497422 1738520
M2 1497422 1738520 1480142 1755800
Net31 5 
M2 3292280 1982440 3276728 1997992
M2 3276728 1997992 2800000 1997992
M2 2800000 1997992 1875000 1747160
M2 1875000 1747160 1575390 1747160
M2 1575390 1747160 1566750 1755800
Net32 5 
M2 3335582 1982440 3314846 2003176
M2 3314846 2003176 2800000 2003176
M2 2800000 2003176 1875000 1764440
M2 1875000 1764440 605380 1764440
M2 605380 1764440 570820 1799000
Net33 5 
M2 3054130 1956520 3041170 1969480
M2 3041170 1969480 2800000 1969480
M2 2800000 1969480 1875000 1721240
M2 1875000 1721240 735280 1721240
M2 735280 1721240 700720 1755800
Net35 5 
M2 3140730 1956520 3127770 1943560
M2 3127770 1943560 2800000 1943560
M2 2800000 1943560 1875000 1701800
M2 1875000 1701800 841427 1701800
M2 841427 1701800 830627 1712600
Net39 5 
M2 3075780 1930600 3062820 1917640
M2 3062820 1917640 2800000 1917640
M2 2800000 1917640 1875000 1691000
M2 1875000 1691000 679020 1691000
M2 679020 1691000 657420 1712600
Net51 5 
M2 3205680 1878760 3192720 1891720
M2 3192720 1891720 2800000 1891720
M2 2800000 1891720 1875000 1680200
M2 1875000 1680200 1490942 1680200
M2 1490942 1680200 1480142 1669400
Net52 5 
M2 3248980 1878760 3236020 1865800
M2 3236020 1865800 2800000 1865800
M2 2800000 1865800 1875000 1620027
M2 1875000 1620027 1443012 1620027
M2 1443012 1620027 1436840 1626200
Net55 5 
M2 3054130 1852840 3041170 1839880
M2 3041170 1839880 2800000 1839880
M2 2800000 1839880 1875000 1613856
M2 1875000 1613856 669763 1613856
M2 669763 1613856 657420 1626200
Net66 5 
M2 3054130 1801000 3041170 1813960
M2 3041170 1813960 2800000 1813960
M2 2800000 1813960 1875000 1607685
M2 1875000 1607685 812007 1607685
M2 812007 1607685 787322 1583000
Net67 5 
M2 3140730 1801000 3135546 1795816
M2 3135546 1795816 2800000 1795816
M2 2800000 1795816 1875000 1601513
M2 1875000 1601513 1152246 1601513
M2 1152246 1601513 1133732 1583000
Net68 5 
M2 3184030 1801000 3173662 1790632
M2 3173662 1790632 2800000 1790632
M2 2800000 1790632 1875000 1595342
M2 1875000 1595342 1319282 1595342
M2 1319282 1595342 1306940 1583000
Net69 5 
M2 3227330 1801000 3211778 1785448
M2 3211778 1785448 2800000 1785448
M2 2800000 1785448 1875000 1589171
M2 1875000 1589171 1486313 1589171
M2 1486313 1589171 1480142 1583000
Net70 5 
M2 3270630 1801000 3249894 1780264
M2 3249894 1780264 2800000 1780264
M2 2800000 1780264 1875000 1561400
M2 1875000 1561400 1588350 1561400
M2 1588350 1561400 1566750 1583000
Net79 5 
M2 3140730 1749160 3135546 1754344
M2 3135546 1754344 2800000 1754344
M2 2800000 1754344 1875000 1505240
M2 1875000 1505240 1038390 1505240
M2 1038390 1505240 1003830 1539800
Net80 5 
M2 3184030 1749160 3173662 1759528
M2 3173662 1759528 2800000 1759528
M2 2800000 1759528 1875000 1513880
M2 1875000 1513880 1202957 1513880
M2 1202957 1513880 1177037 1539800
Net81 5 
M2 3227330 1749160 3211778 1764712
M2 3211778 1764712 2800000 1764712
M2 2800000 1764712 1875000 1522520
M2 1875000 1522520 1280920 1522520
M2 1280920 1522520 1263640 1539800
Net82 5 
M2 3270630 1749160 3249894 1769896
M2 3249894 1769896 2800000 1769896
M2 2800000 1769896 1875000 1531160
M2 1875000 1531160 1358880 1531160
M2 1358880 1531160 1350240 1539800
Net83 5 
M2 3075780 1723240 3062820 1736200
M2 3062820 1736200 2800000 1736200
M2 2800000 1736200 1875000 1475000
M2 1875000 1475000 1155332 1475000
M2 1155332 1475000 1133732 1496600
