Nets 11
Net8 5 
M3 4357492 2097230 4329721 2125001
M3 4329721 2125001 2800000 2125001
M3 2800000 2125001 1875000 1811960
M3 1875000 1811960 1594000 1811960
M3 1594000 1811960 1581040 1824920
Net29 5 
M3 3881180 1986140 3862660 2004659
M3 3862660 2004659 2800000 2004659
M3 2800000 2004659 1875000 1760120
M3 1875000 1760120 1325530 1760120
M3 1325530 1760120 1312570 1773080
Net30 5 
M3 4071710 1986140 4034676 2023173
M3 4034676 2023173 2800000 2023173
M3 2800000 2023173 1875000 1766600
M3 1875000 1766600 1426437 1766600
M3 1426437 1766600 1419957 1773080
Net43 5 
M3 4405130 1930600 4377361 1958368
M3 4377361 1958368 2800000 1958368
M3 2800000 1958368 1875000 1753640
M3 1875000 1753640 1278312 1753640
M3 1278312 1753640 1258872 1773080
Net52 5 
M3 4357492 1875060 4329723 1902828
M3 4329723 1902828 2800000 1902828
M3 2800000 1902828 1875000 1630520
M3 1875000 1630520 1620840 1630520
M3 1620840 1630520 1607880 1643480
Net59 5 
M3 3833550 1819512 3805773 1847288
M3 3805773 1847288 2800000 1847288
M3 2800000 1847288 1875000 1604600
M3 1875000 1604600 1540300 1604600
M3 1540300 1604600 1527340 1617560
Net73 5 
M3 4071710 1763970 4060601 1775078
M3 4060601 1775078 2800000 1775078
M3 2800000 1775078 1875000 1496600
M3 1875000 1496600 1544620 1496600
M3 1544620 1496600 1527340 1513880
Net74 5 
M3 4166970 1763970 4144753 1786187
M3 4144753 1786187 2800000 1786187
M3 2800000 1786187 1875000 1505240
M3 1875000 1505240 1589680 1505240
M3 1589680 1505240 1581040 1513880
Net75 5 
M3 4262230 1763970 4228904 1797295
M3 4228904 1797295 2800000 1797295
M3 2800000 1797295 1875000 1522520
M3 1875000 1522520 1571470 1522520
M3 1571470 1522520 1554190 1539800
Net76 5 
M3 4357492 1763970 4313058 1808404
M3 4313058 1808404 2800000 1808404
M3 2800000 1808404 1875000 1531160
M3 1875000 1531160 1616520 1531160
M3 1616520 1531160 1607880 1539800
Net83 5 
M3 3833550 1708430 3805781 1736198
M3 3805781 1736198 2800000 1736198
M3 2800000 1736198 1875000 1475000
M3 1875000 1475000 1352377 1475000
M3 1352377 1475000 1339417 1487960
