Nets 34
Net0 5 
V1 3119080 2097230 3111144 2105165
V1 3111144 2105165 2800000 2105165
V1 2800000 2105165 1875000 1853000
V1 1875000 1853000 863027 1853000
V1 863027 1853000 830627 1885400
Net1 5 
V1 3309602 2097230 3293732 2113100
V1 3293732 2113100 2800000 2113100
V1 2800000 2113100 1875000 1858400
V1 1875000 1858400 1030830 1858400
V1 1030830 1858400 1003830 1885400
Net2 5 
V1 3404870 2097230 3381065 2121034
V1 3381065 2121034 2800000 2121034
V1 2800000 2121034 1875000 1863800
V1 1875000 1863800 1112030 1863800
V1 1112030 1863800 1090430 1885400
Net3 5 
V1 3595390 2097230 3563651 2128969
V1 3563651 2128969 2800000 2128969
V1 2800000 2128969 1875000 1869200
V1 1875000 1869200 1279840 1869200
V1 1279840 1869200 1263640 1885400
Net4 5 
V1 3881180 2097230 3841506 2136903
V1 3841506 2136903 2800000 2136903
V1 2800000 2136903 1875000 1874600
V1 1875000 1874600 1361040 1874600
V1 1361040 1874600 1350240 1885400
Net5 5 
V1 3976440 2097230 3928832 2144838
V1 3928832 2144838 2800000 2144838
V1 2800000 2144838 1875000 1880000
V1 1875000 1880000 1528847 1880000
V1 1528847 1880000 1523447 1885400
Net7 5 
V1 4262230 2097230 4243716 2078716
V1 4243716 2078716 2800000 2078716
V1 2800000 2078716 1875000 1847600
V1 1875000 1847600 1485542 1847600
V1 1485542 1847600 1480142 1842200
Net8 5 
V1 4357492 2097230 4320464 2060202
V1 4320464 2060202 2800000 2060202
V1 2800000 2060202 1875000 1835000
V1 1875000 1835000 1573950 1835000
V1 1573950 1835000 1566750 1842200
Net10 5 
V1 3166710 2041687 3159767 2034744
V1 3159767 2034744 2800000 2034744
V1 2800000 2034744 1875000 1827800
V1 1875000 1827800 715120 1827800
V1 715120 1827800 700720 1842200
Net17 5 
V1 3928810 2041687 3914924 2027802
V1 3914924 2027802 2800000 2027802
V1 2800000 2027802 1875000 1820600
V1 1875000 1820600 1198637 1820600
V1 1198637 1820600 1177037 1799000
Net18 5 
V1 4024077 2041687 4003249 2020859
V1 4003249 2020859 2800000 2020859
V1 2800000 2020859 1875000 1813400
V1 1875000 1813400 1278040 1813400
V1 1278040 1813400 1263640 1799000
Net19 5 
V1 4119340 2041687 4091569 2013916
V1 4091569 2013916 2800000 2013916
V1 2800000 2013916 1875000 1806200
V1 1875000 1806200 1357440 1806200
V1 1357440 1806200 1350240 1799000
Net20 5 
V1 4214600 2041687 4179886 2006973
V1 4179886 2006973 2800000 2006973
V1 2800000 2006973 1875000 1794680
V1 1875000 1794680 1527767 1794680
V1 1527767 1794680 1523447 1799000
Net24 5 
V1 3309602 1986140 3302654 1993088
V1 3302654 1993088 2800000 1993088
V1 2800000 1993088 1875000 1786040
V1 1875000 1786040 843587 1786040
V1 843587 1786040 830627 1799000
Net25 5 
V1 3404870 1986140 3390979 2000031
V1 3390979 2000031 2800000 2000031
V1 2800000 2000031 1875000 1790360
V1 1875000 1790360 1012470 1790360
V1 1012470 1790360 1003830 1799000
Net27 5 
V1 3595390 1986140 3589218 1979968
V1 3589218 1979968 2800000 1979968
V1 2800000 1979968 1875000 1781720
V1 1875000 1781720 899850 1781720
V1 899850 1781720 873930 1755800
Net28 5 
V1 3785920 1986140 3773577 1973797
V1 3773577 1973797 2800000 1973797
V1 2800000 1973797 1875000 1777400
V1 1875000 1777400 982130 1777400
V1 982130 1777400 960530 1755800
Net29 5 
V1 3881180 1986140 3862666 1967626
V1 3862666 1967626 2800000 1967626
V1 2800000 1967626 1875000 1773080
V1 1875000 1773080 1064410 1773080
V1 1064410 1773080 1047130 1755800
Net30 5 
V1 4071710 1986140 4047025 1961455
V1 4047025 1961455 2800000 1961455
V1 2800000 1961455 1875000 1768760
V1 1875000 1768760 1146692 1768760
V1 1146692 1768760 1133732 1755800
Net31 5 
V1 4166970 1986140 4136113 1955283
V1 4136113 1955283 2800000 1955283
V1 2800000 1955283 1875000 1764440
V1 1875000 1764440 1315580 1764440
V1 1315580 1764440 1306940 1755800
Net32 5 
V1 4357492 1986140 4320465 1949112
V1 4320465 1949112 2800000 1949112
V1 2800000 1949112 1875000 1760120
V1 1875000 1760120 1484462 1760120
V1 1484462 1760120 1480142 1755800
Net33 5 
V1 4452760 1986140 4409561 1942941
V1 4409561 1942941 2800000 1942941
V1 2800000 1942941 1875000 1734200
V1 1875000 1734200 635720 1734200
V1 635720 1734200 614120 1755800
Net35 5 
V1 3357237 1930600 3351067 1936770
V1 3351067 1936770 2800000 1936770
V1 2800000 1936770 1875000 1691000
V1 1875000 1691000 679020 1691000
V1 679020 1691000 657420 1712600
Net45 5 
V1 3309602 1875060 3302661 1882000
V1 3302661 1882000 2800000 1882000
V1 2800000 1882000 1875000 1631600
V1 1875000 1631600 825122 1631600
V1 825122 1631600 787322 1669400
Net46 5 
V1 3500130 1875060 3486246 1888943
V1 3486246 1888943 2800000 1888943
V1 2800000 1888943 1875000 1637000
V1 1875000 1637000 906330 1637000
V1 906330 1637000 873930 1669400
Net47 5 
V1 3595390 1875060 3574563 1895886
V1 3574563 1895886 2800000 1895886
V1 2800000 1895886 1875000 1642400
V1 1875000 1642400 987530 1642400
V1 987530 1642400 960530 1669400
Net48 5 
V1 3785920 1875060 3758151 1902829
V1 3758151 1902829 2800000 1902829
V1 2800000 1902829 1875000 1647800
V1 1875000 1647800 1155332 1647800
V1 1155332 1647800 1133732 1669400
Net49 5 
V1 3881180 1875060 3846468 1909771
V1 3846468 1909771 2800000 1909771
V1 2800000 1909771 1875000 1653200
V1 1875000 1653200 1323140 1653200
V1 1323140 1653200 1306940 1669400
Net50 5 
V1 4071710 1875060 4030055 1916714
V1 4030055 1916714 2800000 1916714
V1 2800000 1916714 1875000 1658600
V1 1875000 1658600 1490942 1658600
V1 1490942 1658600 1480142 1669400
Net51 5 
V1 4166970 1875060 4118372 1923657
V1 4118372 1923657 2800000 1923657
V1 2800000 1923657 1875000 1664000
V1 1875000 1664000 1572150 1664000
V1 1572150 1664000 1566750 1669400
Net53 5 
V1 4452760 1875060 4424988 1847288
V1 4424988 1847288 2800000 1847288
V1 2800000 1847288 1875000 1561400
V1 1875000 1561400 635720 1561400
V1 635720 1561400 614120 1583000
Net71 5 
V1 3881180 1763970 3853408 1791741
V1 3853408 1791741 2800000 1791741
V1 2800000 1791741 1875000 1525400
V1 1875000 1525400 1018230 1525400
V1 1018230 1525400 1003830 1539800
Net77 5 
V1 4452760 1763970 4434246 1745456
V1 4434246 1745456 2800000 1745456
V1 2800000 1745456 1875000 1511000
V1 1875000 1511000 628520 1511000
V1 628520 1511000 614120 1496600
Net81 5 
V1 3547760 1708430 3529248 1726942
V1 3529248 1726942 2800000 1726942
V1 2800000 1726942 1875000 1475000
V1 1875000 1475000 895530 1475000
V1 895530 1475000 873930 1496600
