Nets 26
Net13 5 
V2 3272362 2060200 3265882 2066680
V2 3265882 2066680 2800000 2066680
V2 2800000 2066680 1875000 1858247
V2 1875000 1858247 1272283 1858247
V2 1272283 1858247 1238960 1891570
Net14 5 
V2 3336450 2060200 3323490 2073160
V2 3323490 2073160 2800000 2073160
V2 2800000 2073160 1875000 1869355
V2 1875000 1869355 1444764 1869355
V2 1444764 1869355 1422550 1891570
Net15 5 
V2 3464620 2060200 3445180 2079640
V2 3445180 2079640 2800000 2079640
V2 2800000 2079640 1875000 1880464
V2 1875000 1880464 1525456 1880464
V2 1525456 1880464 1514350 1891570
Net19 5 
V2 3368490 2034280 3362010 2040760
V2 3362010 2040760 2800000 2040760
V2 2800000 2040760 1875000 1799001
V2 1875000 1799001 1138288 1799001
V2 1138288 1799001 1101260 1836030
Net20 5 
V2 3432580 2034280 3419620 2047240
V2 3419620 2047240 2800000 2047240
V2 2800000 2047240 1875000 1817515
V2 1875000 1817515 1395167 1817515
V2 1395167 1817515 1376652 1836030
Net21 5 
V2 3496667 2034280 3477227 2053720
V2 3477227 2053720 2800000 2053720
V2 2800000 2053720 1875000 1847138
V2 1875000 1847138 365401 1847138
V2 365401 1847138 320970 1891570
Net22 5 
V2 3080110 2008360 3071470 2017000
V2 3071470 2017000 2800000 2017000
V2 2800000 2017000 1875000 1758265
V2 1875000 1758265 1077582 1758265
V2 1077582 1758265 1055360 1780487
Net23 5 
V2 3208280 2008360 3191000 2025640
V2 3191000 2025640 2800000 2025640
V2 2800000 2025640 1875000 1769374
V2 1875000 1769374 1250073 1769374
V2 1250073 1769374 1238960 1780487
Net27 5 
V2 3112150 1982440 3099190 1995400
V2 3099190 1995400 2800000 1995400
V2 2800000 1995400 1875000 1747157
V2 1875000 1747157 996890 1747157
V2 996890 1747157 963560 1780487
Net34 5 
V2 3144190 1956520 3131230 1969480
V2 3131230 1969480 2800000 1969480
V2 2800000 1969480 1875000 1736048
V2 1875000 1736048 824399 1736048
V2 824399 1736048 779960 1780487
Net35 5 
V2 3208280 1956520 3199640 1947880
V2 3199640 1947880 2800000 1947880
V2 2800000 1947880 1875000 1706428
V2 1875000 1706428 660774 1706428
V2 660774 1706428 642262 1724940
Net39 5 
V2 3112150 1930600 3103510 1939240
V2 3103510 1939240 2800000 1939240
V2 2800000 1939240 1875000 1687914
V2 1875000 1687914 587493 1687914
V2 587493 1687914 550467 1724940
Net51 5 
V2 3304410 1878760 3295770 1887400
V2 3295770 1887400 2800000 1887400
V2 2800000 1887400 1875000 1641631
V2 1875000 1641631 1266729 1641631
V2 1266729 1641631 1238960 1669400
Net53 5 
V2 3432580 1878760 3415300 1896040
V2 3415300 1896040 2800000 1896040
V2 2800000 1896040 1875000 1655516
V2 1875000 1655516 1528233 1655516
V2 1528233 1655516 1514350 1669400
Net61 5 
V2 3176240 1826920 3171920 1831240
V2 3171920 1831240 2800000 1831240
V2 2800000 1831240 1875000 1539798
V2 1875000 1539798 706677 1539798
V2 706677 1539798 688162 1558312
Net62 5 
V2 3240320 1826920 3231680 1835560
V2 3231680 1835560 2800000 1835560
V2 2800000 1835560 1875000 1549055
V2 1875000 1549055 789217 1549055
V2 789217 1549055 779960 1558312
Net63 5 
V2 3304410 1826920 3291450 1839880
V2 3291450 1839880 2800000 1839880
V2 2800000 1839880 1875000 1576826
V2 1875000 1576826 679296 1576826
V2 679296 1576826 642262 1613860
Net64 5 
V2 3432580 1826920 3415300 1844200
V2 3415300 1844200 2800000 1844200
V2 2800000 1844200 1875000 1595340
V2 1875000 1595340 844379 1595340
V2 844379 1595340 825860 1613860
Net65 5 
V2 3496667 1826920 3475067 1848520
V2 3475067 1848520 2800000 1848520
V2 2800000 1848520 1875000 1627745
V2 1875000 1627745 362624 1627745
V2 362624 1627745 320970 1669400
Net66 5 
V2 3080110 1801000 3067150 1813960
V2 3067150 1813960 2800000 1813960
V2 2800000 1813960 1875000 1530541
V2 1875000 1530541 624139 1530541
V2 624139 1530541 596367 1558312
Net77 5 
V2 3080110 1749160 3067150 1762120
V2 3067150 1762120 2800000 1762120
V2 2800000 1762120 1875000 1521284
V2 1875000 1521284 752574 1521284
V2 752574 1521284 734060 1502770
Net78 5 
V2 3144190 1749160 3139870 1744840
V2 3139870 1744840 2800000 1744840
V2 2800000 1744840 1875000 1512027
V2 1875000 1512027 835117 1512027
V2 835117 1512027 825860 1502770
Net83 5 
V2 3112150 1723240 3107830 1727560
V2 3107830 1727560 2800000 1727560
V2 2800000 1727560 1875000 1458336
V2 1875000 1458336 1145694 1458336
V2 1145694 1458336 1101260 1502770
Net84 5 
V2 3176240 1723240 3167600 1731880
V2 3167600 1731880 2800000 1731880
V2 2800000 1731880 1875000 1469444
V2 1875000 1469444 1318183 1469444
V2 1318183 1469444 1284857 1502770
Net85 5 
V2 3304410 1723240 3291450 1736200
V2 3291450 1736200 2800000 1736200
V2 2800000 1736200 1875000 1480553
V2 1875000 1480553 1398869 1480553
V2 1398869 1480553 1376652 1502770
Net86 5 
V2 3432580 1723240 3415300 1740520
V2 3415300 1740520 2800000 1740520
V2 2800000 1740520 1875000 1491661
V2 1875000 1491661 1571358 1491661
V2 1571358 1491661 1560250 1502770
