Nets 26
Net4 5 
M2 3627870 2103400 3606270 2125000
M2 3606270 2125000 2800000 2125000
M2 2800000 2125000 1875000 1842200
M2 1875000 1842200 1539450 1842200
M2 1539450 1842200 1530810 1850840
Net14 5 
M2 3844372 2060200 3833572 2071000
M2 3833572 2071000 2800000 2071000
M2 2800000 2071000 1875000 1807640
M2 1875000 1807640 1516040 1807640
M2 1516040 1807640 1498760 1824920
Net15 5 
M2 3930980 2060200 3909380 2081800
M2 3909380 2081800 2800000 2081800
M2 2800000 2081800 1875000 1816280
M2 1875000 1816280 1571490 1816280
M2 1571490 1816280 1562850 1824920
Net16 5 
M2 4104180 2060200 4071780 2092600
M2 4071780 2092600 2800000 2092600
M2 2800000 2092600 1875000 1833560
M2 1875000 1833560 1186972 1833560
M2 1186972 1833560 1178332 1824920
Net21 5 
M2 3627870 2017000 3613470 2031400
M2 3613470 2031400 2800000 2031400
M2 2800000 2031400 1875000 1760120
M2 1875000 1760120 1447640 1760120
M2 1447640 1760120 1434680 1773080
Net24 5 
M2 3974280 2017000 3945480 2045800
M2 3945480 2045800 2800000 2045800
M2 2800000 2045800 1875000 1766600
M2 1875000 1766600 1569330 1766600
M2 1569330 1766600 1562850 1773080
Net25 5 
M2 4060880 2017000 4052240 2008360
M2 4052240 2008360 2800000 2008360
M2 2800000 2008360 1875000 1753640
M2 1875000 1753640 1197772 1753640
M2 1197772 1753640 1178332 1773080
Net29 5 
M2 3411360 1973800 3402720 1982440
M2 3402720 1982440 2800000 1982440
M2 2800000 1982440 1875000 1727720
M2 1875000 1727720 1293900 1727720
M2 1293900 1727720 1274460 1747160
Net33 5 
M2 3930980 1973800 3913700 1991080
M2 3913700 1991080 2800000 1991080
M2 2800000 1991080 1875000 1734200
M2 1875000 1734200 1543770 1734200
M2 1543770 1734200 1530810 1747160
Net34 5 
M2 4017580 1973800 3991660 1999720
M2 3991660 1999720 2800000 1999720
M2 2800000 1999720 1875000 1740680
M2 1875000 1740680 1601370 1740680
M2 1601370 1740680 1594890 1747160
Net37 5 
M2 3194857 1930600 3186217 1939240
M2 3186217 1939240 2800000 1939240
M2 2800000 1939240 1875000 1700504
M2 1875000 1700504 1391326 1700504
M2 1391326 1700504 1370590 1721240
Net41 5 
M2 3801070 1930600 3783790 1947880
M2 3783790 1947880 2800000 1947880
M2 2800000 1947880 1875000 1705688
M2 1875000 1705688 1450232 1705688
M2 1450232 1705688 1434680 1721240
Net42 5 
M2 3887677 1930600 3861757 1956520
M2 3861757 1956520 2800000 1956520
M2 2800000 1956520 1875000 1710872
M2 1875000 1710872 1509128 1710872
M2 1509128 1710872 1498760 1721240
Net43 5 
M2 3974280 1930600 3939720 1965160
M2 3939720 1965160 2800000 1965160
M2 2800000 1965160 1875000 1716056
M2 1875000 1716056 1568034 1716056
M2 1568034 1716056 1562850 1721240
Net44 5 
M2 3238160 1887400 3223760 1901800
M2 3223760 1901800 2800000 1901800
M2 2800000 1901800 1875000 1626200
M2 1875000 1626200 1291740 1626200
M2 1291740 1626200 1274460 1643480
Net50 5 
M2 3844372 1887400 3815572 1916200
M2 3815572 1916200 2800000 1916200
M2 2800000 1916200 1875000 1634840
M2 1875000 1634840 1475360 1634840
M2 1475360 1634840 1466720 1643480
Net57 5 
M2 3714470 1844200 3692870 1865800
M2 3692870 1865800 2800000 1865800
M2 2800000 1865800 1875000 1608920
M2 1875000 1608920 1571490 1608920
M2 1571490 1608920 1562850 1617560
Net67 5 
M2 3671170 1801000 3662530 1809640
M2 3662530 1809640 2800000 1809640
M2 2800000 1809640 1875000 1546280
M2 1875000 1546280 1454120 1546280
M2 1454120 1546280 1434680 1565720
Net68 5 
M2 3844372 1801000 3827092 1818280
M2 3827092 1818280 2800000 1818280
M2 2800000 1818280 1875000 1552760
M2 1875000 1552760 1511720 1552760
M2 1511720 1552760 1498760 1565720
Net69 5 
M2 3930980 1801000 3905060 1826920
M2 3905060 1826920 2800000 1826920
M2 2800000 1826920 1875000 1559240
M2 1875000 1559240 1569330 1559240
M2 1569330 1559240 1562850 1565720
Net70 5 
M2 4104180 1801000 4069620 1835560
M2 4069620 1835560 2800000 1835560
M2 2800000 1835560 1875000 1600280
M2 1875000 1600280 1195612 1600280
M2 1195612 1600280 1178332 1617560
Net74 5 
M2 3368060 1757800 3346460 1779400
M2 3346460 1779400 2800000 1779400
M2 2800000 1779400 1875000 1505240
M2 1875000 1505240 1379230 1505240
M2 1379230 1505240 1370590 1513880
Net84 5 
M2 3584570 1714600 3575930 1723240
M2 3575930 1723240 2800000 1723240
M2 2800000 1723240 1875000 1468520
M2 1875000 1468520 1357990 1468520
M2 1357990 1468520 1338550 1487960
Net85 5 
M2 3671170 1714600 3653890 1731880
M2 3653890 1731880 2800000 1731880
M2 2800000 1731880 1875000 1475000
M2 1875000 1475000 1479680 1475000
M2 1479680 1475000 1466720 1487960
Net86 5 
M2 3844372 1714600 3818452 1740520
M2 3818452 1740520 2800000 1740520
M2 2800000 1740520 1875000 1481480
M2 1875000 1481480 1601370 1481480
M2 1601370 1481480 1594890 1487960
Net87 5 
M2 4104180 1714600 4069620 1749160
M2 4069620 1749160 2800000 1749160
M2 2800000 1749160 1875000 1496600
M2 1875000 1496600 1195612 1496600
M2 1195612 1496600 1178332 1513880
