Nets 40
Net0 5 
V1 3108250 2103400 3102077 2109572
V1 3102077 2109572 2800000 2109572
V1 2800000 2109572 1875000 1856600
V1 1875000 1856600 859427 1856600
V1 859427 1856600 830627 1885400
Net1 5 
V1 3281460 2103400 3269116 2115743
V1 3269116 2115743 2800000 2115743
V1 2800000 2115743 1875000 1861400
V1 1875000 1861400 1027830 1861400
V1 1027830 1861400 1003830 1885400
Net2 5 
V1 3368060 2103400 3349545 2121915
V1 3349545 2121915 2800000 2121915
V1 2800000 2121915 1875000 1866200
V1 1875000 1866200 1109630 1866200
V1 1109630 1866200 1090430 1885400
Net3 5 
V1 3541267 2103400 3516581 2128086
V1 3516581 2128086 2800000 2128086
V1 2800000 2128086 1875000 1871000
V1 1875000 1871000 1278040 1871000
V1 1278040 1871000 1263640 1885400
Net4 5 
V1 3627870 2103400 3597012 2134257
V1 3597012 2134257 2800000 2134257
V1 2800000 2134257 1875000 1875800
V1 1875000 1875800 1359840 1875800
V1 1359840 1875800 1350240 1885400
Net5 5 
V1 3801070 2103400 3764041 2140428
V1 3764041 2140428 2800000 2140428
V1 2800000 2140428 1875000 1880600
V1 1875000 1880600 1528247 1880600
V1 1528247 1880600 1523447 1885400
Net7 5 
V1 3151552 2060200 3137152 2074600
V1 3137152 2074600 2800000 2074600
V1 2800000 2074600 1875000 1847000
V1 1875000 1847000 705520 1847000
V1 705520 1847000 700720 1842200
Net8 5 
V1 3238160 2060200 3223760 2045800
V1 3223760 2045800 2800000 2045800
V1 2800000 2045800 1875000 1827800
V1 1875000 1827800 801722 1827800
V1 801722 1827800 787322 1842200
Net16 5 
V1 4104180 2060200 4075380 2089000
V1 4075380 2089000 2800000 2089000
V1 2800000 2089000 1875000 1851800
V1 1875000 1851800 623720 1851800
V1 623720 1851800 614120 1842200
Net17 5 
V1 3108250 2017000 3099610 2008360
V1 3099610 2008360 2800000 2008360
V1 2800000 2008360 1875000 1790360
V1 1875000 1790360 752660 1790360
V1 752660 1790360 744020 1799000
Net18 5 
V1 3194857 2017000 3180457 2031400
V1 3180457 2031400 2800000 2031400
V1 2800000 2031400 1875000 1813400
V1 1875000 1813400 845027 1813400
V1 845027 1813400 830627 1799000
Net25 5 
V1 4060880 2017000 4043600 1999720
V1 4043600 1999720 2800000 1999720
V1 2800000 1999720 1875000 1781720
V1 1875000 1781720 588100 1781720
V1 588100 1781720 570820 1799000
Net26 5 
V1 3151552 1973800 3142912 1982440
V1 3142912 1982440 2800000 1982440
V1 2800000 1982440 1875000 1764440
V1 1875000 1764440 709360 1764440
V1 709360 1764440 700720 1755800
Net27 5 
V1 3238160 1973800 3223760 1959400
V1 3223760 1959400 2800000 1959400
V1 2800000 1959400 1875000 1741400
V1 1875000 1741400 801722 1741400
V1 801722 1741400 787322 1755800
Net35 5 
V1 4104180 1973800 4086900 1991080
V1 4086900 1991080 2800000 1991080
V1 2800000 1991080 1875000 1773080
V1 1875000 1773080 631400 1773080
V1 631400 1773080 614120 1755800
Net36 5 
V1 3108250 1930600 3103450 1925800
V1 3103450 1925800 2800000 1925800
V1 2800000 1925800 1875000 1691000
V1 1875000 1691000 679020 1691000
V1 679020 1691000 657420 1712600
Net37 5 
V1 3194857 1930600 3180457 1945000
V1 3180457 1945000 2800000 1945000
V1 2800000 1945000 1875000 1727000
V1 1875000 1727000 845027 1727000
V1 845027 1727000 830627 1712600
Net44 5 
V1 3238160 1887400 3233360 1882600
V1 3233360 1882600 2800000 1882600
V1 2800000 1882600 1875000 1631000
V1 1875000 1631000 739120 1631000
V1 739120 1631000 700720 1669400
Net45 5 
V1 3324760 1887400 3319960 1892200
V1 3319960 1892200 2800000 1892200
V1 2800000 1892200 1875000 1635800
V1 1875000 1635800 820922 1635800
V1 820922 1635800 787322 1669400
Net46 5 
V1 3411360 1887400 3401760 1897000
V1 3401760 1897000 2800000 1897000
V1 2800000 1897000 1875000 1640600
V1 1875000 1640600 902730 1640600
V1 902730 1640600 873930 1669400
Net47 5 
V1 3497962 1887400 3483562 1901800
V1 3483562 1901800 2800000 1901800
V1 2800000 1901800 1875000 1645400
V1 1875000 1645400 984530 1645400
V1 984530 1645400 960530 1669400
Net48 5 
V1 3671170 1887400 3651970 1906600
V1 3651970 1906600 2800000 1906600
V1 2800000 1906600 1875000 1650200
V1 1875000 1650200 1152932 1650200
V1 1152932 1650200 1133732 1669400
Net49 5 
V1 3757770 1887400 3733770 1911400
V1 3733770 1911400 2800000 1911400
V1 2800000 1911400 1875000 1655000
V1 1875000 1655000 1321340 1655000
V1 1321340 1655000 1306940 1669400
Net50 5 
V1 3844372 1887400 3815572 1916200
V1 3815572 1916200 2800000 1916200
V1 2800000 1916200 1875000 1659800
V1 1875000 1659800 1489742 1659800
V1 1489742 1659800 1480142 1669400
Net51 5 
V1 4017580 1887400 3983980 1921000
V1 3983980 1921000 2800000 1921000
V1 2800000 1921000 1875000 1664600
V1 1875000 1664600 1571550 1664600
V1 1571550 1664600 1566750 1669400
Net52 5 
V1 3108250 1844200 3103450 1849000
V1 3103450 1849000 2800000 1849000
V1 2800000 1849000 1875000 1595960
V1 1875000 1595960 687660 1595960
V1 687660 1595960 657420 1626200
Net53 5 
V1 3194857 1844200 3185257 1853800
V1 3185257 1853800 2800000 1853800
V1 2800000 1853800 1875000 1600280
V1 1875000 1600280 769940 1600280
V1 769940 1600280 744020 1626200
Net54 5 
V1 3368060 1844200 3353660 1858600
V1 3353660 1858600 2800000 1858600
V1 2800000 1858600 1875000 1604600
V1 1875000 1604600 938830 1604600
V1 938830 1604600 917230 1626200
Net57 5 
V1 3714470 1844200 3695270 1863400
V1 3695270 1863400 2800000 1863400
V1 2800000 1863400 1875000 1608920
V1 1875000 1608920 1280920 1608920
V1 1280920 1608920 1263640 1626200
Net58 5 
V1 3801070 1844200 3777070 1868200
V1 3777070 1868200 2800000 1868200
V1 2800000 1868200 1875000 1613240
V1 1875000 1613240 1363200 1613240
V1 1363200 1613240 1350240 1626200
Net59 5 
V1 3887677 1844200 3858877 1873000
V1 3858877 1873000 2800000 1873000
V1 2800000 1873000 1875000 1617560
V1 1875000 1617560 1445480 1617560
V1 1445480 1617560 1436840 1626200
Net60 5 
V1 3974280 1844200 3940680 1877800
V1 3940680 1877800 2800000 1877800
V1 2800000 1877800 1875000 1621880
V1 1875000 1621880 1527767 1621880
V1 1527767 1621880 1523447 1626200
Net62 5 
V1 3151552 1801000 3137152 1815400
V1 3137152 1815400 2800000 1815400
V1 2800000 1815400 1875000 1587320
V1 1875000 1587320 705040 1587320
V1 705040 1587320 700720 1583000
Net63 5 
V1 3324760 1801000 3310360 1786600
V1 3310360 1786600 2800000 1786600
V1 2800000 1786600 1875000 1568600
V1 1875000 1568600 801722 1568600
V1 801722 1568600 787322 1583000
Net70 5 
V1 4104180 1801000 4075380 1829800
V1 4075380 1829800 2800000 1829800
V1 2800000 1829800 1875000 1591640
V1 1875000 1591640 622760 1591640
V1 622760 1591640 614120 1583000
Net71 5 
V1 3108250 1757800 3099610 1749160
V1 3099610 1749160 2800000 1749160
V1 2800000 1749160 1875000 1531160
V1 1875000 1531160 752660 1531160
V1 752660 1531160 744020 1539800
Net72 5 
V1 3194857 1757800 3180457 1772200
V1 3180457 1772200 2800000 1772200
V1 2800000 1772200 1875000 1554200
V1 1875000 1554200 845027 1554200
V1 845027 1554200 830627 1539800
Net80 5 
V1 4060880 1757800 4043600 1740520
V1 4043600 1740520 2800000 1740520
V1 2800000 1740520 1875000 1522520
V1 1875000 1522520 588100 1522520
V1 588100 1522520 570820 1539800
Net81 5 
V1 3151552 1714600 3142912 1723240
V1 3142912 1723240 2800000 1723240
V1 2800000 1723240 1875000 1505240
V1 1875000 1505240 882570 1505240
V1 882570 1505240 873930 1496600
Net87 5 
V1 4104180 1714600 4086900 1731880
V1 4086900 1731880 2800000 1731880
V1 2800000 1731880 1875000 1513880
V1 1875000 1513880 631400 1513880
V1 631400 1513880 614120 1496600
