Nets 32
Net13 5 
V2 3575910 2060200 3565110 2071000
V2 3565110 2071000 2800000 2071000
V2 2800000 2071000 1875000 1874909
V2 1875000 1874909 1255620 1874909
V2 1255620 1874909 1238960 1891570
Net14 5 
V2 3641722 2060200 3620122 2081800
V2 3620122 2081800 2800000 2081800
V2 2800000 2081800 1875000 1880464
V2 1875000 1880464 1433656 1880464
V2 1433656 1880464 1422550 1891570
Net15 5 
V2 3707540 2060200 3675140 2092600
V2 3675140 2092600 2800000 2092600
V2 2800000 2092600 1875000 1886018
V2 1875000 1886018 1519901 1886018
V2 1519901 1886018 1514350 1891570
Net16 5 
V2 3839180 2060200 3824780 2045800
V2 3824780 2045800 2800000 2045800
V2 2800000 2045800 1875000 1869355
V2 1875000 1869355 343184 1869355
V2 343184 1869355 320970 1891570
Net20 5 
V2 3411360 2017000 3396960 2031400
V2 3396960 2031400 2800000 2031400
V2 2800000 2031400 1875000 1863801
V2 1875000 1863801 1129031 1863801
V2 1129031 1863801 1101260 1836030
Net21 5 
V2 3477180 2017000 3469980 2009800
V2 3469980 2009800 2800000 2009800
V2 2800000 2009800 1875000 1858247
V2 1875000 1858247 1215277 1858247
V2 1215277 1858247 1193060 1836030
Net22 5 
V2 3543000 2017000 3528600 2002600
V2 3528600 2002600 2800000 2002600
V2 2800000 2002600 1875000 1852692
V2 1875000 1852692 1301520 1852692
V2 1301520 1852692 1284857 1836030
Net23 5 
V2 3674630 2017000 3653030 1995400
V2 3653030 1995400 2800000 1995400
V2 2800000 1995400 1875000 1847138
V2 1875000 1847138 1387761 1847138
V2 1387761 1847138 1376652 1836030
Net24 5 
V2 3740450 2017000 3711650 1988200
V2 3711650 1988200 2800000 1988200
V2 2800000 1988200 1875000 1841584
V2 1875000 1841584 1474004 1841584
V2 1474004 1841584 1468450 1836030
Net27 5 
V2 3181000 1973800 3176680 1969480
V2 3176680 1969480 2800000 1969480
V2 2800000 1969480 1875000 1822144
V2 1875000 1822144 821616 1822144
V2 821616 1822144 779960 1780487
Net28 5 
V2 3246820 1973800 3238180 1965160
V2 3238180 1965160 2800000 1965160
V2 2800000 1965160 1875000 1815201
V2 1875000 1815201 906473 1815201
V2 906473 1815201 871760 1780487
Net29 5 
V2 3312637 1973800 3299677 1960840
V2 3299677 1960840 2800000 1960840
V2 2800000 1960840 1875000 1808258
V2 1875000 1808258 991331 1808258
V2 991331 1808258 963560 1780487
Net30 5 
V2 3444270 1973800 3426990 1956520
V2 3426990 1956520 2800000 1956520
V2 2800000 1956520 1875000 1801315
V2 1875000 1801315 1076188 1801315
V2 1076188 1801315 1055360 1780487
Net31 5 
V2 3510090 1973800 3488490 1952200
V2 3488490 1952200 2800000 1952200
V2 2800000 1952200 1875000 1794373
V2 1875000 1794373 1252845 1794373
V2 1252845 1794373 1238960 1780487
Net32 5 
V2 3575910 1973800 3549990 1947880
V2 3549990 1947880 2800000 1947880
V2 2800000 1947880 1875000 1787430
V2 1875000 1787430 1337695 1787430
V2 1337695 1787430 1330752 1780487
Net33 5 
V2 3707540 1973800 3677300 1943560
V2 3677300 1943560 2800000 1943560
V2 2800000 1943560 1875000 1761968
V2 1875000 1761968 1532869 1761968
V2 1532869 1761968 1514350 1780487
Net34 5 
V2 3773360 1973800 3766160 1981000
V2 3766160 1981000 2800000 1981000
V2 2800000 1981000 1875000 1829086
V2 1875000 1829086 1567193 1829086
V2 1567193 1829086 1560250 1836030
Net35 5 
V2 3839180 1973800 3804620 1939240
V2 3804620 1939240 2800000 1939240
V2 2800000 1939240 1875000 1743454
V2 1875000 1743454 358003 1743454
V2 358003 1743454 320970 1780487
Net36 5 
V2 3082270 1930600 3077950 1934920
V2 3077950 1934920 2800000 1934920
V2 2800000 1934920 1875000 1697171
V2 1875000 1697171 578236 1697171
V2 578236 1697171 550467 1724940
Net60 5 
V2 3740450 1844200 3718850 1865800
V2 3718850 1865800 2800000 1865800
V2 2800000 1865800 1875000 1650888
V2 1875000 1650888 1532862 1650888
V2 1532862 1650888 1514350 1669400
Net61 5 
V2 3806270 1844200 3791870 1829800
V2 3791870 1829800 2800000 1829800
V2 2800000 1829800 1875000 1632374
V2 1875000 1632374 293584 1632374
V2 293584 1632374 275070 1613860
Net64 5 
V2 3312637 1801000 3298237 1815400
V2 3298237 1815400 2800000 1815400
V2 2800000 1815400 1875000 1599969
V2 1875000 1599969 729819 1599969
V2 729819 1599969 688162 1558312
Net65 5 
V2 3378450 1801000 3374130 1796680
V2 3374130 1796680 2800000 1796680
V2 2800000 1796680 1875000 1586083
V2 1875000 1586083 807731 1586083
V2 807731 1586083 779960 1558312
Net66 5 
V2 3444270 1801000 3435630 1792360
V2 3435630 1792360 2800000 1792360
V2 2800000 1792360 1875000 1572198
V2 1875000 1572198 885645 1572198
V2 885645 1572198 871760 1558312
Net71 5 
V2 3082270 1757800 3077950 1762120
V2 3077950 1762120 2800000 1762120
V2 2800000 1762120 1875000 1484255
V2 1875000 1484255 385384 1484255
V2 385384 1484255 366870 1502770
Net74 5 
V2 3279730 1757800 3271090 1766440
V2 3271090 1766440 2800000 1766440
V2 2800000 1766440 1875000 1510704
V2 1875000 1510704 1011168 1510704
V2 1011168 1510704 963560 1558312
Net75 5 
V2 3411360 1757800 3398400 1770760
V2 3398400 1770760 2800000 1770760
V2 2800000 1770760 1875000 1518639
V2 1875000 1518639 1095033 1518639
V2 1095033 1518639 1055360 1558312
Net76 5 
V2 3543000 1757800 3525720 1775080
V2 3525720 1775080 2800000 1775080
V2 2800000 1775080 1875000 1526573
V2 1875000 1526573 1178899 1526573
V2 1178899 1526573 1147160 1558312
Net77 5 
V2 3608817 1757800 3587217 1779400
V2 3587217 1779400 2800000 1779400
V2 2800000 1779400 1875000 1534508
V2 1875000 1534508 1262764 1534508
V2 1262764 1534508 1238960 1558312
Net78 5 
V2 3674630 1757800 3648710 1783720
V2 3648710 1783720 2800000 1783720
V2 2800000 1783720 1875000 1542442
V2 1875000 1542442 1438420 1542442
V2 1438420 1542442 1422550 1558312
Net79 5 
V2 3740450 1757800 3710210 1788040
V2 3710210 1788040 2800000 1788040
V2 2800000 1788040 1875000 1550377
V2 1875000 1550377 1522285 1550377
V2 1522285 1550377 1514350 1558312
Net80 5 
V2 3806270 1757800 3784670 1736200
V2 3784670 1736200 2800000 1736200
V2 2800000 1736200 1875000 1465741
V2 1875000 1465741 312098 1465741
V2 312098 1465741 275070 1502770
