Nets 35
Net0 5 
V1 3097430 2103400 3091257 2109572
V1 3091257 2109572 2800000 2109572
V1 2800000 2109572 1875000 1863801
V1 1875000 1863801 392909 1863801
V1 392909 1863801 365140 1891570
Net1 5 
V1 3253310 2103400 3240966 2115743
V1 3240966 2115743 2800000 2115743
V1 2800000 2115743 1875000 1868429
V1 1875000 1868429 578800 1868429
V1 578800 1868429 555660 1891570
Net2 5 
V1 3331252 2103400 3312737 2121915
V1 3312737 2121915 2800000 2121915
V1 2800000 2121915 1875000 1873058
V1 1875000 1873058 669434 1873058
V1 669434 1873058 650922 1891570
Net3 5 
V1 3487140 2103400 3462453 2128086
V1 3462453 2128086 2800000 2128086
V1 2800000 2128086 1875000 1877686
V1 1875000 1877686 855333 1877686
V1 855333 1877686 841450 1891570
Net4 5 
V1 3565080 2103400 3534222 2134257
V1 3534222 2134257 2800000 2134257
V1 2800000 2134257 1875000 1882315
V1 1875000 1882315 945965 1882315
V1 945965 1882315 936710 1891570
Net5 5 
V1 3720970 2103400 3683941 2140428
V1 3683941 2140428 2800000 2140428
V1 2800000 2140428 1875000 1886943
V1 1875000 1886943 1131866 1886943
V1 1131866 1886943 1127240 1891570
Net7 5 
V1 3136400 2060200 3131600 2055400
V1 3131600 2055400 2800000 2055400
V1 2800000 2055400 1875000 1859172
V1 1875000 1859172 340650 1859172
V1 340650 1859172 317507 1836030
Net8 5 
V1 3214340 2060200 3204740 2050600
V1 3204740 2050600 2800000 2050600
V1 2800000 2050600 1875000 1854544
V1 1875000 1854544 431284 1854544
V1 431284 1854544 412770 1836030
Net9 5 
V1 3292280 2060200 3277880 2045800
V1 3277880 2045800 2800000 2045800
V1 2800000 2045800 1875000 1849915
V1 1875000 1849915 521915 1849915
V1 521915 1849915 508030 1836030
Net10 5 
V1 3370227 2060200 3351027 2041000
V1 3351027 2041000 2800000 2041000
V1 2800000 2041000 1875000 1845287
V1 1875000 1845287 612547 1845287
V1 612547 1845287 603290 1836030
Net11 5 
V1 3448170 2060200 3424170 2036200
V1 3424170 2036200 2800000 2036200
V1 2800000 2036200 1875000 1840658
V1 1875000 1840658 703188 1840658
V1 703188 1840658 698560 1836030
Net12 5 
V1 3604050 2060200 3575250 2031400
V1 3575250 2031400 2800000 2031400
V1 2800000 2031400 1875000 1817515
V1 1875000 1817515 812334 1817515
V1 812334 1817515 793820 1836030
Net18 5 
V1 3175370 2017000 3170570 2021800
V1 3170570 2021800 2800000 2021800
V1 2800000 2021800 1875000 1761968
V1 1875000 1761968 478919 1761968
V1 478919 1761968 460400 1780487
Net19 5 
V1 3331252 2017000 3321652 2026600
V1 3321652 2026600 2800000 2026600
V1 2800000 2026600 1875000 1799001
V1 1875000 1799001 669436 1799001
V1 669436 1799001 650922 1780487
Net26 5 
V1 3136400 1973800 3131600 1969000
V1 3131600 1969000 2800000 1969000
V1 2800000 1969000 1875000 1743454
V1 1875000 1743454 336021 1743454
V1 336021 1743454 317507 1724940
Net37 5 
V1 3175370 1930600 3170570 1935400
V1 3170570 1935400 2800000 1935400
V1 2800000 1935400 1875000 1681742
V1 1875000 1681742 646487 1681742
V1 646487 1681742 603290 1724940
Net38 5 
V1 3331252 1930600 3321652 1940200
V1 3321652 1940200 2800000 1940200
V1 2800000 1940200 1875000 1687913
V1 1875000 1687913 830846 1687913
V1 830846 1687913 793820 1724940
Net39 5 
V1 3487140 1930600 3472740 1945000
V1 3472740 1945000 2800000 1945000
V1 2800000 1945000 1875000 1694085
V1 1875000 1694085 919935 1694085
V1 919935 1694085 889080 1724940
Net40 5 
V1 3643020 1930600 3623820 1949800
V1 3623820 1949800 2800000 1949800
V1 2800000 1949800 1875000 1700256
V1 1875000 1700256 1104293 1700256
V1 1104293 1700256 1079610 1724940
Net41 5 
V1 3720970 1930600 3696970 1954600
V1 3696970 1954600 2800000 1954600
V1 2800000 1954600 1875000 1706427
V1 1875000 1706427 1193382 1706427
V1 1193382 1706427 1174870 1724940
Net42 5 
V1 3798910 1930600 3770110 1959400
V1 3770110 1959400 2800000 1959400
V1 2800000 1959400 1875000 1712598
V1 1875000 1712598 1377738 1712598
V1 1377738 1712598 1365397 1724940
Net43 5 
V1 3876850 1930600 3843250 1964200
V1 3843250 1964200 2800000 1964200
V1 2800000 1964200 1875000 1718770
V1 1875000 1718770 1466830 1718770
V1 1466830 1718770 1460660 1724940
Net44 5 
V1 3214340 1887400 3205700 1896040
V1 3205700 1896040 2800000 1896040
V1 2800000 1896040 1875000 1636077
V1 1875000 1636077 398463 1636077
V1 398463 1636077 365140 1669400
Net45 5 
V1 3292280 1887400 3275000 1904680
V1 3275000 1904680 2800000 1904680
V1 2800000 1904680 1875000 1647185
V1 1875000 1647185 482614 1647185
V1 482614 1647185 460400 1669400
Net46 5 
V1 3370227 1887400 3344307 1913320
V1 3344307 1913320 2800000 1913320
V1 2800000 1913320 1875000 1658294
V1 1875000 1658294 662028 1658294
V1 662028 1658294 650922 1669400
Net47 5 
V1 3448170 1887400 3413610 1921960
V1 3413610 1921960 2800000 1921960
V1 2800000 1921960 1875000 1675571
V1 1875000 1675571 752361 1675571
V1 752361 1675571 746190 1669400
Net62 5 
V1 3136400 1801000 3122000 1786600
V1 3122000 1786600 2800000 1786600
V1 2800000 1786600 1875000 1569421
V1 1875000 1569421 471508 1569421
V1 471508 1569421 460400 1558312
Net63 5 
V1 3292280 1801000 3263480 1772200
V1 3263480 1772200 2800000 1772200
V1 2800000 1772200 1875000 1547204
V1 1875000 1547204 566768 1547204
V1 566768 1547204 555660 1558312
Net67 5 
V1 3604050 1801000 3595410 1809640
V1 3595410 1809640 2800000 1809640
V1 2800000 1809640 1875000 1580529
V1 1875000 1580529 1303460 1580529
V1 1303460 1580529 1270130 1613860
Net68 5 
V1 3759940 1801000 3742660 1818280
V1 3742660 1818280 2800000 1818280
V1 2800000 1818280 1875000 1591638
V1 1875000 1591638 1387619 1591638
V1 1387619 1591638 1365397 1613860
Net69 5 
V1 3837880 1801000 3811960 1826920
V1 3811960 1826920 2800000 1826920
V1 2800000 1826920 1875000 1602746
V1 1875000 1602746 1471773 1602746
V1 1471773 1602746 1460660 1613860
Net70 5 
V1 3993762 1801000 3959202 1835560
V1 3959202 1835560 2800000 1835560
V1 2800000 1835560 1875000 1624968
V1 1875000 1624968 314301 1624968
V1 314301 1624968 269870 1669400
Net72 5 
V1 3175370 1757800 3164570 1747000
V1 3164570 1747000 2800000 1747000
V1 2800000 1747000 1875000 1536095
V1 1875000 1536095 446095 1536095
V1 446095 1536095 412770 1502770
Net73 5 
V1 3253310 1757800 3231710 1736200
V1 3231710 1736200 2800000 1736200
V1 2800000 1736200 1875000 1524987
V1 1875000 1524987 530247 1524987
V1 530247 1524987 508030 1502770
Net81 5 
V1 3136400 1714600 3125600 1725400
V1 3125600 1725400 2800000 1725400
V1 2800000 1725400 1875000 1513878
V1 1875000 1513878 709668 1513878
V1 709668 1513878 698560 1502770
