Nets 20
Net8 5 
V2 3248980 2086120 3240340 2094760
V2 3240340 2094760 2800000 2094760
V2 2800000 2094760 1875000 1856600
V2 1875000 1856600 1379040 1856600
V2 1379040 1856600 1350240 1885400
Net9 5 
V2 3292280 2086120 3275000 2103400
V2 3275000 2103400 2800000 2103400
V2 2800000 2103400 1875000 1871000
V2 1875000 1871000 1537847 1871000
V2 1537847 1871000 1523447 1885400
Net24 5 
V2 3184030 2008360 3171070 2021320
V2 3171070 2021320 2800000 2021320
V2 2800000 2021320 1875000 1777400
V2 1875000 1777400 1198637 1777400
V2 1198637 1777400 1177037 1799000
Net27 5 
V2 3075780 1982440 3062820 1995400
V2 3062820 1995400 2800000 1995400
V2 2800000 1995400 1875000 1741400
V2 1875000 1741400 974930 1741400
V2 974930 1741400 960530 1755800
Net43 5 
V2 3335582 1930600 3322622 1943560
V2 3322622 1943560 2800000 1943560
V2 2800000 1943560 1875000 1727000
V2 1875000 1727000 642920 1727000
V2 642920 1727000 614120 1755800
Net44 5 
V2 3054130 1904680 3041170 1917640
V2 3041170 1917640 2800000 1917640
V2 2800000 1917640 1875000 1663227
V2 1875000 1663227 966702 1663227
V2 966702 1663227 960530 1669400
Net48 5 
V2 3075780 1878760 3069300 1885240
V2 3069300 1885240 2800000 1885240
V2 2800000 1885240 1875000 1644713
V2 1875000 1644713 725406 1644713
V2 725406 1644713 700720 1669400
Net49 5 
V2 3119080 1878760 3106120 1891720
V2 3106120 1891720 2800000 1891720
V2 2800000 1891720 1875000 1650885
V2 1875000 1650885 805837 1650885
V2 805837 1650885 787322 1669400
Net50 5 
V2 3162380 1878760 3142940 1898200
V2 3142940 1898200 2800000 1898200
V2 2800000 1898200 1875000 1657056
V2 1875000 1657056 886273 1657056
V2 886273 1657056 873930 1669400
Net56 5 
V2 3097430 1852840 3084470 1865800
V2 3084470 1865800 2800000 1865800
V2 2800000 1865800 1875000 1638542
V2 1875000 1638542 756362 1638542
V2 756362 1638542 744020 1626200
Net57 5 
V2 3184030 1852840 3179710 1848520
V2 3179710 1848520 2800000 1848520
V2 2800000 1848520 1875000 1632371
V2 1875000 1632371 923401 1632371
V2 923401 1632371 917230 1626200
Net58 5 
V2 3227330 1852840 3218690 1844200
V2 3218690 1844200 2800000 1844200
V2 2800000 1844200 1875000 1617560
V2 1875000 1617560 1358880 1617560
V2 1358880 1617560 1350240 1626200
Net59 5 
V2 3270630 1852840 3257670 1839880
V2 3257670 1839880 2800000 1839880
V2 2800000 1839880 1875000 1608920
V2 1875000 1608920 1280920 1608920
V2 1280920 1608920 1263640 1626200
Net63 5 
V2 3205680 1826920 3201360 1831240
V2 3201360 1831240 2800000 1831240
V2 2800000 1831240 1875000 1591640
V2 1875000 1591640 1038390 1591640
V2 1038390 1591640 1003830 1626200
Net64 5 
V2 3292280 1826920 3283640 1835560
V2 3283640 1835560 2800000 1835560
V2 2800000 1835560 1875000 1600280
V2 1875000 1600280 1116350 1600280
V2 1116350 1600280 1090430 1626200
Net65 5 
V2 3335582 1826920 3322622 1813960
V2 3322622 1813960 2800000 1813960
V2 2800000 1813960 1875000 1561400
V2 1875000 1561400 635720 1561400
V2 635720 1561400 614120 1583000
Net71 5 
V2 3075780 1775080 3062820 1788040
V2 3062820 1788040 2800000 1788040
V2 2800000 1788040 1875000 1518200
V2 1875000 1518200 765620 1518200
V2 765620 1518200 744020 1539800
Net84 5 
V2 3119080 1723240 3112600 1729720
V2 3112600 1729720 2800000 1729720
V2 2800000 1729720 1875000 1464200
V2 1875000 1464200 1339340 1464200
V2 1339340 1464200 1306940 1496600
Net85 5 
V2 3205680 1723240 3192720 1736200
V2 3192720 1736200 2800000 1736200
V2 2800000 1736200 1875000 1475000
V2 1875000 1475000 1415140 1475000
V2 1415140 1475000 1393540 1496600
Net86 5 
V2 3292280 1723240 3272840 1742680
V2 3272840 1742680 2800000 1742680
V2 2800000 1742680 1875000 1485800
V2 1875000 1485800 1577550 1485800
V2 1577550 1485800 1566750 1496600
