Nets 21
Net6 5 
M2 3806270 2103400 3784670 2125000
M2 3784670 2125000 2800000 2125000
M2 2800000 2125000 1875000 1808258
M2 1875000 1808258 355671 1808258
M2 355671 1808258 327900 1836030
Net17 5 
M2 3082270 2017000 3060670 2038600
M2 3060670 2038600 2800000 2038600
M2 2800000 2038600 1875000 1752711
M2 1875000 1752711 488176 1752711
M2 488176 1752711 460400 1780487
Net25 5 
M2 3806270 2017000 3784670 1995400
M2 3784670 1995400 2800000 1995400
M2 2800000 1995400 1875000 1697171
M2 1875000 1697171 355668 1697171
M2 355668 1697171 327900 1724940
Net48 5 
M2 3510090 1887400 3501450 1896040
M2 3501450 1896040 2800000 1896040
M2 2800000 1896040 1875000 1624968
M2 1875000 1624968 1034841 1624968
M2 1034841 1624968 990410 1669400
Net49 5 
M2 3575910 1887400 3558630 1904680
M2 3558630 1904680 2800000 1904680
M2 2800000 1904680 1875000 1636077
M2 1875000 1636077 1112063 1636077
M2 1112063 1636077 1078740 1669400
Net50 5 
M2 3641722 1887400 3615802 1913320
M2 3615802 1913320 2800000 1913320
M2 2800000 1913320 1875000 1647185
M2 1875000 1647185 1277624 1647185
M2 1277624 1647185 1255410 1669400
Net51 5 
M2 3773360 1887400 3738800 1921960
M2 3738800 1921960 2800000 1921960
M2 2800000 1921960 1875000 1658294
M2 1875000 1658294 1354853 1658294
M2 1354853 1658294 1343747 1669400
Net52 5 
M2 3082270 1844200 3077470 1849000
M2 3077470 1849000 2800000 1849000
M2 2800000 1849000 1875000 1539798
M2 1875000 1539798 478914 1539798
M2 478914 1539798 460400 1558312
Net53 5 
M2 3148090 1844200 3138490 1853800
M2 3138490 1853800 2800000 1853800
M2 2800000 1853800 1875000 1565255
M2 1875000 1565255 464834 1565255
M2 464834 1565255 416230 1613860
Net54 5 
M2 3279730 1844200 3265330 1858600
M2 3265330 1858600 2800000 1858600
M2 2800000 1858600 1875000 1572198
M2 1875000 1572198 634562 1572198
M2 634562 1572198 592900 1613860
Net55 5 
M2 3411360 1844200 3392160 1863400
M2 3392160 1863400 2800000 1863400
M2 2800000 1863400 1875000 1579140
M2 1875000 1579140 715956 1579140
M2 715956 1579140 681237 1613860
Net56 5 
M2 3477180 1844200 3453180 1868200
M2 3453180 1868200 2800000 1868200
M2 2800000 1868200 1875000 1586083
M2 1875000 1586083 885684 1586083
M2 885684 1586083 857907 1613860
Net57 5 
M2 3543000 1844200 3514200 1873000
M2 3514200 1873000 2800000 1873000
M2 2800000 1873000 1875000 1593026
M2 1875000 1593026 967073 1593026
M2 967073 1593026 946240 1613860
Net58 5 
M2 3608817 1844200 3575217 1877800
M2 3575217 1877800 2800000 1877800
M2 2800000 1877800 1875000 1599969
M2 1875000 1599969 1136801 1599969
M2 1136801 1599969 1122910 1613860
Net59 5 
M2 3674630 1844200 3636230 1882600
M2 3636230 1882600 2800000 1882600
M2 2800000 1882600 1875000 1606911
M2 1875000 1606911 1218188 1606911
M2 1218188 1606911 1211240 1613860
Net82 5 
M2 3246820 1714600 3240647 1720772
M2 3240647 1720772 2800000 1720772
M2 2800000 1720772 1875000 1456484
M2 1875000 1456484 904193 1456484
M2 904193 1456484 857907 1502770
Net83 5 
M2 3312637 1714600 3300293 1726943
M2 3300293 1726943 2800000 1726943
M2 2800000 1726943 1875000 1465741
M2 1875000 1465741 1159938 1465741
M2 1159938 1465741 1122910 1502770
Net84 5 
M2 3444270 1714600 3425755 1733115
M2 3425755 1733115 2800000 1733115
M2 2800000 1733115 1875000 1474998
M2 1875000 1474998 1327351 1474998
M2 1327351 1474998 1299580 1502770
Net85 5 
M2 3510090 1714600 3485403 1739286
M2 3485403 1739286 2800000 1739286
M2 2800000 1739286 1875000 1484255
M2 1875000 1484255 1406424 1484255
M2 1406424 1484255 1387910 1502770
Net86 5 
M2 3641722 1714600 3610865 1745457
M2 3610865 1745457 2800000 1745457
M2 2800000 1745457 1875000 1493512
M2 1875000 1493512 1573837 1493512
M2 1573837 1493512 1564580 1502770
Net87 5 
M2 3839180 1714600 3802151 1751628
M2 3802151 1751628 2800000 1751628
M2 2800000 1751628 1875000 1521284
M2 1875000 1521284 409091 1521284
M2 409091 1521284 372062 1558312
