Nets 35
Net0 5 
V1 3082270 2103400 3076097 2109572
V1 3076097 2109572 2800000 2109572
V1 2800000 2109572 1875000 1863801
V1 1875000 1863801 488169 1863801
V1 488169 1863801 460400 1891570
Net1 5 
V1 3213910 2103400 3201566 2115743
V1 3201566 2115743 2800000 2115743
V1 2800000 2115743 1875000 1868429
V1 1875000 1868429 660210 1868429
V1 660210 1868429 637070 1891570
Net2 5 
V1 3279730 2103400 3261215 2121915
V1 3261215 2121915 2800000 2121915
V1 2800000 2121915 1875000 1873058
V1 1875000 1873058 743912 1873058
V1 743912 1873058 725400 1891570
Net3 5 
V1 3411360 2103400 3386673 2128086
V1 3386673 2128086 2800000 2128086
V1 2800000 2128086 1875000 1877686
V1 1875000 1877686 915953 1877686
V1 915953 1877686 902070 1891570
Net4 5 
V1 3477180 2103400 3446322 2134257
V1 3446322 2134257 2800000 2134257
V1 2800000 2134257 1875000 1882315
V1 1875000 1882315 999665 1882315
V1 999665 1882315 990410 1891570
Net5 5 
V1 3608817 2103400 3571788 2140428
V1 3571788 2140428 2800000 2140428
V1 2800000 2140428 1875000 1886943
V1 1875000 1886943 1171706 1886943
V1 1171706 1886943 1167080 1891570
Net7 5 
V1 3115180 2060200 3110380 2055400
V1 3110380 2055400 2800000 2055400
V1 2800000 2055400 1875000 1859172
V1 1875000 1859172 439372 1859172
V1 439372 1859172 416230 1836030
Net8 5 
V1 3181000 2060200 3171400 2050600
V1 3171400 2050600 2800000 2050600
V1 2800000 2050600 1875000 1854544
V1 1875000 1854544 523084 1854544
V1 523084 1854544 504570 1836030
Net9 5 
V1 3246820 2060200 3232420 2045800
V1 3232420 2045800 2800000 2045800
V1 2800000 2045800 1875000 1849915
V1 1875000 1849915 606785 1849915
V1 606785 1849915 592900 1836030
Net10 5 
V1 3312637 2060200 3293437 2041000
V1 3293437 2041000 2800000 2041000
V1 2800000 2041000 1875000 1845287
V1 1875000 1845287 690494 1845287
V1 690494 1845287 681237 1836030
Net11 5 
V1 3378450 2060200 3354450 2036200
V1 3354450 2036200 2800000 2036200
V1 2800000 2036200 1875000 1840658
V1 1875000 1840658 774198 1840658
V1 774198 1840658 769570 1836030
Net12 5 
V1 3510090 2060200 3481290 2031400
V1 3481290 2031400 2800000 2031400
V1 2800000 2031400 1875000 1817515
V1 1875000 1817515 876422 1817515
V1 876422 1817515 857907 1836030
Net18 5 
V1 3148090 2017000 3143290 2021800
V1 3143290 2021800 2800000 2021800
V1 2800000 2021800 1875000 1761968
V1 1875000 1761968 567252 1761968
V1 567252 1761968 548732 1780487
Net19 5 
V1 3279730 2017000 3270130 2026600
V1 3270130 2026600 2800000 2026600
V1 2800000 2026600 1875000 1799001
V1 1875000 1799001 743914 1799001
V1 743914 1799001 725400 1780487
Net26 5 
V1 3115180 1973800 3110380 1969000
V1 3110380 1969000 2800000 1969000
V1 2800000 1969000 1875000 1743454
V1 1875000 1743454 434744 1743454
V1 434744 1743454 416230 1724940
Net37 5 
V1 3148090 1930600 3143290 1935400
V1 3143290 1935400 2800000 1935400
V1 2800000 1935400 1875000 1681742
V1 1875000 1681742 724435 1681742
V1 724435 1681742 681237 1724940
Net38 5 
V1 3279730 1930600 3270130 1940200
V1 3270130 1940200 2800000 1940200
V1 2800000 1940200 1875000 1687913
V1 1875000 1687913 894933 1687913
V1 894933 1687913 857907 1724940
Net39 5 
V1 3411360 1930600 3396960 1945000
V1 3396960 1945000 2800000 1945000
V1 2800000 1945000 1875000 1694085
V1 1875000 1694085 977095 1694085
V1 977095 1694085 946240 1724940
Net40 5 
V1 3543000 1930600 3523800 1949800
V1 3523800 1949800 2800000 1949800
V1 2800000 1949800 1875000 1700256
V1 1875000 1700256 1147593 1700256
V1 1147593 1700256 1122910 1724940
Net41 5 
V1 3608817 1930600 3584817 1954600
V1 3584817 1954600 2800000 1954600
V1 2800000 1954600 1875000 1706427
V1 1875000 1706427 1229752 1706427
V1 1229752 1706427 1211240 1724940
Net42 5 
V1 3674630 1930600 3645830 1959400
V1 3645830 1959400 2800000 1959400
V1 2800000 1959400 1875000 1712598
V1 1875000 1712598 1400251 1712598
V1 1400251 1712598 1387910 1724940
Net43 5 
V1 3740450 1930600 3706850 1964200
V1 3706850 1964200 2800000 1964200
V1 2800000 1964200 1875000 1718770
V1 1875000 1718770 1482420 1718770
V1 1482420 1718770 1476250 1724940
Net44 5 
V1 3181000 1887400 3172360 1896040
V1 3172360 1896040 2800000 1896040
V1 2800000 1896040 1875000 1636077
V1 1875000 1636077 493723 1636077
V1 493723 1636077 460400 1669400
Net45 5 
V1 3246820 1887400 3229540 1904680
V1 3229540 1904680 2800000 1904680
V1 2800000 1904680 1875000 1647185
V1 1875000 1647185 570947 1647185
V1 570947 1647185 548732 1669400
Net46 5 
V1 3312637 1887400 3286717 1913320
V1 3286717 1913320 2800000 1913320
V1 2800000 1913320 1875000 1658294
V1 1875000 1658294 736506 1658294
V1 736506 1658294 725400 1669400
Net47 5 
V1 3378450 1887400 3343890 1921960
V1 3343890 1921960 2800000 1921960
V1 2800000 1921960 1875000 1675571
V1 1875000 1675571 819911 1675571
V1 819911 1675571 813740 1669400
Net62 5 
V1 3115180 1801000 3100780 1786600
V1 3100780 1786600 2800000 1786600
V1 2800000 1786600 1875000 1569421
V1 1875000 1569421 559841 1569421
V1 559841 1569421 548732 1558312
Net63 5 
V1 3246820 1801000 3218020 1772200
V1 3218020 1772200 2800000 1772200
V1 2800000 1772200 1875000 1547204
V1 1875000 1547204 648178 1547204
V1 648178 1547204 637070 1558312
Net67 5 
V1 3510090 1801000 3501450 1809640
V1 3501450 1809640 2800000 1809640
V1 2800000 1809640 1875000 1580529
V1 1875000 1580529 1332910 1580529
V1 1332910 1580529 1299580 1613860
Net68 5 
V1 3641722 1801000 3624442 1818280
V1 3624442 1818280 2800000 1818280
V1 2800000 1818280 1875000 1591638
V1 1875000 1591638 1410132 1591638
V1 1410132 1591638 1387910 1613860
Net69 5 
V1 3707540 1801000 3681620 1826920
V1 3681620 1826920 2800000 1826920
V1 2800000 1826920 1875000 1602746
V1 1875000 1602746 1487363 1602746
V1 1487363 1602746 1476250 1613860
Net70 5 
V1 3839180 1801000 3804620 1835560
V1 3804620 1835560 2800000 1835560
V1 2800000 1835560 1875000 1624968
V1 1875000 1624968 416494 1624968
V1 416494 1624968 372062 1669400
Net72 5 
V1 3148090 1757800 3137290 1747000
V1 3137290 1747000 2800000 1747000
V1 2800000 1747000 1875000 1536095
V1 1875000 1536095 537895 1536095
V1 537895 1536095 504570 1502770
Net73 5 
V1 3213910 1757800 3192310 1736200
V1 3192310 1736200 2800000 1736200
V1 2800000 1736200 1875000 1524987
V1 1875000 1524987 615117 1524987
V1 615117 1524987 592900 1502770
Net81 5 
V1 3115180 1714600 3104380 1725400
V1 3104380 1725400 2800000 1725400
V1 2800000 1725400 1875000 1513878
V1 1875000 1513878 780678 1513878
V1 780678 1513878 769570 1502770
