Nets 20
Net5 5 
V2 3720970 2103400 3699370 2125000
V2 3699370 2125000 2800000 2125000
V2 2800000 2125000 1875000 1837880
V2 1875000 1837880 1607850 1837880
V2 1607850 1837880 1594890 1850840
Net13 5 
V2 3681997 2060200 3660397 2081800
V2 3660397 2081800 2800000 2081800
V2 2800000 2081800 1875000 1811960
V2 1875000 1811960 1447640 1811960
V2 1447640 1811960 1434680 1824920
Net23 5 
V2 3798910 2017000 3777310 2038600
V2 3777310 2038600 2800000 2038600
V2 2800000 2038600 1875000 1786040
V2 1875000 1786040 1607850 1786040
V2 1607850 1786040 1594890 1799000
Net31 5 
V2 3604050 1973800 3582450 1995400
V2 3582450 1995400 2800000 1995400
V2 2800000 1995400 1875000 1760120
V2 1875000 1760120 1383550 1760120
V2 1383550 1760120 1370590 1773080
Net32 5 
V2 3681997 1973800 3671197 1963000
V2 3671197 1963000 2800000 1963000
V2 2800000 1963000 1875000 1734200
V2 1875000 1734200 1415597 1734200
V2 1415597 1734200 1402637 1747160
Net35 5 
V2 3993762 1973800 3972162 1952200
V2 3972162 1952200 2800000 1952200
V2 2800000 1952200 1875000 1708280
V2 1875000 1708280 1191292 1708280
V2 1191292 1708280 1178332 1721240
Net38 5 
V2 3331252 1930600 3320452 1941400
V2 3320452 1941400 2800000 1941400
V2 2800000 1941400 1875000 1682360
V2 1875000 1682360 1415597 1682360
V2 1415597 1682360 1402637 1695320
Net48 5 
V2 3604050 1887400 3589650 1901800
V2 3589650 1901800 2800000 1901800
V2 2800000 1901800 1875000 1656440
V2 1875000 1656440 1383550 1656440
V2 1383550 1656440 1370590 1669400
Net49 5 
V2 3681997 1887400 3653197 1916200
V2 3653197 1916200 2800000 1916200
V2 2800000 1916200 1875000 1662920
V2 1875000 1662920 1441160 1662920
V2 1441160 1662920 1434680 1669400
Net55 5 
V2 3487140 1844200 3478500 1852840
V2 3478500 1852840 2800000 1852840
V2 2800000 1852840 1875000 1586456
V2 1875000 1586456 1471904 1586456
V2 1471904 1586456 1466720 1591640
Net59 5 
V2 3798910 1844200 3781630 1861480
V2 3781630 1861480 2800000 1861480
V2 2800000 1861480 1875000 1626200
V2 1875000 1626200 1548090 1626200
V2 1548090 1626200 1530810 1643480
Net60 5 
V2 3876850 1844200 3850930 1870120
V2 3850930 1870120 2800000 1870120
V2 2800000 1870120 1875000 1634840
V2 1875000 1634840 1603530 1634840
V2 1603530 1634840 1594890 1643480
Net61 5 
V2 3954790 1844200 3920230 1878760
V2 3920230 1878760 2800000 1878760
V2 2800000 1878760 1875000 1649960
V2 1875000 1649960 1197772 1649960
V2 1197772 1649960 1178332 1669400
Net62 5 
V2 3136400 1801000 3125600 1811800
V2 3125600 1811800 2800000 1811800
V2 2800000 1811800 1875000 1570904
V2 1875000 1570904 1295196 1570904
V2 1295196 1570904 1274460 1591640
Net64 5 
V2 3370227 1801000 3348627 1822600
V2 3348627 1822600 2800000 1822600
V2 2800000 1822600 1875000 1576088
V2 1875000 1576088 1354102 1576088
V2 1354102 1576088 1338550 1591640
Net65 5 
V2 3448170 1801000 3415770 1833400
V2 3415770 1833400 2800000 1833400
V2 2800000 1833400 1875000 1581272
V2 1875000 1581272 1413005 1581272
V2 1413005 1581272 1402637 1591640
Net71 5 
V2 3097430 1757800 3086630 1768600
V2 3086630 1768600 2800000 1768600
V2 2800000 1768600 1875000 1520360
V2 1875000 1520360 1229820 1520360
V2 1229820 1520360 1210380 1539800
Net72 5 
V2 3175370 1757800 3153770 1779400
V2 3153770 1779400 2800000 1779400
V2 2800000 1779400 1875000 1526840
V2 1875000 1526840 1351510 1526840
V2 1351510 1526840 1338550 1539800
Net73 5 
V2 3253310 1757800 3220910 1790200
V2 3220910 1790200 2800000 1790200
V2 2800000 1790200 1875000 1533320
V2 1875000 1533320 1409117 1533320
V2 1409117 1533320 1402637 1539800
Net83 5 
V2 3370227 1714600 3348627 1736200
V2 3348627 1736200 2800000 1736200
V2 2800000 1736200 1875000 1475000
V2 1875000 1475000 1287420 1475000
V2 1287420 1475000 1274460 1487960
