Nets 26
Net4 5 
M2 3477180 2103400 3455580 2125000
M2 3455580 2125000 2800000 2125000
M2 2800000 2125000 1875000 1842200
M2 1875000 1842200 1562830 1842200
M2 1562830 1842200 1554190 1850840
Net14 5 
M2 3641722 2060200 3630922 2071000
M2 3630922 2071000 2800000 2071000
M2 2800000 2071000 1875000 1807640
M2 1875000 1807640 1544620 1807640
M2 1544620 1807640 1527340 1824920
Net15 5 
M2 3707540 2060200 3685940 2081800
M2 3685940 2081800 2800000 2081800
M2 2800000 2081800 1875000 1816280
M2 1875000 1816280 1589680 1816280
M2 1589680 1816280 1581040 1824920
Net16 5 
M2 3839180 2060200 3806780 2092600
M2 3806780 2092600 2800000 2092600
M2 2800000 2092600 1875000 1833560
M2 1875000 1833560 1267512 1833560
M2 1267512 1833560 1258872 1824920
Net21 5 
M2 3477180 2017000 3462780 2031400
M2 3462780 2031400 2800000 2031400
M2 2800000 2031400 1875000 1760120
M2 1875000 1760120 1486610 1760120
M2 1486610 1760120 1473650 1773080
Net24 5 
M2 3740450 2017000 3711650 2045800
M2 3711650 2045800 2800000 2045800
M2 2800000 2045800 1875000 1766600
M2 1875000 1766600 1587520 1766600
M2 1587520 1766600 1581040 1773080
Net25 5 
M2 3806270 2017000 3797630 2008360
M2 3797630 2008360 2800000 2008360
M2 2800000 2008360 1875000 1753640
M2 1875000 1753640 1278312 1753640
M2 1278312 1753640 1258872 1773080
Net29 5 
M2 3312637 1973800 3303997 1982440
M2 3303997 1982440 2800000 1982440
M2 2800000 1982440 1875000 1727720
M2 1875000 1727720 1358857 1727720
M2 1358857 1727720 1339417 1747160
Net33 5 
M2 3707540 1973800 3690260 1991080
M2 3690260 1991080 2800000 1991080
M2 2800000 1991080 1875000 1734200
M2 1875000 1734200 1567150 1734200
M2 1567150 1734200 1554190 1747160
Net34 5 
M2 3773360 1973800 3747440 1999720
M2 3747440 1999720 2800000 1999720
M2 2800000 1999720 1875000 1740680
M2 1875000 1740680 1614360 1740680
M2 1614360 1740680 1607880 1747160
Net37 5 
M2 3148090 1930600 3139450 1939240
M2 3139450 1939240 2800000 1939240
M2 2800000 1939240 1875000 1700504
M2 1875000 1700504 1440693 1700504
M2 1440693 1700504 1419957 1721240
Net41 5 
M2 3608817 1930600 3591537 1947880
M2 3591537 1947880 2800000 1947880
M2 2800000 1947880 1875000 1705688
M2 1875000 1705688 1489202 1705688
M2 1489202 1705688 1473650 1721240
Net42 5 
M2 3674630 1930600 3648710 1956520
M2 3648710 1956520 2800000 1956520
M2 2800000 1956520 1875000 1710872
M2 1875000 1710872 1537708 1710872
M2 1537708 1710872 1527340 1721240
Net43 5 
M2 3740450 1930600 3705890 1965160
M2 3705890 1965160 2800000 1965160
M2 2800000 1965160 1875000 1716056
M2 1875000 1716056 1586224 1716056
M2 1586224 1716056 1581040 1721240
Net44 5 
M2 3181000 1887400 3166600 1901800
M2 3166600 1901800 2800000 1901800
M2 2800000 1901800 1875000 1626200
M2 1875000 1626200 1356697 1626200
M2 1356697 1626200 1339417 1643480
Net50 5 
M2 3641722 1887400 3612922 1916200
M2 3612922 1916200 2800000 1916200
M2 2800000 1916200 1875000 1634840
M2 1875000 1634840 1509137 1634840
M2 1509137 1634840 1500497 1643480
Net57 5 
M2 3543000 1844200 3521400 1865800
M2 3521400 1865800 2800000 1865800
M2 2800000 1865800 1875000 1608920
M2 1875000 1608920 1589680 1608920
M2 1589680 1608920 1581040 1617560
Net67 5 
M2 3510090 1801000 3501450 1809640
M2 3501450 1809640 2800000 1809640
M2 2800000 1809640 1875000 1546280
M2 1875000 1546280 1493090 1546280
M2 1493090 1546280 1473650 1565720
Net68 5 
M2 3641722 1801000 3624442 1818280
M2 3624442 1818280 2800000 1818280
M2 2800000 1818280 1875000 1552760
M2 1875000 1552760 1540300 1552760
M2 1540300 1552760 1527340 1565720
Net69 5 
M2 3707540 1801000 3681620 1826920
M2 3681620 1826920 2800000 1826920
M2 2800000 1826920 1875000 1559240
M2 1875000 1559240 1587520 1559240
M2 1587520 1559240 1581040 1565720
Net70 5 
M2 3839180 1801000 3804620 1835560
M2 3804620 1835560 2800000 1835560
M2 2800000 1835560 1875000 1600280
M2 1875000 1600280 1276152 1600280
M2 1276152 1600280 1258872 1617560
Net74 5 
M2 3279730 1757800 3258130 1779400
M2 3258130 1779400 2800000 1779400
M2 2800000 1779400 1875000 1505240
M2 1875000 1505240 1428597 1505240
M2 1428597 1505240 1419957 1513880
Net84 5 
M2 3444270 1714600 3435630 1723240
M2 3435630 1723240 2800000 1723240
M2 2800000 1723240 1875000 1468520
M2 1875000 1468520 1412550 1468520
M2 1412550 1468520 1393110 1487960
Net85 5 
M2 3510090 1714600 3492810 1731880
M2 3492810 1731880 2800000 1731880
M2 2800000 1731880 1875000 1475000
M2 1875000 1475000 1513457 1475000
M2 1513457 1475000 1500497 1487960
Net86 5 
M2 3641722 1714600 3615802 1740520
M2 3615802 1740520 2800000 1740520
M2 2800000 1740520 1875000 1481480
M2 1875000 1481480 1614360 1481480
M2 1614360 1481480 1607880 1487960
Net87 5 
M2 3839180 1714600 3804620 1749160
M2 3804620 1749160 2800000 1749160
M2 2800000 1749160 1875000 1496600
M2 1875000 1496600 1276152 1496600
M2 1276152 1496600 1258872 1513880
