Nets 34
Net0 5 
V1 3119080 2097230 3111144 2105165
V1 3111144 2105165 2800000 2105165
V1 2800000 2105165 1875000 1853000
V1 1875000 1853000 1065677 1853000
V1 1065677 1853000 1033277 1885400
Net1 5 
V1 3309602 2097230 3293732 2113100
V1 3293732 2113100 2800000 2113100
V1 2800000 2113100 1875000 1858400
V1 1875000 1858400 1191910 1858400
V1 1191910 1858400 1164910 1885400
Net2 5 
V1 3404870 2097230 3381065 2121034
V1 3381065 2121034 2800000 2121034
V1 2800000 2121034 1875000 1863800
V1 1875000 1863800 1252330 1863800
V1 1252330 1863800 1230730 1885400
Net3 5 
V1 3595390 2097230 3563651 2128969
V1 3563651 2128969 2800000 2128969
V1 2800000 2128969 1875000 1869200
V1 1875000 1869200 1378562 1869200
V1 1378562 1869200 1362362 1885400
Net4 5 
V1 3881180 2097230 3841506 2136903
V1 3841506 2136903 2800000 2136903
V1 2800000 2136903 1875000 1874600
V1 1875000 1874600 1438980 1874600
V1 1438980 1874600 1428180 1885400
Net5 5 
V1 3976440 2097230 3928832 2144838
V1 3928832 2144838 2800000 2144838
V1 2800000 2144838 1875000 1880000
V1 1875000 1880000 1565220 1880000
V1 1565220 1880000 1559820 1885400
Net7 5 
V1 4262230 2097230 4243716 2078716
V1 4243716 2078716 2800000 2078716
V1 2800000 2078716 1875000 1847600
V1 1875000 1847600 1532310 1847600
V1 1532310 1847600 1526910 1842200
Net8 5 
V1 4357492 2097230 4320464 2060202
V1 4320464 2060202 2800000 2060202
V1 2800000 2060202 1875000 1835000
V1 1875000 1835000 1599930 1835000
V1 1599930 1835000 1592730 1842200
Net10 5 
V1 3166710 2041687 3159767 2034744
V1 3159767 2034744 2800000 2034744
V1 2800000 2034744 1875000 1827800
V1 1875000 1827800 948950 1827800
V1 948950 1827800 934550 1842200
Net17 5 
V1 3928810 2041687 3914924 2027802
V1 3914924 2027802 2800000 2027802
V1 2800000 2027802 1875000 1820600
V1 1875000 1820600 1318150 1820600
V1 1318150 1820600 1296550 1799000
Net18 5 
V1 4024077 2041687 4003249 2020859
V1 4003249 2020859 2800000 2020859
V1 2800000 2020859 1875000 1813400
V1 1875000 1813400 1376762 1813400
V1 1376762 1813400 1362362 1799000
Net19 5 
V1 4119340 2041687 4091569 2013916
V1 4091569 2013916 2800000 2013916
V1 2800000 2013916 1875000 1806200
V1 1875000 1806200 1435380 1806200
V1 1435380 1806200 1428180 1799000
Net20 5 
V1 4214600 2041687 4179886 2006973
V1 4179886 2006973 2800000 2006973
V1 2800000 2006973 1875000 1794680
V1 1875000 1794680 1564140 1794680
V1 1564140 1794680 1559820 1799000
Net24 5 
V1 3309602 1986140 3302654 1993088
V1 3302654 1993088 2800000 1993088
V1 2800000 1993088 1875000 1786040
V1 1875000 1786040 1046237 1786040
V1 1046237 1786040 1033277 1799000
Net25 5 
V1 3404870 1986140 3390979 2000031
V1 3390979 2000031 2800000 2000031
V1 2800000 2000031 1875000 1790360
V1 1875000 1790360 1173550 1790360
V1 1173550 1790360 1164910 1799000
Net27 5 
V1 3595390 1986140 3589218 1979968
V1 3589218 1979968 2800000 1979968
V1 2800000 1979968 1875000 1781720
V1 1875000 1781720 1092102 1781720
V1 1092102 1781720 1066182 1755800
Net28 5 
V1 3785920 1986140 3773577 1973797
V1 3773577 1973797 2800000 1973797
V1 2800000 1973797 1875000 1777400
V1 1875000 1777400 1153600 1777400
V1 1153600 1777400 1132000 1755800
Net29 5 
V1 3881180 1986140 3862666 1967626
V1 3862666 1967626 2800000 1967626
V1 2800000 1967626 1875000 1773080
V1 1875000 1773080 1215100 1773080
V1 1215100 1773080 1197820 1755800
Net30 5 
V1 4071710 1986140 4047025 1961455
V1 4047025 1961455 2800000 1961455
V1 2800000 1961455 1875000 1768760
V1 1875000 1768760 1276600 1768760
V1 1276600 1768760 1263640 1755800
Net31 5 
V1 4166970 1986140 4136113 1955283
V1 4136113 1955283 2800000 1955283
V1 2800000 1955283 1875000 1764440
V1 1875000 1764440 1403910 1764440
V1 1403910 1764440 1395270 1755800
Net32 5 
V1 4357492 1986140 4320465 1949112
V1 4320465 1949112 2800000 1949112
V1 2800000 1949112 1875000 1760120
V1 1875000 1760120 1531230 1760120
V1 1531230 1760120 1526910 1755800
Net33 5 
V1 4452760 1986140 4409561 1942941
V1 4409561 1942941 2800000 1942941
V1 2800000 1942941 1875000 1734200
V1 1875000 1734200 890330 1734200
V1 890330 1734200 868730 1755800
Net35 5 
V1 3357237 1930600 3351067 1936770
V1 3351067 1936770 2800000 1936770
V1 2800000 1936770 1875000 1691000
V1 1875000 1691000 923240 1691000
V1 923240 1691000 901640 1712600
Net45 5 
V1 3309602 1875060 3302661 1882000
V1 3302661 1882000 2800000 1882000
V1 2800000 1882000 1875000 1631600
V1 1875000 1631600 1038170 1631600
V1 1038170 1631600 1000370 1669400
Net46 5 
V1 3500130 1875060 3486246 1888943
V1 3486246 1888943 2800000 1888943
V1 2800000 1888943 1875000 1637000
V1 1875000 1637000 1098582 1637000
V1 1098582 1637000 1066182 1669400
Net47 5 
V1 3595390 1875060 3574563 1895886
V1 3574563 1895886 2800000 1895886
V1 2800000 1895886 1875000 1642400
V1 1875000 1642400 1159000 1642400
V1 1159000 1642400 1132000 1669400
Net48 5 
V1 3785920 1875060 3758151 1902829
V1 3758151 1902829 2800000 1902829
V1 2800000 1902829 1875000 1647800
V1 1875000 1647800 1285240 1647800
V1 1285240 1647800 1263640 1669400
Net49 5 
V1 3881180 1875060 3846468 1909771
V1 3846468 1909771 2800000 1909771
V1 2800000 1909771 1875000 1653200
V1 1875000 1653200 1411470 1653200
V1 1411470 1653200 1395270 1669400
Net50 5 
V1 4071710 1875060 4030055 1916714
V1 4030055 1916714 2800000 1916714
V1 2800000 1916714 1875000 1658600
V1 1875000 1658600 1537710 1658600
V1 1537710 1658600 1526910 1669400
Net51 5 
V1 4166970 1875060 4118372 1923657
V1 4118372 1923657 2800000 1923657
V1 2800000 1923657 1875000 1664000
V1 1875000 1664000 1598130 1664000
V1 1598130 1664000 1592730 1669400
Net53 5 
V1 4452760 1875060 4424988 1847288
V1 4424988 1847288 2800000 1847288
V1 2800000 1847288 1875000 1561400
V1 1875000 1561400 890330 1561400
V1 890330 1561400 868730 1583000
Net71 5 
V1 3881180 1763970 3853408 1791741
V1 3853408 1791741 2800000 1791741
V1 2800000 1791741 1875000 1525400
V1 1875000 1525400 1179310 1525400
V1 1179310 1525400 1164910 1539800
Net77 5 
V1 4452760 1763970 4434246 1745456
V1 4434246 1745456 2800000 1745456
V1 2800000 1745456 1875000 1511000
V1 1875000 1511000 883130 1511000
V1 883130 1511000 868730 1496600
Net81 5 
V1 3547760 1708430 3529248 1726942
V1 3529248 1726942 2800000 1726942
V1 2800000 1726942 1875000 1475000
V1 1875000 1475000 1087782 1475000
V1 1087782 1475000 1066182 1496600
