Nets 15
Net24 5 
M3 3228200 2008360 3215240 2021320
M3 3215240 2021320 2800000 2021320
M3 2800000 2021320 1875000 1877686
M3 1875000 1877686 1234716 1877686
M3 1234716 1877686 1193060 1836030
Net25 5 
M3 3281890 2008360 3275410 2001880
M3 3275410 2001880 2800000 2001880
M3 2800000 2001880 1875000 1863801
M3 1875000 1863801 1312628 1863801
M3 1312628 1863801 1284857 1836030
Net26 5 
M3 3335582 2008360 3322622 1995400
M3 3322622 1995400 2800000 1995400
M3 2800000 1995400 1875000 1849915
M3 1875000 1849915 1482335 1849915
M3 1482335 1849915 1468450 1836030
Net31 5 
M3 3362430 1982440 3355950 1988920
M3 3355950 1988920 2800000 1988920
M3 2800000 1988920 1875000 1808258
M3 1875000 1808258 1588021 1808258
M3 1588021 1808258 1560250 1836030
Net43 5 
M3 3416127 1930600 3403167 1943560
M3 3403167 1943560 2800000 1943560
M3 2800000 1943560 1875000 1752711
M3 1875000 1752711 348746 1752711
M3 348746 1752711 320970 1780487
Net67 5 
M3 3174502 1801000 3169318 1806184
M3 3169318 1806184 2800000 1806184
M3 2800000 1806184 1875000 1569421
M3 1875000 1569421 882868 1569421
M3 882868 1569421 871760 1558312
Net68 5 
M3 3228200 1801000 3217832 1811368
M3 3217832 1811368 2800000 1811368
M3 2800000 1811368 1875000 1580529
M3 1875000 1580529 1318188 1580529
M3 1318188 1580529 1284857 1613860
Net69 5 
M3 3281890 1801000 3266338 1816552
M3 3266338 1816552 2800000 1816552
M3 2800000 1816552 1875000 1591638
M3 1875000 1591638 1398874 1591638
M3 1398874 1591638 1376652 1613860
Net70 5 
M3 3335582 1801000 3314846 1821736
M3 3314846 1821736 2800000 1821736
M3 2800000 1821736 1875000 1602746
M3 1875000 1602746 1479563 1602746
M3 1479563 1602746 1468450 1613860
Net75 5 
M3 3362430 1775080 3349470 1788040
M3 3349470 1788040 2800000 1788040
M3 2800000 1788040 1875000 1550377
M3 1875000 1550377 1522285 1550377
M3 1522285 1550377 1514350 1558312
Net79 5 
M3 3174502 1749160 3169318 1754344
M3 3169318 1754344 2800000 1754344
M3 2800000 1754344 1875000 1518639
M3 1875000 1518639 1003233 1518639
M3 1003233 1518639 963560 1558312
Net80 5 
M3 3228200 1749160 3217832 1759528
M3 3217832 1759528 2800000 1759528
M3 2800000 1759528 1875000 1526573
M3 1875000 1526573 1087099 1526573
M3 1087099 1526573 1055360 1558312
Net81 5 
M3 3281890 1749160 3266338 1764712
M3 3266338 1764712 2800000 1764712
M3 2800000 1764712 1875000 1534508
M3 1875000 1534508 1170964 1534508
M3 1170964 1534508 1147160 1558312
Net82 5 
M3 3335582 1749160 3314846 1769896
M3 3314846 1769896 2800000 1769896
M3 2800000 1769896 1875000 1542442
M3 1875000 1542442 1254830 1542442
M3 1254830 1542442 1238960 1558312
Net87 5 
M3 3416127 1723240 3403167 1736200
M3 3403167 1736200 2800000 1736200
M3 2800000 1736200 1875000 1510704
M3 1875000 1510704 368578 1510704
M3 368578 1510704 320970 1558312
