Nets 37
Net0 5 
V1 3110420 2097230 3104865 2102784
V1 3104865 2102784 2800000 2102784
V1 2800000 2102784 1875000 1849915
V1 1875000 1849915 502054 1849915
V1 502054 1849915 460400 1891570
Net1 5 
V1 3287090 2097230 3275981 2108338
V1 3275981 2108338 2800000 2108338
V1 2800000 2108338 1875000 1854544
V1 1875000 1854544 674096 1854544
V1 674096 1854544 637070 1891570
Net2 5 
V1 3375420 2097230 3358757 2113892
V1 3358757 2113892 2800000 2113892
V1 2800000 2113892 1875000 1859172
V1 1875000 1859172 757797 1859172
V1 757797 1859172 725400 1891570
Net3 5 
V1 3552090 2097230 3529873 2119447
V1 3529873 2119447 2800000 2119447
V1 2800000 2119447 1875000 1863801
V1 1875000 1863801 929839 1863801
V1 929839 1863801 902070 1891570
Net4 5 
V1 3817092 2097230 3789321 2125001
V1 3789321 2125001 2800000 2125001
V1 2800000 2125001 1875000 1868429
V1 1875000 1868429 1013550 1868429
V1 1013550 1868429 990410 1891570
Net5 5 
V1 3905430 2097230 3872104 2130555
V1 3872104 2130555 2800000 2130555
V1 2800000 2130555 1875000 1873058
V1 1875000 1873058 1185592 1873058
V1 1185592 1873058 1167080 1891570
Net6 5 
V1 4082100 2097230 4043220 2136109
V1 4043220 2136109 2800000 2136109
V1 2800000 2136109 1875000 1877686
V1 1875000 1877686 1269293 1877686
V1 1269293 1877686 1255410 1891570
Net7 5 
V1 4170430 2097230 4125996 2141664
V1 4125996 2141664 2800000 2141664
V1 2800000 2141664 1875000 1882315
V1 1875000 1882315 1441335 1882315
V1 1441335 1882315 1432080 1891570
Net8 5 
V1 4258770 2097230 4208781 2147218
V1 4208781 2147218 2800000 2147218
V1 2800000 2147218 1875000 1886943
V1 1875000 1886943 1525039 1886943
V1 1525039 1886943 1520412 1891570
Net10 5 
V1 3154587 2041687 3136073 2060202
V1 3136073 2060202 2800000 2060202
V1 2800000 2060202 1875000 1840658
V1 1875000 1840658 420858 1840658
V1 420858 1840658 416230 1836030
Net11 5 
V1 3242920 2041687 3224406 2023173
V1 3224406 2023173 2800000 2023173
V1 2800000 2023173 1875000 1817515
V1 1875000 1817515 523084 1817515
V1 523084 1817515 504570 1836030
Net22 5 
V1 4302937 2041687 4265909 2078716
V1 4265909 2078716 2800000 2078716
V1 2800000 2078716 1875000 1845287
V1 1875000 1845287 337157 1845287
V1 337157 1845287 327900 1836030
Net23 5 
V1 3198750 1986140 3187641 1975031
V1 3187641 1975031 2800000 1975031
V1 2800000 1975031 1875000 1769374
V1 1875000 1769374 471513 1769374
V1 471513 1769374 460400 1780487
Net24 5 
V1 3287090 1986140 3268570 2004659
V1 3268570 2004659 2800000 2004659
V1 2800000 2004659 1875000 1799001
V1 1875000 1799001 567246 1799001
V1 567246 1799001 548732 1780487
Net33 5 
V1 4347100 1986140 4324883 1963923
V1 4324883 1963923 2800000 1963923
V1 2800000 1963923 1875000 1758265
V1 1875000 1758265 394284 1758265
V1 394284 1758265 372062 1780487
Net34 5 
V1 3154587 1930600 3143481 1941706
V1 3143481 1941706 2800000 1941706
V1 2800000 1941706 1875000 1736048
V1 1875000 1736048 427338 1736048
V1 427338 1736048 416230 1724940
Net35 5 
V1 3331252 1930600 3312738 1912086
V1 3312738 1912086 2800000 1912086
V1 2800000 1912086 1875000 1706428
V1 1875000 1706428 611412 1706428
V1 611412 1706428 592900 1724940
Net43 5 
V1 4302937 1930600 4280723 1952814
V1 4280723 1952814 2800000 1952814
V1 2800000 1952814 1875000 1747157
V1 1875000 1747157 350117 1747157
V1 350117 1747157 327900 1724940
Net44 5 
V1 3198750 1875060 3187641 1863951
V1 3187641 1863951 2800000 1863951
V1 2800000 1863951 1875000 1658294
V1 1875000 1658294 471506 1658294
V1 471506 1658294 460400 1669400
Net45 5 
V1 3287090 1875060 3268578 1893572
V1 3268578 1893572 2800000 1893572
V1 2800000 1893572 1875000 1687914
V1 1875000 1687914 567246 1687914
V1 567246 1687914 548732 1669400
Net53 5 
V1 4347100 1875060 4324883 1852843
V1 4324883 1852843 2800000 1852843
V1 2800000 1852843 1875000 1647185
V1 1875000 1647185 394277 1647185
V1 394277 1647185 372062 1669400
Net54 5 
V1 3154587 1819512 3143474 1830626
V1 3143474 1830626 2800000 1830626
V1 2800000 1830626 1875000 1624968
V1 1875000 1624968 427338 1624968
V1 427338 1624968 416230 1613860
Net55 5 
V1 3331252 1819512 3326980 1815240
V1 3326980 1815240 2800000 1815240
V1 2800000 1815240 1875000 1595340
V1 1875000 1595340 611419 1595340
V1 611419 1595340 592900 1613860
Net64 5 
V1 4302937 1819512 4280715 1841734
V1 4280715 1841734 2800000 1841734
V1 2800000 1841734 1875000 1636077
V1 1875000 1636077 350117 1636077
V1 350117 1636077 327900 1613860
Net66 5 
V1 3198750 1763970 3180236 1745456
V1 3180236 1745456 2800000 1745456
V1 2800000 1745456 1875000 1511315
V1 1875000 1511315 595730 1511315
V1 595730 1511315 548732 1558312
Net67 5 
V1 3287090 1763970 3282817 1768242
V1 3282817 1768242 2800000 1768242
V1 2800000 1768242 1875000 1515587
V1 1875000 1515587 679795 1515587
V1 679795 1515587 637070 1558312
Net68 5 
V1 3375420 1763970 3366875 1772515
V1 3366875 1772515 2800000 1772515
V1 2800000 1772515 1875000 1519860
V1 1875000 1519860 763852 1519860
V1 763852 1519860 725400 1558312
Net69 5 
V1 3463760 1763970 3450942 1776787
V1 3450942 1776787 2800000 1776787
V1 2800000 1776787 1875000 1524132
V1 1875000 1524132 847920 1524132
V1 847920 1524132 813740 1558312
Net70 5 
V1 3552090 1763970 3535000 1781060
V1 3535000 1781060 2800000 1781060
V1 2800000 1781060 1875000 1528405
V1 1875000 1528405 931977 1528405
V1 931977 1528405 902070 1558312
Net71 5 
V1 3817092 1763970 3795730 1785332
V1 3795730 1785332 2800000 1785332
V1 2800000 1785332 1875000 1532677
V1 1875000 1532677 1016045 1532677
V1 1016045 1532677 990410 1558312
Net72 5 
V1 3905430 1763970 3879795 1789605
V1 3879795 1789605 2800000 1789605
V1 2800000 1789605 1875000 1536950
V1 1875000 1536950 1100102 1536950
V1 1100102 1536950 1078740 1558312
Net73 5 
V1 3993762 1763970 3963855 1793877
V1 3963855 1793877 2800000 1793877
V1 2800000 1793877 1875000 1541222
V1 1875000 1541222 1184170 1541222
V1 1184170 1541222 1167080 1558312
Net74 5 
V1 4082100 1763970 4047920 1798150
V1 4047920 1798150 2800000 1798150
V1 2800000 1798150 1875000 1545495
V1 1875000 1545495 1268227 1545495
V1 1268227 1545495 1255410 1558312
Net75 5 
V1 4170430 1763970 4131977 1802422
V1 4131977 1802422 2800000 1802422
V1 2800000 1802422 1875000 1549767
V1 1875000 1549767 1440625 1549767
V1 1440625 1549767 1432080 1558312
Net76 5 
V1 4258770 1763970 4216045 1806695
V1 4216045 1806695 2800000 1806695
V1 2800000 1806695 1875000 1554040
V1 1875000 1554040 1524685 1554040
V1 1524685 1554040 1520412 1558312
Net77 5 
V1 4347100 1763970 4300102 1810967
V1 4300102 1810967 2800000 1810967
V1 2800000 1810967 1875000 1576826
V1 1875000 1576826 390576 1576826
V1 390576 1576826 372062 1558312
Net79 5 
V1 3242920 1708430 3224408 1726942
V1 3224408 1726942 2800000 1726942
V1 2800000 1726942 1875000 1507042
V1 1875000 1507042 508842 1507042
V1 508842 1507042 504570 1502770
