Nets 20
Net5 5 
V2 3608817 2103400 3587217 2125000
V2 3587217 2125000 2800000 2125000
V2 2800000 2125000 1875000 1837880
V2 1875000 1837880 1607850 1837880
V2 1607850 1837880 1594890 1850840
Net13 5 
V2 3575910 2060200 3554310 2081800
V2 3554310 2081800 2800000 2081800
V2 2800000 2081800 1875000 1811960
V2 1875000 1811960 1447640 1811960
V2 1447640 1811960 1434680 1824920
Net23 5 
V2 3674630 2017000 3653030 2038600
V2 3653030 2038600 2800000 2038600
V2 2800000 2038600 1875000 1786040
V2 1875000 1786040 1607850 1786040
V2 1607850 1786040 1594890 1799000
Net31 5 
V2 3510090 1973800 3488490 1995400
V2 3488490 1995400 2800000 1995400
V2 2800000 1995400 1875000 1760120
V2 1875000 1760120 1383550 1760120
V2 1383550 1760120 1370590 1773080
Net32 5 
V2 3575910 1973800 3565110 1963000
V2 3565110 1963000 2800000 1963000
V2 2800000 1963000 1875000 1734200
V2 1875000 1734200 1415597 1734200
V2 1415597 1734200 1402637 1747160
Net35 5 
V2 3839180 1973800 3817580 1952200
V2 3817580 1952200 2800000 1952200
V2 2800000 1952200 1875000 1708280
V2 1875000 1708280 1191292 1708280
V2 1191292 1708280 1178332 1721240
Net38 5 
V2 3279730 1930600 3268930 1941400
V2 3268930 1941400 2800000 1941400
V2 2800000 1941400 1875000 1682360
V2 1875000 1682360 1415597 1682360
V2 1415597 1682360 1402637 1695320
Net48 5 
V2 3510090 1887400 3495690 1901800
V2 3495690 1901800 2800000 1901800
V2 2800000 1901800 1875000 1656440
V2 1875000 1656440 1383550 1656440
V2 1383550 1656440 1370590 1669400
Net49 5 
V2 3575910 1887400 3547110 1916200
V2 3547110 1916200 2800000 1916200
V2 2800000 1916200 1875000 1662920
V2 1875000 1662920 1441160 1662920
V2 1441160 1662920 1434680 1669400
Net55 5 
V2 3411360 1844200 3402720 1852840
V2 3402720 1852840 2800000 1852840
V2 2800000 1852840 1875000 1586456
V2 1875000 1586456 1471904 1586456
V2 1471904 1586456 1466720 1591640
Net59 5 
V2 3674630 1844200 3657350 1861480
V2 3657350 1861480 2800000 1861480
V2 2800000 1861480 1875000 1626200
V2 1875000 1626200 1548090 1626200
V2 1548090 1626200 1530810 1643480
Net60 5 
V2 3740450 1844200 3714530 1870120
V2 3714530 1870120 2800000 1870120
V2 2800000 1870120 1875000 1634840
V2 1875000 1634840 1603530 1634840
V2 1603530 1634840 1594890 1643480
Net61 5 
V2 3806270 1844200 3771710 1878760
V2 3771710 1878760 2800000 1878760
V2 2800000 1878760 1875000 1649960
V2 1875000 1649960 1197772 1649960
V2 1197772 1649960 1178332 1669400
Net62 5 
V2 3115180 1801000 3104380 1811800
V2 3104380 1811800 2800000 1811800
V2 2800000 1811800 1875000 1570904
V2 1875000 1570904 1295196 1570904
V2 1295196 1570904 1274460 1591640
Net64 5 
V2 3312637 1801000 3291037 1822600
V2 3291037 1822600 2800000 1822600
V2 2800000 1822600 1875000 1576088
V2 1875000 1576088 1354102 1576088
V2 1354102 1576088 1338550 1591640
Net65 5 
V2 3378450 1801000 3346050 1833400
V2 3346050 1833400 2800000 1833400
V2 2800000 1833400 1875000 1581272
V2 1875000 1581272 1413005 1581272
V2 1413005 1581272 1402637 1591640
Net71 5 
V2 3082270 1757800 3071470 1768600
V2 3071470 1768600 2800000 1768600
V2 2800000 1768600 1875000 1520360
V2 1875000 1520360 1229820 1520360
V2 1229820 1520360 1210380 1539800
Net72 5 
V2 3148090 1757800 3126490 1779400
V2 3126490 1779400 2800000 1779400
V2 2800000 1779400 1875000 1526840
V2 1875000 1526840 1351510 1526840
V2 1351510 1526840 1338550 1539800
Net73 5 
V2 3213910 1757800 3181510 1790200
V2 3181510 1790200 2800000 1790200
V2 2800000 1790200 1875000 1533320
V2 1875000 1533320 1409117 1533320
V2 1409117 1533320 1402637 1539800
Net83 5 
V2 3312637 1714600 3291037 1736200
V2 3291037 1736200 2800000 1736200
V2 2800000 1736200 1875000 1475000
V2 1875000 1475000 1287420 1475000
V2 1287420 1475000 1274460 1487960
