Nets 15
Net8 5 
M2 3268490 1961120 3259850 1969760
M2 3259850 1969760 2700000 1969760
M2 2700000 1969760 1875000 1863801
M2 1875000 1863801 991329 1863801
M2 991329 1863801 963560 1891570
Net9 5 
M2 3332580 1961120 3315300 1978400
M2 3315300 1978400 2700000 1978400
M2 2700000 1978400 1875000 1877686
M2 1875000 1877686 1161043 1877686
M2 1161043 1877686 1147160 1891570
Net10 5 
M2 3396667 1961120 3388027 1952480
M2 3388027 1952480 2700000 1952480
M2 2700000 1952480 1875000 1849915
M2 1875000 1849915 288955 1849915
M2 288955 1849915 275070 1836030
Net12 5 
M2 3044190 1935200 3035550 1943840
M2 3035550 1943840 2700000 1943840
M2 2700000 1943840 1875000 1817515
M2 1875000 1817515 477184 1817515
M2 477184 1817515 458670 1836030
Net16 5 
M2 3012150 1909280 2999190 1922240
M2 2999190 1922240 2700000 1922240
M2 2700000 1922240 1875000 1799001
M2 1875000 1799001 431284 1799001
M2 431284 1799001 412770 1780487
Net28 5 
M2 3076240 1857440 3069760 1863920
M2 3069760 1863920 2700000 1863920
M2 2700000 1863920 1875000 1738825
M2 1875000 1738825 913422 1738825
M2 913422 1738825 871760 1780487
Net29 5 
M2 3140320 1857440 3127360 1870400
M2 3127360 1870400 2700000 1870400
M2 2700000 1870400 1875000 1752711
M2 1875000 1752711 1358529 1752711
M2 1358529 1752711 1330752 1780487
Net30 5 
M2 3268490 1857440 3249050 1876880
M2 3249050 1876880 2700000 1876880
M2 2700000 1876880 1875000 1766596
M2 1875000 1766596 1528241 1766596
M2 1528241 1766596 1514350 1780487
Net32 5 
M2 3396667 1857440 3383707 1844480
M2 3383707 1844480 2700000 1844480
M2 2700000 1844480 1875000 1697171
M2 1875000 1697171 302838 1697171
M2 302838 1697171 275070 1724940
Net44 5 
M2 2980110 1779680 2967150 1792640
M2 2967150 1792640 2700000 1792640
M2 2700000 1792640 1875000 1641631
M2 1875000 1641631 807728 1641631
M2 807728 1641631 779960 1669400
Net52 5 
M2 3268490 1753760 3255530 1766720
M2 3255530 1766720 2700000 1766720
M2 2700000 1766720 1875000 1595340
M2 1875000 1595340 1211579 1595340
M2 1211579 1595340 1193060 1613860
Net54 5 
M2 3396667 1753760 3388027 1745120
M2 3388027 1745120 2700000 1745120
M2 2700000 1745120 1875000 1576826
M2 1875000 1576826 312103 1576826
M2 312103 1576826 275070 1613860
Net55 5 
M2 2980110 1727840 2971470 1736480
M2 2971470 1736480 2700000 1736480
M2 2700000 1736480 1875000 1539798
M2 1875000 1539798 431284 1539798
M2 431284 1539798 412770 1558312
Net71 5 
M2 3012150 1650080 3003510 1658720
M2 3003510 1658720 2700000 1658720
M2 2700000 1658720 1875000 1474998
M2 1875000 1474998 394641 1474998
M2 394641 1474998 366870 1502770
Net76 5 
M2 3396667 1650080 3379387 1667360
M2 3379387 1667360 2700000 1667360
M2 2700000 1667360 1875000 1521284
M2 1875000 1521284 293584 1521284
M2 293584 1521284 275070 1502770
