Nets 40
Net0 5 
V1 2997430 1978400 2991257 1984572
V1 2991257 1984572 2700000 1984572
V1 2700000 1984572 1875000 1856600
V1 1875000 1856600 1062077 1856600
V1 1062077 1856600 1033277 1885400
Net1 5 
V1 3153310 1978400 3140966 1990743
V1 3140966 1990743 2700000 1990743
V1 2700000 1990743 1875000 1861400
V1 1875000 1861400 1188910 1861400
V1 1188910 1861400 1164910 1885400
Net2 5 
V1 3231252 1978400 3212737 1996915
V1 3212737 1996915 2700000 1996915
V1 2700000 1996915 1875000 1866200
V1 1875000 1866200 1249930 1866200
V1 1249930 1866200 1230730 1885400
Net3 5 
V1 3387140 1978400 3362453 2003086
V1 3362453 2003086 2700000 2003086
V1 2700000 2003086 1875000 1871000
V1 1875000 1871000 1376762 1871000
V1 1376762 1871000 1362362 1885400
Net4 5 
V1 3465080 1978400 3434222 2009257
V1 3434222 2009257 2700000 2009257
V1 2700000 2009257 1875000 1875800
V1 1875000 1875800 1437780 1875800
V1 1437780 1875800 1428180 1885400
Net5 5 
V1 3620970 1978400 3583941 2015428
V1 3583941 2015428 2700000 2015428
V1 2700000 2015428 1875000 1880600
V1 1875000 1880600 1564620 1880600
V1 1564620 1880600 1559820 1885400
Net7 5 
V1 3036400 1935200 3022000 1949600
V1 3022000 1949600 2700000 1949600
V1 2700000 1949600 1875000 1847000
V1 1875000 1847000 939350 1847000
V1 939350 1847000 934550 1842200
Net8 5 
V1 3114340 1935200 3099940 1920800
V1 3099940 1920800 2700000 1920800
V1 2700000 1920800 1875000 1827800
V1 1875000 1827800 1014770 1827800
V1 1014770 1827800 1000370 1842200
Net16 5 
V1 3893762 1935200 3864962 1964000
V1 3864962 1964000 2700000 1964000
V1 2700000 1964000 1875000 1851800
V1 1875000 1851800 878330 1851800
V1 878330 1851800 868730 1842200
Net17 5 
V1 2997430 1892000 2988790 1883360
V1 2988790 1883360 2700000 1883360
V1 2700000 1883360 1875000 1790360
V1 1875000 1790360 976100 1790360
V1 976100 1790360 967460 1799000
Net18 5 
V1 3075370 1892000 3060970 1906400
V1 3060970 1906400 2700000 1906400
V1 2700000 1906400 1875000 1813400
V1 1875000 1813400 1047677 1813400
V1 1047677 1813400 1033277 1799000
Net25 5 
V1 3854790 1892000 3837510 1874720
V1 3837510 1874720 2700000 1874720
V1 2700000 1874720 1875000 1781720
V1 1875000 1781720 853100 1781720
V1 853100 1781720 835820 1799000
Net26 5 
V1 3036400 1848800 3027760 1857440
V1 3027760 1857440 2700000 1857440
V1 2700000 1857440 1875000 1764440
V1 1875000 1764440 943190 1764440
V1 943190 1764440 934550 1755800
Net27 5 
V1 3114340 1848800 3099940 1834400
V1 3099940 1834400 2700000 1834400
V1 2700000 1834400 1875000 1741400
V1 1875000 1741400 1014770 1741400
V1 1014770 1741400 1000370 1755800
Net35 5 
V1 3893762 1848800 3876482 1866080
V1 3876482 1866080 2700000 1866080
V1 2700000 1866080 1875000 1773080
V1 1875000 1773080 886010 1773080
V1 886010 1773080 868730 1755800
Net36 5 
V1 2997430 1805600 2992630 1800800
V1 2992630 1800800 2700000 1800800
V1 2700000 1800800 1875000 1691000
V1 1875000 1691000 923240 1691000
V1 923240 1691000 901640 1712600
Net37 5 
V1 3075370 1805600 3060970 1820000
V1 3060970 1820000 2700000 1820000
V1 2700000 1820000 1875000 1727000
V1 1875000 1727000 1047677 1727000
V1 1047677 1727000 1033277 1712600
Net44 5 
V1 3114340 1762400 3109540 1757600
V1 3109540 1757600 2700000 1757600
V1 2700000 1757600 1875000 1631000
V1 1875000 1631000 972950 1631000
V1 972950 1631000 934550 1669400
Net45 5 
V1 3192280 1762400 3187480 1767200
V1 3187480 1767200 2700000 1767200
V1 2700000 1767200 1875000 1635800
V1 1875000 1635800 1033970 1635800
V1 1033970 1635800 1000370 1669400
Net46 5 
V1 3270227 1762400 3260627 1772000
V1 3260627 1772000 2700000 1772000
V1 2700000 1772000 1875000 1640600
V1 1875000 1640600 1094982 1640600
V1 1094982 1640600 1066182 1669400
Net47 5 
V1 3348170 1762400 3333770 1776800
V1 3333770 1776800 2700000 1776800
V1 2700000 1776800 1875000 1645400
V1 1875000 1645400 1156000 1645400
V1 1156000 1645400 1132000 1669400
Net48 5 
V1 3504050 1762400 3484850 1781600
V1 3484850 1781600 2700000 1781600
V1 2700000 1781600 1875000 1650200
V1 1875000 1650200 1282840 1650200
V1 1282840 1650200 1263640 1669400
Net49 5 
V1 3581997 1762400 3557997 1786400
V1 3557997 1786400 2700000 1786400
V1 2700000 1786400 1875000 1655000
V1 1875000 1655000 1409670 1655000
V1 1409670 1655000 1395270 1669400
Net50 5 
V1 3659940 1762400 3631140 1791200
V1 3631140 1791200 2700000 1791200
V1 2700000 1791200 1875000 1659800
V1 1875000 1659800 1536510 1659800
V1 1536510 1659800 1526910 1669400
Net51 5 
V1 3815820 1762400 3782220 1796000
V1 3782220 1796000 2700000 1796000
V1 2700000 1796000 1875000 1664600
V1 1875000 1664600 1597530 1664600
V1 1597530 1664600 1592730 1669400
Net52 5 
V1 2997430 1719200 2992630 1724000
V1 2992630 1724000 2700000 1724000
V1 2700000 1724000 1875000 1595960
V1 1875000 1595960 931880 1595960
V1 931880 1595960 901640 1626200
Net53 5 
V1 3075370 1719200 3065770 1728800
V1 3065770 1728800 2700000 1728800
V1 2700000 1728800 1875000 1600280
V1 1875000 1600280 993380 1600280
V1 993380 1600280 967460 1626200
Net54 5 
V1 3231252 1719200 3216852 1733600
V1 3216852 1733600 2700000 1733600
V1 2700000 1733600 1875000 1604600
V1 1875000 1604600 1120690 1604600
V1 1120690 1604600 1099090 1626200
Net57 5 
V1 3543020 1719200 3523820 1738400
V1 3523820 1738400 2700000 1738400
V1 2700000 1738400 1875000 1608920
V1 1875000 1608920 1379642 1608920
V1 1379642 1608920 1362362 1626200
Net58 5 
V1 3620970 1719200 3596970 1743200
V1 3596970 1743200 2700000 1743200
V1 2700000 1743200 1875000 1613240
V1 1875000 1613240 1441140 1613240
V1 1441140 1613240 1428180 1626200
Net59 5 
V1 3698910 1719200 3670110 1748000
V1 3670110 1748000 2700000 1748000
V1 2700000 1748000 1875000 1617560
V1 1875000 1617560 1502640 1617560
V1 1502640 1617560 1494000 1626200
Net60 5 
V1 3776850 1719200 3743250 1752800
V1 3743250 1752800 2700000 1752800
V1 2700000 1752800 1875000 1621880
V1 1875000 1621880 1564140 1621880
V1 1564140 1621880 1559820 1626200
Net62 5 
V1 3036400 1676000 3022000 1690400
V1 3022000 1690400 2700000 1690400
V1 2700000 1690400 1875000 1587320
V1 1875000 1587320 938870 1587320
V1 938870 1587320 934550 1583000
Net63 5 
V1 3192280 1676000 3177880 1661600
V1 3177880 1661600 2700000 1661600
V1 2700000 1661600 1875000 1568600
V1 1875000 1568600 1014770 1568600
V1 1014770 1568600 1000370 1583000
Net70 5 
V1 3893762 1676000 3864962 1704800
V1 3864962 1704800 2700000 1704800
V1 2700000 1704800 1875000 1591640
V1 1875000 1591640 877370 1591640
V1 877370 1591640 868730 1583000
Net71 5 
V1 2997430 1632800 2988790 1624160
V1 2988790 1624160 2700000 1624160
V1 2700000 1624160 1875000 1531160
V1 1875000 1531160 976100 1531160
V1 976100 1531160 967460 1539800
Net72 5 
V1 3075370 1632800 3060970 1647200
V1 3060970 1647200 2700000 1647200
V1 2700000 1647200 1875000 1554200
V1 1875000 1554200 1047677 1554200
V1 1047677 1554200 1033277 1539800
Net80 5 
V1 3854790 1632800 3837510 1615520
V1 3837510 1615520 2700000 1615520
V1 2700000 1615520 1875000 1522520
V1 1875000 1522520 853100 1522520
V1 853100 1522520 835820 1539800
Net81 5 
V1 3036400 1589600 3027760 1598240
V1 3027760 1598240 2700000 1598240
V1 2700000 1598240 1875000 1505240
V1 1875000 1505240 1074822 1505240
V1 1074822 1505240 1066182 1496600
Net87 5 
V1 3893762 1589600 3876482 1606880
V1 3876482 1606880 2700000 1606880
V1 2700000 1606880 1875000 1513880
V1 1875000 1513880 886010 1513880
V1 886010 1513880 868730 1496600
