Nets 40
Net0 5 
V1 2997430 1978400 2991257 1984572
V1 2991257 1984572 2700000 1984572
V1 2700000 1984572 1875000 1856600
V1 1875000 1856600 859427 1856600
V1 859427 1856600 830627 1885400
Net1 5 
V1 3153310 1978400 3140966 1990743
V1 3140966 1990743 2700000 1990743
V1 2700000 1990743 1875000 1861400
V1 1875000 1861400 1027830 1861400
V1 1027830 1861400 1003830 1885400
Net2 5 
V1 3231252 1978400 3212737 1996915
V1 3212737 1996915 2700000 1996915
V1 2700000 1996915 1875000 1866200
V1 1875000 1866200 1109630 1866200
V1 1109630 1866200 1090430 1885400
Net3 5 
V1 3387140 1978400 3362453 2003086
V1 3362453 2003086 2700000 2003086
V1 2700000 2003086 1875000 1871000
V1 1875000 1871000 1278040 1871000
V1 1278040 1871000 1263640 1885400
Net4 5 
V1 3465080 1978400 3434222 2009257
V1 3434222 2009257 2700000 2009257
V1 2700000 2009257 1875000 1875800
V1 1875000 1875800 1359840 1875800
V1 1359840 1875800 1350240 1885400
Net5 5 
V1 3620970 1978400 3583941 2015428
V1 3583941 2015428 2700000 2015428
V1 2700000 2015428 1875000 1880600
V1 1875000 1880600 1528247 1880600
V1 1528247 1880600 1523447 1885400
Net7 5 
V1 3036400 1935200 3022000 1949600
V1 3022000 1949600 2700000 1949600
V1 2700000 1949600 1875000 1847000
V1 1875000 1847000 705520 1847000
V1 705520 1847000 700720 1842200
Net8 5 
V1 3114340 1935200 3099940 1920800
V1 3099940 1920800 2700000 1920800
V1 2700000 1920800 1875000 1827800
V1 1875000 1827800 801722 1827800
V1 801722 1827800 787322 1842200
Net16 5 
V1 3893762 1935200 3864962 1964000
V1 3864962 1964000 2700000 1964000
V1 2700000 1964000 1875000 1851800
V1 1875000 1851800 623720 1851800
V1 623720 1851800 614120 1842200
Net17 5 
V1 2997430 1892000 2988790 1883360
V1 2988790 1883360 2700000 1883360
V1 2700000 1883360 1875000 1790360
V1 1875000 1790360 752660 1790360
V1 752660 1790360 744020 1799000
Net18 5 
V1 3075370 1892000 3060970 1906400
V1 3060970 1906400 2700000 1906400
V1 2700000 1906400 1875000 1813400
V1 1875000 1813400 845027 1813400
V1 845027 1813400 830627 1799000
Net25 5 
V1 3854790 1892000 3837510 1874720
V1 3837510 1874720 2700000 1874720
V1 2700000 1874720 1875000 1781720
V1 1875000 1781720 588100 1781720
V1 588100 1781720 570820 1799000
Net26 5 
V1 3036400 1848800 3027760 1857440
V1 3027760 1857440 2700000 1857440
V1 2700000 1857440 1875000 1764440
V1 1875000 1764440 709360 1764440
V1 709360 1764440 700720 1755800
Net27 5 
V1 3114340 1848800 3099940 1834400
V1 3099940 1834400 2700000 1834400
V1 2700000 1834400 1875000 1741400
V1 1875000 1741400 801722 1741400
V1 801722 1741400 787322 1755800
Net35 5 
V1 3893762 1848800 3876482 1866080
V1 3876482 1866080 2700000 1866080
V1 2700000 1866080 1875000 1773080
V1 1875000 1773080 631400 1773080
V1 631400 1773080 614120 1755800
Net36 5 
V1 2997430 1805600 2992630 1800800
V1 2992630 1800800 2700000 1800800
V1 2700000 1800800 1875000 1691000
V1 1875000 1691000 679020 1691000
V1 679020 1691000 657420 1712600
Net37 5 
V1 3075370 1805600 3060970 1820000
V1 3060970 1820000 2700000 1820000
V1 2700000 1820000 1875000 1727000
V1 1875000 1727000 845027 1727000
V1 845027 1727000 830627 1712600
Net44 5 
V1 3114340 1762400 3109540 1757600
V1 3109540 1757600 2700000 1757600
V1 2700000 1757600 1875000 1631000
V1 1875000 1631000 739120 1631000
V1 739120 1631000 700720 1669400
Net45 5 
V1 3192280 1762400 3187480 1767200
V1 3187480 1767200 2700000 1767200
V1 2700000 1767200 1875000 1635800
V1 1875000 1635800 820922 1635800
V1 820922 1635800 787322 1669400
Net46 5 
V1 3270227 1762400 3260627 1772000
V1 3260627 1772000 2700000 1772000
V1 2700000 1772000 1875000 1640600
V1 1875000 1640600 902730 1640600
V1 902730 1640600 873930 1669400
Net47 5 
V1 3348170 1762400 3333770 1776800
V1 3333770 1776800 2700000 1776800
V1 2700000 1776800 1875000 1645400
V1 1875000 1645400 984530 1645400
V1 984530 1645400 960530 1669400
Net48 5 
V1 3504050 1762400 3484850 1781600
V1 3484850 1781600 2700000 1781600
V1 2700000 1781600 1875000 1650200
V1 1875000 1650200 1152932 1650200
V1 1152932 1650200 1133732 1669400
Net49 5 
V1 3581997 1762400 3557997 1786400
V1 3557997 1786400 2700000 1786400
V1 2700000 1786400 1875000 1655000
V1 1875000 1655000 1321340 1655000
V1 1321340 1655000 1306940 1669400
Net50 5 
V1 3659940 1762400 3631140 1791200
V1 3631140 1791200 2700000 1791200
V1 2700000 1791200 1875000 1659800
V1 1875000 1659800 1489742 1659800
V1 1489742 1659800 1480142 1669400
Net51 5 
V1 3815820 1762400 3782220 1796000
V1 3782220 1796000 2700000 1796000
V1 2700000 1796000 1875000 1664600
V1 1875000 1664600 1571550 1664600
V1 1571550 1664600 1566750 1669400
Net52 5 
V1 2997430 1719200 2992630 1724000
V1 2992630 1724000 2700000 1724000
V1 2700000 1724000 1875000 1595960
V1 1875000 1595960 687660 1595960
V1 687660 1595960 657420 1626200
Net53 5 
V1 3075370 1719200 3065770 1728800
V1 3065770 1728800 2700000 1728800
V1 2700000 1728800 1875000 1600280
V1 1875000 1600280 769940 1600280
V1 769940 1600280 744020 1626200
Net54 5 
V1 3231252 1719200 3216852 1733600
V1 3216852 1733600 2700000 1733600
V1 2700000 1733600 1875000 1604600
V1 1875000 1604600 938830 1604600
V1 938830 1604600 917230 1626200
Net57 5 
V1 3543020 1719200 3523820 1738400
V1 3523820 1738400 2700000 1738400
V1 2700000 1738400 1875000 1608920
V1 1875000 1608920 1280920 1608920
V1 1280920 1608920 1263640 1626200
Net58 5 
V1 3620970 1719200 3596970 1743200
V1 3596970 1743200 2700000 1743200
V1 2700000 1743200 1875000 1613240
V1 1875000 1613240 1363200 1613240
V1 1363200 1613240 1350240 1626200
Net59 5 
V1 3698910 1719200 3670110 1748000
V1 3670110 1748000 2700000 1748000
V1 2700000 1748000 1875000 1617560
V1 1875000 1617560 1445480 1617560
V1 1445480 1617560 1436840 1626200
Net60 5 
V1 3776850 1719200 3743250 1752800
V1 3743250 1752800 2700000 1752800
V1 2700000 1752800 1875000 1621880
V1 1875000 1621880 1527767 1621880
V1 1527767 1621880 1523447 1626200
Net62 5 
V1 3036400 1676000 3022000 1690400
V1 3022000 1690400 2700000 1690400
V1 2700000 1690400 1875000 1587320
V1 1875000 1587320 705040 1587320
V1 705040 1587320 700720 1583000
Net63 5 
V1 3192280 1676000 3177880 1661600
V1 3177880 1661600 2700000 1661600
V1 2700000 1661600 1875000 1568600
V1 1875000 1568600 801722 1568600
V1 801722 1568600 787322 1583000
Net70 5 
V1 3893762 1676000 3864962 1704800
V1 3864962 1704800 2700000 1704800
V1 2700000 1704800 1875000 1591640
V1 1875000 1591640 622760 1591640
V1 622760 1591640 614120 1583000
Net71 5 
V1 2997430 1632800 2988790 1624160
V1 2988790 1624160 2700000 1624160
V1 2700000 1624160 1875000 1531160
V1 1875000 1531160 752660 1531160
V1 752660 1531160 744020 1539800
Net72 5 
V1 3075370 1632800 3060970 1647200
V1 3060970 1647200 2700000 1647200
V1 2700000 1647200 1875000 1554200
V1 1875000 1554200 845027 1554200
V1 845027 1554200 830627 1539800
Net80 5 
V1 3854790 1632800 3837510 1615520
V1 3837510 1615520 2700000 1615520
V1 2700000 1615520 1875000 1522520
V1 1875000 1522520 588100 1522520
V1 588100 1522520 570820 1539800
Net81 5 
V1 3036400 1589600 3027760 1598240
V1 3027760 1598240 2700000 1598240
V1 2700000 1598240 1875000 1505240
V1 1875000 1505240 882570 1505240
V1 882570 1505240 873930 1496600
Net87 5 
V1 3893762 1589600 3876482 1606880
V1 3876482 1606880 2700000 1606880
V1 2700000 1606880 1875000 1513880
V1 1875000 1513880 631400 1513880
V1 631400 1513880 614120 1496600
