Nets 66
Net0 5 
V1 2954130 1987040 2948946 1992224
V1 2948946 1992224 2700000 1992224
V1 2700000 1992224 1875000 1859480
V1 1875000 1859480 1400000 1859480
V1 1400000 1859480 1382720 1876760
Net1 5 
V1 3040730 1987040 3030362 1997408
V1 3030362 1997408 2700000 1997408
V1 2700000 1997408 1875000 1863800
V1 1875000 1863800 1482280 1863800
V1 1482280 1863800 1469320 1876760
Net2 5 
V1 3127330 1987040 3111778 2002592
V1 3111778 2002592 2700000 2002592
V1 2700000 2002592 1875000 1868120
V1 1875000 1868120 1564560 1868120
V1 1564560 1868120 1555920 1876760
Net3 5 
V1 3170630 1987040 3149894 2007776
V1 3149894 2007776 2700000 2007776
V1 2700000 2007776 1875000 1872440
V1 1875000 1872440 1603540 1872440
V1 1603540 1872440 1599220 1876760
Net6 5 
V1 3062380 1961120 3058060 1965440
V1 3058060 1965440 2700000 1965440
V1 2700000 1965440 1875000 1833560
V1 1875000 1833560 1508250 1833560
V1 1508250 1833560 1490970 1850840
Net7 5 
V1 3105680 1961120 3097040 1969760
V1 3097040 1969760 2700000 1969760
V1 2700000 1969760 1875000 1837880
V1 1875000 1837880 1547230 1837880
V1 1547230 1837880 1534270 1850840
Net8 5 
V1 3148980 1961120 3136020 1974080
V1 3136020 1974080 2700000 1974080
V1 2700000 1974080 1875000 1842200
V1 1875000 1842200 1586210 1842200
V1 1586210 1842200 1577570 1850840
Net9 5 
V1 3192280 1961120 3175000 1978400
V1 3175000 1978400 2700000 1978400
V1 2700000 1978400 1875000 1846520
V1 1875000 1846520 1625190 1846520
V1 1625190 1846520 1620870 1850840
Net10 5 
V1 3235582 1961120 3213982 1982720
V1 3213982 1982720 2700000 1982720
V1 2700000 1982720 1875000 1855160
V1 1875000 1855160 1361017 1855160
V1 1361017 1855160 1339417 1876760
Net11 5 
V1 2954130 1935200 2949810 1939520
V1 2949810 1939520 2700000 1939520
V1 2700000 1939520 1875000 1807640
V1 1875000 1807640 1400000 1807640
V1 1400000 1807640 1382720 1824920
Net12 5 
V1 2997430 1935200 2988790 1943840
V1 2988790 1943840 2700000 1943840
V1 2700000 1943840 1875000 1811960
V1 1875000 1811960 1438980 1811960
V1 1438980 1811960 1426020 1824920
Net13 5 
V1 3084030 1935200 3071070 1948160
V1 3071070 1948160 2700000 1948160
V1 2700000 1948160 1875000 1816280
V1 1875000 1816280 1521260 1816280
V1 1521260 1816280 1512620 1824920
Net14 5 
V1 3127330 1935200 3110050 1952480
V1 3110050 1952480 2700000 1952480
V1 2700000 1952480 1875000 1820600
V1 1875000 1820600 1560240 1820600
V1 1560240 1820600 1555920 1824920
Net15 5 
V1 3213932 1935200 3192332 1956800
V1 3192332 1956800 2700000 1956800
V1 2700000 1956800 1875000 1829240
V1 1875000 1829240 1603540 1829240
V1 1603540 1829240 1599220 1824920
Net18 5 
V1 3062380 1909280 3053740 1900640
V1 3053740 1900640 2700000 1900640
V1 2700000 1900640 1875000 1779560
V1 1875000 1779560 1510410 1779560
V1 1510410 1779560 1490970 1799000
Net19 5 
V1 3148980 1909280 3142500 1915760
V1 3142500 1915760 2700000 1915760
V1 2700000 1915760 1875000 1786040
V1 1875000 1786040 1547230 1786040
V1 1547230 1786040 1534270 1799000
Net20 5 
V1 3192280 1909280 3179320 1922240
V1 3179320 1922240 2700000 1922240
V1 2700000 1922240 1875000 1792520
V1 1875000 1792520 1627350 1792520
V1 1627350 1792520 1620870 1799000
Net21 5 
V1 3235582 1909280 3216142 1928720
V1 3216142 1928720 2700000 1928720
V1 2700000 1928720 1875000 1803320
V1 1875000 1803320 1361017 1803320
V1 1361017 1803320 1339417 1824920
Net22 5 
V1 2954130 1883360 2945490 1892000
V1 2945490 1892000 2700000 1892000
V1 2700000 1892000 1875000 1764440
V1 1875000 1764440 1391360 1764440
V1 1391360 1764440 1382720 1773080
Net27 5 
V1 2975780 1857440 2971460 1861760
V1 2971460 1861760 2700000 1861760
V1 2700000 1861760 1875000 1726424
V1 1875000 1726424 1425106 1726424
V1 1425106 1726424 1404370 1747160
Net28 5 
V1 3019080 1857440 3010440 1866080
V1 3010440 1866080 2700000 1866080
V1 2700000 1866080 1875000 1731608
V1 1875000 1731608 1463222 1731608
V1 1463222 1731608 1447670 1747160
Net29 5 
V1 3062380 1857440 3049420 1870400
V1 3049420 1870400 2700000 1870400
V1 2700000 1870400 1875000 1736792
V1 1875000 1736792 1501338 1736792
V1 1501338 1736792 1490970 1747160
Net31 5 
V1 3192280 1857440 3175000 1874720
V1 3175000 1874720 2700000 1874720
V1 2700000 1874720 1875000 1741976
V1 1875000 1741976 1626054 1741976
V1 1626054 1741976 1620870 1747160
Net32 5 
V1 3235582 1857440 3213982 1879040
V1 3213982 1879040 2700000 1879040
V1 2700000 1879040 1875000 1755800
V1 1875000 1755800 1356697 1755800
V1 1356697 1755800 1339417 1773080
Net33 5 
V1 2954130 1831520 2948946 1836704
V1 2948946 1836704 2700000 1836704
V1 2700000 1836704 1875000 1703960
V1 1875000 1703960 1400000 1703960
V1 1400000 1703960 1382720 1721240
Net35 5 
V1 3040730 1831520 3030362 1841888
V1 3030362 1841888 2700000 1841888
V1 2700000 1841888 1875000 1708280
V1 1875000 1708280 1482280 1708280
V1 1482280 1708280 1469320 1721240
Net36 5 
V1 3084030 1831520 3068478 1847072
V1 3068478 1847072 2700000 1847072
V1 2700000 1847072 1875000 1712600
V1 1875000 1712600 1521260 1712600
V1 1521260 1712600 1512620 1721240
Net38 5 
V1 3170630 1831520 3149894 1852256
V1 3149894 1852256 2700000 1852256
V1 2700000 1852256 1875000 1716920
V1 1875000 1716920 1603540 1716920
V1 1603540 1716920 1599220 1721240
Net39 5 
V1 2975780 1805600 2971460 1809920
V1 2971460 1809920 2700000 1809920
V1 2700000 1809920 1875000 1674584
V1 1875000 1674584 1425106 1674584
V1 1425106 1674584 1404370 1695320
Net40 5 
V1 3062380 1805600 3053740 1814240
V1 3053740 1814240 2700000 1814240
V1 2700000 1814240 1875000 1679768
V1 1875000 1679768 1506522 1679768
V1 1506522 1679768 1490970 1695320
Net41 5 
V1 3105680 1805600 3092720 1818560
V1 3092720 1818560 2700000 1818560
V1 2700000 1818560 1875000 1684952
V1 1875000 1684952 1544638 1684952
V1 1544638 1684952 1534270 1695320
Net42 5 
V1 3192280 1805600 3175000 1822880
V1 3175000 1822880 2700000 1822880
V1 2700000 1822880 1875000 1690136
V1 1875000 1690136 1626054 1690136
V1 1626054 1690136 1620870 1695320
Net43 5 
V1 3235582 1805600 3213982 1827200
V1 3213982 1827200 2700000 1827200
V1 2700000 1827200 1875000 1699640
V1 1875000 1699640 1361017 1699640
V1 1361017 1699640 1339417 1721240
Net45 5 
V1 3040730 1779680 3034250 1786160
V1 3034250 1786160 2700000 1786160
V1 2700000 1786160 1875000 1653848
V1 1875000 1653848 1484872 1653848
V1 1484872 1653848 1469320 1669400
Net46 5 
V1 3084030 1779680 3071070 1792640
V1 3071070 1792640 2700000 1792640
V1 2700000 1792640 1875000 1659032
V1 1875000 1659032 1522988 1659032
V1 1522988 1659032 1512620 1669400
Net47 5 
V1 3170630 1779680 3151190 1799120
V1 3151190 1799120 2700000 1799120
V1 2700000 1799120 1875000 1664216
V1 1875000 1664216 1604404 1664216
V1 1604404 1664216 1599220 1669400
Net49 5 
V1 3019080 1753760 3014760 1758080
V1 3014760 1758080 2700000 1758080
V1 2700000 1758080 1875000 1622744
V1 1875000 1622744 1468406 1622744
V1 1468406 1622744 1447670 1643480
Net50 5 
V1 3062380 1753760 3053740 1762400
V1 3053740 1762400 2700000 1762400
V1 2700000 1762400 1875000 1627928
V1 1875000 1627928 1506522 1627928
V1 1506522 1627928 1490970 1643480
Net52 5 
V1 3148980 1753760 3136020 1766720
V1 3136020 1766720 2700000 1766720
V1 2700000 1766720 1875000 1633112
V1 1875000 1633112 1587938 1633112
V1 1587938 1633112 1577570 1643480
Net53 5 
V1 3192280 1753760 3175000 1771040
V1 3175000 1771040 2700000 1771040
V1 2700000 1771040 1875000 1638296
V1 1875000 1638296 1626054 1638296
V1 1626054 1638296 1620870 1643480
Net54 5 
V1 3235582 1753760 3213982 1775360
V1 3213982 1775360 2700000 1775360
V1 2700000 1775360 1875000 1648664
V1 1875000 1648664 1360153 1648664
V1 1360153 1648664 1339417 1669400
Net55 5 
V1 2954130 1727840 2947650 1734320
V1 2947650 1734320 2700000 1734320
V1 2700000 1734320 1875000 1602008
V1 1875000 1602008 1398272 1602008
V1 1398272 1602008 1382720 1617560
Net56 5 
V1 2997430 1727840 2984470 1740800
V1 2984470 1740800 2700000 1740800
V1 2700000 1740800 1875000 1607192
V1 1875000 1607192 1436388 1607192
V1 1436388 1607192 1426020 1617560
Net57 5 
V1 3084030 1727840 3064590 1747280
V1 3064590 1747280 2700000 1747280
V1 2700000 1747280 1875000 1612376
V1 1875000 1612376 1517804 1612376
V1 1517804 1612376 1512620 1617560
Net60 5 
V1 2975780 1701920 2971460 1706240
V1 2971460 1706240 2700000 1706240
V1 2700000 1706240 1875000 1570904
V1 1875000 1570904 1425106 1570904
V1 1425106 1570904 1404370 1591640
Net62 5 
V1 3062380 1701920 3053740 1710560
V1 3053740 1710560 2700000 1710560
V1 2700000 1710560 1875000 1576088
V1 1875000 1576088 1506522 1576088
V1 1506522 1576088 1490970 1591640
Net63 5 
V1 3105680 1701920 3092720 1714880
V1 3092720 1714880 2700000 1714880
V1 2700000 1714880 1875000 1581272
V1 1875000 1581272 1544638 1581272
V1 1544638 1581272 1534270 1591640
Net64 5 
V1 3192280 1701920 3175000 1719200
V1 3175000 1719200 2700000 1719200
V1 2700000 1719200 1875000 1586456
V1 1875000 1586456 1626054 1586456
V1 1626054 1586456 1620870 1591640
Net65 5 
V1 3235582 1701920 3213982 1723520
V1 3213982 1723520 2700000 1723520
V1 2700000 1723520 1875000 1596824
V1 1875000 1596824 1360153 1596824
V1 1360153 1596824 1339417 1617560
Net66 5 
V1 2954130 1676000 2948946 1681184
V1 2948946 1681184 2700000 1681184
V1 2700000 1681184 1875000 1548440
V1 1875000 1548440 1400000 1548440
V1 1400000 1548440 1382720 1565720
Net67 5 
V1 3040730 1676000 3030362 1686368
V1 3030362 1686368 2700000 1686368
V1 2700000 1686368 1875000 1552760
V1 1875000 1552760 1438980 1552760
V1 1438980 1552760 1426020 1565720
Net69 5 
V1 3127330 1676000 3111778 1691552
V1 3111778 1691552 2700000 1691552
V1 2700000 1691552 1875000 1557080
V1 1875000 1557080 1564560 1557080
V1 1564560 1557080 1555920 1565720
Net70 5 
V1 3170630 1676000 3149894 1696736
V1 3149894 1696736 2700000 1696736
V1 2700000 1696736 1875000 1561400
V1 1875000 1561400 1603540 1561400
V1 1603540 1561400 1599220 1565720
Net73 5 
V1 3062380 1650080 3057196 1655264
V1 3057196 1655264 2700000 1655264
V1 2700000 1655264 1875000 1520360
V1 1875000 1520360 1510410 1520360
V1 1510410 1520360 1490970 1539800
Net74 5 
V1 3148980 1650080 3138612 1660448
V1 3138612 1660448 2700000 1660448
V1 2700000 1660448 1875000 1526840
V1 1875000 1526840 1590530 1526840
V1 1590530 1526840 1577570 1539800
Net75 5 
V1 3192280 1650080 3176728 1665632
V1 3176728 1665632 2700000 1665632
V1 2700000 1665632 1875000 1533320
V1 1875000 1533320 1627350 1533320
V1 1627350 1533320 1620870 1539800
Net76 5 
V1 3235582 1650080 3214846 1670816
V1 3214846 1670816 2700000 1670816
V1 2700000 1670816 1875000 1544120
V1 1875000 1544120 1361017 1544120
V1 1361017 1544120 1339417 1565720
Net77 5 
V1 2954130 1624160 2948946 1629344
V1 2948946 1629344 2700000 1629344
V1 2700000 1629344 1875000 1496600
V1 1875000 1496600 1400000 1496600
V1 1400000 1496600 1382720 1513880
Net79 5 
V1 3040730 1624160 3030362 1634528
V1 3030362 1634528 2700000 1634528
V1 2700000 1634528 1875000 1500920
V1 1875000 1500920 1482280 1500920
V1 1482280 1500920 1469320 1513880
Net80 5 
V1 3084030 1624160 3068478 1639712
V1 3068478 1639712 2700000 1639712
V1 2700000 1639712 1875000 1505240
V1 1875000 1505240 1521260 1505240
V1 1521260 1505240 1512620 1513880
Net82 5 
V1 3170630 1624160 3149894 1644896
V1 3149894 1644896 2700000 1644896
V1 2700000 1644896 1875000 1509560
V1 1875000 1509560 1603540 1509560
V1 1603540 1509560 1599220 1513880
Net83 5 
V1 2975780 1598240 2971460 1602560
V1 2971460 1602560 2700000 1602560
V1 2700000 1602560 1875000 1467224
V1 1875000 1467224 1425106 1467224
V1 1425106 1467224 1404370 1487960
Net84 5 
V1 3019080 1598240 3010440 1606880
V1 3010440 1606880 2700000 1606880
V1 2700000 1606880 1875000 1472408
V1 1875000 1472408 1463222 1472408
V1 1463222 1472408 1447670 1487960
Net85 5 
V1 3105680 1598240 3092720 1611200
V1 3092720 1611200 2700000 1611200
V1 2700000 1611200 1875000 1477592
V1 1875000 1477592 1544638 1477592
V1 1544638 1477592 1534270 1487960
Net86 5 
V1 3192280 1598240 3175000 1615520
V1 3175000 1615520 2700000 1615520
V1 2700000 1615520 1875000 1482776
V1 1875000 1482776 1626054 1482776
V1 1626054 1482776 1620870 1487960
Net87 5 
V1 3235582 1598240 3213982 1619840
V1 3213982 1619840 2700000 1619840
V1 2700000 1619840 1875000 1492280
V1 1875000 1492280 1361017 1492280
V1 1361017 1492280 1339417 1513880
