Nets 32
Net0 5 
V1 2980110 1987040 2974926 1992224
V1 2974926 1992224 2700000 1992224
V1 2700000 1992224 1875000 1854544
V1 1875000 1854544 449796 1854544
V1 449796 1854544 412770 1891570
Net1 5 
V1 3108280 1987040 3097912 1997408
V1 3097912 1997408 2700000 1997408
V1 2700000 1997408 1875000 1863801
V1 1875000 1863801 624136 1863801
V1 624136 1863801 596367 1891570
Net2 5 
V1 3236450 1987040 3220898 2002592
V1 3220898 2002592 2700000 2002592
V1 2700000 2002592 1875000 1873058
V1 1875000 1873058 706674 1873058
V1 706674 1873058 688162 1891570
Net3 5 
V1 3300540 1987040 3279804 2007776
V1 3279804 2007776 2700000 2007776
V1 2700000 2007776 1875000 1882315
V1 1875000 1882315 881015 1882315
V1 881015 1882315 871760 1891570
Net4 5 
V1 3012150 1961120 3006966 1966304
V1 3006966 1966304 2700000 1966304
V1 2700000 1966304 1875000 1802704
V1 1875000 1802704 583793 1802704
V1 583793 1802704 550467 1836030
Net5 5 
V1 3076240 1961120 3065872 1971488
V1 3065872 1971488 2700000 1971488
V1 2700000 1971488 1875000 1813813
V1 1875000 1813813 664479 1813813
V1 664479 1813813 642262 1836030
Net6 5 
V1 3140320 1961120 3124768 1976672
V1 3124768 1976672 2700000 1976672
V1 2700000 1976672 1875000 1824921
V1 1875000 1824921 745168 1824921
V1 745168 1824921 734060 1836030
Net7 5 
V1 3204410 1961120 3183674 1981856
V1 3183674 1981856 2700000 1981856
V1 2700000 1981856 1875000 1845287
V1 1875000 1845287 835117 1845287
V1 835117 1845287 825860 1836030
Net11 5 
V1 2980110 1935200 2973630 1928720
V1 2973630 1928720 2700000 1928720
V1 2700000 1928720 1875000 1791596
V1 1875000 1791596 411304 1791596
V1 411304 1791596 366870 1836030
Net17 5 
V1 3076240 1909280 3069760 1915760
V1 3069760 1915760 2700000 1915760
V1 2700000 1915760 1875000 1761968
V1 1875000 1761968 523089 1761968
V1 523089 1761968 504570 1780487
Net18 5 
V1 3140320 1909280 3127360 1922240
V1 3127360 1922240 2700000 1922240
V1 2700000 1922240 1875000 1771225
V1 1875000 1771225 697425 1771225
V1 697425 1771225 688162 1780487
Net33 5 
V1 2980110 1831520 2967150 1844480
V1 2967150 1844480 2700000 1844480
V1 2700000 1844480 1875000 1752711
V1 1875000 1752711 394641 1752711
V1 394641 1752711 366870 1724940
Net36 5 
V1 3172362 1831520 3168042 1827200
V1 3168042 1827200 2700000 1827200
V1 2700000 1827200 1875000 1743454
V1 1875000 1743454 1211574 1743454
V1 1211574 1743454 1193060 1724940
Net37 5 
V1 3236450 1831520 3227810 1822880
V1 3227810 1822880 2700000 1822880
V1 2700000 1822880 1875000 1734197
V1 1875000 1734197 1385909 1734197
V1 1385909 1734197 1376652 1724940
Net38 5 
V1 3300540 1831520 3287580 1818560
V1 3287580 1818560 2700000 1818560
V1 2700000 1818560 1875000 1713834
V1 1875000 1713834 1479556 1713834
V1 1479556 1713834 1468450 1724940
Net40 5 
V1 3140320 1805600 3135136 1800416
V1 3135136 1800416 2700000 1800416
V1 2700000 1800416 1875000 1680508
V1 1875000 1680508 870291 1680508
V1 870291 1680508 825860 1724940
Net41 5 
V1 3204410 1805600 3200090 1809920
V1 3200090 1809920 2700000 1809920
V1 2700000 1809920 1875000 1691617
V1 1875000 1691617 950983 1691617
V1 950983 1691617 917660 1724940
Net42 5 
V1 3332580 1805600 3323940 1814240
V1 3323940 1814240 2700000 1814240
V1 2700000 1814240 1875000 1702725
V1 1875000 1702725 1123474 1702725
V1 1123474 1702725 1101260 1724940
Net45 5 
V1 3108280 1779680 3103096 1784864
V1 3103096 1784864 2700000 1784864
V1 2700000 1784864 1875000 1648573
V1 1875000 1648573 984386 1648573
V1 984386 1648573 963560 1669400
Net46 5 
V1 3172362 1779680 3161994 1790048
V1 3161994 1790048 2700000 1790048
V1 2700000 1790048 1875000 1655516
V1 1875000 1655516 1069243 1655516
V1 1069243 1655516 1055360 1669400
Net47 5 
V1 3300540 1779680 3284988 1795232
V1 3284988 1795232 2700000 1795232
V1 2700000 1795232 1875000 1662459
V1 1875000 1662459 1337693 1662459
V1 1337693 1662459 1330752 1669400
Net48 5 
V1 3012150 1753760 3005670 1760240
V1 3005670 1760240 2700000 1760240
V1 2700000 1760240 1875000 1627745
V1 1875000 1627745 454424 1627745
V1 454424 1627745 412770 1669400
Net49 5 
V1 3076240 1753760 3063280 1766720
V1 3063280 1766720 2700000 1766720
V1 2700000 1766720 1875000 1634688
V1 1875000 1634688 539281 1634688
V1 539281 1634688 504570 1669400
Net50 5 
V1 3140320 1753760 3120880 1773200
V1 3120880 1773200 2700000 1773200
V1 2700000 1773200 1875000 1641631
V1 1875000 1641631 715931 1641631
V1 715931 1641631 688162 1669400
Net56 5 
V1 3044190 1727840 3039006 1733024
V1 3039006 1733024 2700000 1733024
V1 2700000 1733024 1875000 1580529
V1 1875000 1580529 400200 1580529
V1 400200 1580529 366870 1613860
Net57 5 
V1 3172362 1727840 3161994 1738208
V1 3161994 1738208 2700000 1738208
V1 2700000 1738208 1875000 1591638
V1 1875000 1591638 572689 1591638
V1 572689 1591638 550467 1613860
Net58 5 
V1 3236450 1727840 3220898 1743392
V1 3220898 1743392 2700000 1743392
V1 2700000 1743392 1875000 1602746
V1 1875000 1602746 1112373 1602746
V1 1112373 1602746 1101260 1613860
Net59 5 
V1 3300540 1727840 3279804 1748576
V1 3279804 1748576 2700000 1748576
V1 2700000 1748576 1875000 1620802
V1 1875000 1620802 924602 1620802
V1 924602 1620802 917660 1613860
Net60 5 
V1 3012150 1701920 2999190 1714880
V1 2999190 1714880 2700000 1714880
V1 2700000 1714880 1875000 1569421
V1 1875000 1569421 515678 1569421
V1 515678 1569421 504570 1558312
Net72 5 
V1 3076240 1650080 3069760 1656560
V1 3069760 1656560 2700000 1656560
V1 2700000 1656560 1875000 1465741
V1 1875000 1465741 495698 1465741
V1 495698 1465741 458670 1502770
Net73 5 
V1 3140320 1650080 3127360 1663040
V1 3127360 1663040 2700000 1663040
V1 2700000 1663040 1875000 1484255
V1 1875000 1484255 568982 1484255
V1 568982 1484255 550467 1502770
Net74 5 
V1 3268490 1650080 3249050 1669520
V1 3249050 1669520 2700000 1669520
V1 2700000 1669520 1875000 1530541
V1 1875000 1530541 1450321 1530541
V1 1450321 1530541 1422550 1558312
