Nets 22
Net12 5 
V2 4552500 1541687 4543242 1550945
V2 4543242 1550945 3900000 1550945
V2 3900000 1550945 1875000 1830104
V2 1875000 1830104 1360153 1830104
V2 1360153 1830104 1339417 1850840
Net13 5 
V2 4647760 1541687 4629245 1560202
V2 4629245 1560202 3900000 1560202
V2 3900000 1560202 1875000 1835288
V2 1875000 1835288 1408662 1835288
V2 1408662 1835288 1393110 1850840
Net14 5 
V2 4743020 1541687 4715248 1569459
V2 4715248 1569459 3900000 1569459
V2 3900000 1569459 1875000 1840472
V2 1875000 1840472 1457168 1840472
V2 1457168 1840472 1446800 1850840
Net15 5 
V2 4838290 1541687 4801261 1578716
V2 4801261 1578716 3900000 1578716
V2 3900000 1578716 1875000 1845656
V2 1875000 1845656 1505681 1845656
V2 1505681 1845656 1500497 1850840
Net19 5 
V2 5219340 1541687 5208231 1530579
V2 5208231 1530579 3900000 1530579
V2 3900000 1530579 1875000 1793816
V2 1875000 1793816 1613064 1793816
V2 1613064 1793816 1607880 1799000
Net22 5 
V2 5505130 1541687 5458844 1587973
V2 5458844 1587973 3900000 1587973
V2 3900000 1587973 1875000 1863800
V2 1875000 1863800 1271832 1863800
V2 1271832 1863800 1258872 1876760
Net23 5 
V2 4314340 1486140 4303226 1497253
V2 4303226 1497253 3900000 1497253
V2 3900000 1497253 1875000 1778264
V2 1875000 1778264 1360153 1778264
V2 1360153 1778264 1339417 1799000
Net24 5 
V2 4409602 1486140 4387380 1508362
V2 4387380 1508362 3900000 1508362
V2 3900000 1508362 1875000 1783448
V2 1875000 1783448 1408662 1783448
V2 1408662 1783448 1393110 1799000
Net25 5 
V2 4504870 1486140 4471539 1519470
V2 4471539 1519470 3900000 1519470
V2 3900000 1519470 1875000 1788632
V2 1875000 1788632 1457168 1788632
V2 1457168 1788632 1446800 1799000
Net28 5 
V2 4885920 1486140 4867406 1467626
V2 4867406 1467626 3900000 1467626
V2 3900000 1467626 1875000 1760120
V2 1875000 1760120 1352377 1760120
V2 1352377 1760120 1339417 1747160
Net36 5 
V2 4552500 1430600 4533988 1449112
V2 4533988 1449112 3900000 1449112
V2 3900000 1449112 1875000 1708280
V2 1875000 1708280 1432917 1708280
V2 1432917 1708280 1419957 1721240
Net58 5 
V2 4838290 1319512 4824399 1333403
V2 4824399 1333403 3900000 1333403
V2 3900000 1333403 1875000 1612376
V2 1875000 1612376 1586224 1612376
V2 1586224 1612376 1581040 1617560
Net60 5 
V2 5028810 1319512 5001033 1347289
V2 5001033 1347289 3900000 1347289
V2 3900000 1347289 1875000 1652120
V2 1875000 1652120 1562830 1652120
V2 1562830 1652120 1554190 1643480
Net64 5 
V2 5505130 1319512 5463468 1361174
V2 5463468 1361174 3900000 1361174
V2 3900000 1361174 1875000 1660760
V2 1875000 1660760 1267512 1660760
V2 1267512 1660760 1258872 1669400
Net65 5 
V2 4219080 1263970 4191308 1291741
V2 4191308 1291741 3900000 1291741
V2 3900000 1291741 1875000 1607192
V2 1875000 1607192 1322938 1607192
V2 1322938 1607192 1312570 1617560
Net66 5 
V2 4314340 1263970 4307397 1257027
V2 4307397 1257027 3900000 1257027
V2 3900000 1257027 1875000 1602008
V2 1875000 1602008 1349785 1602008
V2 1349785 1602008 1339417 1591640
Net68 5 
V2 4504870 1263970 4490984 1250084
V2 4490984 1250084 3900000 1250084
V2 3900000 1250084 1875000 1596824
V2 1875000 1596824 1398294 1596824
V2 1398294 1596824 1393110 1591640
Net69 5 
V2 4600130 1263970 4579301 1243141
V2 4579301 1243141 3900000 1243141
V2 3900000 1243141 1875000 1578680
V2 1875000 1578680 1459760 1578680
V2 1459760 1578680 1446800 1591640
Net78 5 
V2 4266710 1208430 4259769 1215370
V2 4259769 1215370 3900000 1215370
V2 3900000 1215370 1875000 1520360
V2 1875000 1520360 1305160 1520360
V2 1305160 1520360 1285720 1539800
Net79 5 
V2 4361970 1208430 4348086 1222313
V2 4348086 1222313 3900000 1222313
V2 3900000 1222313 1875000 1526840
V2 1875000 1526840 1406070 1526840
V2 1406070 1526840 1393110 1539800
Net80 5 
V2 4552500 1208430 4531673 1229256
V2 4531673 1229256 3900000 1229256
V2 3900000 1229256 1875000 1533320
V2 1875000 1533320 1453280 1533320
V2 1453280 1533320 1446800 1539800
Net87 5 
V2 5505130 1208430 5477361 1236199
V2 5477361 1236199 3900000 1236199
V2 3900000 1236199 1875000 1552760
V2 1875000 1552760 1271832 1552760
V2 1271832 1552760 1258872 1565720
