Nets 20
Net5 5 
V2 3620970 1978400 3599370 2000000
V2 3599370 2000000 2700000 2000000
V2 2700000 2000000 1875000 1837880
V2 1875000 1837880 1620840 1837880
V2 1620840 1837880 1607880 1850840
Net13 5 
V2 3581997 1935200 3560397 1956800
V2 3560397 1956800 2700000 1956800
V2 2700000 1956800 1875000 1811960
V2 1875000 1811960 1486610 1811960
V2 1486610 1811960 1473650 1824920
Net23 5 
V2 3698910 1892000 3677310 1913600
V2 3677310 1913600 2700000 1913600
V2 2700000 1913600 1875000 1786040
V2 1875000 1786040 1620840 1786040
V2 1620840 1786040 1607880 1799000
Net31 5 
V2 3504050 1848800 3482450 1870400
V2 3482450 1870400 2700000 1870400
V2 2700000 1870400 1875000 1760120
V2 1875000 1760120 1432917 1760120
V2 1432917 1760120 1419957 1773080
Net32 5 
V2 3581997 1848800 3571197 1838000
V2 3571197 1838000 2700000 1838000
V2 2700000 1838000 1875000 1734200
V2 1875000 1734200 1459760 1734200
V2 1459760 1734200 1446800 1747160
Net35 5 
V2 3893762 1848800 3872162 1827200
V2 3872162 1827200 2700000 1827200
V2 2700000 1827200 1875000 1708280
V2 1875000 1708280 1271832 1708280
V2 1271832 1708280 1258872 1721240
Net38 5 
V2 3231252 1805600 3220452 1816400
V2 3220452 1816400 2700000 1816400
V2 2700000 1816400 1875000 1682360
V2 1875000 1682360 1459760 1682360
V2 1459760 1682360 1446800 1695320
Net48 5 
V2 3504050 1762400 3489650 1776800
V2 3489650 1776800 2700000 1776800
V2 2700000 1776800 1875000 1656440
V2 1875000 1656440 1432917 1656440
V2 1432917 1656440 1419957 1669400
Net49 5 
V2 3581997 1762400 3553197 1791200
V2 3553197 1791200 2700000 1791200
V2 2700000 1791200 1875000 1662920
V2 1875000 1662920 1480130 1662920
V2 1480130 1662920 1473650 1669400
Net55 5 
V2 3387140 1719200 3378500 1727840
V2 3378500 1727840 2700000 1727840
V2 2700000 1727840 1875000 1586456
V2 1875000 1586456 1505681 1586456
V2 1505681 1586456 1500497 1591640
Net59 5 
V2 3698910 1719200 3681630 1736480
V2 3681630 1736480 2700000 1736480
V2 2700000 1736480 1875000 1626200
V2 1875000 1626200 1571470 1626200
V2 1571470 1626200 1554190 1643480
Net60 5 
V2 3776850 1719200 3750930 1745120
V2 3750930 1745120 2700000 1745120
V2 2700000 1745120 1875000 1634840
V2 1875000 1634840 1616520 1634840
V2 1616520 1634840 1607880 1643480
Net61 5 
V2 3854790 1719200 3820230 1753760
V2 3820230 1753760 2700000 1753760
V2 2700000 1753760 1875000 1649960
V2 1875000 1649960 1278312 1649960
V2 1278312 1649960 1258872 1669400
Net62 5 
V2 3036400 1676000 3025600 1686800
V2 3025600 1686800 2700000 1686800
V2 2700000 1686800 1875000 1570904
V2 1875000 1570904 1360153 1570904
V2 1360153 1570904 1339417 1591640
Net64 5 
V2 3270227 1676000 3248627 1697600
V2 3248627 1697600 2700000 1697600
V2 2700000 1697600 1875000 1576088
V2 1875000 1576088 1408662 1576088
V2 1408662 1576088 1393110 1591640
Net65 5 
V2 3348170 1676000 3315770 1708400
V2 3315770 1708400 2700000 1708400
V2 2700000 1708400 1875000 1581272
V2 1875000 1581272 1457168 1581272
V2 1457168 1581272 1446800 1591640
Net71 5 
V2 2997430 1632800 2986630 1643600
V2 2986630 1643600 2700000 1643600
V2 2700000 1643600 1875000 1520360
V2 1875000 1520360 1305160 1520360
V2 1305160 1520360 1285720 1539800
Net72 5 
V2 3075370 1632800 3053770 1654400
V2 3053770 1654400 2700000 1654400
V2 2700000 1654400 1875000 1526840
V2 1875000 1526840 1406070 1526840
V2 1406070 1526840 1393110 1539800
Net73 5 
V2 3153310 1632800 3120910 1665200
V2 3120910 1665200 2700000 1665200
V2 2700000 1665200 1875000 1533320
V2 1875000 1533320 1453280 1533320
V2 1453280 1533320 1446800 1539800
Net83 5 
V2 3270227 1589600 3248627 1611200
V2 3248627 1611200 2700000 1611200
V2 2700000 1611200 1875000 1475000
V2 1875000 1475000 1352377 1475000
V2 1352377 1475000 1339417 1487960
