Nets 15
Net8 5 
M2 3208740 1961120 3200100 1969760
M2 3200100 1969760 2700000 1969760
M2 2700000 1969760 1875000 1863801
M2 1875000 1863801 991329 1863801
M2 991329 1863801 963560 1891570
Net9 5 
M2 3262430 1961120 3245150 1978400
M2 3245150 1978400 2700000 1978400
M2 2700000 1978400 1875000 1877686
M2 1875000 1877686 1161043 1877686
M2 1161043 1877686 1147160 1891570
Net10 5 
M2 3316127 1961120 3307487 1952480
M2 3307487 1952480 2700000 1952480
M2 2700000 1952480 1875000 1849915
M2 1875000 1849915 288955 1849915
M2 288955 1849915 275070 1836030
Net12 5 
M2 3020810 1935200 3012170 1943840
M2 3012170 1943840 2700000 1943840
M2 2700000 1943840 1875000 1817515
M2 1875000 1817515 477184 1817515
M2 477184 1817515 458670 1836030
Net16 5 
M2 2993960 1909280 2981000 1922240
M2 2981000 1922240 2700000 1922240
M2 2700000 1922240 1875000 1799001
M2 1875000 1799001 431284 1799001
M2 431284 1799001 412770 1780487
Net28 5 
M2 3047660 1857440 3041180 1863920
M2 3041180 1863920 2700000 1863920
M2 2700000 1863920 1875000 1738825
M2 1875000 1738825 913422 1738825
M2 913422 1738825 871760 1780487
Net29 5 
M2 3101350 1857440 3088390 1870400
M2 3088390 1870400 2700000 1870400
M2 2700000 1870400 1875000 1752711
M2 1875000 1752711 1358529 1752711
M2 1358529 1752711 1330752 1780487
Net30 5 
M2 3208740 1857440 3189300 1876880
M2 3189300 1876880 2700000 1876880
M2 2700000 1876880 1875000 1766596
M2 1875000 1766596 1528241 1766596
M2 1528241 1766596 1514350 1780487
Net32 5 
M2 3316127 1857440 3303167 1844480
M2 3303167 1844480 2700000 1844480
M2 2700000 1844480 1875000 1697171
M2 1875000 1697171 302838 1697171
M2 302838 1697171 275070 1724940
Net44 5 
M2 2967120 1779680 2954160 1792640
M2 2954160 1792640 2700000 1792640
M2 2700000 1792640 1875000 1641631
M2 1875000 1641631 807728 1641631
M2 807728 1641631 779960 1669400
Net52 5 
M2 3208740 1753760 3195780 1766720
M2 3195780 1766720 2700000 1766720
M2 2700000 1766720 1875000 1595340
M2 1875000 1595340 1211579 1595340
M2 1211579 1595340 1193060 1613860
Net54 5 
M2 3316127 1753760 3307487 1745120
M2 3307487 1745120 2700000 1745120
M2 2700000 1745120 1875000 1576826
M2 1875000 1576826 312103 1576826
M2 312103 1576826 275070 1613860
Net55 5 
M2 2967120 1727840 2958480 1736480
M2 2958480 1736480 2700000 1736480
M2 2700000 1736480 1875000 1539798
M2 1875000 1539798 431284 1539798
M2 431284 1539798 412770 1558312
Net71 5 
M2 2993960 1650080 2985320 1658720
M2 2985320 1658720 2700000 1658720
M2 2700000 1658720 1875000 1474998
M2 1875000 1474998 394641 1474998
M2 394641 1474998 366870 1502770
Net76 5 
M2 3316127 1650080 3298847 1667360
M2 3298847 1667360 2700000 1667360
M2 2700000 1667360 1875000 1521284
M2 1875000 1521284 293584 1521284
M2 293584 1521284 275070 1502770
