Nets 32
Net13 5 
V2 3475910 1935200 3465110 1946000
V2 3465110 1946000 2700000 1946000
V2 2700000 1946000 1875000 1874909
V2 1875000 1874909 1255620 1874909
V2 1255620 1874909 1238960 1891570
Net14 5 
V2 3541722 1935200 3520122 1956800
V2 3520122 1956800 2700000 1956800
V2 2700000 1956800 1875000 1880464
V2 1875000 1880464 1433656 1880464
V2 1433656 1880464 1422550 1891570
Net15 5 
V2 3607540 1935200 3575140 1967600
V2 3575140 1967600 2700000 1967600
V2 2700000 1967600 1875000 1886018
V2 1875000 1886018 1519901 1886018
V2 1519901 1886018 1514350 1891570
Net16 5 
V2 3739180 1935200 3724780 1920800
V2 3724780 1920800 2700000 1920800
V2 2700000 1920800 1875000 1869355
V2 1875000 1869355 343184 1869355
V2 343184 1869355 320970 1891570
Net20 5 
V2 3311360 1892000 3296960 1906400
V2 3296960 1906400 2700000 1906400
V2 2700000 1906400 1875000 1863801
V2 1875000 1863801 1129031 1863801
V2 1129031 1863801 1101260 1836030
Net21 5 
V2 3377180 1892000 3369980 1884800
V2 3369980 1884800 2700000 1884800
V2 2700000 1884800 1875000 1858247
V2 1875000 1858247 1215277 1858247
V2 1215277 1858247 1193060 1836030
Net22 5 
V2 3443000 1892000 3428600 1877600
V2 3428600 1877600 2700000 1877600
V2 2700000 1877600 1875000 1852692
V2 1875000 1852692 1301520 1852692
V2 1301520 1852692 1284857 1836030
Net23 5 
V2 3574630 1892000 3553030 1870400
V2 3553030 1870400 2700000 1870400
V2 2700000 1870400 1875000 1847138
V2 1875000 1847138 1387761 1847138
V2 1387761 1847138 1376652 1836030
Net24 5 
V2 3640450 1892000 3611650 1863200
V2 3611650 1863200 2700000 1863200
V2 2700000 1863200 1875000 1841584
V2 1875000 1841584 1474004 1841584
V2 1474004 1841584 1468450 1836030
Net27 5 
V2 3081000 1848800 3076680 1844480
V2 3076680 1844480 2700000 1844480
V2 2700000 1844480 1875000 1822144
V2 1875000 1822144 821616 1822144
V2 821616 1822144 779960 1780487
Net28 5 
V2 3146820 1848800 3138180 1840160
V2 3138180 1840160 2700000 1840160
V2 2700000 1840160 1875000 1815201
V2 1875000 1815201 906473 1815201
V2 906473 1815201 871760 1780487
Net29 5 
V2 3212637 1848800 3199677 1835840
V2 3199677 1835840 2700000 1835840
V2 2700000 1835840 1875000 1808258
V2 1875000 1808258 991331 1808258
V2 991331 1808258 963560 1780487
Net30 5 
V2 3344270 1848800 3326990 1831520
V2 3326990 1831520 2700000 1831520
V2 2700000 1831520 1875000 1801315
V2 1875000 1801315 1076188 1801315
V2 1076188 1801315 1055360 1780487
Net31 5 
V2 3410090 1848800 3388490 1827200
V2 3388490 1827200 2700000 1827200
V2 2700000 1827200 1875000 1794373
V2 1875000 1794373 1252845 1794373
V2 1252845 1794373 1238960 1780487
Net32 5 
V2 3475910 1848800 3449990 1822880
V2 3449990 1822880 2700000 1822880
V2 2700000 1822880 1875000 1787430
V2 1875000 1787430 1337695 1787430
V2 1337695 1787430 1330752 1780487
Net33 5 
V2 3607540 1848800 3577300 1818560
V2 3577300 1818560 2700000 1818560
V2 2700000 1818560 1875000 1761968
V2 1875000 1761968 1532869 1761968
V2 1532869 1761968 1514350 1780487
Net34 5 
V2 3673360 1848800 3666160 1856000
V2 3666160 1856000 2700000 1856000
V2 2700000 1856000 1875000 1829086
V2 1875000 1829086 1567193 1829086
V2 1567193 1829086 1560250 1836030
Net35 5 
V2 3739180 1848800 3704620 1814240
V2 3704620 1814240 2700000 1814240
V2 2700000 1814240 1875000 1743454
V2 1875000 1743454 358003 1743454
V2 358003 1743454 320970 1780487
Net36 5 
V2 2982270 1805600 2977950 1809920
V2 2977950 1809920 2700000 1809920
V2 2700000 1809920 1875000 1697171
V2 1875000 1697171 578236 1697171
V2 578236 1697171 550467 1724940
Net60 5 
V2 3640450 1719200 3618850 1740800
V2 3618850 1740800 2700000 1740800
V2 2700000 1740800 1875000 1650888
V2 1875000 1650888 1532862 1650888
V2 1532862 1650888 1514350 1669400
Net61 5 
V2 3706270 1719200 3691870 1704800
V2 3691870 1704800 2700000 1704800
V2 2700000 1704800 1875000 1632374
V2 1875000 1632374 293584 1632374
V2 293584 1632374 275070 1613860
Net64 5 
V2 3212637 1676000 3198237 1690400
V2 3198237 1690400 2700000 1690400
V2 2700000 1690400 1875000 1599969
V2 1875000 1599969 729819 1599969
V2 729819 1599969 688162 1558312
Net65 5 
V2 3278450 1676000 3274130 1671680
V2 3274130 1671680 2700000 1671680
V2 2700000 1671680 1875000 1586083
V2 1875000 1586083 807731 1586083
V2 807731 1586083 779960 1558312
Net66 5 
V2 3344270 1676000 3335630 1667360
V2 3335630 1667360 2700000 1667360
V2 2700000 1667360 1875000 1572198
V2 1875000 1572198 885645 1572198
V2 885645 1572198 871760 1558312
Net71 5 
V2 2982270 1632800 2977950 1637120
V2 2977950 1637120 2700000 1637120
V2 2700000 1637120 1875000 1484255
V2 1875000 1484255 385384 1484255
V2 385384 1484255 366870 1502770
Net74 5 
V2 3179730 1632800 3171090 1641440
V2 3171090 1641440 2700000 1641440
V2 2700000 1641440 1875000 1510704
V2 1875000 1510704 1011168 1510704
V2 1011168 1510704 963560 1558312
Net75 5 
V2 3311360 1632800 3298400 1645760
V2 3298400 1645760 2700000 1645760
V2 2700000 1645760 1875000 1518639
V2 1875000 1518639 1095033 1518639
V2 1095033 1518639 1055360 1558312
Net76 5 
V2 3443000 1632800 3425720 1650080
V2 3425720 1650080 2700000 1650080
V2 2700000 1650080 1875000 1526573
V2 1875000 1526573 1178899 1526573
V2 1178899 1526573 1147160 1558312
Net77 5 
V2 3508817 1632800 3487217 1654400
V2 3487217 1654400 2700000 1654400
V2 2700000 1654400 1875000 1534508
V2 1875000 1534508 1262764 1534508
V2 1262764 1534508 1238960 1558312
Net78 5 
V2 3574630 1632800 3548710 1658720
V2 3548710 1658720 2700000 1658720
V2 2700000 1658720 1875000 1542442
V2 1875000 1542442 1438420 1542442
V2 1438420 1542442 1422550 1558312
Net79 5 
V2 3640450 1632800 3610210 1663040
V2 3610210 1663040 2700000 1663040
V2 2700000 1663040 1875000 1550377
V2 1875000 1550377 1522285 1550377
V2 1522285 1550377 1514350 1558312
Net80 5 
V2 3706270 1632800 3684670 1611200
V2 3684670 1611200 2700000 1611200
V2 2700000 1611200 1875000 1465741
V2 1875000 1465741 312098 1465741
V2 312098 1465741 275070 1502770
