Nets 40
Net0 5 
V1 2954130 1987040 2948946 1992224
V1 2948946 1992224 2700000 1992224
V1 2700000 1992224 1875000 1850840
V1 1875000 1850840 865187 1850840
V1 865187 1850840 830627 1885400
Net1 5 
V1 3040730 1987040 3030362 1997408
V1 3030362 1997408 2700000 1997408
V1 2700000 1997408 1875000 1859480
V1 1875000 1859480 1029750 1859480
V1 1029750 1859480 1003830 1885400
Net2 5 
V1 3127330 1987040 3111778 2002592
V1 3111778 2002592 2700000 2002592
V1 2700000 2002592 1875000 1868120
V1 1875000 1868120 1107710 1868120
V1 1107710 1868120 1090430 1885400
Net3 5 
V1 3170630 1987040 3149894 2007776
V1 3149894 2007776 2700000 2007776
V1 2700000 2007776 1875000 1876760
V1 1875000 1876760 1272280 1876760
V1 1272280 1876760 1263640 1885400
Net4 5 
V1 2975780 1961120 2970596 1966304
V1 2970596 1966304 2700000 1966304
V1 2700000 1966304 1875000 1823000
V1 1875000 1823000 893130 1823000
V1 893130 1823000 873930 1842200
Net5 5 
V1 3019080 1961120 3008712 1971488
V1 3008712 1971488 2700000 1971488
V1 2700000 1971488 1875000 1827800
V1 1875000 1827800 974930 1827800
V1 974930 1827800 960530 1842200
Net6 5 
V1 3062380 1961120 3046828 1976672
V1 3046828 1976672 2700000 1976672
V1 2700000 1976672 1875000 1832600
V1 1875000 1832600 1143332 1832600
V1 1143332 1832600 1133732 1842200
Net7 5 
V1 3105680 1961120 3084944 1981856
V1 3084944 1981856 2700000 1981856
V1 2700000 1981856 1875000 1837400
V1 1875000 1837400 1311740 1837400
V1 1311740 1837400 1306940 1842200
Net11 5 
V1 2954130 1935200 2945490 1943840
V1 2945490 1943840 2700000 1943840
V1 2700000 1943840 1875000 1813400
V1 1875000 1813400 729520 1813400
V1 729520 1813400 700720 1842200
Net12 5 
V1 2997430 1935200 2980150 1952480
V1 2980150 1952480 2700000 1952480
V1 2700000 1952480 1875000 1818200
V1 1875000 1818200 811322 1818200
V1 811322 1818200 787322 1842200
Net17 5 
V1 3019080 1909280 3006120 1922240
V1 3006120 1922240 2700000 1922240
V1 2700000 1922240 1875000 1808600
V1 1875000 1808600 840227 1808600
V1 840227 1808600 830627 1799000
Net20 5 
V1 3192280 1909280 3187960 1904960
V1 3187960 1904960 2700000 1904960
V1 2700000 1904960 1875000 1803800
V1 1875000 1803800 1355040 1803800
V1 1355040 1803800 1350240 1799000
Net22 5 
V1 2954130 1883360 2949810 1887680
V1 2949810 1887680 2700000 1887680
V1 2700000 1887680 1875000 1743456
V1 1875000 1743456 1059473 1743456
V1 1059473 1743456 1047130 1755800
Net23 5 
V1 3040730 1883360 3032090 1892000
V1 3032090 1892000 2700000 1892000
V1 2700000 1892000 1875000 1749627
V1 1875000 1749627 1139905 1749627
V1 1139905 1749627 1133732 1755800
Net25 5 
V1 3127330 1883360 3114370 1896320
V1 3114370 1896320 2700000 1896320
V1 2700000 1896320 1875000 1770200
V1 1875000 1770200 1292440 1770200
V1 1292440 1770200 1263640 1799000
Net26 5 
V1 3170630 1883360 3153350 1900640
V1 3153350 1900640 2700000 1900640
V1 2700000 1900640 1875000 1784600
V1 1875000 1784600 1537847 1784600
V1 1537847 1784600 1523447 1799000
Net28 5 
V1 3019080 1857440 3006120 1870400
V1 3006120 1870400 2700000 1870400
V1 2700000 1870400 1875000 1737285
V1 1875000 1737285 892445 1737285
V1 892445 1737285 873930 1755800
Net34 5 
V1 2997430 1831520 2984470 1844480
V1 2984470 1844480 2700000 1844480
V1 2700000 1844480 1875000 1731113
V1 1875000 1731113 812008 1731113
V1 812008 1731113 787322 1755800
Net36 5 
V1 3084030 1831520 3079710 1827200
V1 3079710 1827200 2700000 1827200
V1 2700000 1827200 1875000 1724942
V1 1875000 1724942 1275982 1724942
V1 1275982 1724942 1263640 1712600
Net37 5 
V1 3127330 1831520 3118690 1822880
V1 3118690 1822880 2700000 1822880
V1 2700000 1822880 1875000 1718771
V1 1875000 1718771 1356411 1718771
V1 1356411 1718771 1350240 1712600
Net38 5 
V1 3170630 1831520 3157670 1818560
V1 3157670 1818560 2700000 1818560
V1 2700000 1818560 1875000 1705400
V1 1875000 1705400 1444040 1705400
V1 1444040 1705400 1436840 1712600
Net40 5 
V1 3062380 1805600 3057196 1800416
V1 3057196 1800416 2700000 1800416
V1 2700000 1800416 1875000 1683800
V1 1875000 1683800 946030 1683800
V1 946030 1683800 917230 1712600
Net41 5 
V1 3105680 1805600 3101360 1809920
V1 3101360 1809920 2700000 1809920
V1 2700000 1809920 1875000 1691000
V1 1875000 1691000 1025430 1691000
V1 1025430 1691000 1003830 1712600
Net42 5 
V1 3192280 1805600 3183640 1814240
V1 3183640 1814240 2700000 1814240
V1 2700000 1814240 1875000 1698200
V1 1875000 1698200 1191437 1698200
V1 1191437 1698200 1177037 1712600
Net45 5 
V1 3040730 1779680 3035546 1784864
V1 3035546 1784864 2700000 1784864
V1 2700000 1784864 1875000 1647800
V1 1875000 1647800 1155332 1647800
V1 1155332 1647800 1133732 1669400
Net46 5 
V1 3084030 1779680 3073662 1790048
V1 3073662 1790048 2700000 1790048
V1 2700000 1790048 1875000 1658600
V1 1875000 1658600 1317740 1658600
V1 1317740 1658600 1306940 1669400
Net47 5 
V1 3170630 1779680 3155078 1795232
V1 3155078 1795232 2700000 1795232
V1 2700000 1795232 1875000 1676600
V1 1875000 1676600 1573950 1676600
V1 1573950 1676600 1566750 1669400
Net53 5 
V1 3192280 1753760 3179320 1766720
V1 3179320 1766720 2700000 1766720
V1 2700000 1766720 1875000 1637000
V1 1875000 1637000 1534247 1637000
V1 1534247 1637000 1523447 1626200
Net54 5 
V1 3235582 1753760 3222622 1740800
V1 3222622 1740800 2700000 1740800
V1 2700000 1740800 1875000 1604600
V1 1875000 1604600 592420 1604600
V1 592420 1604600 570820 1626200
Net60 5 
V1 2975780 1701920 2969300 1708400
V1 2969300 1708400 2700000 1708400
V1 2700000 1708400 1875000 1566800
V1 1875000 1566800 716920 1566800
V1 716920 1566800 700720 1583000
Net61 5 
V1 3019080 1701920 3006120 1714880
V1 3006120 1714880 2700000 1714880
V1 2700000 1714880 1875000 1572200
V1 1875000 1572200 971330 1572200
V1 971330 1572200 960530 1583000
Net62 5 
V1 3062380 1701920 3042940 1721360
V1 3042940 1721360 2700000 1721360
V1 2700000 1721360 1875000 1577600
V1 1875000 1577600 1052530 1577600
V1 1052530 1577600 1047130 1583000
Net72 5 
V1 3019080 1650080 3006120 1663040
V1 3006120 1663040 2700000 1663040
V1 2700000 1663040 1875000 1561400
V1 1875000 1561400 852227 1561400
V1 852227 1561400 830627 1539800
Net73 5 
V1 3062380 1650080 3058060 1645760
V1 3058060 1645760 2700000 1645760
V1 2700000 1645760 1875000 1556000
V1 1875000 1556000 933430 1556000
V1 933430 1556000 917230 1539800
Net74 5 
V1 3148980 1650080 3140340 1641440
V1 3140340 1641440 2700000 1641440
V1 2700000 1641440 1875000 1550600
V1 1875000 1550600 1447640 1550600
V1 1447640 1550600 1436840 1539800
Net75 5 
V1 3192280 1650080 3179320 1637120
V1 3179320 1637120 2700000 1637120
V1 2700000 1637120 1875000 1545200
V1 1875000 1545200 1528847 1545200
V1 1528847 1545200 1523447 1539800
Net76 5 
V1 3235582 1650080 3218302 1632800
V1 3218302 1632800 2700000 1632800
V1 2700000 1632800 1875000 1525400
V1 1875000 1525400 585220 1525400
V1 585220 1525400 570820 1539800
Net77 5 
V1 2954130 1624160 2945490 1615520
V1 2945490 1615520 2700000 1615520
V1 2700000 1615520 1875000 1482200
V1 1875000 1482200 888330 1482200
V1 888330 1482200 873930 1496600
Net78 5 
V1 2997430 1624160 2993110 1628480
V1 2993110 1628480 2700000 1628480
V1 2700000 1628480 1875000 1511000
V1 1875000 1511000 1061530 1511000
V1 1061530 1511000 1047130 1496600
Net87 5 
V1 3235582 1598240 3226942 1606880
V1 3226942 1606880 2700000 1606880
V1 2700000 1606880 1875000 1467800
V1 1875000 1467800 642920 1467800
V1 642920 1467800 614120 1496600
