Nets 35
Net0 5 
V1 2997430 1978400 2991257 1984572
V1 2991257 1984572 2700000 1984572
V1 2700000 1984572 1875000 1863801
V1 1875000 1863801 440539 1863801
V1 440539 1863801 412770 1891570
Net1 5 
V1 3153310 1978400 3140966 1990743
V1 3140966 1990743 2700000 1990743
V1 2700000 1990743 1875000 1868429
V1 1875000 1868429 619508 1868429
V1 619508 1868429 596367 1891570
Net2 5 
V1 3231252 1978400 3212737 1996915
V1 3212737 1996915 2700000 1996915
V1 2700000 1996915 1875000 1873058
V1 1875000 1873058 706674 1873058
V1 706674 1873058 688162 1891570
Net3 5 
V1 3387140 1978400 3362453 2003086
V1 3362453 2003086 2700000 2003086
V1 2700000 2003086 1875000 1877686
V1 1875000 1877686 885643 1877686
V1 885643 1877686 871760 1891570
Net4 5 
V1 3465080 1978400 3434222 2009257
V1 3434222 2009257 2700000 2009257
V1 2700000 2009257 1875000 1882315
V1 1875000 1882315 972815 1882315
V1 972815 1882315 963560 1891570
Net5 5 
V1 3620970 1978400 3583941 2015428
V1 3583941 2015428 2700000 2015428
V1 2700000 2015428 1875000 1886943
V1 1875000 1886943 1151786 1886943
V1 1151786 1886943 1147160 1891570
Net7 5 
V1 3036400 1935200 3031600 1930400
V1 3031600 1930400 2700000 1930400
V1 2700000 1930400 1875000 1859172
V1 1875000 1859172 390012 1859172
V1 390012 1859172 366870 1836030
Net8 5 
V1 3114340 1935200 3104740 1925600
V1 3104740 1925600 2700000 1925600
V1 2700000 1925600 1875000 1854544
V1 1875000 1854544 477184 1854544
V1 477184 1854544 458670 1836030
Net9 5 
V1 3192280 1935200 3177880 1920800
V1 3177880 1920800 2700000 1920800
V1 2700000 1920800 1875000 1849915
V1 1875000 1849915 564353 1849915
V1 564353 1849915 550467 1836030
Net10 5 
V1 3270227 1935200 3251027 1916000
V1 3251027 1916000 2700000 1916000
V1 2700000 1916000 1875000 1845287
V1 1875000 1845287 651519 1845287
V1 651519 1845287 642262 1836030
Net11 5 
V1 3348170 1935200 3324170 1911200
V1 3324170 1911200 2700000 1911200
V1 2700000 1911200 1875000 1840658
V1 1875000 1840658 738688 1840658
V1 738688 1840658 734060 1836030
Net12 5 
V1 3504050 1935200 3475250 1906400
V1 3475250 1906400 2700000 1906400
V1 2700000 1906400 1875000 1817515
V1 1875000 1817515 844374 1817515
V1 844374 1817515 825860 1836030
Net18 5 
V1 3075370 1892000 3070570 1896800
V1 3070570 1896800 2700000 1896800
V1 2700000 1896800 1875000 1761968
V1 1875000 1761968 523089 1761968
V1 523089 1761968 504570 1780487
Net19 5 
V1 3231252 1892000 3221652 1901600
V1 3221652 1901600 2700000 1901600
V1 2700000 1901600 1875000 1799001
V1 1875000 1799001 706676 1799001
V1 706676 1799001 688162 1780487
Net26 5 
V1 3036400 1848800 3031600 1844000
V1 3031600 1844000 2700000 1844000
V1 2700000 1844000 1875000 1743454
V1 1875000 1743454 385384 1743454
V1 385384 1743454 366870 1724940
Net37 5 
V1 3075370 1805600 3070570 1810400
V1 3070570 1810400 2700000 1810400
V1 2700000 1810400 1875000 1681742
V1 1875000 1681742 685460 1681742
V1 685460 1681742 642262 1724940
Net38 5 
V1 3231252 1805600 3221652 1815200
V1 3221652 1815200 2700000 1815200
V1 2700000 1815200 1875000 1687913
V1 1875000 1687913 862886 1687913
V1 862886 1687913 825860 1724940
Net39 5 
V1 3387140 1805600 3372740 1820000
V1 3372740 1820000 2700000 1820000
V1 2700000 1820000 1875000 1694085
V1 1875000 1694085 948515 1694085
V1 948515 1694085 917660 1724940
Net40 5 
V1 3543020 1805600 3523820 1824800
V1 3523820 1824800 2700000 1824800
V1 2700000 1824800 1875000 1700256
V1 1875000 1700256 1125943 1700256
V1 1125943 1700256 1101260 1724940
Net41 5 
V1 3620970 1805600 3596970 1829600
V1 3596970 1829600 2700000 1829600
V1 2700000 1829600 1875000 1706427
V1 1875000 1706427 1211572 1706427
V1 1211572 1706427 1193060 1724940
Net42 5 
V1 3698910 1805600 3670110 1834400
V1 3670110 1834400 2700000 1834400
V1 2700000 1834400 1875000 1712598
V1 1875000 1712598 1388993 1712598
V1 1388993 1712598 1376652 1724940
Net43 5 
V1 3776850 1805600 3743250 1839200
V1 3743250 1839200 2700000 1839200
V1 2700000 1839200 1875000 1718770
V1 1875000 1718770 1474620 1718770
V1 1474620 1718770 1468450 1724940
Net44 5 
V1 3114340 1762400 3105700 1771040
V1 3105700 1771040 2700000 1771040
V1 2700000 1771040 1875000 1636077
V1 1875000 1636077 446093 1636077
V1 446093 1636077 412770 1669400
Net45 5 
V1 3192280 1762400 3175000 1779680
V1 3175000 1779680 2700000 1779680
V1 2700000 1779680 1875000 1647185
V1 1875000 1647185 526784 1647185
V1 526784 1647185 504570 1669400
Net46 5 
V1 3270227 1762400 3244307 1788320
V1 3244307 1788320 2700000 1788320
V1 2700000 1788320 1875000 1658294
V1 1875000 1658294 699268 1658294
V1 699268 1658294 688162 1669400
Net47 5 
V1 3348170 1762400 3313610 1796960
V1 3313610 1796960 2700000 1796960
V1 2700000 1796960 1875000 1675571
V1 1875000 1675571 786131 1675571
V1 786131 1675571 779960 1669400
Net62 5 
V1 3036400 1676000 3022000 1661600
V1 3022000 1661600 2700000 1661600
V1 2700000 1661600 1875000 1569421
V1 1875000 1569421 515678 1569421
V1 515678 1569421 504570 1558312
Net63 5 
V1 3192280 1676000 3163480 1647200
V1 3163480 1647200 2700000 1647200
V1 2700000 1647200 1875000 1547204
V1 1875000 1547204 607476 1547204
V1 607476 1547204 596367 1558312
Net67 5 
V1 3504050 1676000 3495410 1684640
V1 3495410 1684640 2700000 1684640
V1 2700000 1684640 1875000 1580529
V1 1875000 1580529 1318188 1580529
V1 1318188 1580529 1284857 1613860
Net68 5 
V1 3659940 1676000 3642660 1693280
V1 3642660 1693280 2700000 1693280
V1 2700000 1693280 1875000 1591638
V1 1875000 1591638 1398874 1591638
V1 1398874 1591638 1376652 1613860
Net69 5 
V1 3737880 1676000 3711960 1701920
V1 3711960 1701920 2700000 1701920
V1 2700000 1701920 1875000 1602746
V1 1875000 1602746 1479563 1602746
V1 1479563 1602746 1468450 1613860
Net70 5 
V1 3893762 1676000 3859202 1710560
V1 3859202 1710560 2700000 1710560
V1 2700000 1710560 1875000 1624968
V1 1875000 1624968 365401 1624968
V1 365401 1624968 320970 1669400
Net72 5 
V1 3075370 1632800 3064570 1622000
V1 3064570 1622000 2700000 1622000
V1 2700000 1622000 1875000 1536095
V1 1875000 1536095 491995 1536095
V1 491995 1536095 458670 1502770
Net73 5 
V1 3153310 1632800 3131710 1611200
V1 3131710 1611200 2700000 1611200
V1 2700000 1611200 1875000 1524987
V1 1875000 1524987 572684 1524987
V1 572684 1524987 550467 1502770
Net81 5 
V1 3036400 1589600 3025600 1600400
V1 3025600 1600400 2700000 1600400
V1 2700000 1600400 1875000 1513878
V1 1875000 1513878 745168 1513878
V1 745168 1513878 734060 1502770
