Nets 28
Net6 5 
M2 4066970 1972230 4039198 2000001
M2 4039198 2000001 2700000 2000001
M2 2700000 2000001 1875000 1827800
M2 1875000 1827800 1475490 1827800
M2 1475490 1827800 1461090 1842200
Net9 5 
M2 4352760 1972230 4334246 1953716
M2 4334246 1953716 2700000 1953716
M2 2700000 1953716 1875000 1813400
M2 1875000 1813400 897530 1813400
M2 897530 1813400 868730 1842200
Net16 5 
M2 3733550 1916687 3715035 1935202
M2 3715035 1935202 2700000 1935202
M2 2700000 1935202 1875000 1777400
M2 1875000 1777400 1252330 1777400
M2 1252330 1777400 1230730 1799000
Net21 5 
M2 4209860 1916687 4191346 1898173
M2 4191346 1898173 2700000 1898173
M2 2700000 1898173 1875000 1741400
M2 1875000 1741400 1607130 1741400
M2 1607130 1741400 1592730 1755800
Net26 5 
M2 3400130 1861140 3381610 1879659
M2 3381610 1879659 2700000 1879659
M2 2700000 1879659 1875000 1727000
M2 1875000 1727000 1029170 1727000
M2 1029170 1727000 1000370 1755800
Net36 5 
M2 3352500 1805600 3345559 1812540
M2 3345559 1812540 2700000 1812540
M2 2700000 1812540 1875000 1674800
M2 1875000 1674800 1071077 1674800
M2 1071077 1674800 1033277 1712600
Net37 5 
M2 3543020 1805600 3529136 1819483
M2 3529136 1819483 2700000 1819483
M2 2700000 1819483 1875000 1680200
M2 1875000 1680200 1131490 1680200
M2 1131490 1680200 1099090 1712600
Net38 5 
M2 3638290 1805600 3617463 1826426
M2 3617463 1826426 2700000 1826426
M2 2700000 1826426 1875000 1685600
M2 1875000 1685600 1191910 1685600
M2 1191910 1685600 1164910 1712600
Net39 5 
M2 3828810 1805600 3801041 1833369
M2 3801041 1833369 2700000 1833369
M2 2700000 1833369 1875000 1691000
M2 1875000 1691000 1318150 1691000
M2 1318150 1691000 1296550 1712600
Net40 5 
M2 3924077 1805600 3889365 1840311
M2 3889365 1840311 2700000 1840311
M2 2700000 1840311 1875000 1696400
M2 1875000 1696400 1378562 1696400
M2 1378562 1696400 1362362 1712600
Net41 5 
M2 4114600 1805600 4072945 1847254
M2 4072945 1847254 2700000 1847254
M2 2700000 1847254 1875000 1701800
M2 1875000 1701800 1438980 1701800
M2 1438980 1701800 1428180 1712600
Net42 5 
M2 4209860 1805600 4161262 1854197
M2 4161262 1854197 2700000 1854197
M2 2700000 1854197 1875000 1707200
M2 1875000 1707200 1499400 1707200
M2 1499400 1707200 1494000 1712600
Net44 5 
M2 3114340 1750060 3086571 1777828
M2 3086571 1777828 2700000 1777828
M2 2700000 1777828 1875000 1647800
M2 1875000 1647800 956150 1647800
M2 956150 1647800 934550 1669400
Net52 5 
M2 4257492 1750060 4250549 1743117
M2 4250549 1743117 2700000 1743117
M2 2700000 1743117 1875000 1621400
M2 1875000 1621400 1564620 1621400
M2 1564620 1621400 1559820 1626200
Net55 5 
M2 3257237 1694512 3250289 1701460
M2 3250289 1701460 2700000 1701460
M2 2700000 1701460 1875000 1592600
M2 1875000 1592600 1132690 1592600
M2 1132690 1592600 1099090 1626200
Net56 5 
M2 3352500 1694512 3338609 1708403
M2 3338609 1708403 2700000 1708403
M2 2700000 1708403 1875000 1597400
M2 1875000 1597400 1193710 1597400
M2 1193710 1597400 1164910 1626200
Net57 5 
M2 3543020 1694512 3522186 1715346
M2 3522186 1715346 2700000 1715346
M2 2700000 1715346 1875000 1602200
M2 1875000 1602200 1254730 1602200
M2 1254730 1602200 1230730 1626200
Net58 5 
M2 3638290 1694512 3610513 1722289
M2 3610513 1722289 2700000 1722289
M2 2700000 1722289 1875000 1607000
M2 1875000 1607000 1381562 1607000
M2 1381562 1607000 1362362 1626200
Net59 5 
M2 3733550 1694512 3698830 1729231
M2 3698830 1729231 2700000 1729231
M2 2700000 1729231 1875000 1611800
M2 1875000 1611800 1442580 1611800
M2 1442580 1611800 1428180 1626200
Net60 5 
M2 3828810 1694512 3787148 1736174
M2 3787148 1736174 2700000 1736174
M2 2700000 1736174 1875000 1616600
M2 1875000 1616600 1503600 1616600
M2 1503600 1616600 1494000 1626200
Net65 5 
M2 3019080 1638970 3012908 1632798
M2 3012908 1632798 2700000 1632798
M2 2700000 1632798 1875000 1587800
M2 1875000 1587800 940040 1587800
M2 940040 1587800 901640 1626200
Net72 5 
M2 3876440 1638970 3864097 1626627
M2 3864097 1626627 2700000 1626627
M2 2700000 1626627 1875000 1525400
M2 1875000 1525400 1310950 1525400
M2 1310950 1525400 1296550 1539800
Net82 5 
M2 3638290 1583430 3632120 1589600
M2 3632120 1589600 2700000 1589600
M2 2700000 1589600 1875000 1460600
M2 1875000 1460600 1233820 1460600
M2 1233820 1460600 1197820 1496600
Net83 5 
M2 3733550 1583430 3721208 1595771
M2 3721208 1595771 2700000 1595771
M2 2700000 1595771 1875000 1467800
M2 1875000 1467800 1292440 1467800
M2 1292440 1467800 1263640 1496600
Net84 5 
M2 3924077 1583430 3905565 1601942
M2 3905565 1601942 2700000 1601942
M2 2700000 1601942 1875000 1475000
M2 1875000 1475000 1416870 1475000
M2 1416870 1475000 1395270 1496600
Net85 5 
M2 4019340 1583430 3994656 1608113
M2 3994656 1608113 2700000 1608113
M2 2700000 1608113 1875000 1482200
M2 1875000 1482200 1475490 1482200
M2 1475490 1482200 1461090 1496600
Net86 5 
M2 4209860 1583430 4179005 1614285
M2 4179005 1614285 2700000 1614285
M2 2700000 1614285 1875000 1489400
M2 1875000 1489400 1599930 1489400
M2 1599930 1489400 1592730 1496600
Net87 5 
M2 4305130 1583430 4268103 1620456
M2 4268103 1620456 2700000 1620456
M2 2700000 1620456 1875000 1511000
M2 1875000 1511000 864620 1511000
M2 864620 1511000 835820 1539800
