Nets 37
Net0 5 
V1 3019080 1972230 3013525 1977784
V1 3013525 1977784 2700000 1977784
V1 2700000 1977784 1875000 1849915
V1 1875000 1849915 502054 1849915
V1 502054 1849915 460400 1891570
Net1 5 
V1 3209602 1972230 3198494 1983338
V1 3198494 1983338 2700000 1983338
V1 2700000 1983338 1875000 1854544
V1 1875000 1854544 674096 1854544
V1 674096 1854544 637070 1891570
Net2 5 
V1 3304870 1972230 3288207 1988892
V1 3288207 1988892 2700000 1988892
V1 2700000 1988892 1875000 1859172
V1 1875000 1859172 757797 1859172
V1 757797 1859172 725400 1891570
Net3 5 
V1 3495390 1972230 3473173 1994447
V1 3473173 1994447 2700000 1994447
V1 2700000 1994447 1875000 1863801
V1 1875000 1863801 929839 1863801
V1 929839 1863801 902070 1891570
Net4 5 
V1 3781180 1972230 3753408 2000001
V1 3753408 2000001 2700000 2000001
V1 2700000 2000001 1875000 1868429
V1 1875000 1868429 1013550 1868429
V1 1013550 1868429 990410 1891570
Net5 5 
V1 3876440 1972230 3843114 2005555
V1 3843114 2005555 2700000 2005555
V1 2700000 2005555 1875000 1873058
V1 1875000 1873058 1185592 1873058
V1 1185592 1873058 1167080 1891570
Net6 5 
V1 4066970 1972230 4028090 2011109
V1 4028090 2011109 2700000 2011109
V1 2700000 2011109 1875000 1877686
V1 1875000 1877686 1269293 1877686
V1 1269293 1877686 1255410 1891570
Net7 5 
V1 4162230 1972230 4117796 2016664
V1 4117796 2016664 2700000 2016664
V1 2700000 2016664 1875000 1882315
V1 1875000 1882315 1441335 1882315
V1 1441335 1882315 1432080 1891570
Net8 5 
V1 4257492 1972230 4207504 2022218
V1 4207504 2022218 2700000 2022218
V1 2700000 2022218 1875000 1886943
V1 1875000 1886943 1525039 1886943
V1 1525039 1886943 1520412 1891570
Net10 5 
V1 3066710 1916687 3048195 1935202
V1 3048195 1935202 2700000 1935202
V1 2700000 1935202 1875000 1840658
V1 1875000 1840658 420858 1840658
V1 420858 1840658 416230 1836030
Net11 5 
V1 3161970 1916687 3143456 1898173
V1 3143456 1898173 2700000 1898173
V1 2700000 1898173 1875000 1817515
V1 1875000 1817515 523084 1817515
V1 523084 1817515 504570 1836030
Net22 5 
V1 4305130 1916687 4268101 1953716
V1 4268101 1953716 2700000 1953716
V1 2700000 1953716 1875000 1845287
V1 1875000 1845287 337157 1845287
V1 337157 1845287 327900 1836030
Net23 5 
V1 3114340 1861140 3103231 1850031
V1 3103231 1850031 2700000 1850031
V1 2700000 1850031 1875000 1769374
V1 1875000 1769374 471513 1769374
V1 471513 1769374 460400 1780487
Net24 5 
V1 3209602 1861140 3191083 1879659
V1 3191083 1879659 2700000 1879659
V1 2700000 1879659 1875000 1799001
V1 1875000 1799001 567246 1799001
V1 567246 1799001 548732 1780487
Net33 5 
V1 4352760 1861140 4330543 1838923
V1 4330543 1838923 2700000 1838923
V1 2700000 1838923 1875000 1758265
V1 1875000 1758265 394284 1758265
V1 394284 1758265 372062 1780487
Net34 5 
V1 3066710 1805600 3055604 1816706
V1 3055604 1816706 2700000 1816706
V1 2700000 1816706 1875000 1736048
V1 1875000 1736048 427338 1736048
V1 427338 1736048 416230 1724940
Net35 5 
V1 3257237 1805600 3238723 1787086
V1 3238723 1787086 2700000 1787086
V1 2700000 1787086 1875000 1706428
V1 1875000 1706428 611412 1706428
V1 611412 1706428 592900 1724940
Net43 5 
V1 4305130 1805600 4282915 1827814
V1 4282915 1827814 2700000 1827814
V1 2700000 1827814 1875000 1747157
V1 1875000 1747157 350117 1747157
V1 350117 1747157 327900 1724940
Net44 5 
V1 3114340 1750060 3103231 1738951
V1 3103231 1738951 2700000 1738951
V1 2700000 1738951 1875000 1658294
V1 1875000 1658294 471506 1658294
V1 471506 1658294 460400 1669400
Net45 5 
V1 3209602 1750060 3191090 1768572
V1 3191090 1768572 2700000 1768572
V1 2700000 1768572 1875000 1687914
V1 1875000 1687914 567246 1687914
V1 567246 1687914 548732 1669400
Net53 5 
V1 4352760 1750060 4330543 1727843
V1 4330543 1727843 2700000 1727843
V1 2700000 1727843 1875000 1647185
V1 1875000 1647185 394277 1647185
V1 394277 1647185 372062 1669400
Net54 5 
V1 3066710 1694512 3055596 1705626
V1 3055596 1705626 2700000 1705626
V1 2700000 1705626 1875000 1624968
V1 1875000 1624968 427338 1624968
V1 427338 1624968 416230 1613860
Net55 5 
V1 3257237 1694512 3252965 1690240
V1 3252965 1690240 2700000 1690240
V1 2700000 1690240 1875000 1595340
V1 1875000 1595340 611419 1595340
V1 611419 1595340 592900 1613860
Net64 5 
V1 4305130 1694512 4282908 1716734
V1 4282908 1716734 2700000 1716734
V1 2700000 1716734 1875000 1636077
V1 1875000 1636077 350117 1636077
V1 350117 1636077 327900 1613860
Net66 5 
V1 3114340 1638970 3095826 1620456
V1 3095826 1620456 2700000 1620456
V1 2700000 1620456 1875000 1511315
V1 1875000 1511315 595730 1511315
V1 595730 1511315 548732 1558312
Net67 5 
V1 3209602 1638970 3205330 1643242
V1 3205330 1643242 2700000 1643242
V1 2700000 1643242 1875000 1515587
V1 1875000 1515587 679795 1515587
V1 679795 1515587 637070 1558312
Net68 5 
V1 3304870 1638970 3296325 1647515
V1 3296325 1647515 2700000 1647515
V1 2700000 1647515 1875000 1519860
V1 1875000 1519860 763852 1519860
V1 763852 1519860 725400 1558312
Net69 5 
V1 3400130 1638970 3387312 1651787
V1 3387312 1651787 2700000 1651787
V1 2700000 1651787 1875000 1524132
V1 1875000 1524132 847920 1524132
V1 847920 1524132 813740 1558312
Net70 5 
V1 3495390 1638970 3478300 1656060
V1 3478300 1656060 2700000 1656060
V1 2700000 1656060 1875000 1528405
V1 1875000 1528405 931977 1528405
V1 931977 1528405 902070 1558312
Net71 5 
V1 3781180 1638970 3759817 1660332
V1 3759817 1660332 2700000 1660332
V1 2700000 1660332 1875000 1532677
V1 1875000 1532677 1016045 1532677
V1 1016045 1532677 990410 1558312
Net72 5 
V1 3876440 1638970 3850805 1664605
V1 3850805 1664605 2700000 1664605
V1 2700000 1664605 1875000 1536950
V1 1875000 1536950 1100102 1536950
V1 1100102 1536950 1078740 1558312
Net73 5 
V1 3971710 1638970 3941802 1668877
V1 3941802 1668877 2700000 1668877
V1 2700000 1668877 1875000 1541222
V1 1875000 1541222 1184170 1541222
V1 1184170 1541222 1167080 1558312
Net74 5 
V1 4066970 1638970 4032790 1673150
V1 4032790 1673150 2700000 1673150
V1 2700000 1673150 1875000 1545495
V1 1875000 1545495 1268227 1545495
V1 1268227 1545495 1255410 1558312
Net75 5 
V1 4162230 1638970 4123777 1677422
V1 4123777 1677422 2700000 1677422
V1 2700000 1677422 1875000 1549767
V1 1875000 1549767 1440625 1549767
V1 1440625 1549767 1432080 1558312
Net76 5 
V1 4257492 1638970 4214767 1681695
V1 4214767 1681695 2700000 1681695
V1 2700000 1681695 1875000 1554040
V1 1875000 1554040 1524685 1554040
V1 1524685 1554040 1520412 1558312
Net77 5 
V1 4352760 1638970 4305762 1685967
V1 4305762 1685967 2700000 1685967
V1 2700000 1685967 1875000 1576826
V1 1875000 1576826 390576 1576826
V1 390576 1576826 372062 1558312
Net79 5 
V1 3161970 1583430 3143458 1601942
V1 3143458 1601942 2700000 1601942
V1 2700000 1601942 1875000 1507042
V1 1875000 1507042 508842 1507042
V1 508842 1507042 504570 1502770
