Nets 34
Net0 5 
V1 3019080 1972230 3011144 1980165
V1 3011144 1980165 2700000 1980165
V1 2700000 1980165 1875000 1853000
V1 1875000 1853000 1065677 1853000
V1 1065677 1853000 1033277 1885400
Net1 5 
V1 3209602 1972230 3193732 1988100
V1 3193732 1988100 2700000 1988100
V1 2700000 1988100 1875000 1858400
V1 1875000 1858400 1191910 1858400
V1 1191910 1858400 1164910 1885400
Net2 5 
V1 3304870 1972230 3281065 1996034
V1 3281065 1996034 2700000 1996034
V1 2700000 1996034 1875000 1863800
V1 1875000 1863800 1252330 1863800
V1 1252330 1863800 1230730 1885400
Net3 5 
V1 3495390 1972230 3463651 2003969
V1 3463651 2003969 2700000 2003969
V1 2700000 2003969 1875000 1869200
V1 1875000 1869200 1378562 1869200
V1 1378562 1869200 1362362 1885400
Net4 5 
V1 3781180 1972230 3741506 2011903
V1 3741506 2011903 2700000 2011903
V1 2700000 2011903 1875000 1874600
V1 1875000 1874600 1438980 1874600
V1 1438980 1874600 1428180 1885400
Net5 5 
V1 3876440 1972230 3828832 2019838
V1 3828832 2019838 2700000 2019838
V1 2700000 2019838 1875000 1880000
V1 1875000 1880000 1565220 1880000
V1 1565220 1880000 1559820 1885400
Net7 5 
V1 4162230 1972230 4143716 1953716
V1 4143716 1953716 2700000 1953716
V1 2700000 1953716 1875000 1847600
V1 1875000 1847600 1532310 1847600
V1 1532310 1847600 1526910 1842200
Net8 5 
V1 4257492 1972230 4220464 1935202
V1 4220464 1935202 2700000 1935202
V1 2700000 1935202 1875000 1835000
V1 1875000 1835000 1599930 1835000
V1 1599930 1835000 1592730 1842200
Net10 5 
V1 3066710 1916687 3059767 1909744
V1 3059767 1909744 2700000 1909744
V1 2700000 1909744 1875000 1827800
V1 1875000 1827800 948950 1827800
V1 948950 1827800 934550 1842200
Net17 5 
V1 3828810 1916687 3814924 1902802
V1 3814924 1902802 2700000 1902802
V1 2700000 1902802 1875000 1820600
V1 1875000 1820600 1318150 1820600
V1 1318150 1820600 1296550 1799000
Net18 5 
V1 3924077 1916687 3903249 1895859
V1 3903249 1895859 2700000 1895859
V1 2700000 1895859 1875000 1813400
V1 1875000 1813400 1376762 1813400
V1 1376762 1813400 1362362 1799000
Net19 5 
V1 4019340 1916687 3991569 1888916
V1 3991569 1888916 2700000 1888916
V1 2700000 1888916 1875000 1806200
V1 1875000 1806200 1435380 1806200
V1 1435380 1806200 1428180 1799000
Net20 5 
V1 4114600 1916687 4079886 1881973
V1 4079886 1881973 2700000 1881973
V1 2700000 1881973 1875000 1794680
V1 1875000 1794680 1564140 1794680
V1 1564140 1794680 1559820 1799000
Net24 5 
V1 3209602 1861140 3202654 1868088
V1 3202654 1868088 2700000 1868088
V1 2700000 1868088 1875000 1786040
V1 1875000 1786040 1046237 1786040
V1 1046237 1786040 1033277 1799000
Net25 5 
V1 3304870 1861140 3290979 1875031
V1 3290979 1875031 2700000 1875031
V1 2700000 1875031 1875000 1790360
V1 1875000 1790360 1173550 1790360
V1 1173550 1790360 1164910 1799000
Net27 5 
V1 3495390 1861140 3489218 1854968
V1 3489218 1854968 2700000 1854968
V1 2700000 1854968 1875000 1781720
V1 1875000 1781720 1092102 1781720
V1 1092102 1781720 1066182 1755800
Net28 5 
V1 3685920 1861140 3673577 1848797
V1 3673577 1848797 2700000 1848797
V1 2700000 1848797 1875000 1777400
V1 1875000 1777400 1153600 1777400
V1 1153600 1777400 1132000 1755800
Net29 5 
V1 3781180 1861140 3762666 1842626
V1 3762666 1842626 2700000 1842626
V1 2700000 1842626 1875000 1773080
V1 1875000 1773080 1215100 1773080
V1 1215100 1773080 1197820 1755800
Net30 5 
V1 3971710 1861140 3947025 1836455
V1 3947025 1836455 2700000 1836455
V1 2700000 1836455 1875000 1768760
V1 1875000 1768760 1276600 1768760
V1 1276600 1768760 1263640 1755800
Net31 5 
V1 4066970 1861140 4036113 1830283
V1 4036113 1830283 2700000 1830283
V1 2700000 1830283 1875000 1764440
V1 1875000 1764440 1403910 1764440
V1 1403910 1764440 1395270 1755800
Net32 5 
V1 4257492 1861140 4220465 1824112
V1 4220465 1824112 2700000 1824112
V1 2700000 1824112 1875000 1760120
V1 1875000 1760120 1531230 1760120
V1 1531230 1760120 1526910 1755800
Net33 5 
V1 4352760 1861140 4309561 1817941
V1 4309561 1817941 2700000 1817941
V1 2700000 1817941 1875000 1734200
V1 1875000 1734200 890330 1734200
V1 890330 1734200 868730 1755800
Net35 5 
V1 3257237 1805600 3251067 1811770
V1 3251067 1811770 2700000 1811770
V1 2700000 1811770 1875000 1691000
V1 1875000 1691000 923240 1691000
V1 923240 1691000 901640 1712600
Net45 5 
V1 3209602 1750060 3202661 1757000
V1 3202661 1757000 2700000 1757000
V1 2700000 1757000 1875000 1631600
V1 1875000 1631600 1038170 1631600
V1 1038170 1631600 1000370 1669400
Net46 5 
V1 3400130 1750060 3386246 1763943
V1 3386246 1763943 2700000 1763943
V1 2700000 1763943 1875000 1637000
V1 1875000 1637000 1098582 1637000
V1 1098582 1637000 1066182 1669400
Net47 5 
V1 3495390 1750060 3474563 1770886
V1 3474563 1770886 2700000 1770886
V1 2700000 1770886 1875000 1642400
V1 1875000 1642400 1159000 1642400
V1 1159000 1642400 1132000 1669400
Net48 5 
V1 3685920 1750060 3658151 1777829
V1 3658151 1777829 2700000 1777829
V1 2700000 1777829 1875000 1647800
V1 1875000 1647800 1285240 1647800
V1 1285240 1647800 1263640 1669400
Net49 5 
V1 3781180 1750060 3746468 1784771
V1 3746468 1784771 2700000 1784771
V1 2700000 1784771 1875000 1653200
V1 1875000 1653200 1411470 1653200
V1 1411470 1653200 1395270 1669400
Net50 5 
V1 3971710 1750060 3930055 1791714
V1 3930055 1791714 2700000 1791714
V1 2700000 1791714 1875000 1658600
V1 1875000 1658600 1537710 1658600
V1 1537710 1658600 1526910 1669400
Net51 5 
V1 4066970 1750060 4018372 1798657
V1 4018372 1798657 2700000 1798657
V1 2700000 1798657 1875000 1664000
V1 1875000 1664000 1598130 1664000
V1 1598130 1664000 1592730 1669400
Net53 5 
V1 4352760 1750060 4324988 1722288
V1 4324988 1722288 2700000 1722288
V1 2700000 1722288 1875000 1561400
V1 1875000 1561400 890330 1561400
V1 890330 1561400 868730 1583000
Net71 5 
V1 3781180 1638970 3753408 1666741
V1 3753408 1666741 2700000 1666741
V1 2700000 1666741 1875000 1525400
V1 1875000 1525400 1179310 1525400
V1 1179310 1525400 1164910 1539800
Net77 5 
V1 4352760 1638970 4334246 1620456
V1 4334246 1620456 2700000 1620456
V1 2700000 1620456 1875000 1511000
V1 1875000 1511000 883130 1511000
V1 883130 1511000 868730 1496600
Net81 5 
V1 3447760 1583430 3429248 1601942
V1 3429248 1601942 2700000 1601942
V1 2700000 1601942 1875000 1475000
V1 1875000 1475000 1087782 1475000
V1 1087782 1475000 1066182 1496600
