Nets 26
Net4 5 
M2 3565080 1603400 3543480 1625000
M2 3543480 1625000 2800000 1625000
M2 2800000 1625000 1875000 1842200
M2 1875000 1842200 1539450 1842200
M2 1539450 1842200 1530810 1850840
Net14 5 
M2 3759940 1560200 3749140 1571000
M2 3749140 1571000 2800000 1571000
M2 2800000 1571000 1875000 1807640
M2 1875000 1807640 1516040 1807640
M2 1516040 1807640 1498760 1824920
Net15 5 
M2 3837880 1560200 3816280 1581800
M2 3816280 1581800 2800000 1581800
M2 2800000 1581800 1875000 1816280
M2 1875000 1816280 1571490 1816280
M2 1571490 1816280 1562850 1824920
Net16 5 
M2 3993762 1560200 3961362 1592600
M2 3961362 1592600 2800000 1592600
M2 2800000 1592600 1875000 1833560
M2 1875000 1833560 1186972 1833560
M2 1186972 1833560 1178332 1824920
Net21 5 
M2 3565080 1517000 3550680 1531400
M2 3550680 1531400 2800000 1531400
M2 2800000 1531400 1875000 1760120
M2 1875000 1760120 1447640 1760120
M2 1447640 1760120 1434680 1773080
Net24 5 
M2 3876850 1517000 3848050 1545800
M2 3848050 1545800 2800000 1545800
M2 2800000 1545800 1875000 1766600
M2 1875000 1766600 1569330 1766600
M2 1569330 1766600 1562850 1773080
Net25 5 
M2 3954790 1517000 3946150 1508360
M2 3946150 1508360 2800000 1508360
M2 2800000 1508360 1875000 1753640
M2 1875000 1753640 1197772 1753640
M2 1197772 1753640 1178332 1773080
Net29 5 
M2 3370227 1473800 3361587 1482440
M2 3361587 1482440 2800000 1482440
M2 2800000 1482440 1875000 1727720
M2 1875000 1727720 1293900 1727720
M2 1293900 1727720 1274460 1747160
Net33 5 
M2 3837880 1473800 3820600 1491080
M2 3820600 1491080 2800000 1491080
M2 2800000 1491080 1875000 1734200
M2 1875000 1734200 1543770 1734200
M2 1543770 1734200 1530810 1747160
Net34 5 
M2 3915820 1473800 3889900 1499720
M2 3889900 1499720 2800000 1499720
M2 2800000 1499720 1875000 1740680
M2 1875000 1740680 1601370 1740680
M2 1601370 1740680 1594890 1747160
Net37 5 
M2 3175370 1430600 3166730 1439240
M2 3166730 1439240 2800000 1439240
M2 2800000 1439240 1875000 1700504
M2 1875000 1700504 1391326 1700504
M2 1391326 1700504 1370590 1721240
Net41 5 
M2 3720970 1430600 3703690 1447880
M2 3703690 1447880 2800000 1447880
M2 2800000 1447880 1875000 1705688
M2 1875000 1705688 1450232 1705688
M2 1450232 1705688 1434680 1721240
Net42 5 
M2 3798910 1430600 3772990 1456520
M2 3772990 1456520 2800000 1456520
M2 2800000 1456520 1875000 1710872
M2 1875000 1710872 1509128 1710872
M2 1509128 1710872 1498760 1721240
Net43 5 
M2 3876850 1430600 3842290 1465160
M2 3842290 1465160 2800000 1465160
M2 2800000 1465160 1875000 1716056
M2 1875000 1716056 1568034 1716056
M2 1568034 1716056 1562850 1721240
Net44 5 
M2 3214340 1387400 3199940 1401800
M2 3199940 1401800 2800000 1401800
M2 2800000 1401800 1875000 1626200
M2 1875000 1626200 1291740 1626200
M2 1291740 1626200 1274460 1643480
Net50 5 
M2 3759940 1387400 3731140 1416200
M2 3731140 1416200 2800000 1416200
M2 2800000 1416200 1875000 1634840
M2 1875000 1634840 1475360 1634840
M2 1475360 1634840 1466720 1643480
Net57 5 
M2 3643020 1344200 3621420 1365800
M2 3621420 1365800 2800000 1365800
M2 2800000 1365800 1875000 1608920
M2 1875000 1608920 1571490 1608920
M2 1571490 1608920 1562850 1617560
Net67 5 
M2 3604050 1301000 3595410 1309640
M2 3595410 1309640 2800000 1309640
M2 2800000 1309640 1875000 1546280
M2 1875000 1546280 1454120 1546280
M2 1454120 1546280 1434680 1565720
Net68 5 
M2 3759940 1301000 3742660 1318280
M2 3742660 1318280 2800000 1318280
M2 2800000 1318280 1875000 1552760
M2 1875000 1552760 1511720 1552760
M2 1511720 1552760 1498760 1565720
Net69 5 
M2 3837880 1301000 3811960 1326920
M2 3811960 1326920 2800000 1326920
M2 2800000 1326920 1875000 1559240
M2 1875000 1559240 1569330 1559240
M2 1569330 1559240 1562850 1565720
Net70 5 
M2 3993762 1301000 3959202 1335560
M2 3959202 1335560 2800000 1335560
M2 2800000 1335560 1875000 1600280
M2 1875000 1600280 1195612 1600280
M2 1195612 1600280 1178332 1617560
Net74 5 
M2 3331252 1257800 3309652 1279400
M2 3309652 1279400 2800000 1279400
M2 2800000 1279400 1875000 1505240
M2 1875000 1505240 1379230 1505240
M2 1379230 1505240 1370590 1513880
Net84 5 
M2 3526110 1214600 3517470 1223240
M2 3517470 1223240 2800000 1223240
M2 2800000 1223240 1875000 1468520
M2 1875000 1468520 1357990 1468520
M2 1357990 1468520 1338550 1487960
Net85 5 
M2 3604050 1214600 3586770 1231880
M2 3586770 1231880 2800000 1231880
M2 2800000 1231880 1875000 1475000
M2 1875000 1475000 1479680 1475000
M2 1479680 1475000 1466720 1487960
Net86 5 
M2 3759940 1214600 3734020 1240520
M2 3734020 1240520 2800000 1240520
M2 2800000 1240520 1875000 1481480
M2 1875000 1481480 1601370 1481480
M2 1601370 1481480 1594890 1487960
Net87 5 
M2 3993762 1214600 3959202 1249160
M2 3959202 1249160 2800000 1249160
M2 2800000 1249160 1875000 1496600
M2 1875000 1496600 1195612 1496600
M2 1195612 1496600 1178332 1513880
