Nets 26
Net11 5 
V2 3261970 1541687 3254034 1549623
V2 3254034 1549623 2800000 1549623
V2 2800000 1549623 1875000 1806200
V2 1875000 1806200 823322 1806200
V2 823322 1806200 787322 1842200
Net12 5 
V2 3452500 1541687 3436630 1557557
V2 3436630 1557557 2800000 1557557
V2 2800000 1557557 1875000 1813400
V2 1875000 1813400 902730 1813400
V2 902730 1813400 873930 1842200
Net13 5 
V2 3547760 1541687 3523955 1565492
V2 3523955 1565492 2800000 1565492
V2 2800000 1565492 1875000 1820600
V2 1875000 1820600 982130 1820600
V2 982130 1820600 960530 1842200
Net14 5 
V2 3643020 1541687 3611281 1573426
V2 3611281 1573426 2800000 1573426
V2 2800000 1573426 1875000 1827800
V2 1875000 1827800 1148132 1827800
V2 1148132 1827800 1133732 1842200
Net15 5 
V2 3738290 1541687 3698616 1581361
V2 3698616 1581361 2800000 1581361
V2 2800000 1581361 1875000 1835000
V2 1875000 1835000 1314140 1835000
V2 1314140 1835000 1306940 1842200
Net22 5 
V2 4405130 1541687 4357522 1589295
V2 4357522 1589295 2800000 1589295
V2 2800000 1589295 1875000 1863800
V2 1875000 1863800 592420 1863800
V2 592420 1863800 570820 1885400
Net23 5 
V2 3214340 1486140 3186563 1513916
V2 3186563 1513916 2800000 1513916
V2 2800000 1513916 1875000 1784600
V2 1875000 1784600 758420 1784600
V2 758420 1784600 744020 1799000
Net34 5 
V2 3166710 1430600 3148198 1449112
V2 3148198 1449112 2800000 1449112
V2 2800000 1449112 1875000 1734200
V2 1875000 1734200 722320 1734200
V2 722320 1734200 700720 1755800
Net43 5 
V2 4405130 1430600 4368104 1467626
V2 4368104 1467626 2800000 1467626
V2 2800000 1467626 1875000 1770200
V2 1875000 1770200 599620 1770200
V2 599620 1770200 570820 1799000
Net54 5 
V2 3166710 1319512 3148190 1338032
V2 3148190 1338032 2800000 1338032
V2 2800000 1338032 1875000 1615400
V2 1875000 1615400 754820 1615400
V2 754820 1615400 744020 1626200
Net61 5 
V2 4024077 1319512 4017906 1313341
V2 4017906 1313341 2800000 1313341
V2 2800000 1313341 1875000 1604600
V2 1875000 1604600 1328540 1604600
V2 1328540 1604600 1306940 1583000
Net62 5 
V2 4214600 1319512 4202257 1307170
V2 4202257 1307170 2800000 1307170
V2 2800000 1307170 1875000 1593800
V2 1875000 1593800 1490942 1593800
V2 1490942 1593800 1480142 1583000
Net63 5 
V2 4309860 1319512 4291346 1300998
V2 4291346 1300998 2800000 1300998
V2 2800000 1300998 1875000 1578680
V2 1875000 1578680 1571070 1578680
V2 1571070 1578680 1566750 1583000
Net64 5 
V2 4405130 1319512 4368096 1356546
V2 4368096 1356546 2800000 1356546
V2 2800000 1356546 1875000 1647800
V2 1875000 1647800 592420 1647800
V2 592420 1647800 570820 1626200
Net66 5 
V2 3214340 1263970 3208167 1270142
V2 3208167 1270142 2800000 1270142
V2 2800000 1270142 1875000 1557080
V2 1875000 1557080 726640 1557080
V2 726640 1557080 700720 1583000
Net67 5 
V2 3309602 1263970 3297258 1276313
V2 3297258 1276313 2800000 1276313
V2 2800000 1276313 1875000 1561400
V2 1875000 1561400 808922 1561400
V2 808922 1561400 787322 1583000
Net68 5 
V2 3404870 1263970 3386355 1282485
V2 3386355 1282485 2800000 1282485
V2 2800000 1282485 1875000 1565720
V2 1875000 1565720 977810 1565720
V2 977810 1565720 960530 1583000
Net69 5 
V2 3500130 1263970 3475443 1288656
V2 3475443 1288656 2800000 1288656
V2 2800000 1288656 1875000 1570040
V2 1875000 1570040 1060090 1570040
V2 1060090 1570040 1047130 1583000
Net70 5 
V2 3595390 1263970 3564532 1294827
V2 3564532 1294827 2800000 1294827
V2 2800000 1294827 1875000 1574360
V2 1875000 1574360 1142372 1574360
V2 1142372 1574360 1133732 1583000
Net73 5 
V2 4071710 1263970 4064767 1257027
V2 4064767 1257027 2800000 1257027
V2 2800000 1257027 1875000 1552760
V2 1875000 1552760 1276600 1552760
V2 1276600 1552760 1263640 1539800
Net74 5 
V2 4166970 1263970 4153084 1250084
V2 4153084 1250084 2800000 1250084
V2 2800000 1250084 1875000 1548440
V2 1875000 1548440 1358880 1548440
V2 1358880 1548440 1350240 1539800
Net75 5 
V2 4262230 1263970 4241401 1243141
V2 4241401 1243141 2800000 1243141
V2 2800000 1243141 1875000 1544120
V2 1875000 1544120 1441160 1544120
V2 1441160 1544120 1436840 1539800
Net76 5 
V2 4357492 1263970 4329721 1236199
V2 4329721 1236199 2800000 1236199
V2 2800000 1236199 1875000 1531160
V2 1875000 1531160 1532087 1531160
V2 1532087 1531160 1523447 1539800
Net78 5 
V2 3166710 1208430 3159769 1215370
V2 3159769 1215370 2800000 1215370
V2 2800000 1215370 1875000 1505240
V2 1875000 1505240 778580 1505240
V2 778580 1505240 744020 1539800
Net79 5 
V2 3261970 1208430 3248086 1222313
V2 3248086 1222313 2800000 1222313
V2 2800000 1222313 1875000 1513880
V2 1875000 1513880 856547 1513880
V2 856547 1513880 830627 1539800
Net80 5 
V2 3452500 1208430 3431673 1229256
V2 3431673 1229256 2800000 1229256
V2 2800000 1229256 1875000 1522520
V2 1875000 1522520 934510 1522520
V2 934510 1522520 917230 1539800
