Nets 40
Net0 5 
V1 3054130 1612040 3048946 1617224
V1 3048946 1617224 2800000 1617224
V1 2800000 1617224 1875000 1850840
V1 1875000 1850840 1067837 1850840
V1 1067837 1850840 1033277 1885400
Net1 5 
V1 3140730 1612040 3130362 1622408
V1 3130362 1622408 2800000 1622408
V1 2800000 1622408 1875000 1859480
V1 1875000 1859480 1190830 1859480
V1 1190830 1859480 1164910 1885400
Net2 5 
V1 3227330 1612040 3211778 1627592
V1 3211778 1627592 2800000 1627592
V1 2800000 1627592 1875000 1868120
V1 1875000 1868120 1248010 1868120
V1 1248010 1868120 1230730 1885400
Net3 5 
V1 3270630 1612040 3249894 1632776
V1 3249894 1632776 2800000 1632776
V1 2800000 1632776 1875000 1876760
V1 1875000 1876760 1371002 1876760
V1 1371002 1876760 1362362 1885400
Net4 5 
V1 3075780 1586120 3070596 1591304
V1 3070596 1591304 2800000 1591304
V1 2800000 1591304 1875000 1823000
V1 1875000 1823000 1085382 1823000
V1 1085382 1823000 1066182 1842200
Net5 5 
V1 3119080 1586120 3108712 1596488
V1 3108712 1596488 2800000 1596488
V1 2800000 1596488 1875000 1827800
V1 1875000 1827800 1146400 1827800
V1 1146400 1827800 1132000 1842200
Net6 5 
V1 3162380 1586120 3146828 1601672
V1 3146828 1601672 2800000 1601672
V1 2800000 1601672 1875000 1832600
V1 1875000 1832600 1273240 1832600
V1 1273240 1832600 1263640 1842200
Net7 5 
V1 3205680 1586120 3184944 1606856
V1 3184944 1606856 2800000 1606856
V1 2800000 1606856 1875000 1837400
V1 1875000 1837400 1400070 1837400
V1 1400070 1837400 1395270 1842200
Net11 5 
V1 3054130 1560200 3045490 1568840
V1 3045490 1568840 2800000 1568840
V1 2800000 1568840 1875000 1813400
V1 1875000 1813400 963350 1813400
V1 963350 1813400 934550 1842200
Net12 5 
V1 3097430 1560200 3080150 1577480
V1 3080150 1577480 2800000 1577480
V1 2800000 1577480 1875000 1818200
V1 1875000 1818200 1024370 1818200
V1 1024370 1818200 1000370 1842200
Net17 5 
V1 3119080 1534280 3106120 1547240
V1 3106120 1547240 2800000 1547240
V1 2800000 1547240 1875000 1808600
V1 1875000 1808600 1042877 1808600
V1 1042877 1808600 1033277 1799000
Net20 5 
V1 3292280 1534280 3287960 1529960
V1 3287960 1529960 2800000 1529960
V1 2800000 1529960 1875000 1803800
V1 1875000 1803800 1432980 1803800
V1 1432980 1803800 1428180 1799000
Net22 5 
V1 3054130 1508360 3049810 1512680
V1 3049810 1512680 2800000 1512680
V1 2800000 1512680 1875000 1743456
V1 1875000 1743456 1210163 1743456
V1 1210163 1743456 1197820 1755800
Net23 5 
V1 3140730 1508360 3132090 1517000
V1 3132090 1517000 2800000 1517000
V1 2800000 1517000 1875000 1749627
V1 1875000 1749627 1269812 1749627
V1 1269812 1749627 1263640 1755800
Net25 5 
V1 3227330 1508360 3214370 1521320
V1 3214370 1521320 2800000 1521320
V1 2800000 1521320 1875000 1770200
V1 1875000 1770200 1391162 1770200
V1 1391162 1770200 1362362 1799000
Net26 5 
V1 3270630 1508360 3253350 1525640
V1 3253350 1525640 2800000 1525640
V1 2800000 1525640 1875000 1784600
V1 1875000 1784600 1574220 1784600
V1 1574220 1784600 1559820 1799000
Net28 5 
V1 3119080 1482440 3106120 1495400
V1 3106120 1495400 2800000 1495400
V1 2800000 1495400 1875000 1737285
V1 1875000 1737285 1084697 1737285
V1 1084697 1737285 1066182 1755800
Net34 5 
V1 3097430 1456520 3084470 1469480
V1 3084470 1469480 2800000 1469480
V1 2800000 1469480 1875000 1731113
V1 1875000 1731113 1025056 1731113
V1 1025056 1731113 1000370 1755800
Net36 5 
V1 3184030 1456520 3179710 1452200
V1 3179710 1452200 2800000 1452200
V1 2800000 1452200 1875000 1724942
V1 1875000 1724942 1374705 1724942
V1 1374705 1724942 1362362 1712600
Net37 5 
V1 3227330 1456520 3218690 1447880
V1 3218690 1447880 2800000 1447880
V1 2800000 1447880 1875000 1718771
V1 1875000 1718771 1434351 1718771
V1 1434351 1718771 1428180 1712600
Net38 5 
V1 3270630 1456520 3257670 1443560
V1 3257670 1443560 2800000 1443560
V1 2800000 1443560 1875000 1705400
V1 1875000 1705400 1501200 1705400
V1 1501200 1705400 1494000 1712600
Net40 5 
V1 3162380 1430600 3157196 1425416
V1 3157196 1425416 2800000 1425416
V1 2800000 1425416 1875000 1683800
V1 1875000 1683800 1127890 1683800
V1 1127890 1683800 1099090 1712600
Net41 5 
V1 3205680 1430600 3201360 1434920
V1 3201360 1434920 2800000 1434920
V1 2800000 1434920 1875000 1691000
V1 1875000 1691000 1186510 1691000
V1 1186510 1691000 1164910 1712600
Net42 5 
V1 3292280 1430600 3283640 1439240
V1 3283640 1439240 2800000 1439240
V1 2800000 1439240 1875000 1698200
V1 1875000 1698200 1310950 1698200
V1 1310950 1698200 1296550 1712600
Net45 5 
V1 3140730 1404680 3135546 1409864
V1 3135546 1409864 2800000 1409864
V1 2800000 1409864 1875000 1647800
V1 1875000 1647800 1285240 1647800
V1 1285240 1647800 1263640 1669400
Net46 5 
V1 3184030 1404680 3173662 1415048
V1 3173662 1415048 2800000 1415048
V1 2800000 1415048 1875000 1658600
V1 1875000 1658600 1406070 1658600
V1 1406070 1658600 1395270 1669400
Net47 5 
V1 3270630 1404680 3255078 1420232
V1 3255078 1420232 2800000 1420232
V1 2800000 1420232 1875000 1676600
V1 1875000 1676600 1599930 1676600
V1 1599930 1676600 1592730 1669400
Net53 5 
V1 3292280 1378760 3279320 1391720
V1 3279320 1391720 2800000 1391720
V1 2800000 1391720 1875000 1637000
V1 1875000 1637000 1570620 1637000
V1 1570620 1637000 1559820 1626200
Net54 5 
V1 3335582 1378760 3322622 1365800
V1 3322622 1365800 2800000 1365800
V1 2800000 1365800 1875000 1604600
V1 1875000 1604600 857420 1604600
V1 857420 1604600 835820 1626200
Net60 5 
V1 3075780 1326920 3069300 1333400
V1 3069300 1333400 2800000 1333400
V1 2800000 1333400 1875000 1566800
V1 1875000 1566800 950750 1566800
V1 950750 1566800 934550 1583000
Net61 5 
V1 3119080 1326920 3106120 1339880
V1 3106120 1339880 2800000 1339880
V1 2800000 1339880 1875000 1572200
V1 1875000 1572200 1142800 1572200
V1 1142800 1572200 1132000 1583000
Net62 5 
V1 3162380 1326920 3142940 1346360
V1 3142940 1346360 2800000 1346360
V1 2800000 1346360 1875000 1577600
V1 1875000 1577600 1203220 1577600
V1 1203220 1577600 1197820 1583000
Net72 5 
V1 3119080 1275080 3106120 1288040
V1 3106120 1288040 2800000 1288040
V1 2800000 1288040 1875000 1561400
V1 1875000 1561400 1054877 1561400
V1 1054877 1561400 1033277 1539800
Net73 5 
V1 3162380 1275080 3158060 1270760
V1 3158060 1270760 2800000 1270760
V1 2800000 1270760 1875000 1556000
V1 1875000 1556000 1115290 1556000
V1 1115290 1556000 1099090 1539800
Net74 5 
V1 3248980 1275080 3240340 1266440
V1 3240340 1266440 2800000 1266440
V1 2800000 1266440 1875000 1550600
V1 1875000 1550600 1504800 1550600
V1 1504800 1550600 1494000 1539800
Net75 5 
V1 3292280 1275080 3279320 1262120
V1 3279320 1262120 2800000 1262120
V1 2800000 1262120 1875000 1545200
V1 1875000 1545200 1565220 1545200
V1 1565220 1545200 1559820 1539800
Net76 5 
V1 3335582 1275080 3318302 1257800
V1 3318302 1257800 2800000 1257800
V1 2800000 1257800 1875000 1525400
V1 1875000 1525400 850220 1525400
V1 850220 1525400 835820 1539800
Net77 5 
V1 3054130 1249160 3045490 1240520
V1 3045490 1240520 2800000 1240520
V1 2800000 1240520 1875000 1482200
V1 1875000 1482200 1080582 1482200
V1 1080582 1482200 1066182 1496600
Net78 5 
V1 3097430 1249160 3093110 1253480
V1 3093110 1253480 2800000 1253480
V1 2800000 1253480 1875000 1511000
V1 1875000 1511000 1212220 1511000
V1 1212220 1511000 1197820 1496600
Net87 5 
V1 3335582 1223240 3326942 1231880
V1 3326942 1231880 2800000 1231880
V1 2800000 1231880 1875000 1467800
V1 1875000 1467800 897530 1467800
V1 897530 1467800 868730 1496600
