Nets 35
Net0 5 
V1 3082270 1603400 3076097 1609572
V1 3076097 1609572 2800000 1609572
V1 2800000 1609572 1875000 1863801
V1 1875000 1863801 488169 1863801
V1 488169 1863801 460400 1891570
Net1 5 
V1 3213910 1603400 3201566 1615743
V1 3201566 1615743 2800000 1615743
V1 2800000 1615743 1875000 1868429
V1 1875000 1868429 660210 1868429
V1 660210 1868429 637070 1891570
Net2 5 
V1 3279730 1603400 3261215 1621915
V1 3261215 1621915 2800000 1621915
V1 2800000 1621915 1875000 1873058
V1 1875000 1873058 743912 1873058
V1 743912 1873058 725400 1891570
Net3 5 
V1 3411360 1603400 3386673 1628086
V1 3386673 1628086 2800000 1628086
V1 2800000 1628086 1875000 1877686
V1 1875000 1877686 915953 1877686
V1 915953 1877686 902070 1891570
Net4 5 
V1 3477180 1603400 3446322 1634257
V1 3446322 1634257 2800000 1634257
V1 2800000 1634257 1875000 1882315
V1 1875000 1882315 999665 1882315
V1 999665 1882315 990410 1891570
Net5 5 
V1 3608817 1603400 3571788 1640428
V1 3571788 1640428 2800000 1640428
V1 2800000 1640428 1875000 1886943
V1 1875000 1886943 1171706 1886943
V1 1171706 1886943 1167080 1891570
Net7 5 
V1 3115180 1560200 3110380 1555400
V1 3110380 1555400 2800000 1555400
V1 2800000 1555400 1875000 1859172
V1 1875000 1859172 439372 1859172
V1 439372 1859172 416230 1836030
Net8 5 
V1 3181000 1560200 3171400 1550600
V1 3171400 1550600 2800000 1550600
V1 2800000 1550600 1875000 1854544
V1 1875000 1854544 523084 1854544
V1 523084 1854544 504570 1836030
Net9 5 
V1 3246820 1560200 3232420 1545800
V1 3232420 1545800 2800000 1545800
V1 2800000 1545800 1875000 1849915
V1 1875000 1849915 606785 1849915
V1 606785 1849915 592900 1836030
Net10 5 
V1 3312637 1560200 3293437 1541000
V1 3293437 1541000 2800000 1541000
V1 2800000 1541000 1875000 1845287
V1 1875000 1845287 690494 1845287
V1 690494 1845287 681237 1836030
Net11 5 
V1 3378450 1560200 3354450 1536200
V1 3354450 1536200 2800000 1536200
V1 2800000 1536200 1875000 1840658
V1 1875000 1840658 774198 1840658
V1 774198 1840658 769570 1836030
Net12 5 
V1 3510090 1560200 3481290 1531400
V1 3481290 1531400 2800000 1531400
V1 2800000 1531400 1875000 1817515
V1 1875000 1817515 876422 1817515
V1 876422 1817515 857907 1836030
Net18 5 
V1 3148090 1517000 3143290 1521800
V1 3143290 1521800 2800000 1521800
V1 2800000 1521800 1875000 1761968
V1 1875000 1761968 567252 1761968
V1 567252 1761968 548732 1780487
Net19 5 
V1 3279730 1517000 3270130 1526600
V1 3270130 1526600 2800000 1526600
V1 2800000 1526600 1875000 1799001
V1 1875000 1799001 743914 1799001
V1 743914 1799001 725400 1780487
Net26 5 
V1 3115180 1473800 3110380 1469000
V1 3110380 1469000 2800000 1469000
V1 2800000 1469000 1875000 1743454
V1 1875000 1743454 434744 1743454
V1 434744 1743454 416230 1724940
Net37 5 
V1 3148090 1430600 3143290 1435400
V1 3143290 1435400 2800000 1435400
V1 2800000 1435400 1875000 1681742
V1 1875000 1681742 724435 1681742
V1 724435 1681742 681237 1724940
Net38 5 
V1 3279730 1430600 3270130 1440200
V1 3270130 1440200 2800000 1440200
V1 2800000 1440200 1875000 1687913
V1 1875000 1687913 894933 1687913
V1 894933 1687913 857907 1724940
Net39 5 
V1 3411360 1430600 3396960 1445000
V1 3396960 1445000 2800000 1445000
V1 2800000 1445000 1875000 1694085
V1 1875000 1694085 977095 1694085
V1 977095 1694085 946240 1724940
Net40 5 
V1 3543000 1430600 3523800 1449800
V1 3523800 1449800 2800000 1449800
V1 2800000 1449800 1875000 1700256
V1 1875000 1700256 1147593 1700256
V1 1147593 1700256 1122910 1724940
Net41 5 
V1 3608817 1430600 3584817 1454600
V1 3584817 1454600 2800000 1454600
V1 2800000 1454600 1875000 1706427
V1 1875000 1706427 1229752 1706427
V1 1229752 1706427 1211240 1724940
Net42 5 
V1 3674630 1430600 3645830 1459400
V1 3645830 1459400 2800000 1459400
V1 2800000 1459400 1875000 1712598
V1 1875000 1712598 1400251 1712598
V1 1400251 1712598 1387910 1724940
Net43 5 
V1 3740450 1430600 3706850 1464200
V1 3706850 1464200 2800000 1464200
V1 2800000 1464200 1875000 1718770
V1 1875000 1718770 1482420 1718770
V1 1482420 1718770 1476250 1724940
Net44 5 
V1 3181000 1387400 3172360 1396040
V1 3172360 1396040 2800000 1396040
V1 2800000 1396040 1875000 1636077
V1 1875000 1636077 493723 1636077
V1 493723 1636077 460400 1669400
Net45 5 
V1 3246820 1387400 3229540 1404680
V1 3229540 1404680 2800000 1404680
V1 2800000 1404680 1875000 1647185
V1 1875000 1647185 570947 1647185
V1 570947 1647185 548732 1669400
Net46 5 
V1 3312637 1387400 3286717 1413320
V1 3286717 1413320 2800000 1413320
V1 2800000 1413320 1875000 1658294
V1 1875000 1658294 736506 1658294
V1 736506 1658294 725400 1669400
Net47 5 
V1 3378450 1387400 3343890 1421960
V1 3343890 1421960 2800000 1421960
V1 2800000 1421960 1875000 1675571
V1 1875000 1675571 819911 1675571
V1 819911 1675571 813740 1669400
Net62 5 
V1 3115180 1301000 3100780 1286600
V1 3100780 1286600 2800000 1286600
V1 2800000 1286600 1875000 1569421
V1 1875000 1569421 559841 1569421
V1 559841 1569421 548732 1558312
Net63 5 
V1 3246820 1301000 3218020 1272200
V1 3218020 1272200 2800000 1272200
V1 2800000 1272200 1875000 1547204
V1 1875000 1547204 648178 1547204
V1 648178 1547204 637070 1558312
Net67 5 
V1 3510090 1301000 3501450 1309640
V1 3501450 1309640 2800000 1309640
V1 2800000 1309640 1875000 1580529
V1 1875000 1580529 1332910 1580529
V1 1332910 1580529 1299580 1613860
Net68 5 
V1 3641722 1301000 3624442 1318280
V1 3624442 1318280 2800000 1318280
V1 2800000 1318280 1875000 1591638
V1 1875000 1591638 1410132 1591638
V1 1410132 1591638 1387910 1613860
Net69 5 
V1 3707540 1301000 3681620 1326920
V1 3681620 1326920 2800000 1326920
V1 2800000 1326920 1875000 1602746
V1 1875000 1602746 1487363 1602746
V1 1487363 1602746 1476250 1613860
Net70 5 
V1 3839180 1301000 3804620 1335560
V1 3804620 1335560 2800000 1335560
V1 2800000 1335560 1875000 1624968
V1 1875000 1624968 416494 1624968
V1 416494 1624968 372062 1669400
Net72 5 
V1 3148090 1257800 3137290 1247000
V1 3137290 1247000 2800000 1247000
V1 2800000 1247000 1875000 1536095
V1 1875000 1536095 537895 1536095
V1 537895 1536095 504570 1502770
Net73 5 
V1 3213910 1257800 3192310 1236200
V1 3192310 1236200 2800000 1236200
V1 2800000 1236200 1875000 1524987
V1 1875000 1524987 615117 1524987
V1 615117 1524987 592900 1502770
Net81 5 
V1 3115180 1214600 3104380 1225400
V1 3104380 1225400 2800000 1225400
V1 2800000 1225400 1875000 1513878
V1 1875000 1513878 780678 1513878
V1 780678 1513878 769570 1502770
