Nets 48
Net6 5 
M2 3954790 1603400 3933190 1625000
M2 3933190 1625000 2800000 1625000
M2 2800000 1625000 1875000 1863800
M2 1875000 1863800 857420 1863800
M2 857420 1863800 835820 1885400
Net9 5 
M2 3292280 1560200 3286880 1565600
M2 3286880 1565600 2800000 1565600
M2 2800000 1565600 1875000 1804400
M2 1875000 1804400 1103982 1804400
M2 1103982 1804400 1066182 1842200
Net10 5 
M2 3370227 1560200 3359427 1571000
M2 3359427 1571000 2800000 1571000
M2 2800000 1571000 1875000 1809800
M2 1875000 1809800 1164400 1809800
M2 1164400 1809800 1132000 1842200
Net11 5 
M2 3448170 1560200 3431970 1576400
M2 3431970 1576400 2800000 1576400
M2 2800000 1576400 1875000 1815200
M2 1875000 1815200 1290640 1815200
M2 1290640 1815200 1263640 1842200
Net12 5 
M2 3604050 1560200 3582450 1581800
M2 3582450 1581800 2800000 1581800
M2 2800000 1581800 1875000 1820600
M2 1875000 1820600 1416870 1820600
M2 1416870 1820600 1395270 1842200
Net13 5 
M2 3681997 1560200 3654997 1587200
M2 3654997 1587200 2800000 1587200
M2 2800000 1587200 1875000 1826000
M2 1875000 1826000 1477290 1826000
M2 1477290 1826000 1461090 1842200
Net14 5 
M2 3759940 1560200 3727540 1592600
M2 3727540 1592600 2800000 1592600
M2 2800000 1592600 1875000 1831400
M2 1875000 1831400 1537710 1831400
M2 1537710 1831400 1526910 1842200
Net15 5 
M2 3837880 1560200 3800080 1598000
M2 3800080 1598000 2800000 1598000
M2 2800000 1598000 1875000 1836800
M2 1875000 1836800 1598130 1836800
M2 1598130 1836800 1592730 1842200
Net19 5 
M2 3331252 1517000 3325080 1523172
M2 3325080 1523172 2800000 1523172
M2 2800000 1523172 1875000 1761971
M2 1875000 1761971 1201938 1761971
M2 1201938 1761971 1164910 1799000
Net20 5 
M2 3487140 1517000 3474796 1529343
M2 3474796 1529343 2800000 1529343
M2 2800000 1529343 1875000 1768142
M2 1875000 1768142 1261587 1768142
M2 1261587 1768142 1230730 1799000
Net21 5 
M2 3565080 1517000 3546565 1535515
M2 3546565 1535515 2800000 1535515
M2 2800000 1535515 1875000 1774313
M2 1875000 1774313 1321236 1774313
M2 1321236 1774313 1296550 1799000
Net22 5 
M2 3643020 1517000 3618333 1541686
M2 3618333 1541686 2800000 1541686
M2 2800000 1541686 1875000 1780485
M2 1875000 1780485 1380877 1780485
M2 1380877 1780485 1362362 1799000
Net23 5 
M2 3798910 1517000 3768052 1547857
M2 3768052 1547857 2800000 1547857
M2 2800000 1547857 1875000 1786656
M2 1875000 1786656 1440523 1786656
M2 1440523 1786656 1428180 1799000
Net24 5 
M2 3876850 1517000 3839821 1554028
M2 3839821 1554028 2800000 1554028
M2 2800000 1554028 1875000 1792827
M2 1875000 1792827 1565992 1792827
M2 1565992 1792827 1559820 1799000
Net28 5 
M2 3292280 1473800 3286880 1479200
M2 3286880 1479200 2800000 1479200
M2 2800000 1479200 1875000 1718000
M2 1875000 1718000 1103982 1718000
M2 1103982 1718000 1066182 1755800
Net29 5 
M2 3370227 1473800 3359427 1484600
M2 3359427 1484600 2800000 1484600
M2 2800000 1484600 1875000 1723400
M2 1875000 1723400 1164400 1723400
M2 1164400 1723400 1132000 1755800
Net30 5 
M2 3526110 1473800 3509910 1490000
M2 3509910 1490000 2800000 1490000
M2 2800000 1490000 1875000 1728800
M2 1875000 1728800 1224820 1728800
M2 1224820 1728800 1197820 1755800
Net31 5 
M2 3604050 1473800 3582450 1495400
M2 3582450 1495400 2800000 1495400
M2 2800000 1495400 1875000 1734200
M2 1875000 1734200 1285240 1734200
M2 1285240 1734200 1263640 1755800
Net32 5 
M2 3681997 1473800 3654997 1500800
M2 3654997 1500800 2800000 1500800
M2 2800000 1500800 1875000 1739600
M2 1875000 1739600 1411470 1739600
M2 1411470 1739600 1395270 1755800
Net33 5 
M2 3837880 1473800 3805480 1506200
M2 3805480 1506200 2800000 1506200
M2 2800000 1506200 1875000 1745000
M2 1875000 1745000 1537710 1745000
M2 1537710 1745000 1526910 1755800
Net34 5 
M2 3915820 1473800 3878020 1511600
M2 3878020 1511600 2800000 1511600
M2 2800000 1511600 1875000 1750400
M2 1875000 1750400 1598130 1750400
M2 1598130 1750400 1592730 1755800
Net38 5 
M2 3331252 1430600 3325080 1436772
M2 3325080 1436772 2800000 1436772
M2 2800000 1436772 1875000 1675571
M2 1875000 1675571 1136118 1675571
M2 1136118 1675571 1099090 1712600
Net39 5 
M2 3487140 1430600 3474796 1442943
M2 3474796 1442943 2800000 1442943
M2 2800000 1442943 1875000 1681742
M2 1875000 1681742 1195767 1681742
M2 1195767 1681742 1164910 1712600
Net40 5 
M2 3643020 1430600 3624505 1449115
M2 3624505 1449115 2800000 1449115
M2 2800000 1449115 1875000 1687913
M2 1875000 1687913 1321236 1687913
M2 1321236 1687913 1296550 1712600
Net41 5 
M2 3720970 1430600 3696283 1455286
M2 3696283 1455286 2800000 1455286
M2 2800000 1455286 1875000 1694085
M2 1875000 1694085 1380877 1694085
M2 1380877 1694085 1362362 1712600
Net42 5 
M2 3798910 1430600 3768052 1461457
M2 3768052 1461457 2800000 1461457
M2 2800000 1461457 1875000 1700256
M2 1875000 1700256 1440523 1700256
M2 1440523 1700256 1428180 1712600
Net43 5 
M2 3876850 1430600 3839821 1467628
M2 3839821 1467628 2800000 1467628
M2 2800000 1467628 1875000 1706427
M2 1875000 1706427 1500172 1706427
M2 1500172 1706427 1494000 1712600
Net55 5 
M2 3487140 1344200 3476340 1355000
M2 3476340 1355000 2800000 1355000
M2 2800000 1355000 1875000 1597400
M2 1875000 1597400 1193710 1597400
M2 1193710 1597400 1164910 1626200
Net56 5 
M2 3565080 1344200 3543480 1365800
M2 3543480 1365800 2800000 1365800
M2 2800000 1365800 1875000 1611800
M2 1875000 1611800 1245130 1611800
M2 1245130 1611800 1230730 1626200
Net61 5 
M2 3954790 1344200 3922390 1376600
M2 3922390 1376600 2800000 1376600
M2 2800000 1376600 1875000 1647800
M2 1875000 1647800 857420 1647800
M2 857420 1647800 835820 1626200
Net64 5 
M2 3370227 1301000 3364055 1307172
M2 3364055 1307172 2800000 1307172
M2 2800000 1307172 1875000 1545971
M2 1875000 1545971 1169028 1545971
M2 1169028 1545971 1132000 1583000
Net65 5 
M2 3448170 1301000 3435826 1313343
M2 3435826 1313343 2800000 1313343
M2 2800000 1313343 1875000 1552142
M2 1875000 1552142 1228677 1552142
M2 1228677 1552142 1197820 1583000
Net66 5 
M2 3526110 1301000 3507595 1319515
M2 3507595 1319515 2800000 1319515
M2 2800000 1319515 1875000 1558313
M2 1875000 1558313 1288326 1558313
M2 1288326 1558313 1263640 1583000
Net67 5 
M2 3604050 1301000 3579363 1325686
M2 3579363 1325686 2800000 1325686
M2 2800000 1325686 1875000 1564485
M2 1875000 1564485 1413785 1564485
M2 1413785 1564485 1395270 1583000
Net68 5 
M2 3759940 1301000 3729082 1331857
M2 3729082 1331857 2800000 1331857
M2 2800000 1331857 1875000 1570656
M2 1875000 1570656 1539253 1570656
M2 1539253 1570656 1526910 1583000
Net69 5 
M2 3837880 1301000 3800851 1338028
M2 3800851 1338028 2800000 1338028
M2 2800000 1338028 1875000 1576827
M2 1875000 1576827 1598902 1576827
M2 1598902 1576827 1592730 1583000
Net73 5 
M2 3253310 1257800 3247910 1263200
M2 3247910 1263200 2800000 1263200
M2 2800000 1263200 1875000 1502000
M2 1875000 1502000 1136890 1502000
M2 1136890 1502000 1099090 1539800
Net74 5 
M2 3331252 1257800 3320452 1268600
M2 3320452 1268600 2800000 1268600
M2 2800000 1268600 1875000 1507400
M2 1875000 1507400 1197310 1507400
M2 1197310 1507400 1164910 1539800
Net75 5 
M2 3487140 1257800 3470940 1274000
M2 3470940 1274000 2800000 1274000
M2 2800000 1274000 1875000 1512800
M2 1875000 1512800 1323550 1512800
M2 1323550 1512800 1296550 1539800
Net76 5 
M2 3643020 1257800 3621420 1279400
M2 3621420 1279400 2800000 1279400
M2 2800000 1279400 1875000 1518200
M2 1875000 1518200 1383962 1518200
M2 1383962 1518200 1362362 1539800
Net77 5 
M2 3720970 1257800 3693970 1284800
M2 3693970 1284800 2800000 1284800
M2 2800000 1284800 1875000 1523600
M2 1875000 1523600 1444380 1523600
M2 1444380 1523600 1428180 1539800
Net78 5 
M2 3798910 1257800 3766510 1290200
M2 3766510 1290200 2800000 1290200
M2 2800000 1290200 1875000 1529000
M2 1875000 1529000 1504800 1529000
M2 1504800 1529000 1494000 1539800
Net79 5 
M2 3876850 1257800 3839050 1295600
M2 3839050 1295600 2800000 1295600
M2 2800000 1295600 1875000 1534400
M2 1875000 1534400 1565220 1534400
M2 1565220 1534400 1559820 1539800
Net82 5 
M2 3292280 1214600 3285080 1221800
M2 3285080 1221800 2800000 1221800
M2 2800000 1221800 1875000 1460600
M2 1875000 1460600 1233820 1460600
M2 1233820 1460600 1197820 1496600
Net83 5 
M2 3370227 1214600 3355827 1229000
M2 3355827 1229000 2800000 1229000
M2 2800000 1229000 1875000 1467800
M2 1875000 1467800 1292440 1467800
M2 1292440 1467800 1263640 1496600
Net84 5 
M2 3526110 1214600 3504510 1236200
M2 3504510 1236200 2800000 1236200
M2 2800000 1236200 1875000 1475000
M2 1875000 1475000 1416870 1475000
M2 1416870 1475000 1395270 1496600
Net85 5 
M2 3604050 1214600 3575250 1243400
M2 3575250 1243400 2800000 1243400
M2 2800000 1243400 1875000 1482200
M2 1875000 1482200 1475490 1482200
M2 1475490 1482200 1461090 1496600
Net86 5 
M2 3759940 1214600 3723940 1250600
M2 3723940 1250600 2800000 1250600
M2 2800000 1250600 1875000 1489400
M2 1875000 1489400 1599930 1489400
M2 1599930 1489400 1592730 1496600
