Nets 40
Net0 5 
V1 3097430 1603400 3091257 1609572
V1 3091257 1609572 2800000 1609572
V1 2800000 1609572 1875000 1856600
V1 1875000 1856600 859427 1856600
V1 859427 1856600 830627 1885400
Net1 5 
V1 3253310 1603400 3240966 1615743
V1 3240966 1615743 2800000 1615743
V1 2800000 1615743 1875000 1861400
V1 1875000 1861400 1027830 1861400
V1 1027830 1861400 1003830 1885400
Net2 5 
V1 3331252 1603400 3312737 1621915
V1 3312737 1621915 2800000 1621915
V1 2800000 1621915 1875000 1866200
V1 1875000 1866200 1109630 1866200
V1 1109630 1866200 1090430 1885400
Net3 5 
V1 3487140 1603400 3462453 1628086
V1 3462453 1628086 2800000 1628086
V1 2800000 1628086 1875000 1871000
V1 1875000 1871000 1278040 1871000
V1 1278040 1871000 1263640 1885400
Net4 5 
V1 3565080 1603400 3534222 1634257
V1 3534222 1634257 2800000 1634257
V1 2800000 1634257 1875000 1875800
V1 1875000 1875800 1359840 1875800
V1 1359840 1875800 1350240 1885400
Net5 5 
V1 3720970 1603400 3683941 1640428
V1 3683941 1640428 2800000 1640428
V1 2800000 1640428 1875000 1880600
V1 1875000 1880600 1528247 1880600
V1 1528247 1880600 1523447 1885400
Net7 5 
V1 3136400 1560200 3122000 1574600
V1 3122000 1574600 2800000 1574600
V1 2800000 1574600 1875000 1847000
V1 1875000 1847000 705520 1847000
V1 705520 1847000 700720 1842200
Net8 5 
V1 3214340 1560200 3199940 1545800
V1 3199940 1545800 2800000 1545800
V1 2800000 1545800 1875000 1827800
V1 1875000 1827800 801722 1827800
V1 801722 1827800 787322 1842200
Net16 5 
V1 3993762 1560200 3964962 1589000
V1 3964962 1589000 2800000 1589000
V1 2800000 1589000 1875000 1851800
V1 1875000 1851800 623720 1851800
V1 623720 1851800 614120 1842200
Net17 5 
V1 3097430 1517000 3088790 1508360
V1 3088790 1508360 2800000 1508360
V1 2800000 1508360 1875000 1790360
V1 1875000 1790360 752660 1790360
V1 752660 1790360 744020 1799000
Net18 5 
V1 3175370 1517000 3160970 1531400
V1 3160970 1531400 2800000 1531400
V1 2800000 1531400 1875000 1813400
V1 1875000 1813400 845027 1813400
V1 845027 1813400 830627 1799000
Net25 5 
V1 3954790 1517000 3937510 1499720
V1 3937510 1499720 2800000 1499720
V1 2800000 1499720 1875000 1781720
V1 1875000 1781720 588100 1781720
V1 588100 1781720 570820 1799000
Net26 5 
V1 3136400 1473800 3127760 1482440
V1 3127760 1482440 2800000 1482440
V1 2800000 1482440 1875000 1764440
V1 1875000 1764440 709360 1764440
V1 709360 1764440 700720 1755800
Net27 5 
V1 3214340 1473800 3199940 1459400
V1 3199940 1459400 2800000 1459400
V1 2800000 1459400 1875000 1741400
V1 1875000 1741400 801722 1741400
V1 801722 1741400 787322 1755800
Net35 5 
V1 3993762 1473800 3976482 1491080
V1 3976482 1491080 2800000 1491080
V1 2800000 1491080 1875000 1773080
V1 1875000 1773080 631400 1773080
V1 631400 1773080 614120 1755800
Net36 5 
V1 3097430 1430600 3092630 1425800
V1 3092630 1425800 2800000 1425800
V1 2800000 1425800 1875000 1691000
V1 1875000 1691000 679020 1691000
V1 679020 1691000 657420 1712600
Net37 5 
V1 3175370 1430600 3160970 1445000
V1 3160970 1445000 2800000 1445000
V1 2800000 1445000 1875000 1727000
V1 1875000 1727000 845027 1727000
V1 845027 1727000 830627 1712600
Net44 5 
V1 3214340 1387400 3209540 1382600
V1 3209540 1382600 2800000 1382600
V1 2800000 1382600 1875000 1631000
V1 1875000 1631000 739120 1631000
V1 739120 1631000 700720 1669400
Net45 5 
V1 3292280 1387400 3287480 1392200
V1 3287480 1392200 2800000 1392200
V1 2800000 1392200 1875000 1635800
V1 1875000 1635800 820922 1635800
V1 820922 1635800 787322 1669400
Net46 5 
V1 3370227 1387400 3360627 1397000
V1 3360627 1397000 2800000 1397000
V1 2800000 1397000 1875000 1640600
V1 1875000 1640600 902730 1640600
V1 902730 1640600 873930 1669400
Net47 5 
V1 3448170 1387400 3433770 1401800
V1 3433770 1401800 2800000 1401800
V1 2800000 1401800 1875000 1645400
V1 1875000 1645400 984530 1645400
V1 984530 1645400 960530 1669400
Net48 5 
V1 3604050 1387400 3584850 1406600
V1 3584850 1406600 2800000 1406600
V1 2800000 1406600 1875000 1650200
V1 1875000 1650200 1152932 1650200
V1 1152932 1650200 1133732 1669400
Net49 5 
V1 3681997 1387400 3657997 1411400
V1 3657997 1411400 2800000 1411400
V1 2800000 1411400 1875000 1655000
V1 1875000 1655000 1321340 1655000
V1 1321340 1655000 1306940 1669400
Net50 5 
V1 3759940 1387400 3731140 1416200
V1 3731140 1416200 2800000 1416200
V1 2800000 1416200 1875000 1659800
V1 1875000 1659800 1489742 1659800
V1 1489742 1659800 1480142 1669400
Net51 5 
V1 3915820 1387400 3882220 1421000
V1 3882220 1421000 2800000 1421000
V1 2800000 1421000 1875000 1664600
V1 1875000 1664600 1571550 1664600
V1 1571550 1664600 1566750 1669400
Net52 5 
V1 3097430 1344200 3092630 1349000
V1 3092630 1349000 2800000 1349000
V1 2800000 1349000 1875000 1595960
V1 1875000 1595960 687660 1595960
V1 687660 1595960 657420 1626200
Net53 5 
V1 3175370 1344200 3165770 1353800
V1 3165770 1353800 2800000 1353800
V1 2800000 1353800 1875000 1600280
V1 1875000 1600280 769940 1600280
V1 769940 1600280 744020 1626200
Net54 5 
V1 3331252 1344200 3316852 1358600
V1 3316852 1358600 2800000 1358600
V1 2800000 1358600 1875000 1604600
V1 1875000 1604600 938830 1604600
V1 938830 1604600 917230 1626200
Net57 5 
V1 3643020 1344200 3623820 1363400
V1 3623820 1363400 2800000 1363400
V1 2800000 1363400 1875000 1608920
V1 1875000 1608920 1280920 1608920
V1 1280920 1608920 1263640 1626200
Net58 5 
V1 3720970 1344200 3696970 1368200
V1 3696970 1368200 2800000 1368200
V1 2800000 1368200 1875000 1613240
V1 1875000 1613240 1363200 1613240
V1 1363200 1613240 1350240 1626200
Net59 5 
V1 3798910 1344200 3770110 1373000
V1 3770110 1373000 2800000 1373000
V1 2800000 1373000 1875000 1617560
V1 1875000 1617560 1445480 1617560
V1 1445480 1617560 1436840 1626200
Net60 5 
V1 3876850 1344200 3843250 1377800
V1 3843250 1377800 2800000 1377800
V1 2800000 1377800 1875000 1621880
V1 1875000 1621880 1527767 1621880
V1 1527767 1621880 1523447 1626200
Net62 5 
V1 3136400 1301000 3122000 1315400
V1 3122000 1315400 2800000 1315400
V1 2800000 1315400 1875000 1587320
V1 1875000 1587320 705040 1587320
V1 705040 1587320 700720 1583000
Net63 5 
V1 3292280 1301000 3277880 1286600
V1 3277880 1286600 2800000 1286600
V1 2800000 1286600 1875000 1568600
V1 1875000 1568600 801722 1568600
V1 801722 1568600 787322 1583000
Net70 5 
V1 3993762 1301000 3964962 1329800
V1 3964962 1329800 2800000 1329800
V1 2800000 1329800 1875000 1591640
V1 1875000 1591640 622760 1591640
V1 622760 1591640 614120 1583000
Net71 5 
V1 3097430 1257800 3088790 1249160
V1 3088790 1249160 2800000 1249160
V1 2800000 1249160 1875000 1531160
V1 1875000 1531160 752660 1531160
V1 752660 1531160 744020 1539800
Net72 5 
V1 3175370 1257800 3160970 1272200
V1 3160970 1272200 2800000 1272200
V1 2800000 1272200 1875000 1554200
V1 1875000 1554200 845027 1554200
V1 845027 1554200 830627 1539800
Net80 5 
V1 3954790 1257800 3937510 1240520
V1 3937510 1240520 2800000 1240520
V1 2800000 1240520 1875000 1522520
V1 1875000 1522520 588100 1522520
V1 588100 1522520 570820 1539800
Net81 5 
V1 3136400 1214600 3127760 1223240
V1 3127760 1223240 2800000 1223240
V1 2800000 1223240 1875000 1505240
V1 1875000 1505240 882570 1505240
V1 882570 1505240 873930 1496600
Net87 5 
V1 3993762 1214600 3976482 1231880
V1 3976482 1231880 2800000 1231880
V1 2800000 1231880 1875000 1513880
V1 1875000 1513880 631400 1513880
V1 631400 1513880 614120 1496600
