Nets 66
Net0 5 
V1 3054130 1612040 3048946 1617224
V1 3048946 1617224 2800000 1617224
V1 2800000 1617224 1875000 1859480
V1 1875000 1859480 1329850 1859480
V1 1329850 1859480 1312570 1876760
Net1 5 
V1 3140730 1612040 3130362 1622408
V1 3130362 1622408 2800000 1622408
V1 2800000 1622408 1875000 1863800
V1 1875000 1863800 1432917 1863800
V1 1432917 1863800 1419957 1876760
Net2 5 
V1 3227330 1612040 3211778 1627592
V1 3211778 1627592 2800000 1627592
V1 2800000 1627592 1875000 1868120
V1 1875000 1868120 1535980 1868120
V1 1535980 1868120 1527340 1876760
Net3 5 
V1 3270630 1612040 3249894 1632776
V1 3249894 1632776 2800000 1632776
V1 2800000 1632776 1875000 1872440
V1 1875000 1872440 1585360 1872440
V1 1585360 1872440 1581040 1876760
Net6 5 
V1 3162380 1586120 3158060 1590440
V1 3158060 1590440 2800000 1590440
V1 2800000 1590440 1875000 1833560
V1 1875000 1833560 1464080 1833560
V1 1464080 1833560 1446800 1850840
Net7 5 
V1 3205680 1586120 3197040 1594760
V1 3197040 1594760 2800000 1594760
V1 2800000 1594760 1875000 1837880
V1 1875000 1837880 1513457 1837880
V1 1513457 1837880 1500497 1850840
Net8 5 
V1 3248980 1586120 3236020 1599080
V1 3236020 1599080 2800000 1599080
V1 2800000 1599080 1875000 1842200
V1 1875000 1842200 1562830 1842200
V1 1562830 1842200 1554190 1850840
Net9 5 
V1 3292280 1586120 3275000 1603400
V1 3275000 1603400 2800000 1603400
V1 2800000 1603400 1875000 1846520
V1 1875000 1846520 1612200 1846520
V1 1612200 1846520 1607880 1850840
Net10 5 
V1 3335582 1586120 3313982 1607720
V1 3313982 1607720 2800000 1607720
V1 2800000 1607720 1875000 1855160
V1 1875000 1855160 1280472 1855160
V1 1280472 1855160 1258872 1876760
Net11 5 
V1 3054130 1560200 3049810 1564520
V1 3049810 1564520 2800000 1564520
V1 2800000 1564520 1875000 1807640
V1 1875000 1807640 1329850 1807640
V1 1329850 1807640 1312570 1824920
Net12 5 
V1 3097430 1560200 3088790 1568840
V1 3088790 1568840 2800000 1568840
V1 2800000 1568840 1875000 1811960
V1 1875000 1811960 1379220 1811960
V1 1379220 1811960 1366260 1824920
Net13 5 
V1 3184030 1560200 3171070 1573160
V1 3171070 1573160 2800000 1573160
V1 2800000 1573160 1875000 1816280
V1 1875000 1816280 1482290 1816280
V1 1482290 1816280 1473650 1824920
Net14 5 
V1 3227330 1560200 3210050 1577480
V1 3210050 1577480 2800000 1577480
V1 2800000 1577480 1875000 1820600
V1 1875000 1820600 1531660 1820600
V1 1531660 1820600 1527340 1824920
Net15 5 
V1 3313932 1560200 3292332 1581800
V1 3292332 1581800 2800000 1581800
V1 2800000 1581800 1875000 1829240
V1 1875000 1829240 1585360 1829240
V1 1585360 1829240 1581040 1824920
Net18 5 
V1 3162380 1534280 3153740 1525640
V1 3153740 1525640 2800000 1525640
V1 2800000 1525640 1875000 1779560
V1 1875000 1779560 1466240 1779560
V1 1466240 1779560 1446800 1799000
Net19 5 
V1 3248980 1534280 3242500 1540760
V1 3242500 1540760 2800000 1540760
V1 2800000 1540760 1875000 1786040
V1 1875000 1786040 1513457 1786040
V1 1513457 1786040 1500497 1799000
Net20 5 
V1 3292280 1534280 3279320 1547240
V1 3279320 1547240 2800000 1547240
V1 2800000 1547240 1875000 1792520
V1 1875000 1792520 1614360 1792520
V1 1614360 1792520 1607880 1799000
Net21 5 
V1 3335582 1534280 3316142 1553720
V1 3316142 1553720 2800000 1553720
V1 2800000 1553720 1875000 1803320
V1 1875000 1803320 1280472 1803320
V1 1280472 1803320 1258872 1824920
Net22 5 
V1 3054130 1508360 3045490 1517000
V1 3045490 1517000 2800000 1517000
V1 2800000 1517000 1875000 1764440
V1 1875000 1764440 1321210 1764440
V1 1321210 1764440 1312570 1773080
Net27 5 
V1 3075780 1482440 3071460 1486760
V1 3071460 1486760 2800000 1486760
V1 2800000 1486760 1875000 1726424
V1 1875000 1726424 1360153 1726424
V1 1360153 1726424 1339417 1747160
Net28 5 
V1 3119080 1482440 3110440 1491080
V1 3110440 1491080 2800000 1491080
V1 2800000 1491080 1875000 1731608
V1 1875000 1731608 1408662 1731608
V1 1408662 1731608 1393110 1747160
Net29 5 
V1 3162380 1482440 3149420 1495400
V1 3149420 1495400 2800000 1495400
V1 2800000 1495400 1875000 1736792
V1 1875000 1736792 1457168 1736792
V1 1457168 1736792 1446800 1747160
Net31 5 
V1 3292280 1482440 3275000 1499720
V1 3275000 1499720 2800000 1499720
V1 2800000 1499720 1875000 1741976
V1 1875000 1741976 1613064 1741976
V1 1613064 1741976 1607880 1747160
Net32 5 
V1 3335582 1482440 3313982 1504040
V1 3313982 1504040 2800000 1504040
V1 2800000 1504040 1875000 1755800
V1 1875000 1755800 1276152 1755800
V1 1276152 1755800 1258872 1773080
Net33 5 
V1 3054130 1456520 3048946 1461704
V1 3048946 1461704 2800000 1461704
V1 2800000 1461704 1875000 1703960
V1 1875000 1703960 1329850 1703960
V1 1329850 1703960 1312570 1721240
Net35 5 
V1 3140730 1456520 3130362 1466888
V1 3130362 1466888 2800000 1466888
V1 2800000 1466888 1875000 1708280
V1 1875000 1708280 1432917 1708280
V1 1432917 1708280 1419957 1721240
Net36 5 
V1 3184030 1456520 3168478 1472072
V1 3168478 1472072 2800000 1472072
V1 2800000 1472072 1875000 1712600
V1 1875000 1712600 1482290 1712600
V1 1482290 1712600 1473650 1721240
Net38 5 
V1 3270630 1456520 3249894 1477256
V1 3249894 1477256 2800000 1477256
V1 2800000 1477256 1875000 1716920
V1 1875000 1716920 1585360 1716920
V1 1585360 1716920 1581040 1721240
Net39 5 
V1 3075780 1430600 3071460 1434920
V1 3071460 1434920 2800000 1434920
V1 2800000 1434920 1875000 1674584
V1 1875000 1674584 1360153 1674584
V1 1360153 1674584 1339417 1695320
Net40 5 
V1 3162380 1430600 3153740 1439240
V1 3153740 1439240 2800000 1439240
V1 2800000 1439240 1875000 1679768
V1 1875000 1679768 1462352 1679768
V1 1462352 1679768 1446800 1695320
Net41 5 
V1 3205680 1430600 3192720 1443560
V1 3192720 1443560 2800000 1443560
V1 2800000 1443560 1875000 1684952
V1 1875000 1684952 1510865 1684952
V1 1510865 1684952 1500497 1695320
Net42 5 
V1 3292280 1430600 3275000 1447880
V1 3275000 1447880 2800000 1447880
V1 2800000 1447880 1875000 1690136
V1 1875000 1690136 1613064 1690136
V1 1613064 1690136 1607880 1695320
Net43 5 
V1 3335582 1430600 3313982 1452200
V1 3313982 1452200 2800000 1452200
V1 2800000 1452200 1875000 1699640
V1 1875000 1699640 1280472 1699640
V1 1280472 1699640 1258872 1721240
Net45 5 
V1 3140730 1404680 3134250 1411160
V1 3134250 1411160 2800000 1411160
V1 2800000 1411160 1875000 1653848
V1 1875000 1653848 1435509 1653848
V1 1435509 1653848 1419957 1669400
Net46 5 
V1 3184030 1404680 3171070 1417640
V1 3171070 1417640 2800000 1417640
V1 2800000 1417640 1875000 1659032
V1 1875000 1659032 1484018 1659032
V1 1484018 1659032 1473650 1669400
Net47 5 
V1 3270630 1404680 3251190 1424120
V1 3251190 1424120 2800000 1424120
V1 2800000 1424120 1875000 1664216
V1 1875000 1664216 1586224 1664216
V1 1586224 1664216 1581040 1669400
Net49 5 
V1 3119080 1378760 3114760 1383080
V1 3114760 1383080 2800000 1383080
V1 2800000 1383080 1875000 1622744
V1 1875000 1622744 1413846 1622744
V1 1413846 1622744 1393110 1643480
Net50 5 
V1 3162380 1378760 3153740 1387400
V1 3153740 1387400 2800000 1387400
V1 2800000 1387400 1875000 1627928
V1 1875000 1627928 1462352 1627928
V1 1462352 1627928 1446800 1643480
Net52 5 
V1 3248980 1378760 3236020 1391720
V1 3236020 1391720 2800000 1391720
V1 2800000 1391720 1875000 1633112
V1 1875000 1633112 1564558 1633112
V1 1564558 1633112 1554190 1643480
Net53 5 
V1 3292280 1378760 3275000 1396040
V1 3275000 1396040 2800000 1396040
V1 2800000 1396040 1875000 1638296
V1 1875000 1638296 1613064 1638296
V1 1613064 1638296 1607880 1643480
Net54 5 
V1 3335582 1378760 3313982 1400360
V1 3313982 1400360 2800000 1400360
V1 2800000 1400360 1875000 1648664
V1 1875000 1648664 1279608 1648664
V1 1279608 1648664 1258872 1669400
Net55 5 
V1 3054130 1352840 3047650 1359320
V1 3047650 1359320 2800000 1359320
V1 2800000 1359320 1875000 1602008
V1 1875000 1602008 1328122 1602008
V1 1328122 1602008 1312570 1617560
Net56 5 
V1 3097430 1352840 3084470 1365800
V1 3084470 1365800 2800000 1365800
V1 2800000 1365800 1875000 1607192
V1 1875000 1607192 1376628 1607192
V1 1376628 1607192 1366260 1617560
Net57 5 
V1 3184030 1352840 3164590 1372280
V1 3164590 1372280 2800000 1372280
V1 2800000 1372280 1875000 1612376
V1 1875000 1612376 1478834 1612376
V1 1478834 1612376 1473650 1617560
Net60 5 
V1 3075780 1326920 3071460 1331240
V1 3071460 1331240 2800000 1331240
V1 2800000 1331240 1875000 1570904
V1 1875000 1570904 1360153 1570904
V1 1360153 1570904 1339417 1591640
Net62 5 
V1 3162380 1326920 3153740 1335560
V1 3153740 1335560 2800000 1335560
V1 2800000 1335560 1875000 1576088
V1 1875000 1576088 1462352 1576088
V1 1462352 1576088 1446800 1591640
Net63 5 
V1 3205680 1326920 3192720 1339880
V1 3192720 1339880 2800000 1339880
V1 2800000 1339880 1875000 1581272
V1 1875000 1581272 1510865 1581272
V1 1510865 1581272 1500497 1591640
Net64 5 
V1 3292280 1326920 3275000 1344200
V1 3275000 1344200 2800000 1344200
V1 2800000 1344200 1875000 1586456
V1 1875000 1586456 1613064 1586456
V1 1613064 1586456 1607880 1591640
Net65 5 
V1 3335582 1326920 3313982 1348520
V1 3313982 1348520 2800000 1348520
V1 2800000 1348520 1875000 1596824
V1 1875000 1596824 1279608 1596824
V1 1279608 1596824 1258872 1617560
Net66 5 
V1 3054130 1301000 3048946 1306184
V1 3048946 1306184 2800000 1306184
V1 2800000 1306184 1875000 1548440
V1 1875000 1548440 1329850 1548440
V1 1329850 1548440 1312570 1565720
Net67 5 
V1 3140730 1301000 3130362 1311368
V1 3130362 1311368 2800000 1311368
V1 2800000 1311368 1875000 1552760
V1 1875000 1552760 1379220 1552760
V1 1379220 1552760 1366260 1565720
Net69 5 
V1 3227330 1301000 3211778 1316552
V1 3211778 1316552 2800000 1316552
V1 2800000 1316552 1875000 1557080
V1 1875000 1557080 1535980 1557080
V1 1535980 1557080 1527340 1565720
Net70 5 
V1 3270630 1301000 3249894 1321736
V1 3249894 1321736 2800000 1321736
V1 2800000 1321736 1875000 1561400
V1 1875000 1561400 1585360 1561400
V1 1585360 1561400 1581040 1565720
Net73 5 
V1 3162380 1275080 3157196 1280264
V1 3157196 1280264 2800000 1280264
V1 2800000 1280264 1875000 1520360
V1 1875000 1520360 1466240 1520360
V1 1466240 1520360 1446800 1539800
Net74 5 
V1 3248980 1275080 3238612 1285448
V1 3238612 1285448 2800000 1285448
V1 2800000 1285448 1875000 1526840
V1 1875000 1526840 1567150 1526840
V1 1567150 1526840 1554190 1539800
Net75 5 
V1 3292280 1275080 3276728 1290632
V1 3276728 1290632 2800000 1290632
V1 2800000 1290632 1875000 1533320
V1 1875000 1533320 1614360 1533320
V1 1614360 1533320 1607880 1539800
Net76 5 
V1 3335582 1275080 3314846 1295816
V1 3314846 1295816 2800000 1295816
V1 2800000 1295816 1875000 1544120
V1 1875000 1544120 1280472 1544120
V1 1280472 1544120 1258872 1565720
Net77 5 
V1 3054130 1249160 3048946 1254344
V1 3048946 1254344 2800000 1254344
V1 2800000 1254344 1875000 1496600
V1 1875000 1496600 1329850 1496600
V1 1329850 1496600 1312570 1513880
Net79 5 
V1 3140730 1249160 3130362 1259528
V1 3130362 1259528 2800000 1259528
V1 2800000 1259528 1875000 1500920
V1 1875000 1500920 1432917 1500920
V1 1432917 1500920 1419957 1513880
Net80 5 
V1 3184030 1249160 3168478 1264712
V1 3168478 1264712 2800000 1264712
V1 2800000 1264712 1875000 1505240
V1 1875000 1505240 1482290 1505240
V1 1482290 1505240 1473650 1513880
Net82 5 
V1 3270630 1249160 3249894 1269896
V1 3249894 1269896 2800000 1269896
V1 2800000 1269896 1875000 1509560
V1 1875000 1509560 1585360 1509560
V1 1585360 1509560 1581040 1513880
Net83 5 
V1 3075780 1223240 3071460 1227560
V1 3071460 1227560 2800000 1227560
V1 2800000 1227560 1875000 1467224
V1 1875000 1467224 1360153 1467224
V1 1360153 1467224 1339417 1487960
Net84 5 
V1 3119080 1223240 3110440 1231880
V1 3110440 1231880 2800000 1231880
V1 2800000 1231880 1875000 1472408
V1 1875000 1472408 1408662 1472408
V1 1408662 1472408 1393110 1487960
Net85 5 
V1 3205680 1223240 3192720 1236200
V1 3192720 1236200 2800000 1236200
V1 2800000 1236200 1875000 1477592
V1 1875000 1477592 1510865 1477592
V1 1510865 1477592 1500497 1487960
Net86 5 
V1 3292280 1223240 3275000 1240520
V1 3275000 1240520 2800000 1240520
V1 2800000 1240520 1875000 1482776
V1 1875000 1482776 1613064 1482776
V1 1613064 1482776 1607880 1487960
Net87 5 
V1 3335582 1223240 3313982 1244840
V1 3313982 1244840 2800000 1244840
V1 2800000 1244840 1875000 1492280
V1 1875000 1492280 1280472 1492280
V1 1280472 1492280 1258872 1513880
