Nets 22
Net4 5 
M2 3075780 1586120 3067140 1594760
M2 3067140 1594760 2800000 1594760
M2 2800000 1594760 1875000 1833560
M2 1875000 1833560 1291740 1833560
M2 1291740 1833560 1274460 1850840
Net5 5 
M2 3119080 1586120 3101800 1603400
M2 3101800 1603400 2800000 1603400
M2 2800000 1603400 1875000 1842200
M2 1875000 1842200 1347190 1842200
M2 1347190 1842200 1338550 1850840
Net16 5 
M2 3075780 1534280 3067140 1542920
M2 3067140 1542920 2800000 1542920
M2 2800000 1542920 1875000 1781720
M2 1875000 1781720 1291740 1781720
M2 1291740 1781720 1274460 1799000
Net17 5 
M2 3119080 1534280 3101800 1551560
M2 3101800 1551560 2800000 1551560
M2 2800000 1551560 1875000 1790360
M2 1875000 1790360 1347190 1790360
M2 1347190 1790360 1338550 1799000
Net23 5 
M2 3140730 1508360 3135546 1513544
M2 3135546 1513544 2800000 1513544
M2 2800000 1513544 1875000 1752344
M2 1875000 1752344 1391326 1752344
M2 1391326 1752344 1370590 1773080
Net24 5 
M2 3184030 1508360 3173662 1518728
M2 3173662 1518728 2800000 1518728
M2 2800000 1518728 1875000 1757528
M2 1875000 1757528 1450232 1757528
M2 1450232 1757528 1434680 1773080
Net25 5 
M2 3227330 1508360 3211778 1523912
M2 3211778 1523912 2800000 1523912
M2 2800000 1523912 1875000 1762712
M2 1875000 1762712 1509128 1762712
M2 1509128 1762712 1498760 1773080
Net26 5 
M2 3270630 1508360 3249894 1529096
M2 3249894 1529096 2800000 1529096
M2 2800000 1529096 1875000 1767896
M2 1875000 1767896 1568034 1767896
M2 1568034 1767896 1562850 1773080
Net30 5 
M2 3248980 1482440 3236020 1495400
M2 3236020 1495400 2800000 1495400
M2 2800000 1495400 1875000 1734200
M2 1875000 1734200 1543770 1734200
M2 1543770 1734200 1530810 1747160
Net34 5 
M2 3097430 1456520 3088790 1465160
M2 3088790 1465160 2800000 1465160
M2 2800000 1465160 1875000 1703960
M2 1875000 1703960 1323790 1703960
M2 1323790 1703960 1306510 1721240
Net37 5 
M2 3227330 1456520 3210050 1473800
M2 3210050 1473800 2800000 1473800
M2 2800000 1473800 1875000 1712600
M2 1875000 1712600 1507400 1712600
M2 1507400 1712600 1498760 1721240
Net44 5 
M2 3054130 1404680 3041170 1417640
M2 3041170 1417640 2800000 1417640
M2 2800000 1417640 1875000 1656440
M2 1875000 1656440 1255380 1656440
M2 1255380 1656440 1242420 1669400
Net48 5 
M2 3075780 1378760 3067140 1387400
M2 3067140 1387400 2800000 1387400
M2 2800000 1387400 1875000 1626200
M2 1875000 1626200 1291740 1626200
M2 1291740 1626200 1274460 1643480
Net51 5 
M2 3205680 1378760 3188400 1396040
M2 3188400 1396040 2800000 1396040
M2 2800000 1396040 1875000 1634840
M2 1875000 1634840 1475360 1634840
M2 1475360 1634840 1466720 1643480
Net58 5 
M2 3227330 1352840 3218690 1361480
M2 3218690 1361480 2800000 1361480
M2 2800000 1361480 1875000 1600280
M2 1875000 1600280 1516040 1600280
M2 1516040 1600280 1498760 1617560
Net59 5 
M2 3270630 1352840 3253350 1370120
M2 3253350 1370120 2800000 1370120
M2 2800000 1370120 1875000 1608920
M2 1875000 1608920 1571490 1608920
M2 1571490 1608920 1562850 1617560
Net61 5 
M2 3119080 1326920 3106120 1339880
M2 3106120 1339880 2800000 1339880
M2 2800000 1339880 1875000 1578680
M2 1875000 1578680 1351510 1578680
M2 1351510 1578680 1338550 1591640
Net68 5 
M2 3184030 1301000 3171070 1313960
M2 3171070 1313960 2800000 1313960
M2 2800000 1313960 1875000 1552760
M2 1875000 1552760 1447640 1552760
M2 1447640 1552760 1434680 1565720
Net71 5 
M2 3075780 1275080 3067140 1283720
M2 3067140 1283720 2800000 1283720
M2 2800000 1283720 1875000 1522520
M2 1875000 1522520 1227660 1522520
M2 1227660 1522520 1210380 1539800
Net72 5 
M2 3119080 1275080 3101800 1292360
M2 3101800 1292360 2800000 1292360
M2 2800000 1292360 1875000 1531160
M2 1875000 1531160 1347190 1531160
M2 1347190 1531160 1338550 1539800
Net78 5 
M2 3097430 1249160 3088790 1257800
M2 3088790 1257800 2800000 1257800
M2 2800000 1257800 1875000 1496600
M2 1875000 1496600 1323790 1496600
M2 1323790 1496600 1306510 1513880
Net81 5 
M2 3227330 1249160 3210050 1266440
M2 3210050 1266440 2800000 1266440
M2 2800000 1266440 1875000 1505240
M2 1875000 1505240 1507400 1505240
M2 1507400 1505240 1498760 1513880
