Nets 42
Net0 5 
V1 3097430 1603400 3088790 1612040
V1 3088790 1612040 2800000 1612040
V1 2800000 1612040 1875000 1859480
V1 1875000 1859480 1400000 1859480
V1 1400000 1859480 1382720 1876760
Net1 5 
V1 3253310 1603400 3236030 1620680
V1 3236030 1620680 2800000 1620680
V1 2800000 1620680 1875000 1863800
V1 1875000 1863800 1482280 1863800
V1 1482280 1863800 1469320 1876760
Net2 5 
V1 3331252 1603400 3305332 1629320
V1 3305332 1629320 2800000 1629320
V1 2800000 1629320 1875000 1868120
V1 1875000 1868120 1564560 1868120
V1 1564560 1868120 1555920 1876760
Net3 5 
V1 3487140 1603400 3452580 1637960
V1 3452580 1637960 2800000 1637960
V1 2800000 1637960 1875000 1872440
V1 1875000 1872440 1603540 1872440
V1 1603540 1872440 1599220 1876760
Net6 5 
V1 3954790 1603400 3948618 1597228
V1 3948618 1597228 2800000 1597228
V1 2800000 1597228 1875000 1855160
V1 1875000 1855160 1361017 1855160
V1 1361017 1855160 1339417 1876760
Net7 5 
V1 3136400 1560200 3130227 1566372
V1 3130227 1566372 2800000 1566372
V1 2800000 1566372 1875000 1829240
V1 1875000 1829240 1387040 1829240
V1 1387040 1829240 1382720 1824920
Net8 5 
V1 3214340 1560200 3205700 1551560
V1 3205700 1551560 2800000 1551560
V1 2800000 1551560 1875000 1811960
V1 1875000 1811960 1438980 1811960
V1 1438980 1811960 1426020 1824920
Net9 5 
V1 3292280 1560200 3279936 1572543
V1 3279936 1572543 2800000 1572543
V1 2800000 1572543 1875000 1833560
V1 1875000 1833560 1421650 1833560
V1 1421650 1833560 1404370 1850840
Net10 5 
V1 3370227 1560200 3351712 1578715
V1 3351712 1578715 2800000 1578715
V1 2800000 1578715 1875000 1837880
V1 1875000 1837880 1460630 1837880
V1 1460630 1837880 1447670 1850840
Net11 5 
V1 3448170 1560200 3423483 1584886
V1 3423483 1584886 2800000 1584886
V1 2800000 1584886 1875000 1842200
V1 1875000 1842200 1499610 1842200
V1 1499610 1842200 1490970 1850840
Net12 5 
V1 3604050 1560200 3573192 1591057
V1 3573192 1591057 2800000 1591057
V1 2800000 1591057 1875000 1846520
V1 1875000 1846520 1538590 1846520
V1 1538590 1846520 1534270 1850840
Net17 5 
V1 3097430 1517000 3090230 1509800
V1 3090230 1509800 2800000 1509800
V1 2800000 1509800 1875000 1778264
V1 1875000 1778264 1425106 1778264
V1 1425106 1778264 1404370 1799000
Net18 5 
V1 3175370 1517000 3166730 1525640
V1 3166730 1525640 2800000 1525640
V1 2800000 1525640 1875000 1783448
V1 1875000 1783448 1463222 1783448
V1 1463222 1783448 1447670 1799000
Net19 5 
V1 3331252 1517000 3313972 1534280
V1 3313972 1534280 2800000 1534280
V1 2800000 1534280 1875000 1788632
V1 1875000 1788632 1501338 1788632
V1 1501338 1788632 1490970 1799000
Net20 5 
V1 3487140 1517000 3461220 1542920
V1 3461220 1542920 2800000 1542920
V1 2800000 1542920 1875000 1793816
V1 1875000 1793816 1539454 1793816
V1 1539454 1793816 1534270 1799000
Net22 5 
V1 3643020 1517000 3628620 1502600
V1 3628620 1502600 2800000 1502600
V1 2800000 1502600 1875000 1764440
V1 1875000 1764440 1564560 1764440
V1 1564560 1764440 1555920 1773080
Net26 5 
V1 3136400 1473800 3125600 1463000
V1 3125600 1463000 2800000 1463000
V1 2800000 1463000 1875000 1703960
V1 1875000 1703960 1400000 1703960
V1 1400000 1703960 1382720 1721240
Net27 5 
V1 3214340 1473800 3207140 1481000
V1 3207140 1481000 2800000 1481000
V1 2800000 1481000 1875000 1712600
V1 1875000 1712600 1434660 1712600
V1 1434660 1712600 1426020 1721240
Net28 5 
V1 3292280 1473800 3277880 1488200
V1 3277880 1488200 2800000 1488200
V1 2800000 1488200 1875000 1734200
V1 1875000 1734200 1460630 1734200
V1 1460630 1734200 1447670 1747160
Net30 5 
V1 3526110 1473800 3504510 1495400
V1 3504510 1495400 2800000 1495400
V1 2800000 1495400 1875000 1755800
V1 1875000 1755800 1400000 1755800
V1 1400000 1755800 1382720 1773080
Net36 5 
V1 3097430 1430600 3090230 1423400
V1 3090230 1423400 2800000 1423400
V1 2800000 1423400 1875000 1675880
V1 1875000 1675880 1423810 1675880
V1 1423810 1675880 1404370 1695320
Net39 5 
V1 3487140 1430600 3476340 1441400
V1 3476340 1441400 2800000 1441400
V1 2800000 1441400 1875000 1682360
V1 1875000 1682360 1547230 1682360
V1 1547230 1682360 1534270 1695320
Net40 5 
V1 3643020 1430600 3621420 1452200
V1 3621420 1452200 2800000 1452200
V1 2800000 1452200 1875000 1688840
V1 1875000 1688840 1627350 1688840
V1 1627350 1688840 1620870 1695320
Net45 5 
V1 3292280 1387400 3285080 1394600
V1 3285080 1394600 2800000 1394600
V1 2800000 1394600 1875000 1626200
V1 1875000 1626200 1464950 1626200
V1 1464950 1626200 1447670 1643480
Net46 5 
V1 3370227 1387400 3355827 1401800
V1 3355827 1401800 2800000 1401800
V1 2800000 1401800 1875000 1634840
V1 1875000 1634840 1499610 1634840
V1 1499610 1634840 1490970 1643480
Net47 5 
V1 3448170 1387400 3426570 1409000
V1 3426570 1409000 2800000 1409000
V1 2800000 1409000 1875000 1652120
V1 1875000 1652120 1400000 1652120
V1 1400000 1652120 1382720 1669400
Net51 5 
V1 3915820 1387400 3887020 1416200
V1 3887020 1416200 2800000 1416200
V1 2800000 1416200 1875000 1660760
V1 1875000 1660760 1607860 1660760
V1 1607860 1660760 1599220 1669400
Net52 5 
V1 3097430 1344200 3088790 1352840
V1 3088790 1352840 2800000 1352840
V1 2800000 1352840 1875000 1596824
V1 1875000 1596824 1403456 1596824
V1 1403456 1596824 1382720 1617560
Net53 5 
V1 3175370 1344200 3158090 1361480
V1 3158090 1361480 2800000 1361480
V1 2800000 1361480 1875000 1602008
V1 1875000 1602008 1441572 1602008
V1 1441572 1602008 1426020 1617560
Net54 5 
V1 3331252 1344200 3305332 1370120
V1 3305332 1370120 2800000 1370120
V1 2800000 1370120 1875000 1607192
V1 1875000 1607192 1522988 1607192
V1 1522988 1607192 1512620 1617560
Net56 5 
V1 3565080 1344200 3554280 1333400
V1 3554280 1333400 2800000 1333400
V1 2800000 1333400 1875000 1578680
V1 1875000 1578680 1633830 1578680
V1 1633830 1578680 1620870 1591640
Net58 5 
V1 3720970 1344200 3686410 1378760
V1 3686410 1378760 2800000 1378760
V1 2800000 1378760 1875000 1612376
V1 1875000 1612376 1561104 1612376
V1 1561104 1612376 1555920 1617560
Net63 5 
V1 3292280 1301000 3281480 1311800
V1 3281480 1311800 2800000 1311800
V1 2800000 1311800 1875000 1552760
V1 1875000 1552760 1395680 1552760
V1 1395680 1552760 1382720 1565720
Net66 5 
V1 3526110 1301000 3504510 1322600
V1 3504510 1322600 2800000 1322600
V1 2800000 1322600 1875000 1559240
V1 1875000 1559240 1432500 1559240
V1 1432500 1559240 1426020 1565720
Net75 5 
V1 3487140 1257800 3480967 1263972
V1 3480967 1263972 2800000 1263972
V1 2800000 1263972 1875000 1500920
V1 1875000 1500920 1525580 1500920
V1 1525580 1500920 1512620 1513880
Net76 5 
V1 3643020 1257800 3630676 1270143
V1 3630676 1270143 2800000 1270143
V1 2800000 1270143 1875000 1505240
V1 1875000 1505240 1564560 1505240
V1 1564560 1505240 1555920 1513880
Net77 5 
V1 3720970 1257800 3702455 1276315
V1 3702455 1276315 2800000 1276315
V1 2800000 1276315 1875000 1509560
V1 1875000 1509560 1603540 1509560
V1 1603540 1509560 1599220 1513880
Net78 5 
V1 3798910 1257800 3774223 1282486
V1 3774223 1282486 2800000 1282486
V1 2800000 1282486 1875000 1522520
V1 1875000 1522520 1594850 1522520
V1 1594850 1522520 1577570 1539800
Net79 5 
V1 3876850 1257800 3845992 1288657
V1 3845992 1288657 2800000 1288657
V1 2800000 1288657 1875000 1531160
V1 1875000 1531160 1629510 1531160
V1 1629510 1531160 1620870 1539800
Net80 5 
V1 3954790 1257800 3917761 1294828
V1 3917761 1294828 2800000 1294828
V1 2800000 1294828 1875000 1546280
V1 1875000 1546280 1358857 1546280
V1 1358857 1546280 1339417 1565720
Net81 5 
V1 3136400 1214600 3122000 1229000
V1 3122000 1229000 2800000 1229000
V1 2800000 1229000 1875000 1492280
V1 1875000 1492280 1404320 1492280
V1 1404320 1492280 1382720 1513880
Net82 5 
V1 3292280 1214600 3263480 1243400
V1 3263480 1243400 2800000 1243400
V1 2800000 1243400 1875000 1496600
V1 1875000 1496600 1443300 1496600
V1 1443300 1496600 1426020 1513880
