Nets 32
Net0 5 
V1 3080110 1612040 3074926 1617224
V1 3074926 1617224 2800000 1617224
V1 2800000 1617224 1875000 1854544
V1 1875000 1854544 449796 1854544
V1 449796 1854544 412770 1891570
Net1 5 
V1 3208280 1612040 3197912 1622408
V1 3197912 1622408 2800000 1622408
V1 2800000 1622408 1875000 1863801
V1 1875000 1863801 624136 1863801
V1 624136 1863801 596367 1891570
Net2 5 
V1 3336450 1612040 3320898 1627592
V1 3320898 1627592 2800000 1627592
V1 2800000 1627592 1875000 1873058
V1 1875000 1873058 706674 1873058
V1 706674 1873058 688162 1891570
Net3 5 
V1 3400540 1612040 3379804 1632776
V1 3379804 1632776 2800000 1632776
V1 2800000 1632776 1875000 1882315
V1 1875000 1882315 881015 1882315
V1 881015 1882315 871760 1891570
Net4 5 
V1 3112150 1586120 3106966 1591304
V1 3106966 1591304 2800000 1591304
V1 2800000 1591304 1875000 1802704
V1 1875000 1802704 583793 1802704
V1 583793 1802704 550467 1836030
Net5 5 
V1 3176240 1586120 3165872 1596488
V1 3165872 1596488 2800000 1596488
V1 2800000 1596488 1875000 1813813
V1 1875000 1813813 664479 1813813
V1 664479 1813813 642262 1836030
Net6 5 
V1 3240320 1586120 3224768 1601672
V1 3224768 1601672 2800000 1601672
V1 2800000 1601672 1875000 1824921
V1 1875000 1824921 745168 1824921
V1 745168 1824921 734060 1836030
Net7 5 
V1 3304410 1586120 3283674 1606856
V1 3283674 1606856 2800000 1606856
V1 2800000 1606856 1875000 1845287
V1 1875000 1845287 835117 1845287
V1 835117 1845287 825860 1836030
Net11 5 
V1 3080110 1560200 3073630 1553720
V1 3073630 1553720 2800000 1553720
V1 2800000 1553720 1875000 1791596
V1 1875000 1791596 411304 1791596
V1 411304 1791596 366870 1836030
Net17 5 
V1 3176240 1534280 3169760 1540760
V1 3169760 1540760 2800000 1540760
V1 2800000 1540760 1875000 1761968
V1 1875000 1761968 523089 1761968
V1 523089 1761968 504570 1780487
Net18 5 
V1 3240320 1534280 3227360 1547240
V1 3227360 1547240 2800000 1547240
V1 2800000 1547240 1875000 1771225
V1 1875000 1771225 697425 1771225
V1 697425 1771225 688162 1780487
Net33 5 
V1 3080110 1456520 3067150 1469480
V1 3067150 1469480 2800000 1469480
V1 2800000 1469480 1875000 1752711
V1 1875000 1752711 394641 1752711
V1 394641 1752711 366870 1724940
Net36 5 
V1 3272362 1456520 3268042 1452200
V1 3268042 1452200 2800000 1452200
V1 2800000 1452200 1875000 1743454
V1 1875000 1743454 1211574 1743454
V1 1211574 1743454 1193060 1724940
Net37 5 
V1 3336450 1456520 3327810 1447880
V1 3327810 1447880 2800000 1447880
V1 2800000 1447880 1875000 1734197
V1 1875000 1734197 1385909 1734197
V1 1385909 1734197 1376652 1724940
Net38 5 
V1 3400540 1456520 3387580 1443560
V1 3387580 1443560 2800000 1443560
V1 2800000 1443560 1875000 1713834
V1 1875000 1713834 1479556 1713834
V1 1479556 1713834 1468450 1724940
Net40 5 
V1 3240320 1430600 3235136 1425416
V1 3235136 1425416 2800000 1425416
V1 2800000 1425416 1875000 1680508
V1 1875000 1680508 870291 1680508
V1 870291 1680508 825860 1724940
Net41 5 
V1 3304410 1430600 3300090 1434920
V1 3300090 1434920 2800000 1434920
V1 2800000 1434920 1875000 1691617
V1 1875000 1691617 950983 1691617
V1 950983 1691617 917660 1724940
Net42 5 
V1 3432580 1430600 3423940 1439240
V1 3423940 1439240 2800000 1439240
V1 2800000 1439240 1875000 1702725
V1 1875000 1702725 1123474 1702725
V1 1123474 1702725 1101260 1724940
Net45 5 
V1 3208280 1404680 3203096 1409864
V1 3203096 1409864 2800000 1409864
V1 2800000 1409864 1875000 1648573
V1 1875000 1648573 984386 1648573
V1 984386 1648573 963560 1669400
Net46 5 
V1 3272362 1404680 3261994 1415048
V1 3261994 1415048 2800000 1415048
V1 2800000 1415048 1875000 1655516
V1 1875000 1655516 1069243 1655516
V1 1069243 1655516 1055360 1669400
Net47 5 
V1 3400540 1404680 3384988 1420232
V1 3384988 1420232 2800000 1420232
V1 2800000 1420232 1875000 1662459
V1 1875000 1662459 1337693 1662459
V1 1337693 1662459 1330752 1669400
Net48 5 
V1 3112150 1378760 3105670 1385240
V1 3105670 1385240 2800000 1385240
V1 2800000 1385240 1875000 1627745
V1 1875000 1627745 454424 1627745
V1 454424 1627745 412770 1669400
Net49 5 
V1 3176240 1378760 3163280 1391720
V1 3163280 1391720 2800000 1391720
V1 2800000 1391720 1875000 1634688
V1 1875000 1634688 539281 1634688
V1 539281 1634688 504570 1669400
Net50 5 
V1 3240320 1378760 3220880 1398200
V1 3220880 1398200 2800000 1398200
V1 2800000 1398200 1875000 1641631
V1 1875000 1641631 715931 1641631
V1 715931 1641631 688162 1669400
Net56 5 
V1 3144190 1352840 3139006 1358024
V1 3139006 1358024 2800000 1358024
V1 2800000 1358024 1875000 1580529
V1 1875000 1580529 400200 1580529
V1 400200 1580529 366870 1613860
Net57 5 
V1 3272362 1352840 3261994 1363208
V1 3261994 1363208 2800000 1363208
V1 2800000 1363208 1875000 1591638
V1 1875000 1591638 572689 1591638
V1 572689 1591638 550467 1613860
Net58 5 
V1 3336450 1352840 3320898 1368392
V1 3320898 1368392 2800000 1368392
V1 2800000 1368392 1875000 1602746
V1 1875000 1602746 1112373 1602746
V1 1112373 1602746 1101260 1613860
Net59 5 
V1 3400540 1352840 3379804 1373576
V1 3379804 1373576 2800000 1373576
V1 2800000 1373576 1875000 1620802
V1 1875000 1620802 924602 1620802
V1 924602 1620802 917660 1613860
Net60 5 
V1 3112150 1326920 3099190 1339880
V1 3099190 1339880 2800000 1339880
V1 2800000 1339880 1875000 1569421
V1 1875000 1569421 515678 1569421
V1 515678 1569421 504570 1558312
Net72 5 
V1 3176240 1275080 3169760 1281560
V1 3169760 1281560 2800000 1281560
V1 2800000 1281560 1875000 1465741
V1 1875000 1465741 495698 1465741
V1 495698 1465741 458670 1502770
Net73 5 
V1 3240320 1275080 3227360 1288040
V1 3227360 1288040 2800000 1288040
V1 2800000 1288040 1875000 1484255
V1 1875000 1484255 568982 1484255
V1 568982 1484255 550467 1502770
Net74 5 
V1 3368490 1275080 3349050 1294520
V1 3349050 1294520 2800000 1294520
V1 2800000 1294520 1875000 1530541
V1 1875000 1530541 1450321 1530541
V1 1450321 1530541 1422550 1558312
