Nets 42
Net0 5 
V1 3108250 1603400 3099610 1612040
V1 3099610 1612040 2800000 1612040
V1 2800000 1612040 1875000 1859480
V1 1875000 1859480 1259700 1859480
V1 1259700 1859480 1242420 1876760
Net1 5 
V1 3281460 1603400 3264180 1620680
V1 3264180 1620680 2800000 1620680
V1 2800000 1620680 1875000 1863800
V1 1875000 1863800 1383550 1863800
V1 1383550 1863800 1370590 1876760
Net2 5 
V1 3368060 1603400 3342140 1629320
V1 3342140 1629320 2800000 1629320
V1 2800000 1629320 1875000 1868120
V1 1875000 1868120 1507400 1868120
V1 1507400 1868120 1498760 1876760
Net3 5 
V1 3541267 1603400 3506707 1637960
V1 3506707 1637960 2800000 1637960
V1 2800000 1637960 1875000 1872440
V1 1875000 1872440 1567170 1872440
V1 1567170 1872440 1562850 1876760
Net6 5 
V1 4060880 1603400 4054708 1597228
V1 4054708 1597228 2800000 1597228
V1 2800000 1597228 1875000 1855160
V1 1875000 1855160 1199932 1855160
V1 1199932 1855160 1178332 1876760
Net7 5 
V1 3151552 1560200 3145380 1566372
V1 3145380 1566372 2800000 1566372
V1 2800000 1566372 1875000 1829240
V1 1875000 1829240 1246740 1829240
V1 1246740 1829240 1242420 1824920
Net8 5 
V1 3238160 1560200 3229520 1551560
V1 3229520 1551560 2800000 1551560
V1 2800000 1551560 1875000 1811960
V1 1875000 1811960 1319470 1811960
V1 1319470 1811960 1306510 1824920
Net9 5 
V1 3324760 1560200 3312416 1572543
V1 3312416 1572543 2800000 1572543
V1 2800000 1572543 1875000 1833560
V1 1875000 1833560 1291740 1833560
V1 1291740 1833560 1274460 1850840
Net10 5 
V1 3411360 1560200 3392845 1578715
V1 3392845 1578715 2800000 1578715
V1 2800000 1578715 1875000 1837880
V1 1875000 1837880 1351510 1837880
V1 1351510 1837880 1338550 1850840
Net11 5 
V1 3497962 1560200 3473276 1584886
V1 3473276 1584886 2800000 1584886
V1 2800000 1584886 1875000 1842200
V1 1875000 1842200 1411277 1842200
V1 1411277 1842200 1402637 1850840
Net12 5 
V1 3671170 1560200 3640312 1591057
V1 3640312 1591057 2800000 1591057
V1 2800000 1591057 1875000 1846520
V1 1875000 1846520 1471040 1846520
V1 1471040 1846520 1466720 1850840
Net17 5 
V1 3108250 1517000 3101050 1509800
V1 3101050 1509800 2800000 1509800
V1 2800000 1509800 1875000 1778264
V1 1875000 1778264 1295196 1778264
V1 1295196 1778264 1274460 1799000
Net18 5 
V1 3194857 1517000 3186217 1525640
V1 3186217 1525640 2800000 1525640
V1 2800000 1525640 1875000 1783448
V1 1875000 1783448 1354102 1783448
V1 1354102 1783448 1338550 1799000
Net19 5 
V1 3368060 1517000 3350780 1534280
V1 3350780 1534280 2800000 1534280
V1 2800000 1534280 1875000 1788632
V1 1875000 1788632 1413005 1788632
V1 1413005 1788632 1402637 1799000
Net20 5 
V1 3541267 1517000 3515347 1542920
V1 3515347 1542920 2800000 1542920
V1 2800000 1542920 1875000 1793816
V1 1875000 1793816 1471904 1793816
V1 1471904 1793816 1466720 1799000
Net22 5 
V1 3714470 1517000 3700070 1502600
V1 3700070 1502600 2800000 1502600
V1 2800000 1502600 1875000 1764440
V1 1875000 1764440 1507400 1764440
V1 1507400 1764440 1498760 1773080
Net26 5 
V1 3151552 1473800 3140752 1463000
V1 3140752 1463000 2800000 1463000
V1 2800000 1463000 1875000 1703960
V1 1875000 1703960 1259700 1703960
V1 1259700 1703960 1242420 1721240
Net27 5 
V1 3238160 1473800 3230960 1481000
V1 3230960 1481000 2800000 1481000
V1 2800000 1481000 1875000 1712600
V1 1875000 1712600 1315150 1712600
V1 1315150 1712600 1306510 1721240
Net28 5 
V1 3324760 1473800 3310360 1488200
V1 3310360 1488200 2800000 1488200
V1 2800000 1488200 1875000 1734200
V1 1875000 1734200 1351510 1734200
V1 1351510 1734200 1338550 1747160
Net30 5 
V1 3584570 1473800 3562970 1495400
V1 3562970 1495400 2800000 1495400
V1 2800000 1495400 1875000 1755800
V1 1875000 1755800 1259700 1755800
V1 1259700 1755800 1242420 1773080
Net36 5 
V1 3108250 1430600 3101050 1423400
V1 3101050 1423400 2800000 1423400
V1 2800000 1423400 1875000 1675880
V1 1875000 1675880 1293900 1675880
V1 1293900 1675880 1274460 1695320
Net39 5 
V1 3541267 1430600 3530467 1441400
V1 3530467 1441400 2800000 1441400
V1 2800000 1441400 1875000 1682360
V1 1875000 1682360 1479680 1682360
V1 1479680 1682360 1466720 1695320
Net40 5 
V1 3714470 1430600 3692870 1452200
V1 3692870 1452200 2800000 1452200
V1 2800000 1452200 1875000 1688840
V1 1875000 1688840 1601370 1688840
V1 1601370 1688840 1594890 1695320
Net45 5 
V1 3324760 1387400 3317560 1394600
V1 3317560 1394600 2800000 1394600
V1 2800000 1394600 1875000 1626200
V1 1875000 1626200 1355830 1626200
V1 1355830 1626200 1338550 1643480
Net46 5 
V1 3411360 1387400 3396960 1401800
V1 3396960 1401800 2800000 1401800
V1 2800000 1401800 1875000 1634840
V1 1875000 1634840 1411277 1634840
V1 1411277 1634840 1402637 1643480
Net47 5 
V1 3497962 1387400 3476362 1409000
V1 3476362 1409000 2800000 1409000
V1 2800000 1409000 1875000 1652120
V1 1875000 1652120 1259700 1652120
V1 1259700 1652120 1242420 1669400
Net51 5 
V1 4017580 1387400 3988780 1416200
V1 3988780 1416200 2800000 1416200
V1 2800000 1416200 1875000 1660760
V1 1875000 1660760 1571490 1660760
V1 1571490 1660760 1562850 1669400
Net52 5 
V1 3108250 1344200 3099610 1352840
V1 3099610 1352840 2800000 1352840
V1 2800000 1352840 1875000 1596824
V1 1875000 1596824 1263156 1596824
V1 1263156 1596824 1242420 1617560
Net53 5 
V1 3194857 1344200 3177577 1361480
V1 3177577 1361480 2800000 1361480
V1 2800000 1361480 1875000 1602008
V1 1875000 1602008 1322062 1602008
V1 1322062 1602008 1306510 1617560
Net54 5 
V1 3368060 1344200 3342140 1370120
V1 3342140 1370120 2800000 1370120
V1 2800000 1370120 1875000 1607192
V1 1875000 1607192 1445048 1607192
V1 1445048 1607192 1434680 1617560
Net56 5 
V1 3627870 1344200 3617070 1333400
V1 3617070 1333400 2800000 1333400
V1 2800000 1333400 1875000 1578680
V1 1875000 1578680 1607850 1578680
V1 1607850 1578680 1594890 1591640
Net58 5 
V1 3801070 1344200 3766510 1378760
V1 3766510 1378760 2800000 1378760
V1 2800000 1378760 1875000 1612376
V1 1875000 1612376 1503944 1612376
V1 1503944 1612376 1498760 1617560
Net63 5 
V1 3324760 1301000 3313960 1311800
V1 3313960 1311800 2800000 1311800
V1 2800000 1311800 1875000 1552760
V1 1875000 1552760 1255380 1552760
V1 1255380 1552760 1242420 1565720
Net66 5 
V1 3584570 1301000 3562970 1322600
V1 3562970 1322600 2800000 1322600
V1 2800000 1322600 1875000 1559240
V1 1875000 1559240 1312990 1559240
V1 1312990 1559240 1306510 1565720
Net75 5 
V1 3541267 1257800 3535095 1263972
V1 3535095 1263972 2800000 1263972
V1 2800000 1263972 1875000 1500920
V1 1875000 1500920 1447640 1500920
V1 1447640 1500920 1434680 1513880
Net76 5 
V1 3714470 1257800 3702126 1270143
V1 3702126 1270143 2800000 1270143
V1 2800000 1270143 1875000 1505240
V1 1875000 1505240 1507400 1505240
V1 1507400 1505240 1498760 1513880
Net77 5 
V1 3801070 1257800 3782555 1276315
V1 3782555 1276315 2800000 1276315
V1 2800000 1276315 1875000 1509560
V1 1875000 1509560 1567170 1509560
V1 1567170 1509560 1562850 1513880
Net78 5 
V1 3887677 1257800 3862991 1282486
V1 3862991 1282486 2800000 1282486
V1 2800000 1282486 1875000 1522520
V1 1875000 1522520 1548090 1522520
V1 1548090 1522520 1530810 1539800
Net79 5 
V1 3974280 1257800 3943422 1288657
V1 3943422 1288657 2800000 1288657
V1 2800000 1288657 1875000 1531160
V1 1875000 1531160 1603530 1531160
V1 1603530 1531160 1594890 1539800
Net80 5 
V1 4060880 1257800 4023851 1294828
V1 4023851 1294828 2800000 1294828
V1 2800000 1294828 1875000 1546280
V1 1875000 1546280 1197772 1546280
V1 1197772 1546280 1178332 1565720
Net81 5 
V1 3151552 1214600 3137152 1229000
V1 3137152 1229000 2800000 1229000
V1 2800000 1229000 1875000 1492280
V1 1875000 1492280 1264020 1492280
V1 1264020 1492280 1242420 1513880
Net82 5 
V1 3324760 1214600 3295960 1243400
V1 3295960 1243400 2800000 1243400
V1 2800000 1243400 1875000 1496600
V1 1875000 1496600 1323790 1496600
V1 1323790 1496600 1306510 1513880
