Nets 40
Net0 5 
V1 3082270 1603400 3076097 1609572
V1 3076097 1609572 2800000 1609572
V1 2800000 1609572 1875000 1856600
V1 1875000 1856600 1062077 1856600
V1 1062077 1856600 1033277 1885400
Net1 5 
V1 3213910 1603400 3201566 1615743
V1 3201566 1615743 2800000 1615743
V1 2800000 1615743 1875000 1861400
V1 1875000 1861400 1188910 1861400
V1 1188910 1861400 1164910 1885400
Net2 5 
V1 3279730 1603400 3261215 1621915
V1 3261215 1621915 2800000 1621915
V1 2800000 1621915 1875000 1866200
V1 1875000 1866200 1249930 1866200
V1 1249930 1866200 1230730 1885400
Net3 5 
V1 3411360 1603400 3386673 1628086
V1 3386673 1628086 2800000 1628086
V1 2800000 1628086 1875000 1871000
V1 1875000 1871000 1376762 1871000
V1 1376762 1871000 1362362 1885400
Net4 5 
V1 3477180 1603400 3446322 1634257
V1 3446322 1634257 2800000 1634257
V1 2800000 1634257 1875000 1875800
V1 1875000 1875800 1437780 1875800
V1 1437780 1875800 1428180 1885400
Net5 5 
V1 3608817 1603400 3571788 1640428
V1 3571788 1640428 2800000 1640428
V1 2800000 1640428 1875000 1880600
V1 1875000 1880600 1564620 1880600
V1 1564620 1880600 1559820 1885400
Net7 5 
V1 3115180 1560200 3100780 1574600
V1 3100780 1574600 2800000 1574600
V1 2800000 1574600 1875000 1847000
V1 1875000 1847000 939350 1847000
V1 939350 1847000 934550 1842200
Net8 5 
V1 3181000 1560200 3166600 1545800
V1 3166600 1545800 2800000 1545800
V1 2800000 1545800 1875000 1827800
V1 1875000 1827800 1014770 1827800
V1 1014770 1827800 1000370 1842200
Net16 5 
V1 3839180 1560200 3810380 1589000
V1 3810380 1589000 2800000 1589000
V1 2800000 1589000 1875000 1851800
V1 1875000 1851800 878330 1851800
V1 878330 1851800 868730 1842200
Net17 5 
V1 3082270 1517000 3073630 1508360
V1 3073630 1508360 2800000 1508360
V1 2800000 1508360 1875000 1790360
V1 1875000 1790360 976100 1790360
V1 976100 1790360 967460 1799000
Net18 5 
V1 3148090 1517000 3133690 1531400
V1 3133690 1531400 2800000 1531400
V1 2800000 1531400 1875000 1813400
V1 1875000 1813400 1047677 1813400
V1 1047677 1813400 1033277 1799000
Net25 5 
V1 3806270 1517000 3788990 1499720
V1 3788990 1499720 2800000 1499720
V1 2800000 1499720 1875000 1781720
V1 1875000 1781720 853100 1781720
V1 853100 1781720 835820 1799000
Net26 5 
V1 3115180 1473800 3106540 1482440
V1 3106540 1482440 2800000 1482440
V1 2800000 1482440 1875000 1764440
V1 1875000 1764440 943190 1764440
V1 943190 1764440 934550 1755800
Net27 5 
V1 3181000 1473800 3166600 1459400
V1 3166600 1459400 2800000 1459400
V1 2800000 1459400 1875000 1741400
V1 1875000 1741400 1014770 1741400
V1 1014770 1741400 1000370 1755800
Net35 5 
V1 3839180 1473800 3821900 1491080
V1 3821900 1491080 2800000 1491080
V1 2800000 1491080 1875000 1773080
V1 1875000 1773080 886010 1773080
V1 886010 1773080 868730 1755800
Net36 5 
V1 3082270 1430600 3077470 1425800
V1 3077470 1425800 2800000 1425800
V1 2800000 1425800 1875000 1691000
V1 1875000 1691000 923240 1691000
V1 923240 1691000 901640 1712600
Net37 5 
V1 3148090 1430600 3133690 1445000
V1 3133690 1445000 2800000 1445000
V1 2800000 1445000 1875000 1727000
V1 1875000 1727000 1047677 1727000
V1 1047677 1727000 1033277 1712600
Net44 5 
V1 3181000 1387400 3176200 1382600
V1 3176200 1382600 2800000 1382600
V1 2800000 1382600 1875000 1631000
V1 1875000 1631000 972950 1631000
V1 972950 1631000 934550 1669400
Net45 5 
V1 3246820 1387400 3242020 1392200
V1 3242020 1392200 2800000 1392200
V1 2800000 1392200 1875000 1635800
V1 1875000 1635800 1033970 1635800
V1 1033970 1635800 1000370 1669400
Net46 5 
V1 3312637 1387400 3303037 1397000
V1 3303037 1397000 2800000 1397000
V1 2800000 1397000 1875000 1640600
V1 1875000 1640600 1094982 1640600
V1 1094982 1640600 1066182 1669400
Net47 5 
V1 3378450 1387400 3364050 1401800
V1 3364050 1401800 2800000 1401800
V1 2800000 1401800 1875000 1645400
V1 1875000 1645400 1156000 1645400
V1 1156000 1645400 1132000 1669400
Net48 5 
V1 3510090 1387400 3490890 1406600
V1 3490890 1406600 2800000 1406600
V1 2800000 1406600 1875000 1650200
V1 1875000 1650200 1282840 1650200
V1 1282840 1650200 1263640 1669400
Net49 5 
V1 3575910 1387400 3551910 1411400
V1 3551910 1411400 2800000 1411400
V1 2800000 1411400 1875000 1655000
V1 1875000 1655000 1409670 1655000
V1 1409670 1655000 1395270 1669400
Net50 5 
V1 3641722 1387400 3612922 1416200
V1 3612922 1416200 2800000 1416200
V1 2800000 1416200 1875000 1659800
V1 1875000 1659800 1536510 1659800
V1 1536510 1659800 1526910 1669400
Net51 5 
V1 3773360 1387400 3739760 1421000
V1 3739760 1421000 2800000 1421000
V1 2800000 1421000 1875000 1664600
V1 1875000 1664600 1597530 1664600
V1 1597530 1664600 1592730 1669400
Net52 5 
V1 3082270 1344200 3077470 1349000
V1 3077470 1349000 2800000 1349000
V1 2800000 1349000 1875000 1595960
V1 1875000 1595960 931880 1595960
V1 931880 1595960 901640 1626200
Net53 5 
V1 3148090 1344200 3138490 1353800
V1 3138490 1353800 2800000 1353800
V1 2800000 1353800 1875000 1600280
V1 1875000 1600280 993380 1600280
V1 993380 1600280 967460 1626200
Net54 5 
V1 3279730 1344200 3265330 1358600
V1 3265330 1358600 2800000 1358600
V1 2800000 1358600 1875000 1604600
V1 1875000 1604600 1120690 1604600
V1 1120690 1604600 1099090 1626200
Net57 5 
V1 3543000 1344200 3523800 1363400
V1 3523800 1363400 2800000 1363400
V1 2800000 1363400 1875000 1608920
V1 1875000 1608920 1379642 1608920
V1 1379642 1608920 1362362 1626200
Net58 5 
V1 3608817 1344200 3584817 1368200
V1 3584817 1368200 2800000 1368200
V1 2800000 1368200 1875000 1613240
V1 1875000 1613240 1441140 1613240
V1 1441140 1613240 1428180 1626200
Net59 5 
V1 3674630 1344200 3645830 1373000
V1 3645830 1373000 2800000 1373000
V1 2800000 1373000 1875000 1617560
V1 1875000 1617560 1502640 1617560
V1 1502640 1617560 1494000 1626200
Net60 5 
V1 3740450 1344200 3706850 1377800
V1 3706850 1377800 2800000 1377800
V1 2800000 1377800 1875000 1621880
V1 1875000 1621880 1564140 1621880
V1 1564140 1621880 1559820 1626200
Net62 5 
V1 3115180 1301000 3100780 1315400
V1 3100780 1315400 2800000 1315400
V1 2800000 1315400 1875000 1587320
V1 1875000 1587320 938870 1587320
V1 938870 1587320 934550 1583000
Net63 5 
V1 3246820 1301000 3232420 1286600
V1 3232420 1286600 2800000 1286600
V1 2800000 1286600 1875000 1568600
V1 1875000 1568600 1014770 1568600
V1 1014770 1568600 1000370 1583000
Net70 5 
V1 3839180 1301000 3810380 1329800
V1 3810380 1329800 2800000 1329800
V1 2800000 1329800 1875000 1591640
V1 1875000 1591640 877370 1591640
V1 877370 1591640 868730 1583000
Net71 5 
V1 3082270 1257800 3073630 1249160
V1 3073630 1249160 2800000 1249160
V1 2800000 1249160 1875000 1531160
V1 1875000 1531160 976100 1531160
V1 976100 1531160 967460 1539800
Net72 5 
V1 3148090 1257800 3133690 1272200
V1 3133690 1272200 2800000 1272200
V1 2800000 1272200 1875000 1554200
V1 1875000 1554200 1047677 1554200
V1 1047677 1554200 1033277 1539800
Net80 5 
V1 3806270 1257800 3788990 1240520
V1 3788990 1240520 2800000 1240520
V1 2800000 1240520 1875000 1522520
V1 1875000 1522520 853100 1522520
V1 853100 1522520 835820 1539800
Net81 5 
V1 3115180 1214600 3106540 1223240
V1 3106540 1223240 2800000 1223240
V1 2800000 1223240 1875000 1505240
V1 1875000 1505240 1074822 1505240
V1 1074822 1505240 1066182 1496600
Net87 5 
V1 3839180 1214600 3821900 1231880
V1 3821900 1231880 2800000 1231880
V1 2800000 1231880 1875000 1513880
V1 1875000 1513880 886010 1513880
V1 886010 1513880 868730 1496600
