Nets 22
Net12 5 
V2 3452500 1541687 3443242 1550945
V2 3443242 1550945 2800000 1550945
V2 2800000 1550945 1875000 1830104
V2 1875000 1830104 1295196 1830104
V2 1295196 1830104 1274460 1850840
Net13 5 
V2 3547760 1541687 3529245 1560202
V2 3529245 1560202 2800000 1560202
V2 2800000 1560202 1875000 1835288
V2 1875000 1835288 1354102 1835288
V2 1354102 1835288 1338550 1850840
Net14 5 
V2 3643020 1541687 3615248 1569459
V2 3615248 1569459 2800000 1569459
V2 2800000 1569459 1875000 1840472
V2 1875000 1840472 1413005 1840472
V2 1413005 1840472 1402637 1850840
Net15 5 
V2 3738290 1541687 3701261 1578716
V2 3701261 1578716 2800000 1578716
V2 2800000 1578716 1875000 1845656
V2 1875000 1845656 1471904 1845656
V2 1471904 1845656 1466720 1850840
Net19 5 
V2 4119340 1541687 4108231 1530579
V2 4108231 1530579 2800000 1530579
V2 2800000 1530579 1875000 1793816
V2 1875000 1793816 1600074 1793816
V2 1600074 1793816 1594890 1799000
Net22 5 
V2 4405130 1541687 4358844 1587973
V2 4358844 1587973 2800000 1587973
V2 2800000 1587973 1875000 1863800
V2 1875000 1863800 1191292 1863800
V2 1191292 1863800 1178332 1876760
Net23 5 
V2 3214340 1486140 3203226 1497253
V2 3203226 1497253 2800000 1497253
V2 2800000 1497253 1875000 1778264
V2 1875000 1778264 1295196 1778264
V2 1295196 1778264 1274460 1799000
Net24 5 
V2 3309602 1486140 3287380 1508362
V2 3287380 1508362 2800000 1508362
V2 2800000 1508362 1875000 1783448
V2 1875000 1783448 1354102 1783448
V2 1354102 1783448 1338550 1799000
Net25 5 
V2 3404870 1486140 3371539 1519470
V2 3371539 1519470 2800000 1519470
V2 2800000 1519470 1875000 1788632
V2 1875000 1788632 1413005 1788632
V2 1413005 1788632 1402637 1799000
Net28 5 
V2 3785920 1486140 3767406 1467626
V2 3767406 1467626 2800000 1467626
V2 2800000 1467626 1875000 1760120
V2 1875000 1760120 1287420 1760120
V2 1287420 1760120 1274460 1747160
Net36 5 
V2 3452500 1430600 3433988 1449112
V2 3433988 1449112 2800000 1449112
V2 2800000 1449112 1875000 1708280
V2 1875000 1708280 1383550 1708280
V2 1383550 1708280 1370590 1721240
Net58 5 
V2 3738290 1319512 3724399 1333403
V2 3724399 1333403 2800000 1333403
V2 2800000 1333403 1875000 1612376
V2 1875000 1612376 1568034 1612376
V2 1568034 1612376 1562850 1617560
Net60 5 
V2 3928810 1319512 3901033 1347289
V2 3901033 1347289 2800000 1347289
V2 2800000 1347289 1875000 1652120
V2 1875000 1652120 1539450 1652120
V2 1539450 1652120 1530810 1643480
Net64 5 
V2 4405130 1319512 4363468 1361174
V2 4363468 1361174 2800000 1361174
V2 2800000 1361174 1875000 1660760
V2 1875000 1660760 1186972 1660760
V2 1186972 1660760 1178332 1669400
Net65 5 
V2 3119080 1263970 3091308 1291741
V2 3091308 1291741 2800000 1291741
V2 2800000 1291741 1875000 1607192
V2 1875000 1607192 1252788 1607192
V2 1252788 1607192 1242420 1617560
Net66 5 
V2 3214340 1263970 3207397 1257027
V2 3207397 1257027 2800000 1257027
V2 2800000 1257027 1875000 1602008
V2 1875000 1602008 1284828 1602008
V2 1284828 1602008 1274460 1591640
Net68 5 
V2 3404870 1263970 3390984 1250084
V2 3390984 1250084 2800000 1250084
V2 2800000 1250084 1875000 1596824
V2 1875000 1596824 1343734 1596824
V2 1343734 1596824 1338550 1591640
Net69 5 
V2 3500130 1263970 3479301 1243141
V2 3479301 1243141 2800000 1243141
V2 2800000 1243141 1875000 1578680
V2 1875000 1578680 1415597 1578680
V2 1415597 1578680 1402637 1591640
Net78 5 
V2 3166710 1208430 3159769 1215370
V2 3159769 1215370 2800000 1215370
V2 2800000 1215370 1875000 1520360
V2 1875000 1520360 1229820 1520360
V2 1229820 1520360 1210380 1539800
Net79 5 
V2 3261970 1208430 3248086 1222313
V2 3248086 1222313 2800000 1222313
V2 2800000 1222313 1875000 1526840
V2 1875000 1526840 1351510 1526840
V2 1351510 1526840 1338550 1539800
Net80 5 
V2 3452500 1208430 3431673 1229256
V2 3431673 1229256 2800000 1229256
V2 2800000 1229256 1875000 1533320
V2 1875000 1533320 1409117 1533320
V2 1409117 1533320 1402637 1539800
Net87 5 
V2 4405130 1208430 4377361 1236199
V2 4377361 1236199 2800000 1236199
V2 2800000 1236199 1875000 1552760
V2 1875000 1552760 1191292 1552760
V2 1191292 1552760 1178332 1565720
