Nets 28
Net0 5 
V1 3119080 1597230 3107971 1608338
V1 3107971 1608338 2800000 1608338
V1 2800000 1608338 1875000 1856024
V1 1875000 1856024 1263156 1856024
V1 1263156 1856024 1242420 1876760
Net1 5 
V1 3309602 1597230 3287385 1619447
V1 3287385 1619447 2800000 1619447
V1 2800000 1619447 1875000 1861208
V1 1875000 1861208 1386142 1861208
V1 1386142 1861208 1370590 1876760
Net2 5 
V1 3404870 1597230 3371544 1630555
V1 3371544 1630555 2800000 1630555
V1 2800000 1630555 1875000 1866392
V1 1875000 1866392 1509128 1866392
V1 1509128 1866392 1498760 1876760
Net3 5 
V1 3595390 1597230 3550956 1641664
V1 3550956 1641664 2800000 1641664
V1 2800000 1641664 1875000 1871576
V1 1875000 1871576 1568034 1871576
V1 1568034 1871576 1562850 1876760
Net6 5 
V1 4166970 1597230 4155861 1586121
V1 4155861 1586121 2800000 1586121
V1 2800000 1586121 1875000 1816280
V1 1875000 1816280 1443320 1816280
V1 1443320 1816280 1434680 1824920
Net9 5 
V1 4452760 1597230 4430543 1575013
V1 4430543 1575013 2800000 1575013
V1 2800000 1575013 1875000 1807640
V1 1875000 1807640 1195612 1807640
V1 1195612 1807640 1178332 1824920
Net17 5 
V1 3928810 1541687 3917701 1552796
V1 3917701 1552796 2800000 1552796
V1 2800000 1552796 1875000 1755800
V1 1875000 1755800 1451960 1755800
V1 1451960 1755800 1434680 1773080
Net20 5 
V1 4214600 1541687 4192383 1563904
V1 4192383 1563904 2800000 1563904
V1 2800000 1563904 1875000 1764440
V1 1875000 1764440 1571490 1764440
V1 1571490 1764440 1562850 1773080
Net26 5 
V1 3500130 1486140 3472353 1513916
V1 3472353 1513916 2800000 1513916
V1 2800000 1513916 1875000 1714760
V1 1875000 1714760 1312990 1714760
V1 1312990 1714760 1306510 1721240
Net33 5 
V1 4452760 1486140 4438874 1472254
V1 4438874 1472254 2800000 1472254
V1 2800000 1472254 1875000 1708280
V1 1875000 1708280 1191292 1708280
V1 1191292 1708280 1178332 1721240
Net35 5 
V1 3357237 1430600 3343354 1444483
V1 3343354 1444483 2800000 1444483
V1 2800000 1444483 1875000 1682360
V1 1875000 1682360 1287420 1682360
V1 1287420 1682360 1274460 1695320
Net37 5 
V1 3643020 1430600 3615251 1458369
V1 3615251 1458369 2800000 1458369
V1 2800000 1458369 1875000 1701800
V1 1875000 1701800 1409117 1701800
V1 1409117 1701800 1402637 1695320
Net45 5 
V1 3309602 1375060 3300347 1384315
V1 3300347 1384315 2800000 1384315
V1 2800000 1384315 1875000 1633112
V1 1875000 1633112 1348918 1633112
V1 1348918 1633112 1338550 1643480
Net46 5 
V1 3500130 1375060 3481618 1393572
V1 3481618 1393572 2800000 1393572
V1 2800000 1393572 1875000 1638296
V1 1875000 1638296 1407821 1638296
V1 1407821 1638296 1402637 1643480
Net47 5 
V1 3595390 1375060 3567621 1402829
V1 3567621 1402829 2800000 1402829
V1 2800000 1402829 1875000 1649960
V1 1875000 1649960 1261860 1649960
V1 1261860 1649960 1242420 1669400
Net48 5 
V1 3785920 1375060 3748894 1412086
V1 3748894 1412086 2800000 1412086
V1 2800000 1412086 1875000 1656440
V1 1875000 1656440 1383550 1656440
V1 1383550 1656440 1370590 1669400
Net49 5 
V1 3881180 1375060 3834897 1421343
V1 3834897 1421343 2800000 1421343
V1 2800000 1421343 1875000 1662920
V1 1875000 1662920 1441160 1662920
V1 1441160 1662920 1434680 1669400
Net54 5 
V1 3166710 1319512 3159767 1312569
V1 3159767 1312569 2800000 1312569
V1 2800000 1312569 1875000 1627928
V1 1875000 1627928 1316878 1627928
V1 1316878 1627928 1306510 1617560
Net55 5 
V1 3357237 1319512 3343352 1305627
V1 3343352 1305627 2800000 1305627
V1 2800000 1305627 1875000 1622744
V1 1875000 1622744 1439864 1622744
V1 1439864 1622744 1434680 1617560
Net56 5 
V1 3452500 1319512 3431671 1298684
V1 3431671 1298684 2800000 1298684
V1 2800000 1298684 1875000 1608920
V1 1875000 1608920 1484000 1608920
V1 1484000 1608920 1466720 1591640
Net57 5 
V1 3643020 1319512 3615249 1291741
V1 3615249 1291741 2800000 1291741
V1 2800000 1291741 1875000 1600280
V1 1875000 1600280 1603530 1600280
V1 1603530 1600280 1594890 1591640
Net62 5 
V1 4214600 1319512 4179886 1284798
V1 4179886 1284798 2800000 1284798
V1 2800000 1284798 1875000 1578680
V1 1875000 1578680 1511720 1578680
V1 1511720 1578680 1498760 1565720
Net63 5 
V1 4309860 1319512 4268203 1277856
V1 4268203 1277856 2800000 1277856
V1 2800000 1277856 1875000 1552760
V1 1875000 1552760 1575810 1552760
V1 1575810 1552760 1562850 1565720
Net71 5 
V1 3881180 1263970 3874236 1270913
V1 3874236 1270913 2800000 1270913
V1 2800000 1270913 1875000 1505240
V1 1875000 1505240 1379230 1505240
V1 1379230 1505240 1370590 1513880
Net77 5 
V1 4452760 1263970 4441651 1252861
V1 4441651 1252861 2800000 1252861
V1 2800000 1252861 1875000 1496600
V1 1875000 1496600 1195612 1496600
V1 1195612 1496600 1178332 1513880
Net84 5 
V1 4024077 1208430 4012971 1219536
V1 4012971 1219536 2800000 1219536
V1 2800000 1219536 1875000 1468520
V1 1875000 1468520 1357990 1468520
V1 1357990 1468520 1338550 1487960
Net85 5 
V1 4119340 1208430 4097125 1230644
V1 4097125 1230644 2800000 1230644
V1 2800000 1230644 1875000 1475000
V1 1875000 1475000 1479680 1475000
V1 1479680 1475000 1466720 1487960
Net86 5 
V1 4309860 1208430 4276537 1241753
V1 4276537 1241753 2800000 1241753
V1 2800000 1241753 1875000 1481480
V1 1875000 1481480 1601370 1481480
V1 1601370 1481480 1594890 1487960
