Nets 27
Net4 5 
M2 3881180 1597230 3862665 1615744
M2 3862665 1615744 2800000 1615744
M2 2800000 1615744 1875000 1833560
M2 1875000 1833560 1548090 1833560
M2 1548090 1833560 1530810 1850840
Net5 5 
M2 3976440 1597230 3939411 1634258
M2 3939411 1634258 2800000 1634258
M2 2800000 1634258 1875000 1842200
M2 1875000 1842200 1603530 1842200
M2 1603530 1842200 1594890 1850840
Net7 5 
M2 4262230 1597230 4248344 1583344
M2 4248344 1583344 2800000 1583344
M2 2800000 1583344 1875000 1818440
M2 1875000 1818440 1505240 1818440
M2 1505240 1818440 1498760 1824920
Net10 5 
M2 3166710 1541687 3152824 1555573
M2 3152824 1555573 2800000 1555573
M2 2800000 1555573 1875000 1805480
M2 1875000 1805480 1261860 1805480
M2 1261860 1805480 1242420 1824920
Net11 5 
M2 3261970 1541687 3234198 1569459
M2 3234198 1569459 2800000 1569459
M2 2800000 1569459 1875000 1811960
M2 1875000 1811960 1319470 1811960
M2 1319470 1811960 1306510 1824920
Net16 5 
M2 3833550 1541687 3825615 1533753
M2 3825615 1533753 2800000 1533753
M2 2800000 1533753 1875000 1786040
M2 1875000 1786040 1479680 1786040
M2 1479680 1786040 1466720 1799000
Net18 5 
M2 4024077 1541687 4008208 1525818
M2 4008208 1525818 2800000 1525818
M2 2800000 1525818 1875000 1760120
M2 1875000 1760120 1511720 1760120
M2 1511720 1760120 1498760 1773080
Net21 5 
M2 4309860 1541687 4286056 1517884
M2 4286056 1517884 2800000 1517884
M2 2800000 1517884 1875000 1741976
M2 1875000 1741976 1600074 1741976
M2 1600074 1741976 1594890 1747160
Net27 5 
M2 3595390 1486140 3587449 1494080
M2 3587449 1494080 2800000 1494080
M2 2800000 1494080 1875000 1726424
M2 1875000 1726424 1359286 1726424
M2 1359286 1726424 1338550 1747160
Net31 5 
M2 4166970 1486140 4151095 1502015
M2 4151095 1502015 2800000 1502015
M2 2800000 1502015 1875000 1731608
M2 1875000 1731608 1418189 1731608
M2 1418189 1731608 1402637 1747160
Net32 5 
M2 4357492 1486140 4333683 1509949
M2 4333683 1509949 2800000 1509949
M2 2800000 1509949 1875000 1736792
M2 1875000 1736792 1541178 1736792
M2 1541178 1736792 1530810 1747160
Net34 5 
M2 3166710 1430600 3155604 1441706
M2 3155604 1441706 2800000 1441706
M2 2800000 1441706 1875000 1703960
M2 1875000 1703960 1259700 1703960
M2 1259700 1703960 1242420 1721240
Net38 5 
M2 3738290 1430600 3729033 1421343
M2 3729033 1421343 2800000 1421343
M2 2800000 1421343 1875000 1699640
M2 1875000 1699640 1471040 1699640
M2 1471040 1699640 1466720 1695320
Net39 5 
M2 3928810 1430600 3910296 1412086
M2 3910296 1412086 2800000 1412086
M2 2800000 1412086 1875000 1682360
M2 1875000 1682360 1607850 1682360
M2 1607850 1682360 1594890 1695320
Net40 5 
M2 4024077 1430600 4001863 1452814
M2 4001863 1452814 2800000 1452814
M2 2800000 1452814 1875000 1708280
M2 1875000 1708280 1447640 1708280
M2 1447640 1708280 1434680 1721240
Net41 5 
M2 4214600 1430600 4181277 1463923
M2 4181277 1463923 2800000 1463923
M2 2800000 1463923 1875000 1712600
M2 1875000 1712600 1507400 1712600
M2 1507400 1712600 1498760 1721240
Net42 5 
M2 4309860 1430600 4265428 1475031
M2 4265428 1475031 2800000 1475031
M2 2800000 1475031 1875000 1716920
M2 1875000 1716920 1567170 1716920
M2 1567170 1716920 1562850 1721240
Net44 5 
M2 3214340 1375060 3205085 1384315
M2 3205085 1384315 2800000 1384315
M2 2800000 1384315 1875000 1626200
M2 1875000 1626200 1291740 1626200
M2 1291740 1626200 1274460 1643480
Net50 5 
M2 4071710 1375060 4053198 1393572
M2 4053198 1393572 2800000 1393572
M2 2800000 1393572 1875000 1634840
M2 1875000 1634840 1475360 1634840
M2 1475360 1634840 1466720 1643480
Net51 5 
M2 4166970 1375060 4139201 1402829
M2 4139201 1402829 2800000 1402829
M2 2800000 1402829 1875000 1656440
M2 1875000 1656440 1575810 1656440
M2 1575810 1656440 1562850 1669400
Net53 5 
M2 4452760 1375060 4434246 1356546
M2 4434246 1356546 2800000 1356546
M2 2800000 1356546 1875000 1604600
M2 1875000 1604600 1191292 1604600
M2 1191292 1604600 1178332 1617560
Net61 5 
M2 4024077 1319512 4005558 1338032
M2 4005558 1338032 2800000 1338032
M2 2800000 1338032 1875000 1559240
M2 1875000 1559240 1441160 1559240
M2 1441160 1559240 1434680 1565720
Net67 5 
M2 3309602 1263970 3291088 1282484
M2 3291088 1282484 2800000 1282484
M2 2800000 1282484 1875000 1546280
M2 1875000 1546280 1261860 1546280
M2 1261860 1546280 1242420 1565720
Net70 5 
M2 3595390 1263970 3558361 1300998
M2 3558361 1300998 2800000 1300998
M2 2800000 1300998 1875000 1552760
M2 1875000 1552760 1319470 1552760
M2 1319470 1552760 1306510 1565720
Net72 5 
M2 3976440 1263970 3962554 1250084
M2 3962554 1250084 2800000 1250084
M2 2800000 1250084 1875000 1507400
M2 1875000 1507400 1441160 1507400
M2 1441160 1507400 1434680 1513880
Net81 5 
M2 3547760 1208430 3533876 1222313
M2 3533876 1222313 2800000 1222313
M2 2800000 1222313 1875000 1494440
M2 1875000 1494440 1261860 1494440
M2 1261860 1494440 1242420 1513880
Net82 5 
M2 3738290 1208430 3710521 1236199
M2 3710521 1236199 2800000 1236199
M2 2800000 1236199 1875000 1500920
M2 1875000 1500920 1319470 1500920
M2 1319470 1500920 1306510 1513880
