Nets 48
Net6 5 
M2 3906270 1978400 3884670 2000000
M2 3884670 2000000 2900000 2000000
M2 2900000 2000000 1875000 1863800
M2 1875000 1863800 857420 1863800
M2 857420 1863800 835820 1885400
Net9 5 
M2 3346820 1935200 3341420 1940600
M2 3341420 1940600 2900000 1940600
M2 2900000 1940600 1875000 1804400
M2 1875000 1804400 1103982 1804400
M2 1103982 1804400 1066182 1842200
Net10 5 
M2 3412637 1935200 3401837 1946000
M2 3401837 1946000 2900000 1946000
M2 2900000 1946000 1875000 1809800
M2 1875000 1809800 1164400 1809800
M2 1164400 1809800 1132000 1842200
Net11 5 
M2 3478450 1935200 3462250 1951400
M2 3462250 1951400 2900000 1951400
M2 2900000 1951400 1875000 1815200
M2 1875000 1815200 1290640 1815200
M2 1290640 1815200 1263640 1842200
Net12 5 
M2 3610090 1935200 3588490 1956800
M2 3588490 1956800 2900000 1956800
M2 2900000 1956800 1875000 1820600
M2 1875000 1820600 1416870 1820600
M2 1416870 1820600 1395270 1842200
Net13 5 
M2 3675910 1935200 3648910 1962200
M2 3648910 1962200 2900000 1962200
M2 2900000 1962200 1875000 1826000
M2 1875000 1826000 1477290 1826000
M2 1477290 1826000 1461090 1842200
Net14 5 
M2 3741722 1935200 3709322 1967600
M2 3709322 1967600 2900000 1967600
M2 2900000 1967600 1875000 1831400
M2 1875000 1831400 1537710 1831400
M2 1537710 1831400 1526910 1842200
Net15 5 
M2 3807540 1935200 3769740 1973000
M2 3769740 1973000 2900000 1973000
M2 2900000 1973000 1875000 1836800
M2 1875000 1836800 1598130 1836800
M2 1598130 1836800 1592730 1842200
Net19 5 
M2 3379730 1892000 3373557 1898172
M2 3373557 1898172 2900000 1898172
M2 2900000 1898172 1875000 1761971
M2 1875000 1761971 1201938 1761971
M2 1201938 1761971 1164910 1799000
Net20 5 
M2 3511360 1892000 3499016 1904343
M2 3499016 1904343 2900000 1904343
M2 2900000 1904343 1875000 1768142
M2 1875000 1768142 1261587 1768142
M2 1261587 1768142 1230730 1799000
Net21 5 
M2 3577180 1892000 3558665 1910515
M2 3558665 1910515 2900000 1910515
M2 2900000 1910515 1875000 1774313
M2 1875000 1774313 1321236 1774313
M2 1321236 1774313 1296550 1799000
Net22 5 
M2 3643000 1892000 3618313 1916686
M2 3618313 1916686 2900000 1916686
M2 2900000 1916686 1875000 1780485
M2 1875000 1780485 1380877 1780485
M2 1380877 1780485 1362362 1799000
Net23 5 
M2 3774630 1892000 3743772 1922857
M2 3743772 1922857 2900000 1922857
M2 2900000 1922857 1875000 1786656
M2 1875000 1786656 1440523 1786656
M2 1440523 1786656 1428180 1799000
Net24 5 
M2 3840450 1892000 3803421 1929028
M2 3803421 1929028 2900000 1929028
M2 2900000 1929028 1875000 1792827
M2 1875000 1792827 1565992 1792827
M2 1565992 1792827 1559820 1799000
Net28 5 
M2 3346820 1848800 3341420 1854200
M2 3341420 1854200 2900000 1854200
M2 2900000 1854200 1875000 1718000
M2 1875000 1718000 1103982 1718000
M2 1103982 1718000 1066182 1755800
Net29 5 
M2 3412637 1848800 3401837 1859600
M2 3401837 1859600 2900000 1859600
M2 2900000 1859600 1875000 1723400
M2 1875000 1723400 1164400 1723400
M2 1164400 1723400 1132000 1755800
Net30 5 
M2 3544270 1848800 3528070 1865000
M2 3528070 1865000 2900000 1865000
M2 2900000 1865000 1875000 1728800
M2 1875000 1728800 1224820 1728800
M2 1224820 1728800 1197820 1755800
Net31 5 
M2 3610090 1848800 3588490 1870400
M2 3588490 1870400 2900000 1870400
M2 2900000 1870400 1875000 1734200
M2 1875000 1734200 1285240 1734200
M2 1285240 1734200 1263640 1755800
Net32 5 
M2 3675910 1848800 3648910 1875800
M2 3648910 1875800 2900000 1875800
M2 2900000 1875800 1875000 1739600
M2 1875000 1739600 1411470 1739600
M2 1411470 1739600 1395270 1755800
Net33 5 
M2 3807540 1848800 3775140 1881200
M2 3775140 1881200 2900000 1881200
M2 2900000 1881200 1875000 1745000
M2 1875000 1745000 1537710 1745000
M2 1537710 1745000 1526910 1755800
Net34 5 
M2 3873360 1848800 3835560 1886600
M2 3835560 1886600 2900000 1886600
M2 2900000 1886600 1875000 1750400
M2 1875000 1750400 1598130 1750400
M2 1598130 1750400 1592730 1755800
Net38 5 
M2 3379730 1805600 3373557 1811772
M2 3373557 1811772 2900000 1811772
M2 2900000 1811772 1875000 1675571
M2 1875000 1675571 1136118 1675571
M2 1136118 1675571 1099090 1712600
Net39 5 
M2 3511360 1805600 3499016 1817943
M2 3499016 1817943 2900000 1817943
M2 2900000 1817943 1875000 1681742
M2 1875000 1681742 1195767 1681742
M2 1195767 1681742 1164910 1712600
Net40 5 
M2 3643000 1805600 3624485 1824115
M2 3624485 1824115 2900000 1824115
M2 2900000 1824115 1875000 1687913
M2 1875000 1687913 1321236 1687913
M2 1321236 1687913 1296550 1712600
Net41 5 
M2 3708817 1805600 3684131 1830286
M2 3684131 1830286 2900000 1830286
M2 2900000 1830286 1875000 1694085
M2 1875000 1694085 1380877 1694085
M2 1380877 1694085 1362362 1712600
Net42 5 
M2 3774630 1805600 3743772 1836457
M2 3743772 1836457 2900000 1836457
M2 2900000 1836457 1875000 1700256
M2 1875000 1700256 1440523 1700256
M2 1440523 1700256 1428180 1712600
Net43 5 
M2 3840450 1805600 3803421 1842628
M2 3803421 1842628 2900000 1842628
M2 2900000 1842628 1875000 1706427
M2 1875000 1706427 1500172 1706427
M2 1500172 1706427 1494000 1712600
Net55 5 
M2 3511360 1719200 3500560 1730000
M2 3500560 1730000 2900000 1730000
M2 2900000 1730000 1875000 1597400
M2 1875000 1597400 1193710 1597400
M2 1193710 1597400 1164910 1626200
Net56 5 
M2 3577180 1719200 3555580 1740800
M2 3555580 1740800 2900000 1740800
M2 2900000 1740800 1875000 1611800
M2 1875000 1611800 1245130 1611800
M2 1245130 1611800 1230730 1626200
Net61 5 
M2 3906270 1719200 3873870 1751600
M2 3873870 1751600 2900000 1751600
M2 2900000 1751600 1875000 1647800
M2 1875000 1647800 857420 1647800
M2 857420 1647800 835820 1626200
Net64 5 
M2 3412637 1676000 3406465 1682172
M2 3406465 1682172 2900000 1682172
M2 2900000 1682172 1875000 1545971
M2 1875000 1545971 1169028 1545971
M2 1169028 1545971 1132000 1583000
Net65 5 
M2 3478450 1676000 3466106 1688343
M2 3466106 1688343 2900000 1688343
M2 2900000 1688343 1875000 1552142
M2 1875000 1552142 1228677 1552142
M2 1228677 1552142 1197820 1583000
Net66 5 
M2 3544270 1676000 3525755 1694515
M2 3525755 1694515 2900000 1694515
M2 2900000 1694515 1875000 1558313
M2 1875000 1558313 1288326 1558313
M2 1288326 1558313 1263640 1583000
Net67 5 
M2 3610090 1676000 3585403 1700686
M2 3585403 1700686 2900000 1700686
M2 2900000 1700686 1875000 1564485
M2 1875000 1564485 1413785 1564485
M2 1413785 1564485 1395270 1583000
Net68 5 
M2 3741722 1676000 3710865 1706857
M2 3710865 1706857 2900000 1706857
M2 2900000 1706857 1875000 1570656
M2 1875000 1570656 1539253 1570656
M2 1539253 1570656 1526910 1583000
Net69 5 
M2 3807540 1676000 3770511 1713028
M2 3770511 1713028 2900000 1713028
M2 2900000 1713028 1875000 1576827
M2 1875000 1576827 1598902 1576827
M2 1598902 1576827 1592730 1583000
Net73 5 
M2 3313910 1632800 3308510 1638200
M2 3308510 1638200 2900000 1638200
M2 2900000 1638200 1875000 1502000
M2 1875000 1502000 1136890 1502000
M2 1136890 1502000 1099090 1539800
Net74 5 
M2 3379730 1632800 3368930 1643600
M2 3368930 1643600 2900000 1643600
M2 2900000 1643600 1875000 1507400
M2 1875000 1507400 1197310 1507400
M2 1197310 1507400 1164910 1539800
Net75 5 
M2 3511360 1632800 3495160 1649000
M2 3495160 1649000 2900000 1649000
M2 2900000 1649000 1875000 1512800
M2 1875000 1512800 1323550 1512800
M2 1323550 1512800 1296550 1539800
Net76 5 
M2 3643000 1632800 3621400 1654400
M2 3621400 1654400 2900000 1654400
M2 2900000 1654400 1875000 1518200
M2 1875000 1518200 1383962 1518200
M2 1383962 1518200 1362362 1539800
Net77 5 
M2 3708817 1632800 3681817 1659800
M2 3681817 1659800 2900000 1659800
M2 2900000 1659800 1875000 1523600
M2 1875000 1523600 1444380 1523600
M2 1444380 1523600 1428180 1539800
Net78 5 
M2 3774630 1632800 3742230 1665200
M2 3742230 1665200 2900000 1665200
M2 2900000 1665200 1875000 1529000
M2 1875000 1529000 1504800 1529000
M2 1504800 1529000 1494000 1539800
Net79 5 
M2 3840450 1632800 3802650 1670600
M2 3802650 1670600 2900000 1670600
M2 2900000 1670600 1875000 1534400
M2 1875000 1534400 1565220 1534400
M2 1565220 1534400 1559820 1539800
Net82 5 
M2 3346820 1589600 3339620 1596800
M2 3339620 1596800 2900000 1596800
M2 2900000 1596800 1875000 1460600
M2 1875000 1460600 1233820 1460600
M2 1233820 1460600 1197820 1496600
Net83 5 
M2 3412637 1589600 3398237 1604000
M2 3398237 1604000 2900000 1604000
M2 2900000 1604000 1875000 1467800
M2 1875000 1467800 1292440 1467800
M2 1292440 1467800 1263640 1496600
Net84 5 
M2 3544270 1589600 3522670 1611200
M2 3522670 1611200 2900000 1611200
M2 2900000 1611200 1875000 1475000
M2 1875000 1475000 1416870 1475000
M2 1416870 1475000 1395270 1496600
Net85 5 
M2 3610090 1589600 3581290 1618400
M2 3581290 1618400 2900000 1618400
M2 2900000 1618400 1875000 1482200
M2 1875000 1482200 1475490 1482200
M2 1475490 1482200 1461090 1496600
Net86 5 
M2 3741722 1589600 3705722 1625600
M2 3705722 1625600 2900000 1625600
M2 2900000 1625600 1875000 1489400
M2 1875000 1489400 1599930 1489400
M2 1599930 1489400 1592730 1496600
