Nets 35
Net0 5 
V1 3197430 1978400 3191257 1984572
V1 3191257 1984572 2900000 1984572
V1 2900000 1984572 1875000 1863801
V1 1875000 1863801 392909 1863801
V1 392909 1863801 365140 1891570
Net1 5 
V1 3353310 1978400 3340966 1990743
V1 3340966 1990743 2900000 1990743
V1 2900000 1990743 1875000 1868429
V1 1875000 1868429 578800 1868429
V1 578800 1868429 555660 1891570
Net2 5 
V1 3431252 1978400 3412737 1996915
V1 3412737 1996915 2900000 1996915
V1 2900000 1996915 1875000 1873058
V1 1875000 1873058 669434 1873058
V1 669434 1873058 650922 1891570
Net3 5 
V1 3587140 1978400 3562453 2003086
V1 3562453 2003086 2900000 2003086
V1 2900000 2003086 1875000 1877686
V1 1875000 1877686 855333 1877686
V1 855333 1877686 841450 1891570
Net4 5 
V1 3665080 1978400 3634222 2009257
V1 3634222 2009257 2900000 2009257
V1 2900000 2009257 1875000 1882315
V1 1875000 1882315 945965 1882315
V1 945965 1882315 936710 1891570
Net5 5 
V1 3820970 1978400 3783941 2015428
V1 3783941 2015428 2900000 2015428
V1 2900000 2015428 1875000 1886943
V1 1875000 1886943 1131866 1886943
V1 1131866 1886943 1127240 1891570
Net7 5 
V1 3236400 1935200 3231600 1930400
V1 3231600 1930400 2900000 1930400
V1 2900000 1930400 1875000 1859172
V1 1875000 1859172 340650 1859172
V1 340650 1859172 317507 1836030
Net8 5 
V1 3314340 1935200 3304740 1925600
V1 3304740 1925600 2900000 1925600
V1 2900000 1925600 1875000 1854544
V1 1875000 1854544 431284 1854544
V1 431284 1854544 412770 1836030
Net9 5 
V1 3392280 1935200 3377880 1920800
V1 3377880 1920800 2900000 1920800
V1 2900000 1920800 1875000 1849915
V1 1875000 1849915 521915 1849915
V1 521915 1849915 508030 1836030
Net10 5 
V1 3470227 1935200 3451027 1916000
V1 3451027 1916000 2900000 1916000
V1 2900000 1916000 1875000 1845287
V1 1875000 1845287 612547 1845287
V1 612547 1845287 603290 1836030
Net11 5 
V1 3548170 1935200 3524170 1911200
V1 3524170 1911200 2900000 1911200
V1 2900000 1911200 1875000 1840658
V1 1875000 1840658 703188 1840658
V1 703188 1840658 698560 1836030
Net12 5 
V1 3704050 1935200 3675250 1906400
V1 3675250 1906400 2900000 1906400
V1 2900000 1906400 1875000 1817515
V1 1875000 1817515 812334 1817515
V1 812334 1817515 793820 1836030
Net18 5 
V1 3275370 1892000 3270570 1896800
V1 3270570 1896800 2900000 1896800
V1 2900000 1896800 1875000 1761968
V1 1875000 1761968 478919 1761968
V1 478919 1761968 460400 1780487
Net19 5 
V1 3431252 1892000 3421652 1901600
V1 3421652 1901600 2900000 1901600
V1 2900000 1901600 1875000 1799001
V1 1875000 1799001 669436 1799001
V1 669436 1799001 650922 1780487
Net26 5 
V1 3236400 1848800 3231600 1844000
V1 3231600 1844000 2900000 1844000
V1 2900000 1844000 1875000 1743454
V1 1875000 1743454 336021 1743454
V1 336021 1743454 317507 1724940
Net37 5 
V1 3275370 1805600 3270570 1810400
V1 3270570 1810400 2900000 1810400
V1 2900000 1810400 1875000 1681742
V1 1875000 1681742 646487 1681742
V1 646487 1681742 603290 1724940
Net38 5 
V1 3431252 1805600 3421652 1815200
V1 3421652 1815200 2900000 1815200
V1 2900000 1815200 1875000 1687913
V1 1875000 1687913 830846 1687913
V1 830846 1687913 793820 1724940
Net39 5 
V1 3587140 1805600 3572740 1820000
V1 3572740 1820000 2900000 1820000
V1 2900000 1820000 1875000 1694085
V1 1875000 1694085 919935 1694085
V1 919935 1694085 889080 1724940
Net40 5 
V1 3743020 1805600 3723820 1824800
V1 3723820 1824800 2900000 1824800
V1 2900000 1824800 1875000 1700256
V1 1875000 1700256 1104293 1700256
V1 1104293 1700256 1079610 1724940
Net41 5 
V1 3820970 1805600 3796970 1829600
V1 3796970 1829600 2900000 1829600
V1 2900000 1829600 1875000 1706427
V1 1875000 1706427 1193382 1706427
V1 1193382 1706427 1174870 1724940
Net42 5 
V1 3898910 1805600 3870110 1834400
V1 3870110 1834400 2900000 1834400
V1 2900000 1834400 1875000 1712598
V1 1875000 1712598 1377738 1712598
V1 1377738 1712598 1365397 1724940
Net43 5 
V1 3976850 1805600 3943250 1839200
V1 3943250 1839200 2900000 1839200
V1 2900000 1839200 1875000 1718770
V1 1875000 1718770 1466830 1718770
V1 1466830 1718770 1460660 1724940
Net44 5 
V1 3314340 1762400 3305700 1771040
V1 3305700 1771040 2900000 1771040
V1 2900000 1771040 1875000 1636077
V1 1875000 1636077 398463 1636077
V1 398463 1636077 365140 1669400
Net45 5 
V1 3392280 1762400 3375000 1779680
V1 3375000 1779680 2900000 1779680
V1 2900000 1779680 1875000 1647185
V1 1875000 1647185 482614 1647185
V1 482614 1647185 460400 1669400
Net46 5 
V1 3470227 1762400 3444307 1788320
V1 3444307 1788320 2900000 1788320
V1 2900000 1788320 1875000 1658294
V1 1875000 1658294 662028 1658294
V1 662028 1658294 650922 1669400
Net47 5 
V1 3548170 1762400 3513610 1796960
V1 3513610 1796960 2900000 1796960
V1 2900000 1796960 1875000 1675571
V1 1875000 1675571 752361 1675571
V1 752361 1675571 746190 1669400
Net62 5 
V1 3236400 1676000 3222000 1661600
V1 3222000 1661600 2900000 1661600
V1 2900000 1661600 1875000 1569421
V1 1875000 1569421 471508 1569421
V1 471508 1569421 460400 1558312
Net63 5 
V1 3392280 1676000 3363480 1647200
V1 3363480 1647200 2900000 1647200
V1 2900000 1647200 1875000 1547204
V1 1875000 1547204 566768 1547204
V1 566768 1547204 555660 1558312
Net67 5 
V1 3704050 1676000 3695410 1684640
V1 3695410 1684640 2900000 1684640
V1 2900000 1684640 1875000 1580529
V1 1875000 1580529 1303460 1580529
V1 1303460 1580529 1270130 1613860
Net68 5 
V1 3859940 1676000 3842660 1693280
V1 3842660 1693280 2900000 1693280
V1 2900000 1693280 1875000 1591638
V1 1875000 1591638 1387619 1591638
V1 1387619 1591638 1365397 1613860
Net69 5 
V1 3937880 1676000 3911960 1701920
V1 3911960 1701920 2900000 1701920
V1 2900000 1701920 1875000 1602746
V1 1875000 1602746 1471773 1602746
V1 1471773 1602746 1460660 1613860
Net70 5 
V1 4093762 1676000 4059202 1710560
V1 4059202 1710560 2900000 1710560
V1 2900000 1710560 1875000 1624968
V1 1875000 1624968 314301 1624968
V1 314301 1624968 269870 1669400
Net72 5 
V1 3275370 1632800 3264570 1622000
V1 3264570 1622000 2900000 1622000
V1 2900000 1622000 1875000 1536095
V1 1875000 1536095 446095 1536095
V1 446095 1536095 412770 1502770
Net73 5 
V1 3353310 1632800 3331710 1611200
V1 3331710 1611200 2900000 1611200
V1 2900000 1611200 1875000 1524987
V1 1875000 1524987 530247 1524987
V1 530247 1524987 508030 1502770
Net81 5 
V1 3236400 1589600 3225600 1600400
V1 3225600 1600400 2900000 1600400
V1 2900000 1600400 1875000 1513878
V1 1875000 1513878 709668 1513878
V1 709668 1513878 698560 1502770
