Nets 20
Net5 5 
V2 3820970 1978400 3799370 2000000
V2 3799370 2000000 2900000 2000000
V2 2900000 2000000 1875000 1837880
V2 1875000 1837880 1633830 1837880
V2 1633830 1837880 1620870 1850840
Net13 5 
V2 3781997 1935200 3760397 1956800
V2 3760397 1956800 2900000 1956800
V2 2900000 1956800 1875000 1811960
V2 1875000 1811960 1525580 1811960
V2 1525580 1811960 1512620 1824920
Net23 5 
V2 3898910 1892000 3877310 1913600
V2 3877310 1913600 2900000 1913600
V2 2900000 1913600 1875000 1786040
V2 1875000 1786040 1633830 1786040
V2 1633830 1786040 1620870 1799000
Net31 5 
V2 3704050 1848800 3682450 1870400
V2 3682450 1870400 2900000 1870400
V2 2900000 1870400 1875000 1760120
V2 1875000 1760120 1482280 1760120
V2 1482280 1760120 1469320 1773080
Net32 5 
V2 3781997 1848800 3771197 1838000
V2 3771197 1838000 2900000 1838000
V2 2900000 1838000 1875000 1734200
V2 1875000 1734200 1503930 1734200
V2 1503930 1734200 1490970 1747160
Net35 5 
V2 4093762 1848800 4072162 1827200
V2 4072162 1827200 2900000 1827200
V2 2900000 1827200 1875000 1708280
V2 1875000 1708280 1352377 1708280
V2 1352377 1708280 1339417 1721240
Net38 5 
V2 3431252 1805600 3420452 1816400
V2 3420452 1816400 2900000 1816400
V2 2900000 1816400 1875000 1682360
V2 1875000 1682360 1503930 1682360
V2 1503930 1682360 1490970 1695320
Net48 5 
V2 3704050 1762400 3689650 1776800
V2 3689650 1776800 2900000 1776800
V2 2900000 1776800 1875000 1656440
V2 1875000 1656440 1482280 1656440
V2 1482280 1656440 1469320 1669400
Net49 5 
V2 3781997 1762400 3753197 1791200
V2 3753197 1791200 2900000 1791200
V2 2900000 1791200 1875000 1662920
V2 1875000 1662920 1519100 1662920
V2 1519100 1662920 1512620 1669400
Net55 5 
V2 3587140 1719200 3578500 1727840
V2 3578500 1727840 2900000 1727840
V2 2900000 1727840 1875000 1586456
V2 1875000 1586456 1539454 1586456
V2 1539454 1586456 1534270 1591640
Net59 5 
V2 3898910 1719200 3881630 1736480
V2 3881630 1736480 2900000 1736480
V2 2900000 1736480 1875000 1626200
V2 1875000 1626200 1594850 1626200
V2 1594850 1626200 1577570 1643480
Net60 5 
V2 3976850 1719200 3950930 1745120
V2 3950930 1745120 2900000 1745120
V2 2900000 1745120 1875000 1634840
V2 1875000 1634840 1629510 1634840
V2 1629510 1634840 1620870 1643480
Net61 5 
V2 4054790 1719200 4020230 1753760
V2 4020230 1753760 2900000 1753760
V2 2900000 1753760 1875000 1649960
V2 1875000 1649960 1358857 1649960
V2 1358857 1649960 1339417 1669400
Net62 5 
V2 3236400 1676000 3225600 1686800
V2 3225600 1686800 2900000 1686800
V2 2900000 1686800 1875000 1570904
V2 1875000 1570904 1425106 1570904
V2 1425106 1570904 1404370 1591640
Net64 5 
V2 3470227 1676000 3448627 1697600
V2 3448627 1697600 2900000 1697600
V2 2900000 1697600 1875000 1576088
V2 1875000 1576088 1463222 1576088
V2 1463222 1576088 1447670 1591640
Net65 5 
V2 3548170 1676000 3515770 1708400
V2 3515770 1708400 2900000 1708400
V2 2900000 1708400 1875000 1581272
V2 1875000 1581272 1501338 1581272
V2 1501338 1581272 1490970 1591640
Net71 5 
V2 3197430 1632800 3186630 1643600
V2 3186630 1643600 2900000 1643600
V2 2900000 1643600 1875000 1520360
V2 1875000 1520360 1380507 1520360
V2 1380507 1520360 1361067 1539800
Net72 5 
V2 3275370 1632800 3253770 1654400
V2 3253770 1654400 2900000 1654400
V2 2900000 1654400 1875000 1526840
V2 1875000 1526840 1460630 1526840
V2 1460630 1526840 1447670 1539800
Net73 5 
V2 3353310 1632800 3320910 1665200
V2 3320910 1665200 2900000 1665200
V2 2900000 1665200 1875000 1533320
V2 1875000 1533320 1497450 1533320
V2 1497450 1533320 1490970 1539800
Net83 5 
V2 3470227 1589600 3448627 1611200
V2 3448627 1611200 2900000 1611200
V2 2900000 1611200 1875000 1475000
V2 1875000 1475000 1417330 1475000
V2 1417330 1475000 1404370 1487960
