Nets 66
Net0 5 
V1 3180110 1987040 3174926 1992224
V1 3174926 1992224 2900000 1992224
V1 2900000 1992224 1875000 1859480
V1 1875000 1859480 1259700 1859480
V1 1259700 1859480 1242420 1876760
Net1 5 
V1 3308280 1987040 3297912 1997408
V1 3297912 1997408 2900000 1997408
V1 2900000 1997408 1875000 1863800
V1 1875000 1863800 1383550 1863800
V1 1383550 1863800 1370590 1876760
Net2 5 
V1 3436450 1987040 3420898 2002592
V1 3420898 2002592 2900000 2002592
V1 2900000 2002592 1875000 1868120
V1 1875000 1868120 1507400 1868120
V1 1507400 1868120 1498760 1876760
Net3 5 
V1 3500540 1987040 3479804 2007776
V1 3479804 2007776 2900000 2007776
V1 2900000 2007776 1875000 1872440
V1 1875000 1872440 1567170 1872440
V1 1567170 1872440 1562850 1876760
Net6 5 
V1 3340320 1961120 3336000 1965440
V1 3336000 1965440 2900000 1965440
V1 2900000 1965440 1875000 1833560
V1 1875000 1833560 1419917 1833560
V1 1419917 1833560 1402637 1850840
Net7 5 
V1 3404410 1961120 3395770 1969760
V1 3395770 1969760 2900000 1969760
V1 2900000 1969760 1875000 1837880
V1 1875000 1837880 1479680 1837880
V1 1479680 1837880 1466720 1850840
Net8 5 
V1 3468490 1961120 3455530 1974080
V1 3455530 1974080 2900000 1974080
V1 2900000 1974080 1875000 1842200
V1 1875000 1842200 1539450 1842200
V1 1539450 1842200 1530810 1850840
Net9 5 
V1 3532580 1961120 3515300 1978400
V1 3515300 1978400 2900000 1978400
V1 2900000 1978400 1875000 1846520
V1 1875000 1846520 1599210 1846520
V1 1599210 1846520 1594890 1850840
Net10 5 
V1 3596667 1961120 3575067 1982720
V1 3575067 1982720 2900000 1982720
V1 2900000 1982720 1875000 1855160
V1 1875000 1855160 1199932 1855160
V1 1199932 1855160 1178332 1876760
Net11 5 
V1 3180110 1935200 3175790 1939520
V1 3175790 1939520 2900000 1939520
V1 2900000 1939520 1875000 1807640
V1 1875000 1807640 1259700 1807640
V1 1259700 1807640 1242420 1824920
Net12 5 
V1 3244190 1935200 3235550 1943840
V1 3235550 1943840 2900000 1943840
V1 2900000 1943840 1875000 1811960
V1 1875000 1811960 1319470 1811960
V1 1319470 1811960 1306510 1824920
Net13 5 
V1 3372362 1935200 3359402 1948160
V1 3359402 1948160 2900000 1948160
V1 2900000 1948160 1875000 1816280
V1 1875000 1816280 1443320 1816280
V1 1443320 1816280 1434680 1824920
Net14 5 
V1 3436450 1935200 3419170 1952480
V1 3419170 1952480 2900000 1952480
V1 2900000 1952480 1875000 1820600
V1 1875000 1820600 1503080 1820600
V1 1503080 1820600 1498760 1824920
Net15 5 
V1 3564620 1935200 3543020 1956800
V1 3543020 1956800 2900000 1956800
V1 2900000 1956800 1875000 1829240
V1 1875000 1829240 1567170 1829240
V1 1567170 1829240 1562850 1824920
Net18 5 
V1 3340320 1909280 3331680 1900640
V1 3331680 1900640 2900000 1900640
V1 2900000 1900640 1875000 1779560
V1 1875000 1779560 1422077 1779560
V1 1422077 1779560 1402637 1799000
Net19 5 
V1 3468490 1909280 3462010 1915760
V1 3462010 1915760 2900000 1915760
V1 2900000 1915760 1875000 1786040
V1 1875000 1786040 1479680 1786040
V1 1479680 1786040 1466720 1799000
Net20 5 
V1 3532580 1909280 3519620 1922240
V1 3519620 1922240 2900000 1922240
V1 2900000 1922240 1875000 1792520
V1 1875000 1792520 1601370 1792520
V1 1601370 1792520 1594890 1799000
Net21 5 
V1 3596667 1909280 3577227 1928720
V1 3577227 1928720 2900000 1928720
V1 2900000 1928720 1875000 1803320
V1 1875000 1803320 1199932 1803320
V1 1199932 1803320 1178332 1824920
Net22 5 
V1 3180110 1883360 3171470 1892000
V1 3171470 1892000 2900000 1892000
V1 2900000 1892000 1875000 1764440
V1 1875000 1764440 1251060 1764440
V1 1251060 1764440 1242420 1773080
Net27 5 
V1 3212150 1857440 3207830 1861760
V1 3207830 1861760 2900000 1861760
V1 2900000 1861760 1875000 1726424
V1 1875000 1726424 1295196 1726424
V1 1295196 1726424 1274460 1747160
Net28 5 
V1 3276240 1857440 3267600 1866080
V1 3267600 1866080 2900000 1866080
V1 2900000 1866080 1875000 1731608
V1 1875000 1731608 1354102 1731608
V1 1354102 1731608 1338550 1747160
Net29 5 
V1 3340320 1857440 3327360 1870400
V1 3327360 1870400 2900000 1870400
V1 2900000 1870400 1875000 1736792
V1 1875000 1736792 1413005 1736792
V1 1413005 1736792 1402637 1747160
Net31 5 
V1 3532580 1857440 3515300 1874720
V1 3515300 1874720 2900000 1874720
V1 2900000 1874720 1875000 1741976
V1 1875000 1741976 1600074 1741976
V1 1600074 1741976 1594890 1747160
Net32 5 
V1 3596667 1857440 3575067 1879040
V1 3575067 1879040 2900000 1879040
V1 2900000 1879040 1875000 1755800
V1 1875000 1755800 1195612 1755800
V1 1195612 1755800 1178332 1773080
Net33 5 
V1 3180110 1831520 3174926 1836704
V1 3174926 1836704 2900000 1836704
V1 2900000 1836704 1875000 1703960
V1 1875000 1703960 1259700 1703960
V1 1259700 1703960 1242420 1721240
Net35 5 
V1 3308280 1831520 3297912 1841888
V1 3297912 1841888 2900000 1841888
V1 2900000 1841888 1875000 1708280
V1 1875000 1708280 1383550 1708280
V1 1383550 1708280 1370590 1721240
Net36 5 
V1 3372362 1831520 3356810 1847072
V1 3356810 1847072 2900000 1847072
V1 2900000 1847072 1875000 1712600
V1 1875000 1712600 1443320 1712600
V1 1443320 1712600 1434680 1721240
Net38 5 
V1 3500540 1831520 3479804 1852256
V1 3479804 1852256 2900000 1852256
V1 2900000 1852256 1875000 1716920
V1 1875000 1716920 1567170 1716920
V1 1567170 1716920 1562850 1721240
Net39 5 
V1 3212150 1805600 3207830 1809920
V1 3207830 1809920 2900000 1809920
V1 2900000 1809920 1875000 1674584
V1 1875000 1674584 1295196 1674584
V1 1295196 1674584 1274460 1695320
Net40 5 
V1 3340320 1805600 3331680 1814240
V1 3331680 1814240 2900000 1814240
V1 2900000 1814240 1875000 1679768
V1 1875000 1679768 1418189 1679768
V1 1418189 1679768 1402637 1695320
Net41 5 
V1 3404410 1805600 3391450 1818560
V1 3391450 1818560 2900000 1818560
V1 2900000 1818560 1875000 1684952
V1 1875000 1684952 1477088 1684952
V1 1477088 1684952 1466720 1695320
Net42 5 
V1 3532580 1805600 3515300 1822880
V1 3515300 1822880 2900000 1822880
V1 2900000 1822880 1875000 1690136
V1 1875000 1690136 1600074 1690136
V1 1600074 1690136 1594890 1695320
Net43 5 
V1 3596667 1805600 3575067 1827200
V1 3575067 1827200 2900000 1827200
V1 2900000 1827200 1875000 1699640
V1 1875000 1699640 1199932 1699640
V1 1199932 1699640 1178332 1721240
Net45 5 
V1 3308280 1779680 3301800 1786160
V1 3301800 1786160 2900000 1786160
V1 2900000 1786160 1875000 1653848
V1 1875000 1653848 1386142 1653848
V1 1386142 1653848 1370590 1669400
Net46 5 
V1 3372362 1779680 3359402 1792640
V1 3359402 1792640 2900000 1792640
V1 2900000 1792640 1875000 1659032
V1 1875000 1659032 1445048 1659032
V1 1445048 1659032 1434680 1669400
Net47 5 
V1 3500540 1779680 3481100 1799120
V1 3481100 1799120 2900000 1799120
V1 2900000 1799120 1875000 1664216
V1 1875000 1664216 1568034 1664216
V1 1568034 1664216 1562850 1669400
Net49 5 
V1 3276240 1753760 3271920 1758080
V1 3271920 1758080 2900000 1758080
V1 2900000 1758080 1875000 1622744
V1 1875000 1622744 1359286 1622744
V1 1359286 1622744 1338550 1643480
Net50 5 
V1 3340320 1753760 3331680 1762400
V1 3331680 1762400 2900000 1762400
V1 2900000 1762400 1875000 1627928
V1 1875000 1627928 1418189 1627928
V1 1418189 1627928 1402637 1643480
Net52 5 
V1 3468490 1753760 3455530 1766720
V1 3455530 1766720 2900000 1766720
V1 2900000 1766720 1875000 1633112
V1 1875000 1633112 1541178 1633112
V1 1541178 1633112 1530810 1643480
Net53 5 
V1 3532580 1753760 3515300 1771040
V1 3515300 1771040 2900000 1771040
V1 2900000 1771040 1875000 1638296
V1 1875000 1638296 1600074 1638296
V1 1600074 1638296 1594890 1643480
Net54 5 
V1 3596667 1753760 3575067 1775360
V1 3575067 1775360 2900000 1775360
V1 2900000 1775360 1875000 1648664
V1 1875000 1648664 1199068 1648664
V1 1199068 1648664 1178332 1669400
Net55 5 
V1 3180110 1727840 3173630 1734320
V1 3173630 1734320 2900000 1734320
V1 2900000 1734320 1875000 1602008
V1 1875000 1602008 1257972 1602008
V1 1257972 1602008 1242420 1617560
Net56 5 
V1 3244190 1727840 3231230 1740800
V1 3231230 1740800 2900000 1740800
V1 2900000 1740800 1875000 1607192
V1 1875000 1607192 1316878 1607192
V1 1316878 1607192 1306510 1617560
Net57 5 
V1 3372362 1727840 3352922 1747280
V1 3352922 1747280 2900000 1747280
V1 2900000 1747280 1875000 1612376
V1 1875000 1612376 1439864 1612376
V1 1439864 1612376 1434680 1617560
Net60 5 
V1 3212150 1701920 3207830 1706240
V1 3207830 1706240 2900000 1706240
V1 2900000 1706240 1875000 1570904
V1 1875000 1570904 1295196 1570904
V1 1295196 1570904 1274460 1591640
Net62 5 
V1 3340320 1701920 3331680 1710560
V1 3331680 1710560 2900000 1710560
V1 2900000 1710560 1875000 1576088
V1 1875000 1576088 1418189 1576088
V1 1418189 1576088 1402637 1591640
Net63 5 
V1 3404410 1701920 3391450 1714880
V1 3391450 1714880 2900000 1714880
V1 2900000 1714880 1875000 1581272
V1 1875000 1581272 1477088 1581272
V1 1477088 1581272 1466720 1591640
Net64 5 
V1 3532580 1701920 3515300 1719200
V1 3515300 1719200 2900000 1719200
V1 2900000 1719200 1875000 1586456
V1 1875000 1586456 1600074 1586456
V1 1600074 1586456 1594890 1591640
Net65 5 
V1 3596667 1701920 3575067 1723520
V1 3575067 1723520 2900000 1723520
V1 2900000 1723520 1875000 1596824
V1 1875000 1596824 1199068 1596824
V1 1199068 1596824 1178332 1617560
Net66 5 
V1 3180110 1676000 3174926 1681184
V1 3174926 1681184 2900000 1681184
V1 2900000 1681184 1875000 1548440
V1 1875000 1548440 1259700 1548440
V1 1259700 1548440 1242420 1565720
Net67 5 
V1 3308280 1676000 3297912 1686368
V1 3297912 1686368 2900000 1686368
V1 2900000 1686368 1875000 1552760
V1 1875000 1552760 1319470 1552760
V1 1319470 1552760 1306510 1565720
Net69 5 
V1 3436450 1676000 3420898 1691552
V1 3420898 1691552 2900000 1691552
V1 2900000 1691552 1875000 1557080
V1 1875000 1557080 1507400 1557080
V1 1507400 1557080 1498760 1565720
Net70 5 
V1 3500540 1676000 3479804 1696736
V1 3479804 1696736 2900000 1696736
V1 2900000 1696736 1875000 1561400
V1 1875000 1561400 1567170 1561400
V1 1567170 1561400 1562850 1565720
Net73 5 
V1 3340320 1650080 3335136 1655264
V1 3335136 1655264 2900000 1655264
V1 2900000 1655264 1875000 1520360
V1 1875000 1520360 1422077 1520360
V1 1422077 1520360 1402637 1539800
Net74 5 
V1 3468490 1650080 3458122 1660448
V1 3458122 1660448 2900000 1660448
V1 2900000 1660448 1875000 1526840
V1 1875000 1526840 1543770 1526840
V1 1543770 1526840 1530810 1539800
Net75 5 
V1 3532580 1650080 3517028 1665632
V1 3517028 1665632 2900000 1665632
V1 2900000 1665632 1875000 1533320
V1 1875000 1533320 1601370 1533320
V1 1601370 1533320 1594890 1539800
Net76 5 
V1 3596667 1650080 3575931 1670816
V1 3575931 1670816 2900000 1670816
V1 2900000 1670816 1875000 1544120
V1 1875000 1544120 1199932 1544120
V1 1199932 1544120 1178332 1565720
Net77 5 
V1 3180110 1624160 3174926 1629344
V1 3174926 1629344 2900000 1629344
V1 2900000 1629344 1875000 1496600
V1 1875000 1496600 1259700 1496600
V1 1259700 1496600 1242420 1513880
Net79 5 
V1 3308280 1624160 3297912 1634528
V1 3297912 1634528 2900000 1634528
V1 2900000 1634528 1875000 1500920
V1 1875000 1500920 1383550 1500920
V1 1383550 1500920 1370590 1513880
Net80 5 
V1 3372362 1624160 3356810 1639712
V1 3356810 1639712 2900000 1639712
V1 2900000 1639712 1875000 1505240
V1 1875000 1505240 1443320 1505240
V1 1443320 1505240 1434680 1513880
Net82 5 
V1 3500540 1624160 3479804 1644896
V1 3479804 1644896 2900000 1644896
V1 2900000 1644896 1875000 1509560
V1 1875000 1509560 1567170 1509560
V1 1567170 1509560 1562850 1513880
Net83 5 
V1 3212150 1598240 3207830 1602560
V1 3207830 1602560 2900000 1602560
V1 2900000 1602560 1875000 1467224
V1 1875000 1467224 1295196 1467224
V1 1295196 1467224 1274460 1487960
Net84 5 
V1 3276240 1598240 3267600 1606880
V1 3267600 1606880 2900000 1606880
V1 2900000 1606880 1875000 1472408
V1 1875000 1472408 1354102 1472408
V1 1354102 1472408 1338550 1487960
Net85 5 
V1 3404410 1598240 3391450 1611200
V1 3391450 1611200 2900000 1611200
V1 2900000 1611200 1875000 1477592
V1 1875000 1477592 1477088 1477592
V1 1477088 1477592 1466720 1487960
Net86 5 
V1 3532580 1598240 3515300 1615520
V1 3515300 1615520 2900000 1615520
V1 2900000 1615520 1875000 1482776
V1 1875000 1482776 1600074 1482776
V1 1600074 1482776 1594890 1487960
Net87 5 
V1 3596667 1598240 3575067 1619840
V1 3575067 1619840 2900000 1619840
V1 2900000 1619840 1875000 1492280
V1 1875000 1492280 1199932 1492280
V1 1199932 1492280 1178332 1513880
