Nets 26
Net13 5 
V2 3328200 1935200 3321720 1941680
V2 3321720 1941680 2900000 1941680
V2 2900000 1941680 1875000 1858247
V2 1875000 1858247 1288733 1858247
V2 1288733 1858247 1255410 1891570
Net14 5 
V2 3381890 1935200 3368930 1948160
V2 3368930 1948160 2900000 1948160
V2 2900000 1948160 1875000 1869355
V2 1875000 1869355 1454294 1869355
V2 1454294 1869355 1432080 1891570
Net15 5 
V2 3489280 1935200 3469840 1954640
V2 3469840 1954640 2900000 1954640
V2 2900000 1954640 1875000 1880464
V2 1875000 1880464 1531518 1880464
V2 1531518 1880464 1520412 1891570
Net19 5 
V2 3408740 1909280 3402260 1915760
V2 3402260 1915760 2900000 1915760
V2 2900000 1915760 1875000 1799001
V2 1875000 1799001 1159938 1799001
V2 1159938 1799001 1122910 1836030
Net20 5 
V2 3462430 1909280 3449470 1922240
V2 3449470 1922240 2900000 1922240
V2 2900000 1922240 1875000 1817515
V2 1875000 1817515 1406424 1817515
V2 1406424 1817515 1387910 1836030
Net21 5 
V2 3516127 1909280 3496687 1928720
V2 3496687 1928720 2900000 1928720
V2 2900000 1928720 1875000 1847138
V2 1875000 1847138 416494 1847138
V2 416494 1847138 372062 1891570
Net22 5 
V2 3167120 1883360 3158480 1892000
V2 3158480 1892000 2900000 1892000
V2 2900000 1892000 1875000 1758265
V2 1875000 1758265 1100962 1758265
V2 1100962 1758265 1078740 1780487
Net23 5 
V2 3274502 1883360 3257222 1900640
V2 3257222 1900640 2900000 1900640
V2 2900000 1900640 1875000 1769374
V2 1875000 1769374 1266523 1769374
V2 1266523 1769374 1255410 1780487
Net27 5 
V2 3193960 1857440 3181000 1870400
V2 3181000 1870400 2900000 1870400
V2 2900000 1870400 1875000 1747157
V2 1875000 1747157 1023740 1747157
V2 1023740 1747157 990410 1780487
Net34 5 
V2 3220810 1831520 3207850 1844480
V2 3207850 1844480 2900000 1844480
V2 2900000 1844480 1875000 1736048
V2 1875000 1736048 858179 1736048
V2 858179 1736048 813740 1780487
Net35 5 
V2 3274502 1831520 3265862 1822880
V2 3265862 1822880 2900000 1822880
V2 2900000 1822880 1875000 1706428
V2 1875000 1706428 699749 1706428
V2 699749 1706428 681237 1724940
Net39 5 
V2 3193960 1805600 3185320 1814240
V2 3185320 1814240 2900000 1814240
V2 2900000 1814240 1875000 1687914
V2 1875000 1687914 629926 1687914
V2 629926 1687914 592900 1724940
Net51 5 
V2 3355042 1753760 3346402 1762400
V2 3346402 1762400 2900000 1762400
V2 2900000 1762400 1875000 1641631
V2 1875000 1641631 1283179 1641631
V2 1283179 1641631 1255410 1669400
Net53 5 
V2 3462430 1753760 3445150 1771040
V2 3445150 1771040 2900000 1771040
V2 2900000 1771040 1875000 1655516
V2 1875000 1655516 1534296 1655516
V2 1534296 1655516 1520412 1669400
Net61 5 
V2 3247660 1701920 3243340 1706240
V2 3243340 1706240 2900000 1706240
V2 2900000 1706240 1875000 1539798
V2 1875000 1539798 743914 1539798
V2 743914 1539798 725400 1558312
Net62 5 
V2 3301350 1701920 3292710 1710560
V2 3292710 1710560 2900000 1710560
V2 2900000 1710560 1875000 1549055
V2 1875000 1549055 822997 1549055
V2 822997 1549055 813740 1558312
Net63 5 
V2 3355042 1701920 3342082 1714880
V2 3342082 1714880 2900000 1714880
V2 2900000 1714880 1875000 1576826
V2 1875000 1576826 718271 1576826
V2 718271 1576826 681237 1613860
Net64 5 
V2 3462430 1701920 3445150 1719200
V2 3445150 1719200 2900000 1719200
V2 2900000 1719200 1875000 1595340
V2 1875000 1595340 876427 1595340
V2 876427 1595340 857907 1613860
Net65 5 
V2 3516127 1701920 3494527 1723520
V2 3494527 1723520 2900000 1723520
V2 2900000 1723520 1875000 1627745
V2 1875000 1627745 413717 1627745
V2 413717 1627745 372062 1669400
Net66 5 
V2 3167120 1676000 3154160 1688960
V2 3154160 1688960 2900000 1688960
V2 2900000 1688960 1875000 1530541
V2 1875000 1530541 664841 1530541
V2 664841 1530541 637070 1558312
Net77 5 
V2 3167120 1624160 3154160 1637120
V2 3154160 1637120 2900000 1637120
V2 2900000 1637120 1875000 1521284
V2 1875000 1521284 788084 1521284
V2 788084 1521284 769570 1502770
Net78 5 
V2 3220810 1624160 3216490 1619840
V2 3216490 1619840 2900000 1619840
V2 2900000 1619840 1875000 1512027
V2 1875000 1512027 867164 1512027
V2 867164 1512027 857907 1502770
Net83 5 
V2 3193960 1598240 3189640 1602560
V2 3189640 1602560 2900000 1602560
V2 2900000 1602560 1875000 1458336
V2 1875000 1458336 1167344 1458336
V2 1167344 1458336 1122910 1502770
Net84 5 
V2 3247660 1598240 3239020 1606880
V2 3239020 1606880 2900000 1606880
V2 2900000 1606880 1875000 1469444
V2 1875000 1469444 1332905 1469444
V2 1332905 1469444 1299580 1502770
Net85 5 
V2 3355042 1598240 3342082 1611200
V2 3342082 1611200 2900000 1611200
V2 2900000 1611200 1875000 1480553
V2 1875000 1480553 1410127 1480553
V2 1410127 1480553 1387910 1502770
Net86 5 
V2 3462430 1598240 3445150 1615520
V2 3445150 1615520 2900000 1615520
V2 2900000 1615520 1875000 1491661
V2 1875000 1491661 1575688 1491661
V2 1575688 1491661 1564580 1502770
