Nets 32
Net0 5 
V1 3180110 1987040 3174926 1992224
V1 3174926 1992224 2900000 1992224
V1 2900000 1992224 1875000 1854544
V1 1875000 1854544 449796 1854544
V1 449796 1854544 412770 1891570
Net1 5 
V1 3308280 1987040 3297912 1997408
V1 3297912 1997408 2900000 1997408
V1 2900000 1997408 1875000 1863801
V1 1875000 1863801 624136 1863801
V1 624136 1863801 596367 1891570
Net2 5 
V1 3436450 1987040 3420898 2002592
V1 3420898 2002592 2900000 2002592
V1 2900000 2002592 1875000 1873058
V1 1875000 1873058 706674 1873058
V1 706674 1873058 688162 1891570
Net3 5 
V1 3500540 1987040 3479804 2007776
V1 3479804 2007776 2900000 2007776
V1 2900000 2007776 1875000 1882315
V1 1875000 1882315 881015 1882315
V1 881015 1882315 871760 1891570
Net4 5 
V1 3212150 1961120 3206966 1966304
V1 3206966 1966304 2900000 1966304
V1 2900000 1966304 1875000 1802704
V1 1875000 1802704 583793 1802704
V1 583793 1802704 550467 1836030
Net5 5 
V1 3276240 1961120 3265872 1971488
V1 3265872 1971488 2900000 1971488
V1 2900000 1971488 1875000 1813813
V1 1875000 1813813 664479 1813813
V1 664479 1813813 642262 1836030
Net6 5 
V1 3340320 1961120 3324768 1976672
V1 3324768 1976672 2900000 1976672
V1 2900000 1976672 1875000 1824921
V1 1875000 1824921 745168 1824921
V1 745168 1824921 734060 1836030
Net7 5 
V1 3404410 1961120 3383674 1981856
V1 3383674 1981856 2900000 1981856
V1 2900000 1981856 1875000 1845287
V1 1875000 1845287 835117 1845287
V1 835117 1845287 825860 1836030
Net11 5 
V1 3180110 1935200 3173630 1928720
V1 3173630 1928720 2900000 1928720
V1 2900000 1928720 1875000 1791596
V1 1875000 1791596 411304 1791596
V1 411304 1791596 366870 1836030
Net17 5 
V1 3276240 1909280 3269760 1915760
V1 3269760 1915760 2900000 1915760
V1 2900000 1915760 1875000 1761968
V1 1875000 1761968 523089 1761968
V1 523089 1761968 504570 1780487
Net18 5 
V1 3340320 1909280 3327360 1922240
V1 3327360 1922240 2900000 1922240
V1 2900000 1922240 1875000 1771225
V1 1875000 1771225 697425 1771225
V1 697425 1771225 688162 1780487
Net33 5 
V1 3180110 1831520 3167150 1844480
V1 3167150 1844480 2900000 1844480
V1 2900000 1844480 1875000 1752711
V1 1875000 1752711 394641 1752711
V1 394641 1752711 366870 1724940
Net36 5 
V1 3372362 1831520 3368042 1827200
V1 3368042 1827200 2900000 1827200
V1 2900000 1827200 1875000 1743454
V1 1875000 1743454 1211574 1743454
V1 1211574 1743454 1193060 1724940
Net37 5 
V1 3436450 1831520 3427810 1822880
V1 3427810 1822880 2900000 1822880
V1 2900000 1822880 1875000 1734197
V1 1875000 1734197 1385909 1734197
V1 1385909 1734197 1376652 1724940
Net38 5 
V1 3500540 1831520 3487580 1818560
V1 3487580 1818560 2900000 1818560
V1 2900000 1818560 1875000 1713834
V1 1875000 1713834 1479556 1713834
V1 1479556 1713834 1468450 1724940
Net40 5 
V1 3340320 1805600 3335136 1800416
V1 3335136 1800416 2900000 1800416
V1 2900000 1800416 1875000 1680508
V1 1875000 1680508 870291 1680508
V1 870291 1680508 825860 1724940
Net41 5 
V1 3404410 1805600 3400090 1809920
V1 3400090 1809920 2900000 1809920
V1 2900000 1809920 1875000 1691617
V1 1875000 1691617 950983 1691617
V1 950983 1691617 917660 1724940
Net42 5 
V1 3532580 1805600 3523940 1814240
V1 3523940 1814240 2900000 1814240
V1 2900000 1814240 1875000 1702725
V1 1875000 1702725 1123474 1702725
V1 1123474 1702725 1101260 1724940
Net45 5 
V1 3308280 1779680 3303096 1784864
V1 3303096 1784864 2900000 1784864
V1 2900000 1784864 1875000 1648573
V1 1875000 1648573 984386 1648573
V1 984386 1648573 963560 1669400
Net46 5 
V1 3372362 1779680 3361994 1790048
V1 3361994 1790048 2900000 1790048
V1 2900000 1790048 1875000 1655516
V1 1875000 1655516 1069243 1655516
V1 1069243 1655516 1055360 1669400
Net47 5 
V1 3500540 1779680 3484988 1795232
V1 3484988 1795232 2900000 1795232
V1 2900000 1795232 1875000 1662459
V1 1875000 1662459 1337693 1662459
V1 1337693 1662459 1330752 1669400
Net48 5 
V1 3212150 1753760 3205670 1760240
V1 3205670 1760240 2900000 1760240
V1 2900000 1760240 1875000 1627745
V1 1875000 1627745 454424 1627745
V1 454424 1627745 412770 1669400
Net49 5 
V1 3276240 1753760 3263280 1766720
V1 3263280 1766720 2900000 1766720
V1 2900000 1766720 1875000 1634688
V1 1875000 1634688 539281 1634688
V1 539281 1634688 504570 1669400
Net50 5 
V1 3340320 1753760 3320880 1773200
V1 3320880 1773200 2900000 1773200
V1 2900000 1773200 1875000 1641631
V1 1875000 1641631 715931 1641631
V1 715931 1641631 688162 1669400
Net56 5 
V1 3244190 1727840 3239006 1733024
V1 3239006 1733024 2900000 1733024
V1 2900000 1733024 1875000 1580529
V1 1875000 1580529 400200 1580529
V1 400200 1580529 366870 1613860
Net57 5 
V1 3372362 1727840 3361994 1738208
V1 3361994 1738208 2900000 1738208
V1 2900000 1738208 1875000 1591638
V1 1875000 1591638 572689 1591638
V1 572689 1591638 550467 1613860
Net58 5 
V1 3436450 1727840 3420898 1743392
V1 3420898 1743392 2900000 1743392
V1 2900000 1743392 1875000 1602746
V1 1875000 1602746 1112373 1602746
V1 1112373 1602746 1101260 1613860
Net59 5 
V1 3500540 1727840 3479804 1748576
V1 3479804 1748576 2900000 1748576
V1 2900000 1748576 1875000 1620802
V1 1875000 1620802 924602 1620802
V1 924602 1620802 917660 1613860
Net60 5 
V1 3212150 1701920 3199190 1714880
V1 3199190 1714880 2900000 1714880
V1 2900000 1714880 1875000 1569421
V1 1875000 1569421 515678 1569421
V1 515678 1569421 504570 1558312
Net72 5 
V1 3276240 1650080 3269760 1656560
V1 3269760 1656560 2900000 1656560
V1 2900000 1656560 1875000 1465741
V1 1875000 1465741 495698 1465741
V1 495698 1465741 458670 1502770
Net73 5 
V1 3340320 1650080 3327360 1663040
V1 3327360 1663040 2900000 1663040
V1 2900000 1663040 1875000 1484255
V1 1875000 1484255 568982 1484255
V1 568982 1484255 550467 1502770
Net74 5 
V1 3468490 1650080 3449050 1669520
V1 3449050 1669520 2900000 1669520
V1 2900000 1669520 1875000 1530541
V1 1875000 1530541 1450321 1530541
V1 1450321 1530541 1422550 1558312
