Nets 15
Net24 5 
M3 3284030 1883360 3271070 1896320
M3 3271070 1896320 2900000 1896320
M3 2900000 1896320 1875000 1877686
M3 1875000 1877686 1216526 1877686
M3 1216526 1877686 1174870 1836030
Net25 5 
M3 3327330 1883360 3320850 1876880
M3 3320850 1876880 2900000 1876880
M3 2900000 1876880 1875000 1863801
M3 1875000 1863801 1297901 1863801
M3 1297901 1863801 1270130 1836030
Net26 5 
M3 3370630 1883360 3357670 1870400
M3 3357670 1870400 2900000 1870400
M3 2900000 1870400 1875000 1849915
M3 1875000 1849915 1474545 1849915
M3 1474545 1849915 1460660 1836030
Net31 5 
M3 3392280 1857440 3385800 1863920
M3 3385800 1863920 2900000 1863920
M3 2900000 1863920 1875000 1808258
M3 1875000 1808258 1583691 1808258
M3 1583691 1808258 1555920 1836030
Net43 5 
M3 3435582 1805600 3422622 1818560
M3 3422622 1818560 2900000 1818560
M3 2900000 1818560 1875000 1752711
M3 1875000 1752711 297646 1752711
M3 297646 1752711 269870 1780487
Net67 5 
M3 3240730 1676000 3235546 1681184
M3 3235546 1681184 2900000 1681184
M3 2900000 1681184 1875000 1569421
M3 1875000 1569421 852558 1569421
M3 852558 1569421 841450 1558312
Net68 5 
M3 3284030 1676000 3273662 1686368
M3 3273662 1686368 2900000 1686368
M3 2900000 1686368 1875000 1580529
M3 1875000 1580529 1303460 1580529
M3 1303460 1580529 1270130 1613860
Net69 5 
M3 3327330 1676000 3311778 1691552
M3 3311778 1691552 2900000 1691552
M3 2900000 1691552 1875000 1591638
M3 1875000 1591638 1387619 1591638
M3 1387619 1591638 1365397 1613860
Net70 5 
M3 3370630 1676000 3349894 1696736
M3 3349894 1696736 2900000 1696736
M3 2900000 1696736 1875000 1602746
M3 1875000 1602746 1471773 1602746
M3 1471773 1602746 1460660 1613860
Net75 5 
M3 3392280 1650080 3379320 1663040
M3 3379320 1663040 2900000 1663040
M3 2900000 1663040 1875000 1550377
M3 1875000 1550377 1516225 1550377
M3 1516225 1550377 1508290 1558312
Net79 5 
M3 3240730 1624160 3235546 1629344
M3 3235546 1629344 2900000 1629344
M3 2900000 1629344 1875000 1518639
M3 1875000 1518639 976383 1518639
M3 976383 1518639 936710 1558312
Net80 5 
M3 3284030 1624160 3273662 1634528
M3 3273662 1634528 2900000 1634528
M3 2900000 1634528 1875000 1526573
M3 1875000 1526573 1063719 1526573
M3 1063719 1526573 1031980 1558312
Net81 5 
M3 3327330 1624160 3311778 1639712
M3 3311778 1639712 2900000 1639712
M3 2900000 1639712 1875000 1534508
M3 1875000 1534508 1151044 1534508
M3 1151044 1534508 1127240 1558312
Net82 5 
M3 3370630 1624160 3349894 1644896
M3 3349894 1644896 2900000 1644896
M3 2900000 1644896 1875000 1542442
M3 1875000 1542442 1238370 1542442
M3 1238370 1542442 1222500 1558312
Net87 5 
M3 3435582 1598240 3422622 1611200
M3 3422622 1611200 2900000 1611200
M3 2900000 1611200 1875000 1510704
M3 1875000 1510704 317478 1510704
M3 317478 1510704 269870 1558312
