Nets 42
Net0 5 
V1 3208250 1978400 3199610 1987040
V1 3199610 1987040 2900000 1987040
V1 2900000 1987040 1875000 1859480
V1 1875000 1859480 1259700 1859480
V1 1259700 1859480 1242420 1876760
Net1 5 
V1 3381460 1978400 3364180 1995680
V1 3364180 1995680 2900000 1995680
V1 2900000 1995680 1875000 1863800
V1 1875000 1863800 1383550 1863800
V1 1383550 1863800 1370590 1876760
Net2 5 
V1 3468060 1978400 3442140 2004320
V1 3442140 2004320 2900000 2004320
V1 2900000 2004320 1875000 1868120
V1 1875000 1868120 1507400 1868120
V1 1507400 1868120 1498760 1876760
Net3 5 
V1 3641267 1978400 3606707 2012960
V1 3606707 2012960 2900000 2012960
V1 2900000 2012960 1875000 1872440
V1 1875000 1872440 1567170 1872440
V1 1567170 1872440 1562850 1876760
Net6 5 
V1 4160880 1978400 4154708 1972228
V1 4154708 1972228 2900000 1972228
V1 2900000 1972228 1875000 1855160
V1 1875000 1855160 1199932 1855160
V1 1199932 1855160 1178332 1876760
Net7 5 
V1 3251552 1935200 3245380 1941372
V1 3245380 1941372 2900000 1941372
V1 2900000 1941372 1875000 1829240
V1 1875000 1829240 1246740 1829240
V1 1246740 1829240 1242420 1824920
Net8 5 
V1 3338160 1935200 3329520 1926560
V1 3329520 1926560 2900000 1926560
V1 2900000 1926560 1875000 1811960
V1 1875000 1811960 1319470 1811960
V1 1319470 1811960 1306510 1824920
Net9 5 
V1 3424760 1935200 3412416 1947543
V1 3412416 1947543 2900000 1947543
V1 2900000 1947543 1875000 1833560
V1 1875000 1833560 1291740 1833560
V1 1291740 1833560 1274460 1850840
Net10 5 
V1 3511360 1935200 3492845 1953715
V1 3492845 1953715 2900000 1953715
V1 2900000 1953715 1875000 1837880
V1 1875000 1837880 1351510 1837880
V1 1351510 1837880 1338550 1850840
Net11 5 
V1 3597962 1935200 3573276 1959886
V1 3573276 1959886 2900000 1959886
V1 2900000 1959886 1875000 1842200
V1 1875000 1842200 1411277 1842200
V1 1411277 1842200 1402637 1850840
Net12 5 
V1 3771170 1935200 3740312 1966057
V1 3740312 1966057 2900000 1966057
V1 2900000 1966057 1875000 1846520
V1 1875000 1846520 1471040 1846520
V1 1471040 1846520 1466720 1850840
Net17 5 
V1 3208250 1892000 3201050 1884800
V1 3201050 1884800 2900000 1884800
V1 2900000 1884800 1875000 1778264
V1 1875000 1778264 1295196 1778264
V1 1295196 1778264 1274460 1799000
Net18 5 
V1 3294857 1892000 3286217 1900640
V1 3286217 1900640 2900000 1900640
V1 2900000 1900640 1875000 1783448
V1 1875000 1783448 1354102 1783448
V1 1354102 1783448 1338550 1799000
Net19 5 
V1 3468060 1892000 3450780 1909280
V1 3450780 1909280 2900000 1909280
V1 2900000 1909280 1875000 1788632
V1 1875000 1788632 1413005 1788632
V1 1413005 1788632 1402637 1799000
Net20 5 
V1 3641267 1892000 3615347 1917920
V1 3615347 1917920 2900000 1917920
V1 2900000 1917920 1875000 1793816
V1 1875000 1793816 1471904 1793816
V1 1471904 1793816 1466720 1799000
Net22 5 
V1 3814470 1892000 3800070 1877600
V1 3800070 1877600 2900000 1877600
V1 2900000 1877600 1875000 1764440
V1 1875000 1764440 1507400 1764440
V1 1507400 1764440 1498760 1773080
Net26 5 
V1 3251552 1848800 3240752 1838000
V1 3240752 1838000 2900000 1838000
V1 2900000 1838000 1875000 1703960
V1 1875000 1703960 1259700 1703960
V1 1259700 1703960 1242420 1721240
Net27 5 
V1 3338160 1848800 3330960 1856000
V1 3330960 1856000 2900000 1856000
V1 2900000 1856000 1875000 1712600
V1 1875000 1712600 1315150 1712600
V1 1315150 1712600 1306510 1721240
Net28 5 
V1 3424760 1848800 3410360 1863200
V1 3410360 1863200 2900000 1863200
V1 2900000 1863200 1875000 1734200
V1 1875000 1734200 1351510 1734200
V1 1351510 1734200 1338550 1747160
Net30 5 
V1 3684570 1848800 3662970 1870400
V1 3662970 1870400 2900000 1870400
V1 2900000 1870400 1875000 1755800
V1 1875000 1755800 1259700 1755800
V1 1259700 1755800 1242420 1773080
Net36 5 
V1 3208250 1805600 3201050 1798400
V1 3201050 1798400 2900000 1798400
V1 2900000 1798400 1875000 1675880
V1 1875000 1675880 1293900 1675880
V1 1293900 1675880 1274460 1695320
Net39 5 
V1 3641267 1805600 3630467 1816400
V1 3630467 1816400 2900000 1816400
V1 2900000 1816400 1875000 1682360
V1 1875000 1682360 1479680 1682360
V1 1479680 1682360 1466720 1695320
Net40 5 
V1 3814470 1805600 3792870 1827200
V1 3792870 1827200 2900000 1827200
V1 2900000 1827200 1875000 1688840
V1 1875000 1688840 1601370 1688840
V1 1601370 1688840 1594890 1695320
Net45 5 
V1 3424760 1762400 3417560 1769600
V1 3417560 1769600 2900000 1769600
V1 2900000 1769600 1875000 1626200
V1 1875000 1626200 1355830 1626200
V1 1355830 1626200 1338550 1643480
Net46 5 
V1 3511360 1762400 3496960 1776800
V1 3496960 1776800 2900000 1776800
V1 2900000 1776800 1875000 1634840
V1 1875000 1634840 1411277 1634840
V1 1411277 1634840 1402637 1643480
Net47 5 
V1 3597962 1762400 3576362 1784000
V1 3576362 1784000 2900000 1784000
V1 2900000 1784000 1875000 1652120
V1 1875000 1652120 1259700 1652120
V1 1259700 1652120 1242420 1669400
Net51 5 
V1 4117580 1762400 4088780 1791200
V1 4088780 1791200 2900000 1791200
V1 2900000 1791200 1875000 1660760
V1 1875000 1660760 1571490 1660760
V1 1571490 1660760 1562850 1669400
Net52 5 
V1 3208250 1719200 3199610 1727840
V1 3199610 1727840 2900000 1727840
V1 2900000 1727840 1875000 1596824
V1 1875000 1596824 1263156 1596824
V1 1263156 1596824 1242420 1617560
Net53 5 
V1 3294857 1719200 3277577 1736480
V1 3277577 1736480 2900000 1736480
V1 2900000 1736480 1875000 1602008
V1 1875000 1602008 1322062 1602008
V1 1322062 1602008 1306510 1617560
Net54 5 
V1 3468060 1719200 3442140 1745120
V1 3442140 1745120 2900000 1745120
V1 2900000 1745120 1875000 1607192
V1 1875000 1607192 1445048 1607192
V1 1445048 1607192 1434680 1617560
Net56 5 
V1 3727870 1719200 3717070 1708400
V1 3717070 1708400 2900000 1708400
V1 2900000 1708400 1875000 1578680
V1 1875000 1578680 1607850 1578680
V1 1607850 1578680 1594890 1591640
Net58 5 
V1 3901070 1719200 3866510 1753760
V1 3866510 1753760 2900000 1753760
V1 2900000 1753760 1875000 1612376
V1 1875000 1612376 1503944 1612376
V1 1503944 1612376 1498760 1617560
Net63 5 
V1 3424760 1676000 3413960 1686800
V1 3413960 1686800 2900000 1686800
V1 2900000 1686800 1875000 1552760
V1 1875000 1552760 1255380 1552760
V1 1255380 1552760 1242420 1565720
Net66 5 
V1 3684570 1676000 3662970 1697600
V1 3662970 1697600 2900000 1697600
V1 2900000 1697600 1875000 1559240
V1 1875000 1559240 1312990 1559240
V1 1312990 1559240 1306510 1565720
Net75 5 
V1 3641267 1632800 3635095 1638972
V1 3635095 1638972 2900000 1638972
V1 2900000 1638972 1875000 1500920
V1 1875000 1500920 1447640 1500920
V1 1447640 1500920 1434680 1513880
Net76 5 
V1 3814470 1632800 3802126 1645143
V1 3802126 1645143 2900000 1645143
V1 2900000 1645143 1875000 1505240
V1 1875000 1505240 1507400 1505240
V1 1507400 1505240 1498760 1513880
Net77 5 
V1 3901070 1632800 3882555 1651315
V1 3882555 1651315 2900000 1651315
V1 2900000 1651315 1875000 1509560
V1 1875000 1509560 1567170 1509560
V1 1567170 1509560 1562850 1513880
Net78 5 
V1 3987677 1632800 3962991 1657486
V1 3962991 1657486 2900000 1657486
V1 2900000 1657486 1875000 1522520
V1 1875000 1522520 1548090 1522520
V1 1548090 1522520 1530810 1539800
Net79 5 
V1 4074280 1632800 4043422 1663657
V1 4043422 1663657 2900000 1663657
V1 2900000 1663657 1875000 1531160
V1 1875000 1531160 1603530 1531160
V1 1603530 1531160 1594890 1539800
Net80 5 
V1 4160880 1632800 4123851 1669828
V1 4123851 1669828 2900000 1669828
V1 2900000 1669828 1875000 1546280
V1 1875000 1546280 1197772 1546280
V1 1197772 1546280 1178332 1565720
Net81 5 
V1 3251552 1589600 3237152 1604000
V1 3237152 1604000 2900000 1604000
V1 2900000 1604000 1875000 1492280
V1 1875000 1492280 1264020 1492280
V1 1264020 1492280 1242420 1513880
Net82 5 
V1 3424760 1589600 3395960 1618400
V1 3395960 1618400 2900000 1618400
V1 2900000 1618400 1875000 1496600
V1 1875000 1496600 1323790 1496600
V1 1323790 1496600 1306510 1513880
