Nets 15
Net24 5 
M3 3372362 1883360 3359402 1896320
M3 3359402 1896320 2900000 1896320
M3 2900000 1896320 1875000 1877686
M3 1875000 1877686 1252896 1877686
M3 1252896 1877686 1211240 1836030
Net25 5 
M3 3436450 1883360 3429970 1876880
M3 3429970 1876880 2900000 1876880
M3 2900000 1876880 1875000 1863801
M3 1875000 1863801 1327351 1863801
M3 1327351 1863801 1299580 1836030
Net26 5 
M3 3500540 1883360 3487580 1870400
M3 3487580 1870400 2900000 1870400
M3 2900000 1870400 1875000 1849915
M3 1875000 1849915 1490135 1849915
M3 1490135 1849915 1476250 1836030
Net31 5 
M3 3532580 1857440 3526100 1863920
M3 3526100 1863920 2900000 1863920
M3 2900000 1863920 1875000 1808258
M3 1875000 1808258 1592351 1808258
M3 1592351 1808258 1564580 1836030
Net43 5 
M3 3596667 1805600 3583707 1818560
M3 3583707 1818560 2900000 1818560
M3 2900000 1818560 1875000 1752711
M3 1875000 1752711 399838 1752711
M3 399838 1752711 372062 1780487
Net67 5 
M3 3308280 1676000 3303096 1681184
M3 3303096 1681184 2900000 1681184
M3 2900000 1681184 1875000 1569421
M3 1875000 1569421 913178 1569421
M3 913178 1569421 902070 1558312
Net68 5 
M3 3372362 1676000 3361994 1686368
M3 3361994 1686368 2900000 1686368
M3 2900000 1686368 1875000 1580529
M3 1875000 1580529 1332910 1580529
M3 1332910 1580529 1299580 1613860
Net69 5 
M3 3436450 1676000 3420898 1691552
M3 3420898 1691552 2900000 1691552
M3 2900000 1691552 1875000 1591638
M3 1875000 1591638 1410132 1591638
M3 1410132 1591638 1387910 1613860
Net70 5 
M3 3500540 1676000 3479804 1696736
M3 3479804 1696736 2900000 1696736
M3 2900000 1696736 1875000 1602746
M3 1875000 1602746 1487363 1602746
M3 1487363 1602746 1476250 1613860
Net75 5 
M3 3532580 1650080 3519620 1663040
M3 3519620 1663040 2900000 1663040
M3 2900000 1663040 1875000 1550377
M3 1875000 1550377 1528348 1550377
M3 1528348 1550377 1520412 1558312
Net79 5 
M3 3308280 1624160 3303096 1629344
M3 3303096 1629344 2900000 1629344
M3 2900000 1629344 1875000 1518639
M3 1875000 1518639 1030083 1518639
M3 1030083 1518639 990410 1558312
Net80 5 
M3 3372362 1624160 3361994 1634528
M3 3361994 1634528 2900000 1634528
M3 2900000 1634528 1875000 1526573
M3 1875000 1526573 1110479 1526573
M3 1110479 1526573 1078740 1558312
Net81 5 
M3 3436450 1624160 3420898 1639712
M3 3420898 1639712 2900000 1639712
M3 2900000 1639712 1875000 1534508
M3 1875000 1534508 1190884 1534508
M3 1190884 1534508 1167080 1558312
Net82 5 
M3 3500540 1624160 3479804 1644896
M3 3479804 1644896 2900000 1644896
M3 2900000 1644896 1875000 1542442
M3 1875000 1542442 1271280 1542442
M3 1271280 1542442 1255410 1558312
Net87 5 
M3 3596667 1598240 3583707 1611200
M3 3583707 1611200 2900000 1611200
M3 2900000 1611200 1875000 1510704
M3 1875000 1510704 419670 1510704
M3 419670 1510704 372062 1558312
