Nets 42
Net0 5 
V1 3197430 1978400 3188790 1987040
V1 3188790 1987040 2900000 1987040
V1 2900000 1987040 1875000 1859480
V1 1875000 1859480 1329850 1859480
V1 1329850 1859480 1312570 1876760
Net1 5 
V1 3353310 1978400 3336030 1995680
V1 3336030 1995680 2900000 1995680
V1 2900000 1995680 1875000 1863800
V1 1875000 1863800 1432917 1863800
V1 1432917 1863800 1419957 1876760
Net2 5 
V1 3431252 1978400 3405332 2004320
V1 3405332 2004320 2900000 2004320
V1 2900000 2004320 1875000 1868120
V1 1875000 1868120 1535980 1868120
V1 1535980 1868120 1527340 1876760
Net3 5 
V1 3587140 1978400 3552580 2012960
V1 3552580 2012960 2900000 2012960
V1 2900000 2012960 1875000 1872440
V1 1875000 1872440 1585360 1872440
V1 1585360 1872440 1581040 1876760
Net6 5 
V1 4054790 1978400 4048618 1972228
V1 4048618 1972228 2900000 1972228
V1 2900000 1972228 1875000 1855160
V1 1875000 1855160 1280472 1855160
V1 1280472 1855160 1258872 1876760
Net7 5 
V1 3236400 1935200 3230227 1941372
V1 3230227 1941372 2900000 1941372
V1 2900000 1941372 1875000 1829240
V1 1875000 1829240 1316890 1829240
V1 1316890 1829240 1312570 1824920
Net8 5 
V1 3314340 1935200 3305700 1926560
V1 3305700 1926560 2900000 1926560
V1 2900000 1926560 1875000 1811960
V1 1875000 1811960 1379220 1811960
V1 1379220 1811960 1366260 1824920
Net9 5 
V1 3392280 1935200 3379936 1947543
V1 3379936 1947543 2900000 1947543
V1 2900000 1947543 1875000 1833560
V1 1875000 1833560 1356697 1833560
V1 1356697 1833560 1339417 1850840
Net10 5 
V1 3470227 1935200 3451712 1953715
V1 3451712 1953715 2900000 1953715
V1 2900000 1953715 1875000 1837880
V1 1875000 1837880 1406070 1837880
V1 1406070 1837880 1393110 1850840
Net11 5 
V1 3548170 1935200 3523483 1959886
V1 3523483 1959886 2900000 1959886
V1 2900000 1959886 1875000 1842200
V1 1875000 1842200 1455440 1842200
V1 1455440 1842200 1446800 1850840
Net12 5 
V1 3704050 1935200 3673192 1966057
V1 3673192 1966057 2900000 1966057
V1 2900000 1966057 1875000 1846520
V1 1875000 1846520 1504817 1846520
V1 1504817 1846520 1500497 1850840
Net17 5 
V1 3197430 1892000 3190230 1884800
V1 3190230 1884800 2900000 1884800
V1 2900000 1884800 1875000 1778264
V1 1875000 1778264 1360153 1778264
V1 1360153 1778264 1339417 1799000
Net18 5 
V1 3275370 1892000 3266730 1900640
V1 3266730 1900640 2900000 1900640
V1 2900000 1900640 1875000 1783448
V1 1875000 1783448 1408662 1783448
V1 1408662 1783448 1393110 1799000
Net19 5 
V1 3431252 1892000 3413972 1909280
V1 3413972 1909280 2900000 1909280
V1 2900000 1909280 1875000 1788632
V1 1875000 1788632 1457168 1788632
V1 1457168 1788632 1446800 1799000
Net20 5 
V1 3587140 1892000 3561220 1917920
V1 3561220 1917920 2900000 1917920
V1 2900000 1917920 1875000 1793816
V1 1875000 1793816 1505681 1793816
V1 1505681 1793816 1500497 1799000
Net22 5 
V1 3743020 1892000 3728620 1877600
V1 3728620 1877600 2900000 1877600
V1 2900000 1877600 1875000 1764440
V1 1875000 1764440 1535980 1764440
V1 1535980 1764440 1527340 1773080
Net26 5 
V1 3236400 1848800 3225600 1838000
V1 3225600 1838000 2900000 1838000
V1 2900000 1838000 1875000 1703960
V1 1875000 1703960 1329850 1703960
V1 1329850 1703960 1312570 1721240
Net27 5 
V1 3314340 1848800 3307140 1856000
V1 3307140 1856000 2900000 1856000
V1 2900000 1856000 1875000 1712600
V1 1875000 1712600 1374900 1712600
V1 1374900 1712600 1366260 1721240
Net28 5 
V1 3392280 1848800 3377880 1863200
V1 3377880 1863200 2900000 1863200
V1 2900000 1863200 1875000 1734200
V1 1875000 1734200 1406070 1734200
V1 1406070 1734200 1393110 1747160
Net30 5 
V1 3626110 1848800 3604510 1870400
V1 3604510 1870400 2900000 1870400
V1 2900000 1870400 1875000 1755800
V1 1875000 1755800 1329850 1755800
V1 1329850 1755800 1312570 1773080
Net36 5 
V1 3197430 1805600 3190230 1798400
V1 3190230 1798400 2900000 1798400
V1 2900000 1798400 1875000 1675880
V1 1875000 1675880 1358857 1675880
V1 1358857 1675880 1339417 1695320
Net39 5 
V1 3587140 1805600 3576340 1816400
V1 3576340 1816400 2900000 1816400
V1 2900000 1816400 1875000 1682360
V1 1875000 1682360 1513457 1682360
V1 1513457 1682360 1500497 1695320
Net40 5 
V1 3743020 1805600 3721420 1827200
V1 3721420 1827200 2900000 1827200
V1 2900000 1827200 1875000 1688840
V1 1875000 1688840 1614360 1688840
V1 1614360 1688840 1607880 1695320
Net45 5 
V1 3392280 1762400 3385080 1769600
V1 3385080 1769600 2900000 1769600
V1 2900000 1769600 1875000 1626200
V1 1875000 1626200 1410390 1626200
V1 1410390 1626200 1393110 1643480
Net46 5 
V1 3470227 1762400 3455827 1776800
V1 3455827 1776800 2900000 1776800
V1 2900000 1776800 1875000 1634840
V1 1875000 1634840 1455440 1634840
V1 1455440 1634840 1446800 1643480
Net47 5 
V1 3548170 1762400 3526570 1784000
V1 3526570 1784000 2900000 1784000
V1 2900000 1784000 1875000 1652120
V1 1875000 1652120 1329850 1652120
V1 1329850 1652120 1312570 1669400
Net51 5 
V1 4015820 1762400 3987020 1791200
V1 3987020 1791200 2900000 1791200
V1 2900000 1791200 1875000 1660760
V1 1875000 1660760 1589680 1660760
V1 1589680 1660760 1581040 1669400
Net52 5 
V1 3197430 1719200 3188790 1727840
V1 3188790 1727840 2900000 1727840
V1 2900000 1727840 1875000 1596824
V1 1875000 1596824 1333306 1596824
V1 1333306 1596824 1312570 1617560
Net53 5 
V1 3275370 1719200 3258090 1736480
V1 3258090 1736480 2900000 1736480
V1 2900000 1736480 1875000 1602008
V1 1875000 1602008 1381812 1602008
V1 1381812 1602008 1366260 1617560
Net54 5 
V1 3431252 1719200 3405332 1745120
V1 3405332 1745120 2900000 1745120
V1 2900000 1745120 1875000 1607192
V1 1875000 1607192 1484018 1607192
V1 1484018 1607192 1473650 1617560
Net56 5 
V1 3665080 1719200 3654280 1708400
V1 3654280 1708400 2900000 1708400
V1 2900000 1708400 1875000 1578680
V1 1875000 1578680 1620840 1578680
V1 1620840 1578680 1607880 1591640
Net58 5 
V1 3820970 1719200 3786410 1753760
V1 3786410 1753760 2900000 1753760
V1 2900000 1753760 1875000 1612376
V1 1875000 1612376 1532524 1612376
V1 1532524 1612376 1527340 1617560
Net63 5 
V1 3392280 1676000 3381480 1686800
V1 3381480 1686800 2900000 1686800
V1 2900000 1686800 1875000 1552760
V1 1875000 1552760 1325530 1552760
V1 1325530 1552760 1312570 1565720
Net66 5 
V1 3626110 1676000 3604510 1697600
V1 3604510 1697600 2900000 1697600
V1 2900000 1697600 1875000 1559240
V1 1875000 1559240 1372740 1559240
V1 1372740 1559240 1366260 1565720
Net75 5 
V1 3587140 1632800 3580967 1638972
V1 3580967 1638972 2900000 1638972
V1 2900000 1638972 1875000 1500920
V1 1875000 1500920 1486610 1500920
V1 1486610 1500920 1473650 1513880
Net76 5 
V1 3743020 1632800 3730676 1645143
V1 3730676 1645143 2900000 1645143
V1 2900000 1645143 1875000 1505240
V1 1875000 1505240 1535980 1505240
V1 1535980 1505240 1527340 1513880
Net77 5 
V1 3820970 1632800 3802455 1651315
V1 3802455 1651315 2900000 1651315
V1 2900000 1651315 1875000 1509560
V1 1875000 1509560 1585360 1509560
V1 1585360 1509560 1581040 1513880
Net78 5 
V1 3898910 1632800 3874223 1657486
V1 3874223 1657486 2900000 1657486
V1 2900000 1657486 1875000 1522520
V1 1875000 1522520 1571470 1522520
V1 1571470 1522520 1554190 1539800
Net79 5 
V1 3976850 1632800 3945992 1663657
V1 3945992 1663657 2900000 1663657
V1 2900000 1663657 1875000 1531160
V1 1875000 1531160 1616520 1531160
V1 1616520 1531160 1607880 1539800
Net80 5 
V1 4054790 1632800 4017761 1669828
V1 4017761 1669828 2900000 1669828
V1 2900000 1669828 1875000 1546280
V1 1875000 1546280 1278312 1546280
V1 1278312 1546280 1258872 1565720
Net81 5 
V1 3236400 1589600 3222000 1604000
V1 3222000 1604000 2900000 1604000
V1 2900000 1604000 1875000 1492280
V1 1875000 1492280 1334170 1492280
V1 1334170 1492280 1312570 1513880
Net82 5 
V1 3392280 1589600 3363480 1618400
V1 3363480 1618400 2900000 1618400
V1 2900000 1618400 1875000 1496600
V1 1875000 1496600 1383540 1496600
V1 1383540 1496600 1366260 1513880
