Nets 32
Net0 5 
V1 3154130 1987040 3148946 1992224
V1 3148946 1992224 2900000 1992224
V1 2900000 1992224 1875000 1854544
V1 1875000 1854544 402166 1854544
V1 402166 1854544 365140 1891570
Net1 5 
V1 3240730 1987040 3230362 1997408
V1 3230362 1997408 2900000 1997408
V1 2900000 1997408 1875000 1863801
V1 1875000 1863801 583429 1863801
V1 583429 1863801 555660 1891570
Net2 5 
V1 3327330 1987040 3311778 2002592
V1 3311778 2002592 2900000 2002592
V1 2900000 2002592 1875000 1873058
V1 1875000 1873058 669434 1873058
V1 669434 1873058 650922 1891570
Net3 5 
V1 3370630 1987040 3349894 2007776
V1 3349894 2007776 2900000 2007776
V1 2900000 2007776 1875000 1882315
V1 1875000 1882315 850705 1882315
V1 850705 1882315 841450 1891570
Net4 5 
V1 3175780 1961120 3170596 1966304
V1 3170596 1966304 2900000 1966304
V1 2900000 1966304 1875000 1802704
V1 1875000 1802704 541355 1802704
V1 541355 1802704 508030 1836030
Net5 5 
V1 3219080 1961120 3208712 1971488
V1 3208712 1971488 2900000 1971488
V1 2900000 1971488 1875000 1813813
V1 1875000 1813813 625507 1813813
V1 625507 1813813 603290 1836030
Net6 5 
V1 3262380 1961120 3246828 1976672
V1 3246828 1976672 2900000 1976672
V1 2900000 1976672 1875000 1824921
V1 1875000 1824921 709668 1824921
V1 709668 1824921 698560 1836030
Net7 5 
V1 3305680 1961120 3284944 1981856
V1 3284944 1981856 2900000 1981856
V1 2900000 1981856 1875000 1845287
V1 1875000 1845287 803077 1845287
V1 803077 1845287 793820 1836030
Net11 5 
V1 3154130 1935200 3147650 1928720
V1 3147650 1928720 2900000 1928720
V1 2900000 1928720 1875000 1791596
V1 1875000 1791596 361941 1791596
V1 361941 1791596 317507 1836030
Net17 5 
V1 3219080 1909280 3212600 1915760
V1 3212600 1915760 2900000 1915760
V1 2900000 1915760 1875000 1761968
V1 1875000 1761968 478919 1761968
V1 478919 1761968 460400 1780487
Net18 5 
V1 3262380 1909280 3249420 1922240
V1 3249420 1922240 2900000 1922240
V1 2900000 1922240 1875000 1771225
V1 1875000 1771225 660185 1771225
V1 660185 1771225 650922 1780487
Net33 5 
V1 3154130 1831520 3141170 1844480
V1 3141170 1844480 2900000 1844480
V1 2900000 1844480 1875000 1752711
V1 1875000 1752711 345278 1752711
V1 345278 1752711 317507 1724940
Net36 5 
V1 3284030 1831520 3279710 1827200
V1 3279710 1827200 2900000 1827200
V1 2900000 1827200 1875000 1743454
V1 1875000 1743454 1193384 1743454
V1 1193384 1743454 1174870 1724940
Net37 5 
V1 3327330 1831520 3318690 1822880
V1 3318690 1822880 2900000 1822880
V1 2900000 1822880 1875000 1734197
V1 1875000 1734197 1374654 1734197
V1 1374654 1734197 1365397 1724940
Net38 5 
V1 3370630 1831520 3357670 1818560
V1 3357670 1818560 2900000 1818560
V1 2900000 1818560 1875000 1713834
V1 1875000 1713834 1471766 1713834
V1 1471766 1713834 1460660 1724940
Net40 5 
V1 3262380 1805600 3257196 1800416
V1 3257196 1800416 2900000 1800416
V1 2900000 1800416 1875000 1680508
V1 1875000 1680508 838251 1680508
V1 838251 1680508 793820 1724940
Net41 5 
V1 3305680 1805600 3301360 1809920
V1 3301360 1809920 2900000 1809920
V1 2900000 1809920 1875000 1691617
V1 1875000 1691617 922403 1691617
V1 922403 1691617 889080 1724940
Net42 5 
V1 3392280 1805600 3383640 1814240
V1 3383640 1814240 2900000 1814240
V1 2900000 1814240 1875000 1702725
V1 1875000 1702725 1101824 1702725
V1 1101824 1702725 1079610 1724940
Net45 5 
V1 3240730 1779680 3235546 1784864
V1 3235546 1784864 2900000 1784864
V1 2900000 1784864 1875000 1648573
V1 1875000 1648573 957536 1648573
V1 957536 1648573 936710 1669400
Net46 5 
V1 3284030 1779680 3273662 1790048
V1 3273662 1790048 2900000 1790048
V1 2900000 1790048 1875000 1655516
V1 1875000 1655516 1045863 1655516
V1 1045863 1655516 1031980 1669400
Net47 5 
V1 3370630 1779680 3355078 1795232
V1 3355078 1795232 2900000 1795232
V1 2900000 1795232 1875000 1662459
V1 1875000 1662459 1324703 1662459
V1 1324703 1662459 1317762 1669400
Net48 5 
V1 3175780 1753760 3169300 1760240
V1 3169300 1760240 2900000 1760240
V1 2900000 1760240 1875000 1627745
V1 1875000 1627745 406794 1627745
V1 406794 1627745 365140 1669400
Net49 5 
V1 3219080 1753760 3206120 1766720
V1 3206120 1766720 2900000 1766720
V1 2900000 1766720 1875000 1634688
V1 1875000 1634688 495111 1634688
V1 495111 1634688 460400 1669400
Net50 5 
V1 3262380 1753760 3242940 1773200
V1 3242940 1773200 2900000 1773200
V1 2900000 1773200 1875000 1641631
V1 1875000 1641631 678691 1641631
V1 678691 1641631 650922 1669400
Net56 5 
V1 3197430 1727840 3192246 1733024
V1 3192246 1733024 2900000 1733024
V1 2900000 1733024 1875000 1580529
V1 1875000 1580529 350838 1580529
V1 350838 1580529 317507 1613860
Net57 5 
V1 3284030 1727840 3273662 1738208
V1 3273662 1738208 2900000 1738208
V1 2900000 1738208 1875000 1591638
V1 1875000 1591638 530252 1591638
V1 530252 1591638 508030 1613860
Net58 5 
V1 3327330 1727840 3311778 1743392
V1 3311778 1743392 2900000 1743392
V1 2900000 1743392 1875000 1602746
V1 1875000 1602746 1090723 1602746
V1 1090723 1602746 1079610 1613860
Net59 5 
V1 3370630 1727840 3349894 1748576
V1 3349894 1748576 2900000 1748576
V1 2900000 1748576 1875000 1620802
V1 1875000 1620802 896022 1620802
V1 896022 1620802 889080 1613860
Net60 5 
V1 3175780 1701920 3162820 1714880
V1 3162820 1714880 2900000 1714880
V1 2900000 1714880 1875000 1569421
V1 1875000 1569421 471508 1569421
V1 471508 1569421 460400 1558312
Net72 5 
V1 3219080 1650080 3212600 1656560
V1 3212600 1656560 2900000 1656560
V1 2900000 1656560 1875000 1465741
V1 1875000 1465741 449798 1465741
V1 449798 1465741 412770 1502770
Net73 5 
V1 3262380 1650080 3249420 1663040
V1 3249420 1663040 2900000 1663040
V1 2900000 1663040 1875000 1484255
V1 1875000 1484255 526544 1484255
V1 526544 1484255 508030 1502770
Net74 5 
V1 3348980 1650080 3329540 1669520
V1 3329540 1669520 2900000 1669520
V1 2900000 1669520 1875000 1530541
V1 1875000 1530541 1440801 1530541
V1 1440801 1530541 1413030 1558312
