Nets 26
Net4 5 
M2 3727870 1978400 3706270 2000000
M2 3706270 2000000 2900000 2000000
M2 2900000 2000000 1875000 1842200
M2 1875000 1842200 1562830 1842200
M2 1562830 1842200 1554190 1850840
Net14 5 
M2 3944372 1935200 3933572 1946000
M2 3933572 1946000 2900000 1946000
M2 2900000 1946000 1875000 1807640
M2 1875000 1807640 1544620 1807640
M2 1544620 1807640 1527340 1824920
Net15 5 
M2 4030980 1935200 4009380 1956800
M2 4009380 1956800 2900000 1956800
M2 2900000 1956800 1875000 1816280
M2 1875000 1816280 1589680 1816280
M2 1589680 1816280 1581040 1824920
Net16 5 
M2 4204180 1935200 4171780 1967600
M2 4171780 1967600 2900000 1967600
M2 2900000 1967600 1875000 1833560
M2 1875000 1833560 1267512 1833560
M2 1267512 1833560 1258872 1824920
Net21 5 
M2 3727870 1892000 3713470 1906400
M2 3713470 1906400 2900000 1906400
M2 2900000 1906400 1875000 1760120
M2 1875000 1760120 1486610 1760120
M2 1486610 1760120 1473650 1773080
Net24 5 
M2 4074280 1892000 4045480 1920800
M2 4045480 1920800 2900000 1920800
M2 2900000 1920800 1875000 1766600
M2 1875000 1766600 1587520 1766600
M2 1587520 1766600 1581040 1773080
Net25 5 
M2 4160880 1892000 4152240 1883360
M2 4152240 1883360 2900000 1883360
M2 2900000 1883360 1875000 1753640
M2 1875000 1753640 1278312 1753640
M2 1278312 1753640 1258872 1773080
Net29 5 
M2 3511360 1848800 3502720 1857440
M2 3502720 1857440 2900000 1857440
M2 2900000 1857440 1875000 1727720
M2 1875000 1727720 1358857 1727720
M2 1358857 1727720 1339417 1747160
Net33 5 
M2 4030980 1848800 4013700 1866080
M2 4013700 1866080 2900000 1866080
M2 2900000 1866080 1875000 1734200
M2 1875000 1734200 1567150 1734200
M2 1567150 1734200 1554190 1747160
Net34 5 
M2 4117580 1848800 4091660 1874720
M2 4091660 1874720 2900000 1874720
M2 2900000 1874720 1875000 1740680
M2 1875000 1740680 1614360 1740680
M2 1614360 1740680 1607880 1747160
Net37 5 
M2 3294857 1805600 3286217 1814240
M2 3286217 1814240 2900000 1814240
M2 2900000 1814240 1875000 1700504
M2 1875000 1700504 1440693 1700504
M2 1440693 1700504 1419957 1721240
Net41 5 
M2 3901070 1805600 3883790 1822880
M2 3883790 1822880 2900000 1822880
M2 2900000 1822880 1875000 1705688
M2 1875000 1705688 1489202 1705688
M2 1489202 1705688 1473650 1721240
Net42 5 
M2 3987677 1805600 3961757 1831520
M2 3961757 1831520 2900000 1831520
M2 2900000 1831520 1875000 1710872
M2 1875000 1710872 1537708 1710872
M2 1537708 1710872 1527340 1721240
Net43 5 
M2 4074280 1805600 4039720 1840160
M2 4039720 1840160 2900000 1840160
M2 2900000 1840160 1875000 1716056
M2 1875000 1716056 1586224 1716056
M2 1586224 1716056 1581040 1721240
Net44 5 
M2 3338160 1762400 3323760 1776800
M2 3323760 1776800 2900000 1776800
M2 2900000 1776800 1875000 1626200
M2 1875000 1626200 1356697 1626200
M2 1356697 1626200 1339417 1643480
Net50 5 
M2 3944372 1762400 3915572 1791200
M2 3915572 1791200 2900000 1791200
M2 2900000 1791200 1875000 1634840
M2 1875000 1634840 1509137 1634840
M2 1509137 1634840 1500497 1643480
Net57 5 
M2 3814470 1719200 3792870 1740800
M2 3792870 1740800 2900000 1740800
M2 2900000 1740800 1875000 1608920
M2 1875000 1608920 1589680 1608920
M2 1589680 1608920 1581040 1617560
Net67 5 
M2 3771170 1676000 3762530 1684640
M2 3762530 1684640 2900000 1684640
M2 2900000 1684640 1875000 1546280
M2 1875000 1546280 1493090 1546280
M2 1493090 1546280 1473650 1565720
Net68 5 
M2 3944372 1676000 3927092 1693280
M2 3927092 1693280 2900000 1693280
M2 2900000 1693280 1875000 1552760
M2 1875000 1552760 1540300 1552760
M2 1540300 1552760 1527340 1565720
Net69 5 
M2 4030980 1676000 4005060 1701920
M2 4005060 1701920 2900000 1701920
M2 2900000 1701920 1875000 1559240
M2 1875000 1559240 1587520 1559240
M2 1587520 1559240 1581040 1565720
Net70 5 
M2 4204180 1676000 4169620 1710560
M2 4169620 1710560 2900000 1710560
M2 2900000 1710560 1875000 1600280
M2 1875000 1600280 1276152 1600280
M2 1276152 1600280 1258872 1617560
Net74 5 
M2 3468060 1632800 3446460 1654400
M2 3446460 1654400 2900000 1654400
M2 2900000 1654400 1875000 1505240
M2 1875000 1505240 1428597 1505240
M2 1428597 1505240 1419957 1513880
Net84 5 
M2 3684570 1589600 3675930 1598240
M2 3675930 1598240 2900000 1598240
M2 2900000 1598240 1875000 1468520
M2 1875000 1468520 1412550 1468520
M2 1412550 1468520 1393110 1487960
Net85 5 
M2 3771170 1589600 3753890 1606880
M2 3753890 1606880 2900000 1606880
M2 2900000 1606880 1875000 1475000
M2 1875000 1475000 1513457 1475000
M2 1513457 1475000 1500497 1487960
Net86 5 
M2 3944372 1589600 3918452 1615520
M2 3918452 1615520 2900000 1615520
M2 2900000 1615520 1875000 1481480
M2 1875000 1481480 1614360 1481480
M2 1614360 1481480 1607880 1487960
Net87 5 
M2 4204180 1589600 4169620 1624160
M2 4169620 1624160 2900000 1624160
M2 2900000 1624160 1875000 1496600
M2 1875000 1496600 1276152 1496600
M2 1276152 1496600 1258872 1513880
