Nets 32
Net0 5 
V1 3167120 1987040 3161936 1992224
V1 3161936 1992224 2900000 1992224
V1 2900000 1992224 1875000 1854544
V1 1875000 1854544 449796 1854544
V1 449796 1854544 412770 1891570
Net1 5 
V1 3274502 1987040 3264134 1997408
V1 3264134 1997408 2900000 1997408
V1 2900000 1997408 1875000 1863801
V1 1875000 1863801 624136 1863801
V1 624136 1863801 596367 1891570
Net2 5 
V1 3381890 1987040 3366338 2002592
V1 3366338 2002592 2900000 2002592
V1 2900000 2002592 1875000 1873058
V1 1875000 1873058 706674 1873058
V1 706674 1873058 688162 1891570
Net3 5 
V1 3435582 1987040 3414846 2007776
V1 3414846 2007776 2900000 2007776
V1 2900000 2007776 1875000 1882315
V1 1875000 1882315 881015 1882315
V1 881015 1882315 871760 1891570
Net4 5 
V1 3193960 1961120 3188776 1966304
V1 3188776 1966304 2900000 1966304
V1 2900000 1966304 1875000 1802704
V1 1875000 1802704 583793 1802704
V1 583793 1802704 550467 1836030
Net5 5 
V1 3247660 1961120 3237292 1971488
V1 3237292 1971488 2900000 1971488
V1 2900000 1971488 1875000 1813813
V1 1875000 1813813 664479 1813813
V1 664479 1813813 642262 1836030
Net6 5 
V1 3301350 1961120 3285798 1976672
V1 3285798 1976672 2900000 1976672
V1 2900000 1976672 1875000 1824921
V1 1875000 1824921 745168 1824921
V1 745168 1824921 734060 1836030
Net7 5 
V1 3355042 1961120 3334306 1981856
V1 3334306 1981856 2900000 1981856
V1 2900000 1981856 1875000 1845287
V1 1875000 1845287 835117 1845287
V1 835117 1845287 825860 1836030
Net11 5 
V1 3167120 1935200 3160640 1928720
V1 3160640 1928720 2900000 1928720
V1 2900000 1928720 1875000 1791596
V1 1875000 1791596 411304 1791596
V1 411304 1791596 366870 1836030
Net17 5 
V1 3247660 1909280 3241180 1915760
V1 3241180 1915760 2900000 1915760
V1 2900000 1915760 1875000 1761968
V1 1875000 1761968 523089 1761968
V1 523089 1761968 504570 1780487
Net18 5 
V1 3301350 1909280 3288390 1922240
V1 3288390 1922240 2900000 1922240
V1 2900000 1922240 1875000 1771225
V1 1875000 1771225 697425 1771225
V1 697425 1771225 688162 1780487
Net33 5 
V1 3167120 1831520 3154160 1844480
V1 3154160 1844480 2900000 1844480
V1 2900000 1844480 1875000 1752711
V1 1875000 1752711 394641 1752711
V1 394641 1752711 366870 1724940
Net36 5 
V1 3328200 1831520 3323880 1827200
V1 3323880 1827200 2900000 1827200
V1 2900000 1827200 1875000 1743454
V1 1875000 1743454 1211574 1743454
V1 1211574 1743454 1193060 1724940
Net37 5 
V1 3381890 1831520 3373250 1822880
V1 3373250 1822880 2900000 1822880
V1 2900000 1822880 1875000 1734197
V1 1875000 1734197 1385909 1734197
V1 1385909 1734197 1376652 1724940
Net38 5 
V1 3435582 1831520 3422622 1818560
V1 3422622 1818560 2900000 1818560
V1 2900000 1818560 1875000 1713834
V1 1875000 1713834 1479556 1713834
V1 1479556 1713834 1468450 1724940
Net40 5 
V1 3301350 1805600 3296166 1800416
V1 3296166 1800416 2900000 1800416
V1 2900000 1800416 1875000 1680508
V1 1875000 1680508 870291 1680508
V1 870291 1680508 825860 1724940
Net41 5 
V1 3355042 1805600 3350722 1809920
V1 3350722 1809920 2900000 1809920
V1 2900000 1809920 1875000 1691617
V1 1875000 1691617 950983 1691617
V1 950983 1691617 917660 1724940
Net42 5 
V1 3462430 1805600 3453790 1814240
V1 3453790 1814240 2900000 1814240
V1 2900000 1814240 1875000 1702725
V1 1875000 1702725 1123474 1702725
V1 1123474 1702725 1101260 1724940
Net45 5 
V1 3274502 1779680 3269318 1784864
V1 3269318 1784864 2900000 1784864
V1 2900000 1784864 1875000 1648573
V1 1875000 1648573 984386 1648573
V1 984386 1648573 963560 1669400
Net46 5 
V1 3328200 1779680 3317832 1790048
V1 3317832 1790048 2900000 1790048
V1 2900000 1790048 1875000 1655516
V1 1875000 1655516 1069243 1655516
V1 1069243 1655516 1055360 1669400
Net47 5 
V1 3435582 1779680 3420030 1795232
V1 3420030 1795232 2900000 1795232
V1 2900000 1795232 1875000 1662459
V1 1875000 1662459 1337693 1662459
V1 1337693 1662459 1330752 1669400
Net48 5 
V1 3193960 1753760 3187480 1760240
V1 3187480 1760240 2900000 1760240
V1 2900000 1760240 1875000 1627745
V1 1875000 1627745 454424 1627745
V1 454424 1627745 412770 1669400
Net49 5 
V1 3247660 1753760 3234700 1766720
V1 3234700 1766720 2900000 1766720
V1 2900000 1766720 1875000 1634688
V1 1875000 1634688 539281 1634688
V1 539281 1634688 504570 1669400
Net50 5 
V1 3301350 1753760 3281910 1773200
V1 3281910 1773200 2900000 1773200
V1 2900000 1773200 1875000 1641631
V1 1875000 1641631 715931 1641631
V1 715931 1641631 688162 1669400
Net56 5 
V1 3220810 1727840 3215626 1733024
V1 3215626 1733024 2900000 1733024
V1 2900000 1733024 1875000 1580529
V1 1875000 1580529 400200 1580529
V1 400200 1580529 366870 1613860
Net57 5 
V1 3328200 1727840 3317832 1738208
V1 3317832 1738208 2900000 1738208
V1 2900000 1738208 1875000 1591638
V1 1875000 1591638 572689 1591638
V1 572689 1591638 550467 1613860
Net58 5 
V1 3381890 1727840 3366338 1743392
V1 3366338 1743392 2900000 1743392
V1 2900000 1743392 1875000 1602746
V1 1875000 1602746 1112373 1602746
V1 1112373 1602746 1101260 1613860
Net59 5 
V1 3435582 1727840 3414846 1748576
V1 3414846 1748576 2900000 1748576
V1 2900000 1748576 1875000 1620802
V1 1875000 1620802 924602 1620802
V1 924602 1620802 917660 1613860
Net60 5 
V1 3193960 1701920 3181000 1714880
V1 3181000 1714880 2900000 1714880
V1 2900000 1714880 1875000 1569421
V1 1875000 1569421 515678 1569421
V1 515678 1569421 504570 1558312
Net72 5 
V1 3247660 1650080 3241180 1656560
V1 3241180 1656560 2900000 1656560
V1 2900000 1656560 1875000 1465741
V1 1875000 1465741 495698 1465741
V1 495698 1465741 458670 1502770
Net73 5 
V1 3301350 1650080 3288390 1663040
V1 3288390 1663040 2900000 1663040
V1 2900000 1663040 1875000 1484255
V1 1875000 1484255 568982 1484255
V1 568982 1484255 550467 1502770
Net74 5 
V1 3408740 1650080 3389300 1669520
V1 3389300 1669520 2900000 1669520
V1 2900000 1669520 1875000 1530541
V1 1875000 1530541 1450321 1530541
V1 1450321 1530541 1422550 1558312
