Nets 32
Net0 5 
V1 3054130 1987040 3048946 1992224
V1 3048946 1992224 2800000 1992224
V1 2800000 1992224 1875000 1854544
V1 1875000 1854544 449796 1854544
V1 449796 1854544 412770 1891570
Net1 5 
V1 3140730 1987040 3130362 1997408
V1 3130362 1997408 2800000 1997408
V1 2800000 1997408 1875000 1863801
V1 1875000 1863801 624136 1863801
V1 624136 1863801 596367 1891570
Net2 5 
V1 3227330 1987040 3211778 2002592
V1 3211778 2002592 2800000 2002592
V1 2800000 2002592 1875000 1873058
V1 1875000 1873058 706674 1873058
V1 706674 1873058 688162 1891570
Net3 5 
V1 3270630 1987040 3249894 2007776
V1 3249894 2007776 2800000 2007776
V1 2800000 2007776 1875000 1882315
V1 1875000 1882315 881015 1882315
V1 881015 1882315 871760 1891570
Net4 5 
V1 3075780 1961120 3070596 1966304
V1 3070596 1966304 2800000 1966304
V1 2800000 1966304 1875000 1802704
V1 1875000 1802704 583793 1802704
V1 583793 1802704 550467 1836030
Net5 5 
V1 3119080 1961120 3108712 1971488
V1 3108712 1971488 2800000 1971488
V1 2800000 1971488 1875000 1813813
V1 1875000 1813813 664479 1813813
V1 664479 1813813 642262 1836030
Net6 5 
V1 3162380 1961120 3146828 1976672
V1 3146828 1976672 2800000 1976672
V1 2800000 1976672 1875000 1824921
V1 1875000 1824921 745168 1824921
V1 745168 1824921 734060 1836030
Net7 5 
V1 3205680 1961120 3184944 1981856
V1 3184944 1981856 2800000 1981856
V1 2800000 1981856 1875000 1845287
V1 1875000 1845287 835117 1845287
V1 835117 1845287 825860 1836030
Net11 5 
V1 3054130 1935200 3047650 1928720
V1 3047650 1928720 2800000 1928720
V1 2800000 1928720 1875000 1791596
V1 1875000 1791596 411304 1791596
V1 411304 1791596 366870 1836030
Net17 5 
V1 3119080 1909280 3112600 1915760
V1 3112600 1915760 2800000 1915760
V1 2800000 1915760 1875000 1761968
V1 1875000 1761968 523089 1761968
V1 523089 1761968 504570 1780487
Net18 5 
V1 3162380 1909280 3149420 1922240
V1 3149420 1922240 2800000 1922240
V1 2800000 1922240 1875000 1771225
V1 1875000 1771225 697425 1771225
V1 697425 1771225 688162 1780487
Net33 5 
V1 3054130 1831520 3041170 1844480
V1 3041170 1844480 2800000 1844480
V1 2800000 1844480 1875000 1752711
V1 1875000 1752711 394641 1752711
V1 394641 1752711 366870 1724940
Net36 5 
V1 3184030 1831520 3179710 1827200
V1 3179710 1827200 2800000 1827200
V1 2800000 1827200 1875000 1743454
V1 1875000 1743454 1211574 1743454
V1 1211574 1743454 1193060 1724940
Net37 5 
V1 3227330 1831520 3218690 1822880
V1 3218690 1822880 2800000 1822880
V1 2800000 1822880 1875000 1734197
V1 1875000 1734197 1385909 1734197
V1 1385909 1734197 1376652 1724940
Net38 5 
V1 3270630 1831520 3257670 1818560
V1 3257670 1818560 2800000 1818560
V1 2800000 1818560 1875000 1713834
V1 1875000 1713834 1479556 1713834
V1 1479556 1713834 1468450 1724940
Net40 5 
V1 3162380 1805600 3157196 1800416
V1 3157196 1800416 2800000 1800416
V1 2800000 1800416 1875000 1680508
V1 1875000 1680508 870291 1680508
V1 870291 1680508 825860 1724940
Net41 5 
V1 3205680 1805600 3201360 1809920
V1 3201360 1809920 2800000 1809920
V1 2800000 1809920 1875000 1691617
V1 1875000 1691617 950983 1691617
V1 950983 1691617 917660 1724940
Net42 5 
V1 3292280 1805600 3283640 1814240
V1 3283640 1814240 2800000 1814240
V1 2800000 1814240 1875000 1702725
V1 1875000 1702725 1123474 1702725
V1 1123474 1702725 1101260 1724940
Net45 5 
V1 3140730 1779680 3135546 1784864
V1 3135546 1784864 2800000 1784864
V1 2800000 1784864 1875000 1648573
V1 1875000 1648573 984386 1648573
V1 984386 1648573 963560 1669400
Net46 5 
V1 3184030 1779680 3173662 1790048
V1 3173662 1790048 2800000 1790048
V1 2800000 1790048 1875000 1655516
V1 1875000 1655516 1069243 1655516
V1 1069243 1655516 1055360 1669400
Net47 5 
V1 3270630 1779680 3255078 1795232
V1 3255078 1795232 2800000 1795232
V1 2800000 1795232 1875000 1662459
V1 1875000 1662459 1337693 1662459
V1 1337693 1662459 1330752 1669400
Net48 5 
V1 3075780 1753760 3069300 1760240
V1 3069300 1760240 2800000 1760240
V1 2800000 1760240 1875000 1627745
V1 1875000 1627745 454424 1627745
V1 454424 1627745 412770 1669400
Net49 5 
V1 3119080 1753760 3106120 1766720
V1 3106120 1766720 2800000 1766720
V1 2800000 1766720 1875000 1634688
V1 1875000 1634688 539281 1634688
V1 539281 1634688 504570 1669400
Net50 5 
V1 3162380 1753760 3142940 1773200
V1 3142940 1773200 2800000 1773200
V1 2800000 1773200 1875000 1641631
V1 1875000 1641631 715931 1641631
V1 715931 1641631 688162 1669400
Net56 5 
V1 3097430 1727840 3092246 1733024
V1 3092246 1733024 2800000 1733024
V1 2800000 1733024 1875000 1580529
V1 1875000 1580529 400200 1580529
V1 400200 1580529 366870 1613860
Net57 5 
V1 3184030 1727840 3173662 1738208
V1 3173662 1738208 2800000 1738208
V1 2800000 1738208 1875000 1591638
V1 1875000 1591638 572689 1591638
V1 572689 1591638 550467 1613860
Net58 5 
V1 3227330 1727840 3211778 1743392
V1 3211778 1743392 2800000 1743392
V1 2800000 1743392 1875000 1602746
V1 1875000 1602746 1112373 1602746
V1 1112373 1602746 1101260 1613860
Net59 5 
V1 3270630 1727840 3249894 1748576
V1 3249894 1748576 2800000 1748576
V1 2800000 1748576 1875000 1620802
V1 1875000 1620802 924602 1620802
V1 924602 1620802 917660 1613860
Net60 5 
V1 3075780 1701920 3062820 1714880
V1 3062820 1714880 2800000 1714880
V1 2800000 1714880 1875000 1569421
V1 1875000 1569421 515678 1569421
V1 515678 1569421 504570 1558312
Net72 5 
V1 3119080 1650080 3112600 1656560
V1 3112600 1656560 2800000 1656560
V1 2800000 1656560 1875000 1465741
V1 1875000 1465741 495698 1465741
V1 495698 1465741 458670 1502770
Net73 5 
V1 3162380 1650080 3149420 1663040
V1 3149420 1663040 2800000 1663040
V1 2800000 1663040 1875000 1484255
V1 1875000 1484255 568982 1484255
V1 568982 1484255 550467 1502770
Net74 5 
V1 3248980 1650080 3229540 1669520
V1 3229540 1669520 2800000 1669520
V1 2800000 1669520 1875000 1530541
V1 1875000 1530541 1450321 1530541
V1 1450321 1530541 1422550 1558312
