Nets 22
Net4 5 
M2 3075780 1961120 3067140 1969760
M2 3067140 1969760 2800000 1969760
M2 2800000 1969760 1875000 1833560
M2 1875000 1833560 1291740 1833560
M2 1291740 1833560 1274460 1850840
Net5 5 
M2 3119080 1961120 3101800 1978400
M2 3101800 1978400 2800000 1978400
M2 2800000 1978400 1875000 1842200
M2 1875000 1842200 1347190 1842200
M2 1347190 1842200 1338550 1850840
Net16 5 
M2 3075780 1909280 3067140 1917920
M2 3067140 1917920 2800000 1917920
M2 2800000 1917920 1875000 1781720
M2 1875000 1781720 1291740 1781720
M2 1291740 1781720 1274460 1799000
Net17 5 
M2 3119080 1909280 3101800 1926560
M2 3101800 1926560 2800000 1926560
M2 2800000 1926560 1875000 1790360
M2 1875000 1790360 1347190 1790360
M2 1347190 1790360 1338550 1799000
Net23 5 
M2 3140730 1883360 3135546 1888544
M2 3135546 1888544 2800000 1888544
M2 2800000 1888544 1875000 1752344
M2 1875000 1752344 1391326 1752344
M2 1391326 1752344 1370590 1773080
Net24 5 
M2 3184030 1883360 3173662 1893728
M2 3173662 1893728 2800000 1893728
M2 2800000 1893728 1875000 1757528
M2 1875000 1757528 1450232 1757528
M2 1450232 1757528 1434680 1773080
Net25 5 
M2 3227330 1883360 3211778 1898912
M2 3211778 1898912 2800000 1898912
M2 2800000 1898912 1875000 1762712
M2 1875000 1762712 1509128 1762712
M2 1509128 1762712 1498760 1773080
Net26 5 
M2 3270630 1883360 3249894 1904096
M2 3249894 1904096 2800000 1904096
M2 2800000 1904096 1875000 1767896
M2 1875000 1767896 1568034 1767896
M2 1568034 1767896 1562850 1773080
Net30 5 
M2 3248980 1857440 3236020 1870400
M2 3236020 1870400 2800000 1870400
M2 2800000 1870400 1875000 1734200
M2 1875000 1734200 1543770 1734200
M2 1543770 1734200 1530810 1747160
Net34 5 
M2 3097430 1831520 3088790 1840160
M2 3088790 1840160 2800000 1840160
M2 2800000 1840160 1875000 1703960
M2 1875000 1703960 1323790 1703960
M2 1323790 1703960 1306510 1721240
Net37 5 
M2 3227330 1831520 3210050 1848800
M2 3210050 1848800 2800000 1848800
M2 2800000 1848800 1875000 1712600
M2 1875000 1712600 1507400 1712600
M2 1507400 1712600 1498760 1721240
Net44 5 
M2 3054130 1779680 3041170 1792640
M2 3041170 1792640 2800000 1792640
M2 2800000 1792640 1875000 1656440
M2 1875000 1656440 1255380 1656440
M2 1255380 1656440 1242420 1669400
Net48 5 
M2 3075780 1753760 3067140 1762400
M2 3067140 1762400 2800000 1762400
M2 2800000 1762400 1875000 1626200
M2 1875000 1626200 1291740 1626200
M2 1291740 1626200 1274460 1643480
Net51 5 
M2 3205680 1753760 3188400 1771040
M2 3188400 1771040 2800000 1771040
M2 2800000 1771040 1875000 1634840
M2 1875000 1634840 1475360 1634840
M2 1475360 1634840 1466720 1643480
Net58 5 
M2 3227330 1727840 3218690 1736480
M2 3218690 1736480 2800000 1736480
M2 2800000 1736480 1875000 1600280
M2 1875000 1600280 1516040 1600280
M2 1516040 1600280 1498760 1617560
Net59 5 
M2 3270630 1727840 3253350 1745120
M2 3253350 1745120 2800000 1745120
M2 2800000 1745120 1875000 1608920
M2 1875000 1608920 1571490 1608920
M2 1571490 1608920 1562850 1617560
Net61 5 
M2 3119080 1701920 3106120 1714880
M2 3106120 1714880 2800000 1714880
M2 2800000 1714880 1875000 1578680
M2 1875000 1578680 1351510 1578680
M2 1351510 1578680 1338550 1591640
Net68 5 
M2 3184030 1676000 3171070 1688960
M2 3171070 1688960 2800000 1688960
M2 2800000 1688960 1875000 1552760
M2 1875000 1552760 1447640 1552760
M2 1447640 1552760 1434680 1565720
Net71 5 
M2 3075780 1650080 3067140 1658720
M2 3067140 1658720 2800000 1658720
M2 2800000 1658720 1875000 1522520
M2 1875000 1522520 1227660 1522520
M2 1227660 1522520 1210380 1539800
Net72 5 
M2 3119080 1650080 3101800 1667360
M2 3101800 1667360 2800000 1667360
M2 2800000 1667360 1875000 1531160
M2 1875000 1531160 1347190 1531160
M2 1347190 1531160 1338550 1539800
Net78 5 
M2 3097430 1624160 3088790 1632800
M2 3088790 1632800 2800000 1632800
M2 2800000 1632800 1875000 1496600
M2 1875000 1496600 1323790 1496600
M2 1323790 1496600 1306510 1513880
Net81 5 
M2 3227330 1624160 3210050 1641440
M2 3210050 1641440 2800000 1641440
M2 2800000 1641440 1875000 1505240
M2 1875000 1505240 1507400 1505240
M2 1507400 1505240 1498760 1513880
