Nets 32
Net0 5 
V1 3080110 1987040 3074926 1992224
V1 3074926 1992224 2800000 1992224
V1 2800000 1992224 1875000 1854544
V1 1875000 1854544 497426 1854544
V1 497426 1854544 460400 1891570
Net1 5 
V1 3208280 1987040 3197912 1997408
V1 3197912 1997408 2800000 1997408
V1 2800000 1997408 1875000 1863801
V1 1875000 1863801 664839 1863801
V1 664839 1863801 637070 1891570
Net2 5 
V1 3336450 1987040 3320898 2002592
V1 3320898 2002592 2800000 2002592
V1 2800000 2002592 1875000 1873058
V1 1875000 1873058 743912 1873058
V1 743912 1873058 725400 1891570
Net3 5 
V1 3400540 1987040 3379804 2007776
V1 3379804 2007776 2800000 2007776
V1 2800000 2007776 1875000 1882315
V1 1875000 1882315 911325 1882315
V1 911325 1882315 902070 1891570
Net4 5 
V1 3112150 1961120 3106966 1966304
V1 3106966 1966304 2800000 1966304
V1 2800000 1966304 1875000 1802704
V1 1875000 1802704 626225 1802704
V1 626225 1802704 592900 1836030
Net5 5 
V1 3176240 1961120 3165872 1971488
V1 3165872 1971488 2800000 1971488
V1 2800000 1971488 1875000 1813813
V1 1875000 1813813 703454 1813813
V1 703454 1813813 681237 1836030
Net6 5 
V1 3240320 1961120 3224768 1976672
V1 3224768 1976672 2800000 1976672
V1 2800000 1976672 1875000 1824921
V1 1875000 1824921 780678 1824921
V1 780678 1824921 769570 1836030
Net7 5 
V1 3304410 1961120 3283674 1981856
V1 3283674 1981856 2800000 1981856
V1 2800000 1981856 1875000 1845287
V1 1875000 1845287 867164 1845287
V1 867164 1845287 857907 1836030
Net11 5 
V1 3080110 1935200 3073630 1928720
V1 3073630 1928720 2800000 1928720
V1 2800000 1928720 1875000 1791596
V1 1875000 1791596 460664 1791596
V1 460664 1791596 416230 1836030
Net17 5 
V1 3176240 1909280 3169760 1915760
V1 3169760 1915760 2800000 1915760
V1 2800000 1915760 1875000 1761968
V1 1875000 1761968 567252 1761968
V1 567252 1761968 548732 1780487
Net18 5 
V1 3240320 1909280 3227360 1922240
V1 3227360 1922240 2800000 1922240
V1 2800000 1922240 1875000 1771225
V1 1875000 1771225 734662 1771225
V1 734662 1771225 725400 1780487
Net33 5 
V1 3080110 1831520 3067150 1844480
V1 3067150 1844480 2800000 1844480
V1 2800000 1844480 1875000 1752711
V1 1875000 1752711 444001 1752711
V1 444001 1752711 416230 1724940
Net36 5 
V1 3272362 1831520 3268042 1827200
V1 3268042 1827200 2800000 1827200
V1 2800000 1827200 1875000 1743454
V1 1875000 1743454 1229754 1743454
V1 1229754 1743454 1211240 1724940
Net37 5 
V1 3336450 1831520 3327810 1822880
V1 3327810 1822880 2800000 1822880
V1 2800000 1822880 1875000 1734197
V1 1875000 1734197 1397167 1734197
V1 1397167 1734197 1387910 1724940
Net38 5 
V1 3400540 1831520 3387580 1818560
V1 3387580 1818560 2800000 1818560
V1 2800000 1818560 1875000 1713834
V1 1875000 1713834 1487356 1713834
V1 1487356 1713834 1476250 1724940
Net40 5 
V1 3240320 1805600 3235136 1800416
V1 3235136 1800416 2800000 1800416
V1 2800000 1800416 1875000 1680508
V1 1875000 1680508 902339 1680508
V1 902339 1680508 857907 1724940
Net41 5 
V1 3304410 1805600 3300090 1809920
V1 3300090 1809920 2800000 1809920
V1 2800000 1809920 1875000 1691617
V1 1875000 1691617 979563 1691617
V1 979563 1691617 946240 1724940
Net42 5 
V1 3432580 1805600 3423940 1814240
V1 3423940 1814240 2800000 1814240
V1 2800000 1814240 1875000 1702725
V1 1875000 1702725 1145124 1702725
V1 1145124 1702725 1122910 1724940
Net45 5 
V1 3208280 1779680 3203096 1784864
V1 3203096 1784864 2800000 1784864
V1 2800000 1784864 1875000 1648573
V1 1875000 1648573 1011236 1648573
V1 1011236 1648573 990410 1669400
Net46 5 
V1 3272362 1779680 3261994 1790048
V1 3261994 1790048 2800000 1790048
V1 2800000 1790048 1875000 1655516
V1 1875000 1655516 1092623 1655516
V1 1092623 1655516 1078740 1669400
Net47 5 
V1 3400540 1779680 3384988 1795232
V1 3384988 1795232 2800000 1795232
V1 2800000 1795232 1875000 1662459
V1 1875000 1662459 1350688 1662459
V1 1350688 1662459 1343747 1669400
Net48 5 
V1 3112150 1753760 3105670 1760240
V1 3105670 1760240 2800000 1760240
V1 2800000 1760240 1875000 1627745
V1 1875000 1627745 502054 1627745
V1 502054 1627745 460400 1669400
Net49 5 
V1 3176240 1753760 3163280 1766720
V1 3163280 1766720 2800000 1766720
V1 2800000 1766720 1875000 1634688
V1 1875000 1634688 583444 1634688
V1 583444 1634688 548732 1669400
Net50 5 
V1 3240320 1753760 3220880 1773200
V1 3220880 1773200 2800000 1773200
V1 2800000 1773200 1875000 1641631
V1 1875000 1641631 753169 1641631
V1 753169 1641631 725400 1669400
Net56 5 
V1 3144190 1727840 3139006 1733024
V1 3139006 1733024 2800000 1733024
V1 2800000 1733024 1875000 1580529
V1 1875000 1580529 449560 1580529
V1 449560 1580529 416230 1613860
Net57 5 
V1 3272362 1727840 3261994 1738208
V1 3261994 1738208 2800000 1738208
V1 2800000 1738208 1875000 1591638
V1 1875000 1591638 615122 1591638
V1 615122 1591638 592900 1613860
Net58 5 
V1 3336450 1727840 3320898 1743392
V1 3320898 1743392 2800000 1743392
V1 2800000 1743392 1875000 1602746
V1 1875000 1602746 1134023 1602746
V1 1134023 1602746 1122910 1613860
Net59 5 
V1 3400540 1727840 3379804 1748576
V1 3379804 1748576 2800000 1748576
V1 2800000 1748576 1875000 1620802
V1 1875000 1620802 953182 1620802
V1 953182 1620802 946240 1613860
Net60 5 
V1 3112150 1701920 3099190 1714880
V1 3099190 1714880 2800000 1714880
V1 2800000 1714880 1875000 1569421
V1 1875000 1569421 559841 1569421
V1 559841 1569421 548732 1558312
Net72 5 
V1 3176240 1650080 3169760 1656560
V1 3169760 1656560 2800000 1656560
V1 2800000 1656560 1875000 1465741
V1 1875000 1465741 541598 1465741
V1 541598 1465741 504570 1502770
Net73 5 
V1 3240320 1650080 3227360 1663040
V1 3227360 1663040 2800000 1663040
V1 2800000 1663040 1875000 1484255
V1 1875000 1484255 611414 1484255
V1 611414 1484255 592900 1502770
Net74 5 
V1 3368490 1650080 3349050 1669520
V1 3349050 1669520 2800000 1669520
V1 2800000 1669520 1875000 1530541
V1 1875000 1530541 1459851 1530541
V1 1459851 1530541 1432080 1558312
