Nets 37
Net0 5 
V1 3119080 1972230 3113525 1977784
V1 3113525 1977784 2800000 1977784
V1 2800000 1977784 1875000 1849915
V1 1875000 1849915 406794 1849915
V1 406794 1849915 365140 1891570
Net1 5 
V1 3309602 1972230 3298494 1983338
V1 3298494 1983338 2800000 1983338
V1 2800000 1983338 1875000 1854544
V1 1875000 1854544 592686 1854544
V1 592686 1854544 555660 1891570
Net2 5 
V1 3404870 1972230 3388207 1988892
V1 3388207 1988892 2800000 1988892
V1 2800000 1988892 1875000 1859172
V1 1875000 1859172 683320 1859172
V1 683320 1859172 650922 1891570
Net3 5 
V1 3595390 1972230 3573173 1994447
V1 3573173 1994447 2800000 1994447
V1 2800000 1994447 1875000 1863801
V1 1875000 1863801 869219 1863801
V1 869219 1863801 841450 1891570
Net4 5 
V1 3881180 1972230 3853408 2000001
V1 3853408 2000001 2800000 2000001
V1 2800000 2000001 1875000 1868429
V1 1875000 1868429 959850 1868429
V1 959850 1868429 936710 1891570
Net5 5 
V1 3976440 1972230 3943114 2005555
V1 3943114 2005555 2800000 2005555
V1 2800000 2005555 1875000 1873058
V1 1875000 1873058 1145752 1873058
V1 1145752 1873058 1127240 1891570
Net6 5 
V1 4166970 1972230 4128090 2011109
V1 4128090 2011109 2800000 2011109
V1 2800000 2011109 1875000 1877686
V1 1875000 1877686 1236383 1877686
V1 1236383 1877686 1222500 1891570
Net7 5 
V1 4262230 1972230 4217796 2016664
V1 4217796 2016664 2800000 2016664
V1 2800000 2016664 1875000 1882315
V1 1875000 1882315 1422285 1882315
V1 1422285 1882315 1413030 1891570
Net8 5 
V1 4357492 1972230 4307504 2022218
V1 4307504 2022218 2800000 2022218
V1 2800000 2022218 1875000 1886943
V1 1875000 1886943 1512916 1886943
V1 1512916 1886943 1508290 1891570
Net10 5 
V1 3166710 1916687 3148195 1935202
V1 3148195 1935202 2800000 1935202
V1 2800000 1935202 1875000 1840658
V1 1875000 1840658 322136 1840658
V1 322136 1840658 317507 1836030
Net11 5 
V1 3261970 1916687 3243456 1898173
V1 3243456 1898173 2800000 1898173
V1 2800000 1898173 1875000 1817515
V1 1875000 1817515 431284 1817515
V1 431284 1817515 412770 1836030
Net22 5 
V1 4405130 1916687 4368101 1953716
V1 4368101 1953716 2800000 1953716
V1 2800000 1953716 1875000 1845287
V1 1875000 1845287 231497 1845287
V1 231497 1845287 222240 1836030
Net23 5 
V1 3214340 1861140 3203231 1850031
V1 3203231 1850031 2800000 1850031
V1 2800000 1850031 1875000 1769374
V1 1875000 1769374 376253 1769374
V1 376253 1769374 365140 1780487
Net24 5 
V1 3309602 1861140 3291083 1879659
V1 3291083 1879659 2800000 1879659
V1 2800000 1879659 1875000 1799001
V1 1875000 1799001 478914 1799001
V1 478914 1799001 460400 1780487
Net33 5 
V1 4452760 1861140 4430543 1838923
V1 4430543 1838923 2800000 1838923
V1 2800000 1838923 1875000 1758265
V1 1875000 1758265 292092 1758265
V1 292092 1758265 269870 1780487
Net34 5 
V1 3166710 1805600 3155604 1816706
V1 3155604 1816706 2800000 1816706
V1 2800000 1816706 1875000 1736048
V1 1875000 1736048 328616 1736048
V1 328616 1736048 317507 1724940
Net35 5 
V1 3357237 1805600 3338723 1787086
V1 3338723 1787086 2800000 1787086
V1 2800000 1787086 1875000 1706428
V1 1875000 1706428 526542 1706428
V1 526542 1706428 508030 1724940
Net43 5 
V1 4405130 1805600 4382915 1827814
V1 4382915 1827814 2800000 1827814
V1 2800000 1827814 1875000 1747157
V1 1875000 1747157 244457 1747157
V1 244457 1747157 222240 1724940
Net44 5 
V1 3214340 1750060 3203231 1738951
V1 3203231 1738951 2800000 1738951
V1 2800000 1738951 1875000 1658294
V1 1875000 1658294 376246 1658294
V1 376246 1658294 365140 1669400
Net45 5 
V1 3309602 1750060 3291090 1768572
V1 3291090 1768572 2800000 1768572
V1 2800000 1768572 1875000 1687914
V1 1875000 1687914 478914 1687914
V1 478914 1687914 460400 1669400
Net53 5 
V1 4452760 1750060 4430543 1727843
V1 4430543 1727843 2800000 1727843
V1 2800000 1727843 1875000 1647185
V1 1875000 1647185 292084 1647185
V1 292084 1647185 269870 1669400
Net54 5 
V1 3166710 1694512 3155596 1705626
V1 3155596 1705626 2800000 1705626
V1 2800000 1705626 1875000 1624968
V1 1875000 1624968 328616 1624968
V1 328616 1624968 317507 1613860
Net55 5 
V1 3357237 1694512 3352965 1690240
V1 3352965 1690240 2800000 1690240
V1 2800000 1690240 1875000 1595340
V1 1875000 1595340 526549 1595340
V1 526549 1595340 508030 1613860
Net64 5 
V1 4405130 1694512 4382908 1716734
V1 4382908 1716734 2800000 1716734
V1 2800000 1716734 1875000 1636077
V1 1875000 1636077 244457 1636077
V1 244457 1636077 222240 1613860
Net66 5 
V1 3214340 1638970 3195826 1620456
V1 3195826 1620456 2800000 1620456
V1 2800000 1620456 1875000 1511315
V1 1875000 1511315 507397 1511315
V1 507397 1511315 460400 1558312
Net67 5 
V1 3309602 1638970 3305330 1643242
V1 3305330 1643242 2800000 1643242
V1 2800000 1643242 1875000 1515587
V1 1875000 1515587 598385 1515587
V1 598385 1515587 555660 1558312
Net68 5 
V1 3404870 1638970 3396325 1647515
V1 3396325 1647515 2800000 1647515
V1 2800000 1647515 1875000 1519860
V1 1875000 1519860 689375 1519860
V1 689375 1519860 650922 1558312
Net69 5 
V1 3500130 1638970 3487312 1651787
V1 3487312 1651787 2800000 1651787
V1 2800000 1651787 1875000 1524132
V1 1875000 1524132 780370 1524132
V1 780370 1524132 746190 1558312
Net70 5 
V1 3595390 1638970 3578300 1656060
V1 3578300 1656060 2800000 1656060
V1 2800000 1656060 1875000 1528405
V1 1875000 1528405 871357 1528405
V1 871357 1528405 841450 1558312
Net71 5 
V1 3881180 1638970 3859817 1660332
V1 3859817 1660332 2800000 1660332
V1 2800000 1660332 1875000 1532677
V1 1875000 1532677 962345 1532677
V1 962345 1532677 936710 1558312
Net72 5 
V1 3976440 1638970 3950805 1664605
V1 3950805 1664605 2800000 1664605
V1 2800000 1664605 1875000 1536950
V1 1875000 1536950 1053342 1536950
V1 1053342 1536950 1031980 1558312
Net73 5 
V1 4071710 1638970 4041802 1668877
V1 4041802 1668877 2800000 1668877
V1 2800000 1668877 1875000 1541222
V1 1875000 1541222 1144330 1541222
V1 1144330 1541222 1127240 1558312
Net74 5 
V1 4166970 1638970 4132790 1673150
V1 4132790 1673150 2800000 1673150
V1 2800000 1673150 1875000 1545495
V1 1875000 1545495 1235317 1545495
V1 1235317 1545495 1222500 1558312
Net75 5 
V1 4262230 1638970 4223777 1677422
V1 4223777 1677422 2800000 1677422
V1 2800000 1677422 1875000 1549767
V1 1875000 1549767 1421575 1549767
V1 1421575 1549767 1413030 1558312
Net76 5 
V1 4357492 1638970 4314767 1681695
V1 4314767 1681695 2800000 1681695
V1 2800000 1681695 1875000 1554040
V1 1875000 1554040 1512562 1554040
V1 1512562 1554040 1508290 1558312
Net77 5 
V1 4452760 1638970 4405762 1685967
V1 4405762 1685967 2800000 1685967
V1 2800000 1685967 1875000 1576826
V1 1875000 1576826 288384 1576826
V1 288384 1576826 269870 1558312
Net79 5 
V1 3261970 1583430 3243458 1601942
V1 3243458 1601942 2800000 1601942
V1 2800000 1601942 1875000 1507042
V1 1875000 1507042 417042 1507042
V1 417042 1507042 412770 1502770
