Nets 20
Net5 5 
V2 3801070 1978400 3779470 2000000
V2 3779470 2000000 2800000 2000000
V2 2800000 2000000 1875000 1837880
V2 1875000 1837880 1607850 1837880
V2 1607850 1837880 1594890 1850840
Net13 5 
V2 3757770 1935200 3736170 1956800
V2 3736170 1956800 2800000 1956800
V2 2800000 1956800 1875000 1811960
V2 1875000 1811960 1447640 1811960
V2 1447640 1811960 1434680 1824920
Net23 5 
V2 3887677 1892000 3866077 1913600
V2 3866077 1913600 2800000 1913600
V2 2800000 1913600 1875000 1786040
V2 1875000 1786040 1607850 1786040
V2 1607850 1786040 1594890 1799000
Net31 5 
V2 3671170 1848800 3649570 1870400
V2 3649570 1870400 2800000 1870400
V2 2800000 1870400 1875000 1760120
V2 1875000 1760120 1383550 1760120
V2 1383550 1760120 1370590 1773080
Net32 5 
V2 3757770 1848800 3746970 1838000
V2 3746970 1838000 2800000 1838000
V2 2800000 1838000 1875000 1734200
V2 1875000 1734200 1415597 1734200
V2 1415597 1734200 1402637 1747160
Net35 5 
V2 4104180 1848800 4082580 1827200
V2 4082580 1827200 2800000 1827200
V2 2800000 1827200 1875000 1708280
V2 1875000 1708280 1191292 1708280
V2 1191292 1708280 1178332 1721240
Net38 5 
V2 3368060 1805600 3357260 1816400
V2 3357260 1816400 2800000 1816400
V2 2800000 1816400 1875000 1682360
V2 1875000 1682360 1415597 1682360
V2 1415597 1682360 1402637 1695320
Net48 5 
V2 3671170 1762400 3656770 1776800
V2 3656770 1776800 2800000 1776800
V2 2800000 1776800 1875000 1656440
V2 1875000 1656440 1383550 1656440
V2 1383550 1656440 1370590 1669400
Net49 5 
V2 3757770 1762400 3728970 1791200
V2 3728970 1791200 2800000 1791200
V2 2800000 1791200 1875000 1662920
V2 1875000 1662920 1441160 1662920
V2 1441160 1662920 1434680 1669400
Net55 5 
V2 3541267 1719200 3532627 1727840
V2 3532627 1727840 2800000 1727840
V2 2800000 1727840 1875000 1586456
V2 1875000 1586456 1471904 1586456
V2 1471904 1586456 1466720 1591640
Net59 5 
V2 3887677 1719200 3870397 1736480
V2 3870397 1736480 2800000 1736480
V2 2800000 1736480 1875000 1626200
V2 1875000 1626200 1548090 1626200
V2 1548090 1626200 1530810 1643480
Net60 5 
V2 3974280 1719200 3948360 1745120
V2 3948360 1745120 2800000 1745120
V2 2800000 1745120 1875000 1634840
V2 1875000 1634840 1603530 1634840
V2 1603530 1634840 1594890 1643480
Net61 5 
V2 4060880 1719200 4026320 1753760
V2 4026320 1753760 2800000 1753760
V2 2800000 1753760 1875000 1649960
V2 1875000 1649960 1197772 1649960
V2 1197772 1649960 1178332 1669400
Net62 5 
V2 3151552 1676000 3140752 1686800
V2 3140752 1686800 2800000 1686800
V2 2800000 1686800 1875000 1570904
V2 1875000 1570904 1295196 1570904
V2 1295196 1570904 1274460 1591640
Net64 5 
V2 3411360 1676000 3389760 1697600
V2 3389760 1697600 2800000 1697600
V2 2800000 1697600 1875000 1576088
V2 1875000 1576088 1354102 1576088
V2 1354102 1576088 1338550 1591640
Net65 5 
V2 3497962 1676000 3465562 1708400
V2 3465562 1708400 2800000 1708400
V2 2800000 1708400 1875000 1581272
V2 1875000 1581272 1413005 1581272
V2 1413005 1581272 1402637 1591640
Net71 5 
V2 3108250 1632800 3097450 1643600
V2 3097450 1643600 2800000 1643600
V2 2800000 1643600 1875000 1520360
V2 1875000 1520360 1229820 1520360
V2 1229820 1520360 1210380 1539800
Net72 5 
V2 3194857 1632800 3173257 1654400
V2 3173257 1654400 2800000 1654400
V2 2800000 1654400 1875000 1526840
V2 1875000 1526840 1351510 1526840
V2 1351510 1526840 1338550 1539800
Net73 5 
V2 3281460 1632800 3249060 1665200
V2 3249060 1665200 2800000 1665200
V2 2800000 1665200 1875000 1533320
V2 1875000 1533320 1409117 1533320
V2 1409117 1533320 1402637 1539800
Net83 5 
V2 3411360 1589600 3389760 1611200
V2 3389760 1611200 2800000 1611200
V2 2800000 1611200 1875000 1475000
V2 1875000 1475000 1287420 1475000
V2 1287420 1475000 1274460 1487960
