Nets 20
Net5 5 
V2 3608817 1978400 3587217 2000000
V2 3587217 2000000 2800000 2000000
V2 2800000 2000000 1875000 1837880
V2 1875000 1837880 1620840 1837880
V2 1620840 1837880 1607880 1850840
Net13 5 
V2 3575910 1935200 3554310 1956800
V2 3554310 1956800 2800000 1956800
V2 2800000 1956800 1875000 1811960
V2 1875000 1811960 1486610 1811960
V2 1486610 1811960 1473650 1824920
Net23 5 
V2 3674630 1892000 3653030 1913600
V2 3653030 1913600 2800000 1913600
V2 2800000 1913600 1875000 1786040
V2 1875000 1786040 1620840 1786040
V2 1620840 1786040 1607880 1799000
Net31 5 
V2 3510090 1848800 3488490 1870400
V2 3488490 1870400 2800000 1870400
V2 2800000 1870400 1875000 1760120
V2 1875000 1760120 1432917 1760120
V2 1432917 1760120 1419957 1773080
Net32 5 
V2 3575910 1848800 3565110 1838000
V2 3565110 1838000 2800000 1838000
V2 2800000 1838000 1875000 1734200
V2 1875000 1734200 1459760 1734200
V2 1459760 1734200 1446800 1747160
Net35 5 
V2 3839180 1848800 3817580 1827200
V2 3817580 1827200 2800000 1827200
V2 2800000 1827200 1875000 1708280
V2 1875000 1708280 1271832 1708280
V2 1271832 1708280 1258872 1721240
Net38 5 
V2 3279730 1805600 3268930 1816400
V2 3268930 1816400 2800000 1816400
V2 2800000 1816400 1875000 1682360
V2 1875000 1682360 1459760 1682360
V2 1459760 1682360 1446800 1695320
Net48 5 
V2 3510090 1762400 3495690 1776800
V2 3495690 1776800 2800000 1776800
V2 2800000 1776800 1875000 1656440
V2 1875000 1656440 1432917 1656440
V2 1432917 1656440 1419957 1669400
Net49 5 
V2 3575910 1762400 3547110 1791200
V2 3547110 1791200 2800000 1791200
V2 2800000 1791200 1875000 1662920
V2 1875000 1662920 1480130 1662920
V2 1480130 1662920 1473650 1669400
Net55 5 
V2 3411360 1719200 3402720 1727840
V2 3402720 1727840 2800000 1727840
V2 2800000 1727840 1875000 1586456
V2 1875000 1586456 1505681 1586456
V2 1505681 1586456 1500497 1591640
Net59 5 
V2 3674630 1719200 3657350 1736480
V2 3657350 1736480 2800000 1736480
V2 2800000 1736480 1875000 1626200
V2 1875000 1626200 1571470 1626200
V2 1571470 1626200 1554190 1643480
Net60 5 
V2 3740450 1719200 3714530 1745120
V2 3714530 1745120 2800000 1745120
V2 2800000 1745120 1875000 1634840
V2 1875000 1634840 1616520 1634840
V2 1616520 1634840 1607880 1643480
Net61 5 
V2 3806270 1719200 3771710 1753760
V2 3771710 1753760 2800000 1753760
V2 2800000 1753760 1875000 1649960
V2 1875000 1649960 1278312 1649960
V2 1278312 1649960 1258872 1669400
Net62 5 
V2 3115180 1676000 3104380 1686800
V2 3104380 1686800 2800000 1686800
V2 2800000 1686800 1875000 1570904
V2 1875000 1570904 1360153 1570904
V2 1360153 1570904 1339417 1591640
Net64 5 
V2 3312637 1676000 3291037 1697600
V2 3291037 1697600 2800000 1697600
V2 2800000 1697600 1875000 1576088
V2 1875000 1576088 1408662 1576088
V2 1408662 1576088 1393110 1591640
Net65 5 
V2 3378450 1676000 3346050 1708400
V2 3346050 1708400 2800000 1708400
V2 2800000 1708400 1875000 1581272
V2 1875000 1581272 1457168 1581272
V2 1457168 1581272 1446800 1591640
Net71 5 
V2 3082270 1632800 3071470 1643600
V2 3071470 1643600 2800000 1643600
V2 2800000 1643600 1875000 1520360
V2 1875000 1520360 1305160 1520360
V2 1305160 1520360 1285720 1539800
Net72 5 
V2 3148090 1632800 3126490 1654400
V2 3126490 1654400 2800000 1654400
V2 2800000 1654400 1875000 1526840
V2 1875000 1526840 1406070 1526840
V2 1406070 1526840 1393110 1539800
Net73 5 
V2 3213910 1632800 3181510 1665200
V2 3181510 1665200 2800000 1665200
V2 2800000 1665200 1875000 1533320
V2 1875000 1533320 1453280 1533320
V2 1453280 1533320 1446800 1539800
Net83 5 
V2 3312637 1589600 3291037 1611200
V2 3291037 1611200 2800000 1611200
V2 2800000 1611200 1875000 1475000
V2 1875000 1475000 1352377 1475000
V2 1352377 1475000 1339417 1487960
