Nets 26
Net4 5 
M2 3627870 1978400 3606270 2000000
M2 3606270 2000000 2800000 2000000
M2 2800000 2000000 1875000 1842200
M2 1875000 1842200 1562830 1842200
M2 1562830 1842200 1554190 1850840
Net14 5 
M2 3844372 1935200 3833572 1946000
M2 3833572 1946000 2800000 1946000
M2 2800000 1946000 1875000 1807640
M2 1875000 1807640 1544620 1807640
M2 1544620 1807640 1527340 1824920
Net15 5 
M2 3930980 1935200 3909380 1956800
M2 3909380 1956800 2800000 1956800
M2 2800000 1956800 1875000 1816280
M2 1875000 1816280 1589680 1816280
M2 1589680 1816280 1581040 1824920
Net16 5 
M2 4104180 1935200 4071780 1967600
M2 4071780 1967600 2800000 1967600
M2 2800000 1967600 1875000 1833560
M2 1875000 1833560 1267512 1833560
M2 1267512 1833560 1258872 1824920
Net21 5 
M2 3627870 1892000 3613470 1906400
M2 3613470 1906400 2800000 1906400
M2 2800000 1906400 1875000 1760120
M2 1875000 1760120 1486610 1760120
M2 1486610 1760120 1473650 1773080
Net24 5 
M2 3974280 1892000 3945480 1920800
M2 3945480 1920800 2800000 1920800
M2 2800000 1920800 1875000 1766600
M2 1875000 1766600 1587520 1766600
M2 1587520 1766600 1581040 1773080
Net25 5 
M2 4060880 1892000 4052240 1883360
M2 4052240 1883360 2800000 1883360
M2 2800000 1883360 1875000 1753640
M2 1875000 1753640 1278312 1753640
M2 1278312 1753640 1258872 1773080
Net29 5 
M2 3411360 1848800 3402720 1857440
M2 3402720 1857440 2800000 1857440
M2 2800000 1857440 1875000 1727720
M2 1875000 1727720 1358857 1727720
M2 1358857 1727720 1339417 1747160
Net33 5 
M2 3930980 1848800 3913700 1866080
M2 3913700 1866080 2800000 1866080
M2 2800000 1866080 1875000 1734200
M2 1875000 1734200 1567150 1734200
M2 1567150 1734200 1554190 1747160
Net34 5 
M2 4017580 1848800 3991660 1874720
M2 3991660 1874720 2800000 1874720
M2 2800000 1874720 1875000 1740680
M2 1875000 1740680 1614360 1740680
M2 1614360 1740680 1607880 1747160
Net37 5 
M2 3194857 1805600 3186217 1814240
M2 3186217 1814240 2800000 1814240
M2 2800000 1814240 1875000 1700504
M2 1875000 1700504 1440693 1700504
M2 1440693 1700504 1419957 1721240
Net41 5 
M2 3801070 1805600 3783790 1822880
M2 3783790 1822880 2800000 1822880
M2 2800000 1822880 1875000 1705688
M2 1875000 1705688 1489202 1705688
M2 1489202 1705688 1473650 1721240
Net42 5 
M2 3887677 1805600 3861757 1831520
M2 3861757 1831520 2800000 1831520
M2 2800000 1831520 1875000 1710872
M2 1875000 1710872 1537708 1710872
M2 1537708 1710872 1527340 1721240
Net43 5 
M2 3974280 1805600 3939720 1840160
M2 3939720 1840160 2800000 1840160
M2 2800000 1840160 1875000 1716056
M2 1875000 1716056 1586224 1716056
M2 1586224 1716056 1581040 1721240
Net44 5 
M2 3238160 1762400 3223760 1776800
M2 3223760 1776800 2800000 1776800
M2 2800000 1776800 1875000 1626200
M2 1875000 1626200 1356697 1626200
M2 1356697 1626200 1339417 1643480
Net50 5 
M2 3844372 1762400 3815572 1791200
M2 3815572 1791200 2800000 1791200
M2 2800000 1791200 1875000 1634840
M2 1875000 1634840 1509137 1634840
M2 1509137 1634840 1500497 1643480
Net57 5 
M2 3714470 1719200 3692870 1740800
M2 3692870 1740800 2800000 1740800
M2 2800000 1740800 1875000 1608920
M2 1875000 1608920 1589680 1608920
M2 1589680 1608920 1581040 1617560
Net67 5 
M2 3671170 1676000 3662530 1684640
M2 3662530 1684640 2800000 1684640
M2 2800000 1684640 1875000 1546280
M2 1875000 1546280 1493090 1546280
M2 1493090 1546280 1473650 1565720
Net68 5 
M2 3844372 1676000 3827092 1693280
M2 3827092 1693280 2800000 1693280
M2 2800000 1693280 1875000 1552760
M2 1875000 1552760 1540300 1552760
M2 1540300 1552760 1527340 1565720
Net69 5 
M2 3930980 1676000 3905060 1701920
M2 3905060 1701920 2800000 1701920
M2 2800000 1701920 1875000 1559240
M2 1875000 1559240 1587520 1559240
M2 1587520 1559240 1581040 1565720
Net70 5 
M2 4104180 1676000 4069620 1710560
M2 4069620 1710560 2800000 1710560
M2 2800000 1710560 1875000 1600280
M2 1875000 1600280 1276152 1600280
M2 1276152 1600280 1258872 1617560
Net74 5 
M2 3368060 1632800 3346460 1654400
M2 3346460 1654400 2800000 1654400
M2 2800000 1654400 1875000 1505240
M2 1875000 1505240 1428597 1505240
M2 1428597 1505240 1419957 1513880
Net84 5 
M2 3584570 1589600 3575930 1598240
M2 3575930 1598240 2800000 1598240
M2 2800000 1598240 1875000 1468520
M2 1875000 1468520 1412550 1468520
M2 1412550 1468520 1393110 1487960
Net85 5 
M2 3671170 1589600 3653890 1606880
M2 3653890 1606880 2800000 1606880
M2 2800000 1606880 1875000 1475000
M2 1875000 1475000 1513457 1475000
M2 1513457 1475000 1500497 1487960
Net86 5 
M2 3844372 1589600 3818452 1615520
M2 3818452 1615520 2800000 1615520
M2 2800000 1615520 1875000 1481480
M2 1875000 1481480 1614360 1481480
M2 1614360 1481480 1607880 1487960
Net87 5 
M2 4104180 1589600 4069620 1624160
M2 4069620 1624160 2800000 1624160
M2 2800000 1624160 1875000 1496600
M2 1875000 1496600 1276152 1496600
M2 1276152 1496600 1258872 1513880
