Nets 42
Net0 5 
V1 3082270 1978400 3073630 1987040
V1 3073630 1987040 2800000 1987040
V1 2800000 1987040 1875000 1859480
V1 1875000 1859480 1329850 1859480
V1 1329850 1859480 1312570 1876760
Net1 5 
V1 3213910 1978400 3196630 1995680
V1 3196630 1995680 2800000 1995680
V1 2800000 1995680 1875000 1863800
V1 1875000 1863800 1432917 1863800
V1 1432917 1863800 1419957 1876760
Net2 5 
V1 3279730 1978400 3253810 2004320
V1 3253810 2004320 2800000 2004320
V1 2800000 2004320 1875000 1868120
V1 1875000 1868120 1535980 1868120
V1 1535980 1868120 1527340 1876760
Net3 5 
V1 3411360 1978400 3376800 2012960
V1 3376800 2012960 2800000 2012960
V1 2800000 2012960 1875000 1872440
V1 1875000 1872440 1585360 1872440
V1 1585360 1872440 1581040 1876760
Net6 5 
V1 3806270 1978400 3800098 1972228
V1 3800098 1972228 2800000 1972228
V1 2800000 1972228 1875000 1855160
V1 1875000 1855160 1280472 1855160
V1 1280472 1855160 1258872 1876760
Net7 5 
V1 3115180 1935200 3109007 1941372
V1 3109007 1941372 2800000 1941372
V1 2800000 1941372 1875000 1829240
V1 1875000 1829240 1316890 1829240
V1 1316890 1829240 1312570 1824920
Net8 5 
V1 3181000 1935200 3172360 1926560
V1 3172360 1926560 2800000 1926560
V1 2800000 1926560 1875000 1811960
V1 1875000 1811960 1379220 1811960
V1 1379220 1811960 1366260 1824920
Net9 5 
V1 3246820 1935200 3234476 1947543
V1 3234476 1947543 2800000 1947543
V1 2800000 1947543 1875000 1833560
V1 1875000 1833560 1356697 1833560
V1 1356697 1833560 1339417 1850840
Net10 5 
V1 3312637 1935200 3294122 1953715
V1 3294122 1953715 2800000 1953715
V1 2800000 1953715 1875000 1837880
V1 1875000 1837880 1406070 1837880
V1 1406070 1837880 1393110 1850840
Net11 5 
V1 3378450 1935200 3353763 1959886
V1 3353763 1959886 2800000 1959886
V1 2800000 1959886 1875000 1842200
V1 1875000 1842200 1455440 1842200
V1 1455440 1842200 1446800 1850840
Net12 5 
V1 3510090 1935200 3479232 1966057
V1 3479232 1966057 2800000 1966057
V1 2800000 1966057 1875000 1846520
V1 1875000 1846520 1504817 1846520
V1 1504817 1846520 1500497 1850840
Net17 5 
V1 3082270 1892000 3075070 1884800
V1 3075070 1884800 2800000 1884800
V1 2800000 1884800 1875000 1778264
V1 1875000 1778264 1360153 1778264
V1 1360153 1778264 1339417 1799000
Net18 5 
V1 3148090 1892000 3139450 1900640
V1 3139450 1900640 2800000 1900640
V1 2800000 1900640 1875000 1783448
V1 1875000 1783448 1408662 1783448
V1 1408662 1783448 1393110 1799000
Net19 5 
V1 3279730 1892000 3262450 1909280
V1 3262450 1909280 2800000 1909280
V1 2800000 1909280 1875000 1788632
V1 1875000 1788632 1457168 1788632
V1 1457168 1788632 1446800 1799000
Net20 5 
V1 3411360 1892000 3385440 1917920
V1 3385440 1917920 2800000 1917920
V1 2800000 1917920 1875000 1793816
V1 1875000 1793816 1505681 1793816
V1 1505681 1793816 1500497 1799000
Net22 5 
V1 3543000 1892000 3528600 1877600
V1 3528600 1877600 2800000 1877600
V1 2800000 1877600 1875000 1764440
V1 1875000 1764440 1535980 1764440
V1 1535980 1764440 1527340 1773080
Net26 5 
V1 3115180 1848800 3104380 1838000
V1 3104380 1838000 2800000 1838000
V1 2800000 1838000 1875000 1703960
V1 1875000 1703960 1329850 1703960
V1 1329850 1703960 1312570 1721240
Net27 5 
V1 3181000 1848800 3173800 1856000
V1 3173800 1856000 2800000 1856000
V1 2800000 1856000 1875000 1712600
V1 1875000 1712600 1374900 1712600
V1 1374900 1712600 1366260 1721240
Net28 5 
V1 3246820 1848800 3232420 1863200
V1 3232420 1863200 2800000 1863200
V1 2800000 1863200 1875000 1734200
V1 1875000 1734200 1406070 1734200
V1 1406070 1734200 1393110 1747160
Net30 5 
V1 3444270 1848800 3422670 1870400
V1 3422670 1870400 2800000 1870400
V1 2800000 1870400 1875000 1755800
V1 1875000 1755800 1329850 1755800
V1 1329850 1755800 1312570 1773080
Net36 5 
V1 3082270 1805600 3075070 1798400
V1 3075070 1798400 2800000 1798400
V1 2800000 1798400 1875000 1675880
V1 1875000 1675880 1358857 1675880
V1 1358857 1675880 1339417 1695320
Net39 5 
V1 3411360 1805600 3400560 1816400
V1 3400560 1816400 2800000 1816400
V1 2800000 1816400 1875000 1682360
V1 1875000 1682360 1513457 1682360
V1 1513457 1682360 1500497 1695320
Net40 5 
V1 3543000 1805600 3521400 1827200
V1 3521400 1827200 2800000 1827200
V1 2800000 1827200 1875000 1688840
V1 1875000 1688840 1614360 1688840
V1 1614360 1688840 1607880 1695320
Net45 5 
V1 3246820 1762400 3239620 1769600
V1 3239620 1769600 2800000 1769600
V1 2800000 1769600 1875000 1626200
V1 1875000 1626200 1410390 1626200
V1 1410390 1626200 1393110 1643480
Net46 5 
V1 3312637 1762400 3298237 1776800
V1 3298237 1776800 2800000 1776800
V1 2800000 1776800 1875000 1634840
V1 1875000 1634840 1455440 1634840
V1 1455440 1634840 1446800 1643480
Net47 5 
V1 3378450 1762400 3356850 1784000
V1 3356850 1784000 2800000 1784000
V1 2800000 1784000 1875000 1652120
V1 1875000 1652120 1329850 1652120
V1 1329850 1652120 1312570 1669400
Net51 5 
V1 3773360 1762400 3744560 1791200
V1 3744560 1791200 2800000 1791200
V1 2800000 1791200 1875000 1660760
V1 1875000 1660760 1589680 1660760
V1 1589680 1660760 1581040 1669400
Net52 5 
V1 3082270 1719200 3073630 1727840
V1 3073630 1727840 2800000 1727840
V1 2800000 1727840 1875000 1596824
V1 1875000 1596824 1333306 1596824
V1 1333306 1596824 1312570 1617560
Net53 5 
V1 3148090 1719200 3130810 1736480
V1 3130810 1736480 2800000 1736480
V1 2800000 1736480 1875000 1602008
V1 1875000 1602008 1381812 1602008
V1 1381812 1602008 1366260 1617560
Net54 5 
V1 3279730 1719200 3253810 1745120
V1 3253810 1745120 2800000 1745120
V1 2800000 1745120 1875000 1607192
V1 1875000 1607192 1484018 1607192
V1 1484018 1607192 1473650 1617560
Net56 5 
V1 3477180 1719200 3466380 1708400
V1 3466380 1708400 2800000 1708400
V1 2800000 1708400 1875000 1578680
V1 1875000 1578680 1620840 1578680
V1 1620840 1578680 1607880 1591640
Net58 5 
V1 3608817 1719200 3574257 1753760
V1 3574257 1753760 2800000 1753760
V1 2800000 1753760 1875000 1612376
V1 1875000 1612376 1532524 1612376
V1 1532524 1612376 1527340 1617560
Net63 5 
V1 3246820 1676000 3236020 1686800
V1 3236020 1686800 2800000 1686800
V1 2800000 1686800 1875000 1552760
V1 1875000 1552760 1325530 1552760
V1 1325530 1552760 1312570 1565720
Net66 5 
V1 3444270 1676000 3422670 1697600
V1 3422670 1697600 2800000 1697600
V1 2800000 1697600 1875000 1559240
V1 1875000 1559240 1372740 1559240
V1 1372740 1559240 1366260 1565720
Net75 5 
V1 3411360 1632800 3405187 1638972
V1 3405187 1638972 2800000 1638972
V1 2800000 1638972 1875000 1500920
V1 1875000 1500920 1486610 1500920
V1 1486610 1500920 1473650 1513880
Net76 5 
V1 3543000 1632800 3530656 1645143
V1 3530656 1645143 2800000 1645143
V1 2800000 1645143 1875000 1505240
V1 1875000 1505240 1535980 1505240
V1 1535980 1505240 1527340 1513880
Net77 5 
V1 3608817 1632800 3590302 1651315
V1 3590302 1651315 2800000 1651315
V1 2800000 1651315 1875000 1509560
V1 1875000 1509560 1585360 1509560
V1 1585360 1509560 1581040 1513880
Net78 5 
V1 3674630 1632800 3649943 1657486
V1 3649943 1657486 2800000 1657486
V1 2800000 1657486 1875000 1522520
V1 1875000 1522520 1571470 1522520
V1 1571470 1522520 1554190 1539800
Net79 5 
V1 3740450 1632800 3709592 1663657
V1 3709592 1663657 2800000 1663657
V1 2800000 1663657 1875000 1531160
V1 1875000 1531160 1616520 1531160
V1 1616520 1531160 1607880 1539800
Net80 5 
V1 3806270 1632800 3769241 1669828
V1 3769241 1669828 2800000 1669828
V1 2800000 1669828 1875000 1546280
V1 1875000 1546280 1278312 1546280
V1 1278312 1546280 1258872 1565720
Net81 5 
V1 3115180 1589600 3100780 1604000
V1 3100780 1604000 2800000 1604000
V1 2800000 1604000 1875000 1492280
V1 1875000 1492280 1334170 1492280
V1 1334170 1492280 1312570 1513880
Net82 5 
V1 3246820 1589600 3218020 1618400
V1 3218020 1618400 2800000 1618400
V1 2800000 1618400 1875000 1496600
V1 1875000 1496600 1383540 1496600
V1 1383540 1496600 1366260 1513880
