Nets 21
Net6 5 
M2 4060880 1978400 4039280 2000000
M2 4039280 2000000 2800000 2000000
M2 2800000 2000000 1875000 1808258
M2 1875000 1808258 355671 1808258
M2 355671 1808258 327900 1836030
Net17 5 
M2 3108250 1892000 3086650 1913600
M2 3086650 1913600 2800000 1913600
M2 2800000 1913600 1875000 1752711
M2 1875000 1752711 488176 1752711
M2 488176 1752711 460400 1780487
Net25 5 
M2 4060880 1892000 4039280 1870400
M2 4039280 1870400 2800000 1870400
M2 2800000 1870400 1875000 1697171
M2 1875000 1697171 355668 1697171
M2 355668 1697171 327900 1724940
Net48 5 
M2 3671170 1762400 3662530 1771040
M2 3662530 1771040 2800000 1771040
M2 2800000 1771040 1875000 1624968
M2 1875000 1624968 1034841 1624968
M2 1034841 1624968 990410 1669400
Net49 5 
M2 3757770 1762400 3740490 1779680
M2 3740490 1779680 2800000 1779680
M2 2800000 1779680 1875000 1636077
M2 1875000 1636077 1112063 1636077
M2 1112063 1636077 1078740 1669400
Net50 5 
M2 3844372 1762400 3818452 1788320
M2 3818452 1788320 2800000 1788320
M2 2800000 1788320 1875000 1647185
M2 1875000 1647185 1277624 1647185
M2 1277624 1647185 1255410 1669400
Net51 5 
M2 4017580 1762400 3983020 1796960
M2 3983020 1796960 2800000 1796960
M2 2800000 1796960 1875000 1658294
M2 1875000 1658294 1354853 1658294
M2 1354853 1658294 1343747 1669400
Net52 5 
M2 3108250 1719200 3103450 1724000
M2 3103450 1724000 2800000 1724000
M2 2800000 1724000 1875000 1539798
M2 1875000 1539798 478914 1539798
M2 478914 1539798 460400 1558312
Net53 5 
M2 3194857 1719200 3185257 1728800
M2 3185257 1728800 2800000 1728800
M2 2800000 1728800 1875000 1565255
M2 1875000 1565255 464834 1565255
M2 464834 1565255 416230 1613860
Net54 5 
M2 3368060 1719200 3353660 1733600
M2 3353660 1733600 2800000 1733600
M2 2800000 1733600 1875000 1572198
M2 1875000 1572198 634562 1572198
M2 634562 1572198 592900 1613860
Net55 5 
M2 3541267 1719200 3522067 1738400
M2 3522067 1738400 2800000 1738400
M2 2800000 1738400 1875000 1579140
M2 1875000 1579140 715956 1579140
M2 715956 1579140 681237 1613860
Net56 5 
M2 3627870 1719200 3603870 1743200
M2 3603870 1743200 2800000 1743200
M2 2800000 1743200 1875000 1586083
M2 1875000 1586083 885684 1586083
M2 885684 1586083 857907 1613860
Net57 5 
M2 3714470 1719200 3685670 1748000
M2 3685670 1748000 2800000 1748000
M2 2800000 1748000 1875000 1593026
M2 1875000 1593026 967073 1593026
M2 967073 1593026 946240 1613860
Net58 5 
M2 3801070 1719200 3767470 1752800
M2 3767470 1752800 2800000 1752800
M2 2800000 1752800 1875000 1599969
M2 1875000 1599969 1136801 1599969
M2 1136801 1599969 1122910 1613860
Net59 5 
M2 3887677 1719200 3849277 1757600
M2 3849277 1757600 2800000 1757600
M2 2800000 1757600 1875000 1606911
M2 1875000 1606911 1218188 1606911
M2 1218188 1606911 1211240 1613860
Net82 5 
M2 3324760 1589600 3318587 1595772
M2 3318587 1595772 2800000 1595772
M2 2800000 1595772 1875000 1456484
M2 1875000 1456484 904193 1456484
M2 904193 1456484 857907 1502770
Net83 5 
M2 3411360 1589600 3399016 1601943
M2 3399016 1601943 2800000 1601943
M2 2800000 1601943 1875000 1465741
M2 1875000 1465741 1159938 1465741
M2 1159938 1465741 1122910 1502770
Net84 5 
M2 3584570 1589600 3566055 1608115
M2 3566055 1608115 2800000 1608115
M2 2800000 1608115 1875000 1474998
M2 1875000 1474998 1327351 1474998
M2 1327351 1474998 1299580 1502770
Net85 5 
M2 3671170 1589600 3646483 1614286
M2 3646483 1614286 2800000 1614286
M2 2800000 1614286 1875000 1484255
M2 1875000 1484255 1406424 1484255
M2 1406424 1484255 1387910 1502770
Net86 5 
M2 3844372 1589600 3813515 1620457
M2 3813515 1620457 2800000 1620457
M2 2800000 1620457 1875000 1493512
M2 1875000 1493512 1573837 1493512
M2 1573837 1493512 1564580 1502770
Net87 5 
M2 4104180 1589600 4067151 1626628
M2 4067151 1626628 2800000 1626628
M2 2800000 1626628 1875000 1521284
M2 1875000 1521284 409091 1521284
M2 409091 1521284 372062 1558312
