Nets 26
Net13 5 
V2 3184030 1935200 3177550 1941680
V2 3177550 1941680 2800000 1941680
V2 2800000 1941680 1875000 1858247
V2 1875000 1858247 1255823 1858247
V2 1255823 1858247 1222500 1891570
Net14 5 
V2 3227330 1935200 3214370 1948160
V2 3214370 1948160 2800000 1948160
V2 2800000 1948160 1875000 1869355
V2 1875000 1869355 1435244 1869355
V2 1435244 1869355 1413030 1891570
Net15 5 
V2 3313932 1935200 3294492 1954640
V2 3294492 1954640 2800000 1954640
V2 2800000 1954640 1875000 1880464
V2 1875000 1880464 1519396 1880464
V2 1519396 1880464 1508290 1891570
Net19 5 
V2 3248980 1909280 3242500 1915760
V2 3242500 1915760 2800000 1915760
V2 2800000 1915760 1875000 1799001
V2 1875000 1799001 1116638 1799001
V2 1116638 1799001 1079610 1836030
Net20 5 
V2 3292280 1909280 3279320 1922240
V2 3279320 1922240 2800000 1922240
V2 2800000 1922240 1875000 1817515
V2 1875000 1817515 1383912 1817515
V2 1383912 1817515 1365397 1836030
Net21 5 
V2 3335582 1909280 3316142 1928720
V2 3316142 1928720 2800000 1928720
V2 2800000 1928720 1875000 1847138
V2 1875000 1847138 314301 1847138
V2 314301 1847138 269870 1891570
Net22 5 
V2 3054130 1883360 3045490 1892000
V2 3045490 1892000 2800000 1892000
V2 2800000 1892000 1875000 1758265
V2 1875000 1758265 1054202 1758265
V2 1054202 1758265 1031980 1780487
Net23 5 
V2 3140730 1883360 3123450 1900640
V2 3123450 1900640 2800000 1900640
V2 2800000 1900640 1875000 1769374
V2 1875000 1769374 1233613 1769374
V2 1233613 1769374 1222500 1780487
Net27 5 
V2 3075780 1857440 3062820 1870400
V2 3062820 1870400 2800000 1870400
V2 2800000 1870400 1875000 1747157
V2 1875000 1747157 970040 1747157
V2 970040 1747157 936710 1780487
Net34 5 
V2 3097430 1831520 3084470 1844480
V2 3084470 1844480 2800000 1844480
V2 2800000 1844480 1875000 1736048
V2 1875000 1736048 790629 1736048
V2 790629 1736048 746190 1780487
Net35 5 
V2 3140730 1831520 3132090 1822880
V2 3132090 1822880 2800000 1822880
V2 2800000 1822880 1875000 1706428
V2 1875000 1706428 621802 1706428
V2 621802 1706428 603290 1724940
Net39 5 
V2 3075780 1805600 3067140 1814240
V2 3067140 1814240 2800000 1814240
V2 2800000 1814240 1875000 1687914
V2 1875000 1687914 545056 1687914
V2 545056 1687914 508030 1724940
Net51 5 
V2 3205680 1753760 3197040 1762400
V2 3197040 1762400 2800000 1762400
V2 2800000 1762400 1875000 1641631
V2 1875000 1641631 1250269 1641631
V2 1250269 1641631 1222500 1669400
Net53 5 
V2 3292280 1753760 3275000 1771040
V2 3275000 1771040 2800000 1771040
V2 2800000 1771040 1875000 1655516
V2 1875000 1655516 1522173 1655516
V2 1522173 1655516 1508290 1669400
Net61 5 
V2 3119080 1701920 3114760 1706240
V2 3114760 1706240 2800000 1706240
V2 2800000 1706240 1875000 1539798
V2 1875000 1539798 669437 1539798
V2 669437 1539798 650922 1558312
Net62 5 
V2 3162380 1701920 3153740 1710560
V2 3153740 1710560 2800000 1710560
V2 2800000 1710560 1875000 1549055
V2 1875000 1549055 755447 1549055
V2 755447 1549055 746190 1558312
Net63 5 
V2 3205680 1701920 3192720 1714880
V2 3192720 1714880 2800000 1714880
V2 2800000 1714880 1875000 1576826
V2 1875000 1576826 640323 1576826
V2 640323 1576826 603290 1613860
Net64 5 
V2 3292280 1701920 3275000 1719200
V2 3275000 1719200 2800000 1719200
V2 2800000 1719200 1875000 1595340
V2 1875000 1595340 812339 1595340
V2 812339 1595340 793820 1613860
Net65 5 
V2 3335582 1701920 3313982 1723520
V2 3313982 1723520 2800000 1723520
V2 2800000 1723520 1875000 1627745
V2 1875000 1627745 311524 1627745
V2 311524 1627745 269870 1669400
Net66 5 
V2 3054130 1676000 3041170 1688960
V2 3041170 1688960 2800000 1688960
V2 2800000 1688960 1875000 1530541
V2 1875000 1530541 583431 1530541
V2 583431 1530541 555660 1558312
Net77 5 
V2 3054130 1624160 3041170 1637120
V2 3041170 1637120 2800000 1637120
V2 2800000 1637120 1875000 1521284
V2 1875000 1521284 717074 1521284
V2 717074 1521284 698560 1502770
Net78 5 
V2 3097430 1624160 3093110 1619840
V2 3093110 1619840 2800000 1619840
V2 2800000 1619840 1875000 1512027
V2 1875000 1512027 803077 1512027
V2 803077 1512027 793820 1502770
Net83 5 
V2 3075780 1598240 3071460 1602560
V2 3071460 1602560 2800000 1602560
V2 2800000 1602560 1875000 1458336
V2 1875000 1458336 1124044 1458336
V2 1124044 1458336 1079610 1502770
Net84 5 
V2 3119080 1598240 3110440 1606880
V2 3110440 1606880 2800000 1606880
V2 2800000 1606880 1875000 1469444
V2 1875000 1469444 1303455 1469444
V2 1303455 1469444 1270130 1502770
Net85 5 
V2 3205680 1598240 3192720 1611200
V2 3192720 1611200 2800000 1611200
V2 2800000 1611200 1875000 1480553
V2 1875000 1480553 1387614 1480553
V2 1387614 1480553 1365397 1502770
Net86 5 
V2 3292280 1598240 3275000 1615520
V2 3275000 1615520 2800000 1615520
V2 2800000 1615520 1875000 1491661
V2 1875000 1491661 1567028 1491661
V2 1567028 1491661 1555920 1502770
