Nets 66
Net0 5 
V1 3080110 1987040 3074926 1992224
V1 3074926 1992224 2800000 1992224
V1 2800000 1992224 1875000 1859480
V1 1875000 1859480 1259700 1859480
V1 1259700 1859480 1242420 1876760
Net1 5 
V1 3208280 1987040 3197912 1997408
V1 3197912 1997408 2800000 1997408
V1 2800000 1997408 1875000 1863800
V1 1875000 1863800 1383550 1863800
V1 1383550 1863800 1370590 1876760
Net2 5 
V1 3336450 1987040 3320898 2002592
V1 3320898 2002592 2800000 2002592
V1 2800000 2002592 1875000 1868120
V1 1875000 1868120 1507400 1868120
V1 1507400 1868120 1498760 1876760
Net3 5 
V1 3400540 1987040 3379804 2007776
V1 3379804 2007776 2800000 2007776
V1 2800000 2007776 1875000 1872440
V1 1875000 1872440 1567170 1872440
V1 1567170 1872440 1562850 1876760
Net6 5 
V1 3240320 1961120 3236000 1965440
V1 3236000 1965440 2800000 1965440
V1 2800000 1965440 1875000 1833560
V1 1875000 1833560 1419917 1833560
V1 1419917 1833560 1402637 1850840
Net7 5 
V1 3304410 1961120 3295770 1969760
V1 3295770 1969760 2800000 1969760
V1 2800000 1969760 1875000 1837880
V1 1875000 1837880 1479680 1837880
V1 1479680 1837880 1466720 1850840
Net8 5 
V1 3368490 1961120 3355530 1974080
V1 3355530 1974080 2800000 1974080
V1 2800000 1974080 1875000 1842200
V1 1875000 1842200 1539450 1842200
V1 1539450 1842200 1530810 1850840
Net9 5 
V1 3432580 1961120 3415300 1978400
V1 3415300 1978400 2800000 1978400
V1 2800000 1978400 1875000 1846520
V1 1875000 1846520 1599210 1846520
V1 1599210 1846520 1594890 1850840
Net10 5 
V1 3496667 1961120 3475067 1982720
V1 3475067 1982720 2800000 1982720
V1 2800000 1982720 1875000 1855160
V1 1875000 1855160 1199932 1855160
V1 1199932 1855160 1178332 1876760
Net11 5 
V1 3080110 1935200 3075790 1939520
V1 3075790 1939520 2800000 1939520
V1 2800000 1939520 1875000 1807640
V1 1875000 1807640 1259700 1807640
V1 1259700 1807640 1242420 1824920
Net12 5 
V1 3144190 1935200 3135550 1943840
V1 3135550 1943840 2800000 1943840
V1 2800000 1943840 1875000 1811960
V1 1875000 1811960 1319470 1811960
V1 1319470 1811960 1306510 1824920
Net13 5 
V1 3272362 1935200 3259402 1948160
V1 3259402 1948160 2800000 1948160
V1 2800000 1948160 1875000 1816280
V1 1875000 1816280 1443320 1816280
V1 1443320 1816280 1434680 1824920
Net14 5 
V1 3336450 1935200 3319170 1952480
V1 3319170 1952480 2800000 1952480
V1 2800000 1952480 1875000 1820600
V1 1875000 1820600 1503080 1820600
V1 1503080 1820600 1498760 1824920
Net15 5 
V1 3464620 1935200 3443020 1956800
V1 3443020 1956800 2800000 1956800
V1 2800000 1956800 1875000 1829240
V1 1875000 1829240 1567170 1829240
V1 1567170 1829240 1562850 1824920
Net18 5 
V1 3240320 1909280 3231680 1900640
V1 3231680 1900640 2800000 1900640
V1 2800000 1900640 1875000 1779560
V1 1875000 1779560 1422077 1779560
V1 1422077 1779560 1402637 1799000
Net19 5 
V1 3368490 1909280 3362010 1915760
V1 3362010 1915760 2800000 1915760
V1 2800000 1915760 1875000 1786040
V1 1875000 1786040 1479680 1786040
V1 1479680 1786040 1466720 1799000
Net20 5 
V1 3432580 1909280 3419620 1922240
V1 3419620 1922240 2800000 1922240
V1 2800000 1922240 1875000 1792520
V1 1875000 1792520 1601370 1792520
V1 1601370 1792520 1594890 1799000
Net21 5 
V1 3496667 1909280 3477227 1928720
V1 3477227 1928720 2800000 1928720
V1 2800000 1928720 1875000 1803320
V1 1875000 1803320 1199932 1803320
V1 1199932 1803320 1178332 1824920
Net22 5 
V1 3080110 1883360 3071470 1892000
V1 3071470 1892000 2800000 1892000
V1 2800000 1892000 1875000 1764440
V1 1875000 1764440 1251060 1764440
V1 1251060 1764440 1242420 1773080
Net27 5 
V1 3112150 1857440 3107830 1861760
V1 3107830 1861760 2800000 1861760
V1 2800000 1861760 1875000 1726424
V1 1875000 1726424 1295196 1726424
V1 1295196 1726424 1274460 1747160
Net28 5 
V1 3176240 1857440 3167600 1866080
V1 3167600 1866080 2800000 1866080
V1 2800000 1866080 1875000 1731608
V1 1875000 1731608 1354102 1731608
V1 1354102 1731608 1338550 1747160
Net29 5 
V1 3240320 1857440 3227360 1870400
V1 3227360 1870400 2800000 1870400
V1 2800000 1870400 1875000 1736792
V1 1875000 1736792 1413005 1736792
V1 1413005 1736792 1402637 1747160
Net31 5 
V1 3432580 1857440 3415300 1874720
V1 3415300 1874720 2800000 1874720
V1 2800000 1874720 1875000 1741976
V1 1875000 1741976 1600074 1741976
V1 1600074 1741976 1594890 1747160
Net32 5 
V1 3496667 1857440 3475067 1879040
V1 3475067 1879040 2800000 1879040
V1 2800000 1879040 1875000 1755800
V1 1875000 1755800 1195612 1755800
V1 1195612 1755800 1178332 1773080
Net33 5 
V1 3080110 1831520 3074926 1836704
V1 3074926 1836704 2800000 1836704
V1 2800000 1836704 1875000 1703960
V1 1875000 1703960 1259700 1703960
V1 1259700 1703960 1242420 1721240
Net35 5 
V1 3208280 1831520 3197912 1841888
V1 3197912 1841888 2800000 1841888
V1 2800000 1841888 1875000 1708280
V1 1875000 1708280 1383550 1708280
V1 1383550 1708280 1370590 1721240
Net36 5 
V1 3272362 1831520 3256810 1847072
V1 3256810 1847072 2800000 1847072
V1 2800000 1847072 1875000 1712600
V1 1875000 1712600 1443320 1712600
V1 1443320 1712600 1434680 1721240
Net38 5 
V1 3400540 1831520 3379804 1852256
V1 3379804 1852256 2800000 1852256
V1 2800000 1852256 1875000 1716920
V1 1875000 1716920 1567170 1716920
V1 1567170 1716920 1562850 1721240
Net39 5 
V1 3112150 1805600 3107830 1809920
V1 3107830 1809920 2800000 1809920
V1 2800000 1809920 1875000 1674584
V1 1875000 1674584 1295196 1674584
V1 1295196 1674584 1274460 1695320
Net40 5 
V1 3240320 1805600 3231680 1814240
V1 3231680 1814240 2800000 1814240
V1 2800000 1814240 1875000 1679768
V1 1875000 1679768 1418189 1679768
V1 1418189 1679768 1402637 1695320
Net41 5 
V1 3304410 1805600 3291450 1818560
V1 3291450 1818560 2800000 1818560
V1 2800000 1818560 1875000 1684952
V1 1875000 1684952 1477088 1684952
V1 1477088 1684952 1466720 1695320
Net42 5 
V1 3432580 1805600 3415300 1822880
V1 3415300 1822880 2800000 1822880
V1 2800000 1822880 1875000 1690136
V1 1875000 1690136 1600074 1690136
V1 1600074 1690136 1594890 1695320
Net43 5 
V1 3496667 1805600 3475067 1827200
V1 3475067 1827200 2800000 1827200
V1 2800000 1827200 1875000 1699640
V1 1875000 1699640 1199932 1699640
V1 1199932 1699640 1178332 1721240
Net45 5 
V1 3208280 1779680 3201800 1786160
V1 3201800 1786160 2800000 1786160
V1 2800000 1786160 1875000 1653848
V1 1875000 1653848 1386142 1653848
V1 1386142 1653848 1370590 1669400
Net46 5 
V1 3272362 1779680 3259402 1792640
V1 3259402 1792640 2800000 1792640
V1 2800000 1792640 1875000 1659032
V1 1875000 1659032 1445048 1659032
V1 1445048 1659032 1434680 1669400
Net47 5 
V1 3400540 1779680 3381100 1799120
V1 3381100 1799120 2800000 1799120
V1 2800000 1799120 1875000 1664216
V1 1875000 1664216 1568034 1664216
V1 1568034 1664216 1562850 1669400
Net49 5 
V1 3176240 1753760 3171920 1758080
V1 3171920 1758080 2800000 1758080
V1 2800000 1758080 1875000 1622744
V1 1875000 1622744 1359286 1622744
V1 1359286 1622744 1338550 1643480
Net50 5 
V1 3240320 1753760 3231680 1762400
V1 3231680 1762400 2800000 1762400
V1 2800000 1762400 1875000 1627928
V1 1875000 1627928 1418189 1627928
V1 1418189 1627928 1402637 1643480
Net52 5 
V1 3368490 1753760 3355530 1766720
V1 3355530 1766720 2800000 1766720
V1 2800000 1766720 1875000 1633112
V1 1875000 1633112 1541178 1633112
V1 1541178 1633112 1530810 1643480
Net53 5 
V1 3432580 1753760 3415300 1771040
V1 3415300 1771040 2800000 1771040
V1 2800000 1771040 1875000 1638296
V1 1875000 1638296 1600074 1638296
V1 1600074 1638296 1594890 1643480
Net54 5 
V1 3496667 1753760 3475067 1775360
V1 3475067 1775360 2800000 1775360
V1 2800000 1775360 1875000 1648664
V1 1875000 1648664 1199068 1648664
V1 1199068 1648664 1178332 1669400
Net55 5 
V1 3080110 1727840 3073630 1734320
V1 3073630 1734320 2800000 1734320
V1 2800000 1734320 1875000 1602008
V1 1875000 1602008 1257972 1602008
V1 1257972 1602008 1242420 1617560
Net56 5 
V1 3144190 1727840 3131230 1740800
V1 3131230 1740800 2800000 1740800
V1 2800000 1740800 1875000 1607192
V1 1875000 1607192 1316878 1607192
V1 1316878 1607192 1306510 1617560
Net57 5 
V1 3272362 1727840 3252922 1747280
V1 3252922 1747280 2800000 1747280
V1 2800000 1747280 1875000 1612376
V1 1875000 1612376 1439864 1612376
V1 1439864 1612376 1434680 1617560
Net60 5 
V1 3112150 1701920 3107830 1706240
V1 3107830 1706240 2800000 1706240
V1 2800000 1706240 1875000 1570904
V1 1875000 1570904 1295196 1570904
V1 1295196 1570904 1274460 1591640
Net62 5 
V1 3240320 1701920 3231680 1710560
V1 3231680 1710560 2800000 1710560
V1 2800000 1710560 1875000 1576088
V1 1875000 1576088 1418189 1576088
V1 1418189 1576088 1402637 1591640
Net63 5 
V1 3304410 1701920 3291450 1714880
V1 3291450 1714880 2800000 1714880
V1 2800000 1714880 1875000 1581272
V1 1875000 1581272 1477088 1581272
V1 1477088 1581272 1466720 1591640
Net64 5 
V1 3432580 1701920 3415300 1719200
V1 3415300 1719200 2800000 1719200
V1 2800000 1719200 1875000 1586456
V1 1875000 1586456 1600074 1586456
V1 1600074 1586456 1594890 1591640
Net65 5 
V1 3496667 1701920 3475067 1723520
V1 3475067 1723520 2800000 1723520
V1 2800000 1723520 1875000 1596824
V1 1875000 1596824 1199068 1596824
V1 1199068 1596824 1178332 1617560
Net66 5 
V1 3080110 1676000 3074926 1681184
V1 3074926 1681184 2800000 1681184
V1 2800000 1681184 1875000 1548440
V1 1875000 1548440 1259700 1548440
V1 1259700 1548440 1242420 1565720
Net67 5 
V1 3208280 1676000 3197912 1686368
V1 3197912 1686368 2800000 1686368
V1 2800000 1686368 1875000 1552760
V1 1875000 1552760 1319470 1552760
V1 1319470 1552760 1306510 1565720
Net69 5 
V1 3336450 1676000 3320898 1691552
V1 3320898 1691552 2800000 1691552
V1 2800000 1691552 1875000 1557080
V1 1875000 1557080 1507400 1557080
V1 1507400 1557080 1498760 1565720
Net70 5 
V1 3400540 1676000 3379804 1696736
V1 3379804 1696736 2800000 1696736
V1 2800000 1696736 1875000 1561400
V1 1875000 1561400 1567170 1561400
V1 1567170 1561400 1562850 1565720
Net73 5 
V1 3240320 1650080 3235136 1655264
V1 3235136 1655264 2800000 1655264
V1 2800000 1655264 1875000 1520360
V1 1875000 1520360 1422077 1520360
V1 1422077 1520360 1402637 1539800
Net74 5 
V1 3368490 1650080 3358122 1660448
V1 3358122 1660448 2800000 1660448
V1 2800000 1660448 1875000 1526840
V1 1875000 1526840 1543770 1526840
V1 1543770 1526840 1530810 1539800
Net75 5 
V1 3432580 1650080 3417028 1665632
V1 3417028 1665632 2800000 1665632
V1 2800000 1665632 1875000 1533320
V1 1875000 1533320 1601370 1533320
V1 1601370 1533320 1594890 1539800
Net76 5 
V1 3496667 1650080 3475931 1670816
V1 3475931 1670816 2800000 1670816
V1 2800000 1670816 1875000 1544120
V1 1875000 1544120 1199932 1544120
V1 1199932 1544120 1178332 1565720
Net77 5 
V1 3080110 1624160 3074926 1629344
V1 3074926 1629344 2800000 1629344
V1 2800000 1629344 1875000 1496600
V1 1875000 1496600 1259700 1496600
V1 1259700 1496600 1242420 1513880
Net79 5 
V1 3208280 1624160 3197912 1634528
V1 3197912 1634528 2800000 1634528
V1 2800000 1634528 1875000 1500920
V1 1875000 1500920 1383550 1500920
V1 1383550 1500920 1370590 1513880
Net80 5 
V1 3272362 1624160 3256810 1639712
V1 3256810 1639712 2800000 1639712
V1 2800000 1639712 1875000 1505240
V1 1875000 1505240 1443320 1505240
V1 1443320 1505240 1434680 1513880
Net82 5 
V1 3400540 1624160 3379804 1644896
V1 3379804 1644896 2800000 1644896
V1 2800000 1644896 1875000 1509560
V1 1875000 1509560 1567170 1509560
V1 1567170 1509560 1562850 1513880
Net83 5 
V1 3112150 1598240 3107830 1602560
V1 3107830 1602560 2800000 1602560
V1 2800000 1602560 1875000 1467224
V1 1875000 1467224 1295196 1467224
V1 1295196 1467224 1274460 1487960
Net84 5 
V1 3176240 1598240 3167600 1606880
V1 3167600 1606880 2800000 1606880
V1 2800000 1606880 1875000 1472408
V1 1875000 1472408 1354102 1472408
V1 1354102 1472408 1338550 1487960
Net85 5 
V1 3304410 1598240 3291450 1611200
V1 3291450 1611200 2800000 1611200
V1 2800000 1611200 1875000 1477592
V1 1875000 1477592 1477088 1477592
V1 1477088 1477592 1466720 1487960
Net86 5 
V1 3432580 1598240 3415300 1615520
V1 3415300 1615520 2800000 1615520
V1 2800000 1615520 1875000 1482776
V1 1875000 1482776 1600074 1482776
V1 1600074 1482776 1594890 1487960
Net87 5 
V1 3496667 1598240 3475067 1619840
V1 3475067 1619840 2800000 1619840
V1 2800000 1619840 1875000 1492280
V1 1875000 1492280 1199932 1492280
V1 1199932 1492280 1178332 1513880
