Nets 35
Net0 5 
V1 3082270 1978400 3076097 1984572
V1 3076097 1984572 2800000 1984572
V1 2800000 1984572 1875000 1863801
V1 1875000 1863801 488169 1863801
V1 488169 1863801 460400 1891570
Net1 5 
V1 3213910 1978400 3201566 1990743
V1 3201566 1990743 2800000 1990743
V1 2800000 1990743 1875000 1868429
V1 1875000 1868429 660210 1868429
V1 660210 1868429 637070 1891570
Net2 5 
V1 3279730 1978400 3261215 1996915
V1 3261215 1996915 2800000 1996915
V1 2800000 1996915 1875000 1873058
V1 1875000 1873058 743912 1873058
V1 743912 1873058 725400 1891570
Net3 5 
V1 3411360 1978400 3386673 2003086
V1 3386673 2003086 2800000 2003086
V1 2800000 2003086 1875000 1877686
V1 1875000 1877686 915953 1877686
V1 915953 1877686 902070 1891570
Net4 5 
V1 3477180 1978400 3446322 2009257
V1 3446322 2009257 2800000 2009257
V1 2800000 2009257 1875000 1882315
V1 1875000 1882315 999665 1882315
V1 999665 1882315 990410 1891570
Net5 5 
V1 3608817 1978400 3571788 2015428
V1 3571788 2015428 2800000 2015428
V1 2800000 2015428 1875000 1886943
V1 1875000 1886943 1171706 1886943
V1 1171706 1886943 1167080 1891570
Net7 5 
V1 3115180 1935200 3110380 1930400
V1 3110380 1930400 2800000 1930400
V1 2800000 1930400 1875000 1859172
V1 1875000 1859172 439372 1859172
V1 439372 1859172 416230 1836030
Net8 5 
V1 3181000 1935200 3171400 1925600
V1 3171400 1925600 2800000 1925600
V1 2800000 1925600 1875000 1854544
V1 1875000 1854544 523084 1854544
V1 523084 1854544 504570 1836030
Net9 5 
V1 3246820 1935200 3232420 1920800
V1 3232420 1920800 2800000 1920800
V1 2800000 1920800 1875000 1849915
V1 1875000 1849915 606785 1849915
V1 606785 1849915 592900 1836030
Net10 5 
V1 3312637 1935200 3293437 1916000
V1 3293437 1916000 2800000 1916000
V1 2800000 1916000 1875000 1845287
V1 1875000 1845287 690494 1845287
V1 690494 1845287 681237 1836030
Net11 5 
V1 3378450 1935200 3354450 1911200
V1 3354450 1911200 2800000 1911200
V1 2800000 1911200 1875000 1840658
V1 1875000 1840658 774198 1840658
V1 774198 1840658 769570 1836030
Net12 5 
V1 3510090 1935200 3481290 1906400
V1 3481290 1906400 2800000 1906400
V1 2800000 1906400 1875000 1817515
V1 1875000 1817515 876422 1817515
V1 876422 1817515 857907 1836030
Net18 5 
V1 3148090 1892000 3143290 1896800
V1 3143290 1896800 2800000 1896800
V1 2800000 1896800 1875000 1761968
V1 1875000 1761968 567252 1761968
V1 567252 1761968 548732 1780487
Net19 5 
V1 3279730 1892000 3270130 1901600
V1 3270130 1901600 2800000 1901600
V1 2800000 1901600 1875000 1799001
V1 1875000 1799001 743914 1799001
V1 743914 1799001 725400 1780487
Net26 5 
V1 3115180 1848800 3110380 1844000
V1 3110380 1844000 2800000 1844000
V1 2800000 1844000 1875000 1743454
V1 1875000 1743454 434744 1743454
V1 434744 1743454 416230 1724940
Net37 5 
V1 3148090 1805600 3143290 1810400
V1 3143290 1810400 2800000 1810400
V1 2800000 1810400 1875000 1681742
V1 1875000 1681742 724435 1681742
V1 724435 1681742 681237 1724940
Net38 5 
V1 3279730 1805600 3270130 1815200
V1 3270130 1815200 2800000 1815200
V1 2800000 1815200 1875000 1687913
V1 1875000 1687913 894933 1687913
V1 894933 1687913 857907 1724940
Net39 5 
V1 3411360 1805600 3396960 1820000
V1 3396960 1820000 2800000 1820000
V1 2800000 1820000 1875000 1694085
V1 1875000 1694085 977095 1694085
V1 977095 1694085 946240 1724940
Net40 5 
V1 3543000 1805600 3523800 1824800
V1 3523800 1824800 2800000 1824800
V1 2800000 1824800 1875000 1700256
V1 1875000 1700256 1147593 1700256
V1 1147593 1700256 1122910 1724940
Net41 5 
V1 3608817 1805600 3584817 1829600
V1 3584817 1829600 2800000 1829600
V1 2800000 1829600 1875000 1706427
V1 1875000 1706427 1229752 1706427
V1 1229752 1706427 1211240 1724940
Net42 5 
V1 3674630 1805600 3645830 1834400
V1 3645830 1834400 2800000 1834400
V1 2800000 1834400 1875000 1712598
V1 1875000 1712598 1400251 1712598
V1 1400251 1712598 1387910 1724940
Net43 5 
V1 3740450 1805600 3706850 1839200
V1 3706850 1839200 2800000 1839200
V1 2800000 1839200 1875000 1718770
V1 1875000 1718770 1482420 1718770
V1 1482420 1718770 1476250 1724940
Net44 5 
V1 3181000 1762400 3172360 1771040
V1 3172360 1771040 2800000 1771040
V1 2800000 1771040 1875000 1636077
V1 1875000 1636077 493723 1636077
V1 493723 1636077 460400 1669400
Net45 5 
V1 3246820 1762400 3229540 1779680
V1 3229540 1779680 2800000 1779680
V1 2800000 1779680 1875000 1647185
V1 1875000 1647185 570947 1647185
V1 570947 1647185 548732 1669400
Net46 5 
V1 3312637 1762400 3286717 1788320
V1 3286717 1788320 2800000 1788320
V1 2800000 1788320 1875000 1658294
V1 1875000 1658294 736506 1658294
V1 736506 1658294 725400 1669400
Net47 5 
V1 3378450 1762400 3343890 1796960
V1 3343890 1796960 2800000 1796960
V1 2800000 1796960 1875000 1675571
V1 1875000 1675571 819911 1675571
V1 819911 1675571 813740 1669400
Net62 5 
V1 3115180 1676000 3100780 1661600
V1 3100780 1661600 2800000 1661600
V1 2800000 1661600 1875000 1569421
V1 1875000 1569421 559841 1569421
V1 559841 1569421 548732 1558312
Net63 5 
V1 3246820 1676000 3218020 1647200
V1 3218020 1647200 2800000 1647200
V1 2800000 1647200 1875000 1547204
V1 1875000 1547204 648178 1547204
V1 648178 1547204 637070 1558312
Net67 5 
V1 3510090 1676000 3501450 1684640
V1 3501450 1684640 2800000 1684640
V1 2800000 1684640 1875000 1580529
V1 1875000 1580529 1332910 1580529
V1 1332910 1580529 1299580 1613860
Net68 5 
V1 3641722 1676000 3624442 1693280
V1 3624442 1693280 2800000 1693280
V1 2800000 1693280 1875000 1591638
V1 1875000 1591638 1410132 1591638
V1 1410132 1591638 1387910 1613860
Net69 5 
V1 3707540 1676000 3681620 1701920
V1 3681620 1701920 2800000 1701920
V1 2800000 1701920 1875000 1602746
V1 1875000 1602746 1487363 1602746
V1 1487363 1602746 1476250 1613860
Net70 5 
V1 3839180 1676000 3804620 1710560
V1 3804620 1710560 2800000 1710560
V1 2800000 1710560 1875000 1624968
V1 1875000 1624968 416494 1624968
V1 416494 1624968 372062 1669400
Net72 5 
V1 3148090 1632800 3137290 1622000
V1 3137290 1622000 2800000 1622000
V1 2800000 1622000 1875000 1536095
V1 1875000 1536095 537895 1536095
V1 537895 1536095 504570 1502770
Net73 5 
V1 3213910 1632800 3192310 1611200
V1 3192310 1611200 2800000 1611200
V1 2800000 1611200 1875000 1524987
V1 1875000 1524987 615117 1524987
V1 615117 1524987 592900 1502770
Net81 5 
V1 3115180 1589600 3104380 1600400
V1 3104380 1600400 2800000 1600400
V1 2800000 1600400 1875000 1513878
V1 1875000 1513878 780678 1513878
V1 780678 1513878 769570 1502770
