Nets 20
Net5 5 
V2 3720970 1978400 3699370 2000000
V2 3699370 2000000 2800000 2000000
V2 2800000 2000000 1875000 1837880
V2 1875000 1837880 1633830 1837880
V2 1633830 1837880 1620870 1850840
Net13 5 
V2 3681997 1935200 3660397 1956800
V2 3660397 1956800 2800000 1956800
V2 2800000 1956800 1875000 1811960
V2 1875000 1811960 1525580 1811960
V2 1525580 1811960 1512620 1824920
Net23 5 
V2 3798910 1892000 3777310 1913600
V2 3777310 1913600 2800000 1913600
V2 2800000 1913600 1875000 1786040
V2 1875000 1786040 1633830 1786040
V2 1633830 1786040 1620870 1799000
Net31 5 
V2 3604050 1848800 3582450 1870400
V2 3582450 1870400 2800000 1870400
V2 2800000 1870400 1875000 1760120
V2 1875000 1760120 1482280 1760120
V2 1482280 1760120 1469320 1773080
Net32 5 
V2 3681997 1848800 3671197 1838000
V2 3671197 1838000 2800000 1838000
V2 2800000 1838000 1875000 1734200
V2 1875000 1734200 1503930 1734200
V2 1503930 1734200 1490970 1747160
Net35 5 
V2 3993762 1848800 3972162 1827200
V2 3972162 1827200 2800000 1827200
V2 2800000 1827200 1875000 1708280
V2 1875000 1708280 1352377 1708280
V2 1352377 1708280 1339417 1721240
Net38 5 
V2 3331252 1805600 3320452 1816400
V2 3320452 1816400 2800000 1816400
V2 2800000 1816400 1875000 1682360
V2 1875000 1682360 1503930 1682360
V2 1503930 1682360 1490970 1695320
Net48 5 
V2 3604050 1762400 3589650 1776800
V2 3589650 1776800 2800000 1776800
V2 2800000 1776800 1875000 1656440
V2 1875000 1656440 1482280 1656440
V2 1482280 1656440 1469320 1669400
Net49 5 
V2 3681997 1762400 3653197 1791200
V2 3653197 1791200 2800000 1791200
V2 2800000 1791200 1875000 1662920
V2 1875000 1662920 1519100 1662920
V2 1519100 1662920 1512620 1669400
Net55 5 
V2 3487140 1719200 3478500 1727840
V2 3478500 1727840 2800000 1727840
V2 2800000 1727840 1875000 1586456
V2 1875000 1586456 1539454 1586456
V2 1539454 1586456 1534270 1591640
Net59 5 
V2 3798910 1719200 3781630 1736480
V2 3781630 1736480 2800000 1736480
V2 2800000 1736480 1875000 1626200
V2 1875000 1626200 1594850 1626200
V2 1594850 1626200 1577570 1643480
Net60 5 
V2 3876850 1719200 3850930 1745120
V2 3850930 1745120 2800000 1745120
V2 2800000 1745120 1875000 1634840
V2 1875000 1634840 1629510 1634840
V2 1629510 1634840 1620870 1643480
Net61 5 
V2 3954790 1719200 3920230 1753760
V2 3920230 1753760 2800000 1753760
V2 2800000 1753760 1875000 1649960
V2 1875000 1649960 1358857 1649960
V2 1358857 1649960 1339417 1669400
Net62 5 
V2 3136400 1676000 3125600 1686800
V2 3125600 1686800 2800000 1686800
V2 2800000 1686800 1875000 1570904
V2 1875000 1570904 1425106 1570904
V2 1425106 1570904 1404370 1591640
Net64 5 
V2 3370227 1676000 3348627 1697600
V2 3348627 1697600 2800000 1697600
V2 2800000 1697600 1875000 1576088
V2 1875000 1576088 1463222 1576088
V2 1463222 1576088 1447670 1591640
Net65 5 
V2 3448170 1676000 3415770 1708400
V2 3415770 1708400 2800000 1708400
V2 2800000 1708400 1875000 1581272
V2 1875000 1581272 1501338 1581272
V2 1501338 1581272 1490970 1591640
Net71 5 
V2 3097430 1632800 3086630 1643600
V2 3086630 1643600 2800000 1643600
V2 2800000 1643600 1875000 1520360
V2 1875000 1520360 1380507 1520360
V2 1380507 1520360 1361067 1539800
Net72 5 
V2 3175370 1632800 3153770 1654400
V2 3153770 1654400 2800000 1654400
V2 2800000 1654400 1875000 1526840
V2 1875000 1526840 1460630 1526840
V2 1460630 1526840 1447670 1539800
Net73 5 
V2 3253310 1632800 3220910 1665200
V2 3220910 1665200 2800000 1665200
V2 2800000 1665200 1875000 1533320
V2 1875000 1533320 1497450 1533320
V2 1497450 1533320 1490970 1539800
Net83 5 
V2 3370227 1589600 3348627 1611200
V2 3348627 1611200 2800000 1611200
V2 2800000 1611200 1875000 1475000
V2 1875000 1475000 1417330 1475000
V2 1417330 1475000 1404370 1487960
