Nets 48
Net6 5 
M2 3954790 1978400 3933190 2000000
M2 3933190 2000000 2800000 2000000
M2 2800000 2000000 1875000 1863800
M2 1875000 1863800 592420 1863800
M2 592420 1863800 570820 1885400
Net9 5 
M2 3292280 1935200 3286880 1940600
M2 3286880 1940600 2800000 1940600
M2 2800000 1940600 1875000 1804400
M2 1875000 1804400 911730 1804400
M2 911730 1804400 873930 1842200
Net10 5 
M2 3370227 1935200 3359427 1946000
M2 3359427 1946000 2800000 1946000
M2 2800000 1946000 1875000 1809800
M2 1875000 1809800 992930 1809800
M2 992930 1809800 960530 1842200
Net11 5 
M2 3448170 1935200 3431970 1951400
M2 3431970 1951400 2800000 1951400
M2 2800000 1951400 1875000 1815200
M2 1875000 1815200 1160732 1815200
M2 1160732 1815200 1133732 1842200
Net12 5 
M2 3604050 1935200 3582450 1956800
M2 3582450 1956800 2800000 1956800
M2 2800000 1956800 1875000 1820600
M2 1875000 1820600 1328540 1820600
M2 1328540 1820600 1306940 1842200
Net13 5 
M2 3681997 1935200 3654997 1962200
M2 3654997 1962200 2800000 1962200
M2 2800000 1962200 1875000 1826000
M2 1875000 1826000 1409740 1826000
M2 1409740 1826000 1393540 1842200
Net14 5 
M2 3759940 1935200 3727540 1967600
M2 3727540 1967600 2800000 1967600
M2 2800000 1967600 1875000 1831400
M2 1875000 1831400 1490942 1831400
M2 1490942 1831400 1480142 1842200
Net15 5 
M2 3837880 1935200 3800080 1973000
M2 3800080 1973000 2800000 1973000
M2 2800000 1973000 1875000 1836800
M2 1875000 1836800 1572150 1836800
M2 1572150 1836800 1566750 1842200
Net19 5 
M2 3331252 1892000 3325080 1898172
M2 3325080 1898172 2800000 1898172
M2 2800000 1898172 1875000 1761971
M2 1875000 1761971 1040858 1761971
M2 1040858 1761971 1003830 1799000
Net20 5 
M2 3487140 1892000 3474796 1904343
M2 3474796 1904343 2800000 1904343
M2 2800000 1904343 1875000 1768142
M2 1875000 1768142 1121287 1768142
M2 1121287 1768142 1090430 1799000
Net21 5 
M2 3565080 1892000 3546565 1910515
M2 3546565 1910515 2800000 1910515
M2 2800000 1910515 1875000 1774313
M2 1875000 1774313 1201723 1774313
M2 1201723 1774313 1177037 1799000
Net22 5 
M2 3643020 1892000 3618333 1916686
M2 3618333 1916686 2800000 1916686
M2 2800000 1916686 1875000 1780485
M2 1875000 1780485 1282155 1780485
M2 1282155 1780485 1263640 1799000
Net23 5 
M2 3798910 1892000 3768052 1922857
M2 3768052 1922857 2800000 1922857
M2 2800000 1922857 1875000 1786656
M2 1875000 1786656 1362583 1786656
M2 1362583 1786656 1350240 1799000
Net24 5 
M2 3876850 1892000 3839821 1929028
M2 3839821 1929028 2800000 1929028
M2 2800000 1929028 1875000 1792827
M2 1875000 1792827 1529620 1792827
M2 1529620 1792827 1523447 1799000
Net28 5 
M2 3292280 1848800 3286880 1854200
M2 3286880 1854200 2800000 1854200
M2 2800000 1854200 1875000 1718000
M2 1875000 1718000 911730 1718000
M2 911730 1718000 873930 1755800
Net29 5 
M2 3370227 1848800 3359427 1859600
M2 3359427 1859600 2800000 1859600
M2 2800000 1859600 1875000 1723400
M2 1875000 1723400 992930 1723400
M2 992930 1723400 960530 1755800
Net30 5 
M2 3526110 1848800 3509910 1865000
M2 3509910 1865000 2800000 1865000
M2 2800000 1865000 1875000 1728800
M2 1875000 1728800 1074130 1728800
M2 1074130 1728800 1047130 1755800
Net31 5 
M2 3604050 1848800 3582450 1870400
M2 3582450 1870400 2800000 1870400
M2 2800000 1870400 1875000 1734200
M2 1875000 1734200 1155332 1734200
M2 1155332 1734200 1133732 1755800
Net32 5 
M2 3681997 1848800 3654997 1875800
M2 3654997 1875800 2800000 1875800
M2 2800000 1875800 1875000 1739600
M2 1875000 1739600 1323140 1739600
M2 1323140 1739600 1306940 1755800
Net33 5 
M2 3837880 1848800 3805480 1881200
M2 3805480 1881200 2800000 1881200
M2 2800000 1881200 1875000 1745000
M2 1875000 1745000 1490942 1745000
M2 1490942 1745000 1480142 1755800
Net34 5 
M2 3915820 1848800 3878020 1886600
M2 3878020 1886600 2800000 1886600
M2 2800000 1886600 1875000 1750400
M2 1875000 1750400 1572150 1750400
M2 1572150 1750400 1566750 1755800
Net38 5 
M2 3331252 1805600 3325080 1811772
M2 3325080 1811772 2800000 1811772
M2 2800000 1811772 1875000 1675571
M2 1875000 1675571 954258 1675571
M2 954258 1675571 917230 1712600
Net39 5 
M2 3487140 1805600 3474796 1817943
M2 3474796 1817943 2800000 1817943
M2 2800000 1817943 1875000 1681742
M2 1875000 1681742 1034687 1681742
M2 1034687 1681742 1003830 1712600
Net40 5 
M2 3643020 1805600 3624505 1824115
M2 3624505 1824115 2800000 1824115
M2 2800000 1824115 1875000 1687913
M2 1875000 1687913 1201723 1687913
M2 1201723 1687913 1177037 1712600
Net41 5 
M2 3720970 1805600 3696283 1830286
M2 3696283 1830286 2800000 1830286
M2 2800000 1830286 1875000 1694085
M2 1875000 1694085 1282155 1694085
M2 1282155 1694085 1263640 1712600
Net42 5 
M2 3798910 1805600 3768052 1836457
M2 3768052 1836457 2800000 1836457
M2 2800000 1836457 1875000 1700256
M2 1875000 1700256 1362583 1700256
M2 1362583 1700256 1350240 1712600
Net43 5 
M2 3876850 1805600 3839821 1842628
M2 3839821 1842628 2800000 1842628
M2 2800000 1842628 1875000 1706427
M2 1875000 1706427 1443012 1706427
M2 1443012 1706427 1436840 1712600
Net55 5 
M2 3487140 1719200 3476340 1730000
M2 3476340 1730000 2800000 1730000
M2 2800000 1730000 1875000 1597400
M2 1875000 1597400 1032630 1597400
M2 1032630 1597400 1003830 1626200
Net56 5 
M2 3565080 1719200 3543480 1740800
M2 3543480 1740800 2800000 1740800
M2 2800000 1740800 1875000 1611800
M2 1875000 1611800 1104830 1611800
M2 1104830 1611800 1090430 1626200
Net61 5 
M2 3954790 1719200 3922390 1751600
M2 3922390 1751600 2800000 1751600
M2 2800000 1751600 1875000 1647800
M2 1875000 1647800 592420 1647800
M2 592420 1647800 570820 1626200
Net64 5 
M2 3370227 1676000 3364055 1682172
M2 3364055 1682172 2800000 1682172
M2 2800000 1682172 1875000 1545971
M2 1875000 1545971 997558 1545971
M2 997558 1545971 960530 1583000
Net65 5 
M2 3448170 1676000 3435826 1688343
M2 3435826 1688343 2800000 1688343
M2 2800000 1688343 1875000 1552142
M2 1875000 1552142 1077987 1552142
M2 1077987 1552142 1047130 1583000
Net66 5 
M2 3526110 1676000 3507595 1694515
M2 3507595 1694515 2800000 1694515
M2 2800000 1694515 1875000 1558313
M2 1875000 1558313 1158418 1558313
M2 1158418 1558313 1133732 1583000
Net67 5 
M2 3604050 1676000 3579363 1700686
M2 3579363 1700686 2800000 1700686
M2 2800000 1700686 1875000 1564485
M2 1875000 1564485 1325455 1564485
M2 1325455 1564485 1306940 1583000
Net68 5 
M2 3759940 1676000 3729082 1706857
M2 3729082 1706857 2800000 1706857
M2 2800000 1706857 1875000 1570656
M2 1875000 1570656 1492486 1570656
M2 1492486 1570656 1480142 1583000
Net69 5 
M2 3837880 1676000 3800851 1713028
M2 3800851 1713028 2800000 1713028
M2 2800000 1713028 1875000 1576827
M2 1875000 1576827 1572922 1576827
M2 1572922 1576827 1566750 1583000
Net73 5 
M2 3253310 1632800 3247910 1638200
M2 3247910 1638200 2800000 1638200
M2 2800000 1638200 1875000 1502000
M2 1875000 1502000 955030 1502000
M2 955030 1502000 917230 1539800
Net74 5 
M2 3331252 1632800 3320452 1643600
M2 3320452 1643600 2800000 1643600
M2 2800000 1643600 1875000 1507400
M2 1875000 1507400 1036230 1507400
M2 1036230 1507400 1003830 1539800
Net75 5 
M2 3487140 1632800 3470940 1649000
M2 3470940 1649000 2800000 1649000
M2 2800000 1649000 1875000 1512800
M2 1875000 1512800 1204037 1512800
M2 1204037 1512800 1177037 1539800
Net76 5 
M2 3643020 1632800 3621420 1654400
M2 3621420 1654400 2800000 1654400
M2 2800000 1654400 1875000 1518200
M2 1875000 1518200 1285240 1518200
M2 1285240 1518200 1263640 1539800
Net77 5 
M2 3720970 1632800 3693970 1659800
M2 3693970 1659800 2800000 1659800
M2 2800000 1659800 1875000 1523600
M2 1875000 1523600 1366440 1523600
M2 1366440 1523600 1350240 1539800
Net78 5 
M2 3798910 1632800 3766510 1665200
M2 3766510 1665200 2800000 1665200
M2 2800000 1665200 1875000 1529000
M2 1875000 1529000 1447640 1529000
M2 1447640 1529000 1436840 1539800
Net79 5 
M2 3876850 1632800 3839050 1670600
M2 3839050 1670600 2800000 1670600
M2 2800000 1670600 1875000 1534400
M2 1875000 1534400 1528847 1534400
M2 1528847 1534400 1523447 1539800
Net82 5 
M2 3292280 1589600 3285080 1596800
M2 3285080 1596800 2800000 1596800
M2 2800000 1596800 1875000 1460600
M2 1875000 1460600 1083130 1460600
M2 1083130 1460600 1047130 1496600
Net83 5 
M2 3370227 1589600 3355827 1604000
M2 3355827 1604000 2800000 1604000
M2 2800000 1604000 1875000 1467800
M2 1875000 1467800 1162532 1467800
M2 1162532 1467800 1133732 1496600
Net84 5 
M2 3526110 1589600 3504510 1611200
M2 3504510 1611200 2800000 1611200
M2 2800000 1611200 1875000 1475000
M2 1875000 1475000 1328540 1475000
M2 1328540 1475000 1306940 1496600
Net85 5 
M2 3604050 1589600 3575250 1618400
M2 3575250 1618400 2800000 1618400
M2 2800000 1618400 1875000 1482200
M2 1875000 1482200 1407940 1482200
M2 1407940 1482200 1393540 1496600
Net86 5 
M2 3759940 1589600 3723940 1625600
M2 3723940 1625600 2800000 1625600
M2 2800000 1625600 1875000 1489400
M2 1875000 1489400 1573950 1489400
M2 1573950 1489400 1566750 1496600
